Security Wise Delivery Position - Compulsory Rolling Settlement
10,MTO,06022025,1052494414,0002639
Trade Date <06-FEB-2025>,Settlement Type <N>
Record Type,Sr No,Name of Security,Quantity Traded,Deliverable Quantity(gross across client level),% of Deliverable Quantity to Traded Quantity
20,1,0MOFSL26,N1,115,115,100.00
20,2,0MOFSL27,N3,773,773,100.00
20,3,1003IIFL29,NC,21,21,100.00
20,4,1003ISFL28,N4,500,500,100.00
20,5,1003SFIL28,NX,9,9,100.00
20,6,1015ECL29,NR,32,32,100.00
20,7,1018GS2026,GS,2674,2674,100.00
20,8,1025SCL34,Z8,63,63,100.00
20,9,1040NFL26,NA,1,1,100.00
20,10,1049DLS25A,Y5,14,14,100.00
20,11,1050NFL26,N7,20,20,100.00
20,12,1050UCL25,N7,25,25,100.00
20,13,105IIFL29,N7,40,40,100.00
20,14,1065NFL27,NC,2121,2121,100.00
20,15,1075UCL25,N9,31,25,80.65
20,16,10IFSL26,N7,10,10,100.00
20,17,10IIFL28,N4,100,100,100.00
20,18,10IIFL28A,NE,890,890,100.00
20,19,10IIFL29,N6,70,50,71.43
20,20,10NFL25,N9,63,63,100.00
20,21,182D040425,TB,22000,20000,90.91
20,22,182D130325,TB,1000,1000,100.00
20,23,182D240425,TB,800,800,100.00
20,24,20MICRONS,EQ,139912,91793,65.61
20,25,360ONE,EQ,2082188,1542478,74.08
20,26,364D040925,TB,2300,2300,100.00
20,27,364D060325,TB,100,100,100.00
20,28,364D100725,TB,2000,2000,100.00
20,29,364D200225,TB,100,100,100.00
20,30,364D270225,TB,1500,1500,100.00
20,31,364D270325,TB,2000,2000,100.00
20,32,3IINFOLTD,EQ,1474489,418590,28.39
20,33,3MINDIA,EQ,17114,8635,50.46
20,34,563GS2026,GS,13,13,100.00
20,35,574GS2026,GS,300,300,100.00
20,36,5PAISA,EQ,17967,7740,43.08
20,37,619GS2034,GS,200,100,50.00
20,38,622GS2035,GS,98,98,100.00
20,39,63MOONS,EQ,102357,70534,68.91
20,40,654GS2032,GS,1363,1363,100.00
20,41,667GS2035,GS,148,143,96.62
20,42,667GS2050,GS,332,332,100.00
20,43,675GS2029,GS,100,100,100.00
20,44,676GS2061,GS,36108,36108,100.00
20,45,679GS2031,GS,100,100,100.00
20,46,679GS2034,GS,290,290,100.00
20,47,679GS2034A,GS,600,600,100.00
20,48,692GS2039,GS,400,400,100.00
20,49,695GS2061,GS,456,455,99.78
20,50,699GS2026,GS,500,500,100.00
20,51,699GS2051,GS,1129,1129,100.00
20,52,702GS2027,GS,101,101,100.00
20,53,702GS2031,GS,5193,5193,100.00
20,54,706GS2028,GS,15700,15700,100.00
20,55,709GS2054,GS,23087,23087,100.00
20,56,709GS2074,GS,25100,25100,100.00
20,57,710GS2029,GS,1006,1000,99.40
20,58,716GS2050,GS,889,889,100.00
20,59,717GS2030,GS,2000,2000,100.00
20,60,718GS2033,GS,481,481,100.00
20,61,718GS2037,GS,21001,21000,100.00
20,62,719GS2060,GS,236,216,91.53
20,63,71GS2034,GS,800,800,100.00
20,64,725GS2063,GS,44500,44500,100.00
20,65,726GS2032,GS,1020,1020,100.00
20,66,726GS2033,GS,3502,3502,100.00
20,67,732GS2030,GS,670,670,100.00
20,68,733GS2026,GS,100,100,100.00
20,69,734GS2064,GS,1302,1302,100.00
20,70,736GS2052,GS,100,100,100.00
20,71,736NTPC25D,NB,1,1,100.00
20,72,737GS2028,GS,1100,1000,90.91
20,73,738GS2027,GS,23025,19052,82.74
20,74,738REC27TF,N2,5,1,20.00
20,75,739NHAI26,N8,41,40,97.56
20,76,73GS2053,GS,500,500,100.00
20,77,741GS2036,GS,2711,2711,100.00
20,78,746GS2073,GS,2617,2617,100.00
20,79,749MH30,SG,100,100,100.00
20,80,74GS2062,GS,385,385,100.00
20,81,751HUDCO28,N5,2503,2503,100.00
20,82,753IRFC30,NJ,1332,1332,100.00
20,83,754GS2036,GS,171072,157098,91.83
20,84,760PFCL35,N3,28,28,100.00
20,85,762NTPC35F,ND,447,447,100.00
20,86,764HR31,SG,1500,1500,100.00
20,87,764HUDCO31,N8,1,1,100.00
20,88,764NABAR31,N2,153,130,84.97
20,89,767KA36,SG,100,100,100.00
20,90,769HUDCO31,N9,316,315,99.68
20,91,769NHAI31,NE,69,67,97.10
20,92,76NHAI31,NA,221,221,100.00
20,93,771KA36,SG,100,100,100.00
20,94,774IREDA31,N7,112,112,100.00
20,95,779PN36,SG,1000,1000,100.00
20,96,794TN32,SG,3800,3800,100.00
20,97,795GS2032,GS,2,2,100.00
20,98,79NHIT35,N1,235,235,100.00
20,99,79NHIT40,N2,11290,11290,100.00
20,100,79NHIT47,N3,7459,7459,100.00
20,101,801ABF28,N8,1,1,100.00
20,102,810IRFC27,N2,4699,4678,99.55
20,103,812REC27,NI,2000,2000,100.00
20,104,815GS2026,GS,300,300,100.00
20,105,81ABFL33,N5,78,78,100.00
20,106,81TCHF28,N8,21,21,100.00
20,107,820IIFL27,N9,84,60,71.43
20,108,824GS2027,GS,1058,1058,100.00
20,109,826GS2027,GS,45,45,100.00
20,110,82HUDCO27,N2,5070,2986,58.90
20,111,830NHAI27,N2,9640,9405,97.56
20,112,830PFCL27,N5,180,180,100.00
20,113,842IIFL26,NL,1249,1238,99.12
20,114,843IHFL29,NC,979,971,99.18
20,115,846REC28,N6,210,105,50.00
20,116,849NTPC25,N7,200781,119634,59.58
20,117,84TCHF28,NA,71,71,100.00
20,118,851HUDCO28,NB,1,1,100.00
20,119,85IFL26,NX,1700,1100,64.71
20,120,865IFL28,NZ,510,500,98.04
20,121,865IIFL28,NS,251,251,100.00
20,122,865IRFC29,NA,1,1,100.00
20,123,865LTF26,NN,353,253,71.67
20,124,865TCAPS27,N8,125,125,100.00
20,125,866IIFC34B,N3,33,33,100.00
20,126,866SCL25,YP,10,10,100.00
20,127,871REC28,N9,974,974,100.00
20,128,872MMFSL26,N1,3992,2687,67.31
20,129,875IIFL26,NM,90,90,100.00
20,130,875IIFL26A,NQ,20,20,100.00
20,131,875NHAI29,N6,24,24,100.00
20,132,876HUDCO28,ND,40,40,100.00
20,133,885IHL26,N1,20,20,100.00
20,134,885MOFSL26,N0,620,620,100.00
20,135,888IRFC29,NE,18,18,100.00
20,136,888REC29,NF,71,71,100.00
20,137,888SFIL25C,NR,10,10,100.00
20,138,894SCL25,Z3,35,35,100.00
20,139,897GS2030,GS,3,3,100.00
20,140,897MOFSL29,N4,230,230,100.00
20,141,898LTF29,N7,205,200,97.56
20,142,901HUDCO34,NE,234,194,82.91
20,143,901NHB34,N6,61,17,27.87
20,144,903SFL28,YI,17,17,100.00
20,145,905SC24B,Z9,64,64,100.00
20,146,915SCL26,NE,420,420,100.00
20,147,91D030425,TB,700,700,100.00
20,148,91D060325,TB,700,700,100.00
20,149,91D130225,TB,100,100,100.00
20,150,91D200325,TB,500,500,100.00
20,151,921ISFL25,N0,20,20,100.00
20,152,925AEL26,N1,101,101,100.00
20,153,925ERFL28,N6,766,750,97.91
20,154,925SCL25A,NH,3,3,100.00
20,155,925SCL25C,AR,299,299,100.00
20,156,925SCL28C,BS,133,133,100.00
20,157,92GS2030,GS,1,1,100.00
20,158,92SFIL28,ND,307,307,100.00
20,159,931SFL26,Z5,28,28,100.00
20,160,945IFSL25,N4,5,5,100.00
20,161,955SCL27A,ZJ,51,51,100.00
20,162,956AEL29,N6,55,55,100.00
20,163,957ISFL26,N2,160,160,100.00
20,164,960CAGL25,N3,101,101,100.00
20,165,960ISFL25,N1,15,15,100.00
20,166,965AEL27,N4,13,13,100.00
20,167,965IHFL25D,N7,123,114,92.68
20,168,965SCL25C,N0,9,9,100.00
20,169,965SCL26Y,N1,40,40,100.00
20,170,96IIFL28,N5,1023,1023,100.00
20,171,96IIFL28A,NF,1474,1074,72.86
20,172,97SFL29,YZ,95,95,100.00
20,173,990SCL27,YT,14,14,100.00
20,174,99AEL29,N7,264,264,100.00
20,175,9ICCL23A,N0,38,38,100.00
20,176,9IIFL28,Y0,20,20,100.00
20,177,9MMFSML,N2,92,10,10.87
20,178,9PCHFL31A,NA,1,1,100.00
20,179,9SCL26BA,NA,17,17,100.00
20,180,AAATECH,EQ,24280,11826,48.71
20,181,AADHARHFC,EQ,233553,116647,49.94
20,182,AAKASH,EQ,309412,197955,63.98
20,183,AAREYDRUGS,EQ,13804,4133,29.94
20,184,AARON,EQ,28819,13372,46.40
20,185,AARTIDRUGS,EQ,232458,72066,31.00
20,186,AARTIIND,EQ,3927656,1423209,36.24
20,187,AARTIPHARM,EQ,9249272,1991208,21.53
20,188,AARTISURF,EQ,11749,6416,54.61
20,189,AARVI,EQ,4280,3534,82.57
20,190,AAVAS,EQ,129993,67988,52.30
20,191,ABAN,EQ,144992,118570,81.78
20,192,ABB,EQ,384010,93751,24.41
20,193,ABBOTINDIA,EQ,93624,9272,9.90
20,194,ABCAPITAL,EQ,1805857,768514,42.56
20,195,ABCOTS,ST,19000,13500,71.05
20,196,ABDL,EQ,239149,126975,53.09
20,197,ABFRL,EQ,1050234,318382,30.32
20,198,ABGSEC,EQ,140,139,99.29
20,199,ABHAPOWER,ST,12800,12800,100.00
20,200,ABINFRA,EQ,101841,20584,20.21
20,201,ABREL,EQ,81008,35952,44.38
20,202,ABSLAMC,EQ,206784,105486,51.01
20,203,ABSLBANETF,EQ,493941,490582,99.32
20,204,ABSLLIQUID,EQ,750,420,56.00
20,205,ABSLNN50ET,EQ,7277,6622,91.00
20,206,ABSLPSE,EQ,560532,384450,68.59
20,207,ABSMARINE,ST,48000,42500,88.54
20,208,ACC,EQ,307823,120042,39.00
20,209,ACCELYA,EQ,3822,2015,52.72
20,210,ACCENTMIC,SM,3500,3500,100.00
20,211,ACCURACY,EQ,93994,61113,65.02
20,212,ACE,EQ,144127,50481,35.03
20,213,ACEINTEG,EQ,4863,2792,57.41
20,214,ACI,EQ,235263,113102,48.07
20,215,ACL,EQ,14084,8087,57.42
20,216,ACLGATI,EQ,752323,323027,42.94
20,217,ACMESOLAR,EQ,2734176,1031787,37.74
20,218,ADANIENSOL,EQ,1009247,252975,25.07
20,219,ADANIENT,EQ,680544,162565,23.89
20,220,ADANIGREEN,EQ,1097383,301617,27.49
20,221,ADANIPORTS,EQ,6263278,3923718,62.65
20,222,ADANIPOWER,EQ,2388880,803773,33.65
20,223,ADFFOODS,EQ,69875,36133,51.71
20,224,ADL,EQ,901,304,33.74
20,225,ADORWELD,EQ,6143,3712,60.43
20,226,ADSL,EQ,1154793,315959,27.36
20,227,ADVANIHOTR,EQ,29118,17839,61.26
20,228,ADVENZYMES,EQ,82277,37302,45.34
20,229,AEGISLOG,EQ,4939690,281450,5.70
20,230,AEL120924B,N8,50,50,100.00
20,231,AEROFLEX,EQ,2285587,722145,31.60
20,232,AERON,SM,31000,24000,77.42
20,233,AESTHETIK,SM,44000,34000,77.27
20,234,AETHER,EQ,28457,18329,64.41
20,235,AFCONS,EQ,2232187,1117992,50.09
20,236,AFFLE,EQ,507518,231516,45.62
20,237,AFFORDABLE,EQ,6845,3803,55.56
20,238,AFIL,EQ,125676,80076,63.72
20,239,AGARIND,EQ,8653,4670,53.97
20,240,AGARWALEYE,EQ,7037799,2301801,32.71
20,241,AGARWALFT,SM,7500,6000,80.00
20,242,AGARWALTUF,SM,36000,21600,60.00
20,243,AGI,EQ,149903,85717,57.18
20,244,AGIIL,EQ,50250,40705,81.00
20,245,AGNI,SM,42500,30000,70.59
20,246,AGRITECH,EQ,10278,5361,52.16
20,247,AGROPHOS,EQ,64870,24545,37.84
20,248,AHIMSA,ST,3000,3000,100.00
20,249,AHLADA,EQ,14856,7438,50.07
20,250,AHLEAST,EQ,3403,2297,67.50
20,251,AHLUCONT,EQ,34943,20776,59.46
20,252,AIAENG,EQ,37678,24106,63.98
20,253,AIIL,EQ,98358,28304,28.78
20,254,AILIMITED,ST,3000,3000,100.00
20,255,AIMTRON,SM,10400,8400,80.77
20,256,AIRAN,EQ,107123,61993,57.87
20,257,AIROLAM,EQ,2153,421,19.55
20,258,AIRTELPP,E1,283468,242623,85.59
20,259,AISL,SM,600,600,100.00
20,260,AJANTPHARM,EQ,90133,45417,50.39
20,261,AJMERA,EQ,33476,11489,34.32
20,262,AJOONI,EQ,1028296,604853,58.82
20,263,AKANKSHA,ST,2000,2000,100.00
20,264,AKASH,EQ,16258,10140,62.37
20,265,AKG,EQ,3343,2327,69.61
20,266,AKIKO,SM,16000,11200,70.00
20,267,AKSHARCHEM,EQ,2962,1550,52.33
20,268,AKUMS,EQ,790714,248033,31.37
20,269,AKZOINDIA,EQ,8261,3936,47.65
20,270,ALANKIT,EQ,398948,123820,31.04
20,271,ALBERTDAVD,EQ,3106,2120,68.25
20,272,ALEMBICLTD,EQ,284669,107808,37.87
20,273,ALICON,EQ,12155,7636,62.82
20,274,ALIVUS,EQ,94161,50752,53.90
20,275,ALKALI,EQ,7231,5152,71.25
20,276,ALKEM,EQ,153921,28710,18.65
20,277,ALKYLAMINE,EQ,74468,17517,23.52
20,278,ALLCARGO,EQ,2286940,1055804,46.17
20,279,ALLDIGI,EQ,9549,6049,63.35
20,280,ALLETEC,ST,16800,12800,76.19
20,281,ALOKINDS,EQ,2839821,1113396,39.21
20,282,ALPA,EQ,22147,13114,59.21
20,283,ALPEXSOLAR,SM,25400,21000,82.68
20,284,ALPHA,EQ,2846849,1691010,59.40
20,285,ALPHAETF,EQ,642670,591781,92.08
20,286,ALPHAGEO,EQ,8811,3726,42.29
20,287,ALPL30IETF,EQ,1770531,1290931,72.91
20,288,ALUWIND,SM,21000,18000,85.71
20,289,AMBER,EQ,370571,73277,19.77
20,290,AMBEY,SM,8000,4000,50.00
20,291,AMBICAAGAR,EQ,304286,136746,44.94
20,292,AMBIKCO,EQ,6587,2735,41.52
20,293,AMBUJACEM,EQ,745901,241755,32.41
20,294,AMDIND,EQ,4675,2945,62.99
20,295,AMIABLE,SM,3200,1600,50.00
20,296,AMIORG,EQ,232136,82845,35.69
20,297,AMJLAND,EQ,50820,28612,56.30
20,298,AMNPLST,EQ,8266,4383,53.02
20,299,AMRUTANJAN,EQ,8249,4248,51.50
20,300,ANANDRATHI,EQ,34164,21682,63.46
20,301,ANANTRAJ,EQ,3580793,1202001,33.57
20,302,ANDHRAPAP,EQ,67308,25154,37.37
20,303,ANDHRSUGAR,EQ,68801,23808,34.60
20,304,ANGELONE,EQ,658313,129806,19.72
20,305,ANIKINDS,EQ,3135,2015,64.27
20,306,ANLON,SM,12000,7600,63.33
20,307,ANMOL,EQ,107863,29171,27.04
20,308,ANNAPURNA,SM,49250,26750,54.31
20,309,ANTGRAPHIC,EQ,142840,107785,75.46
20,310,ANUHPHR,EQ,21808,10456,47.95
20,311,ANUP,EQ,17487,8350,47.75
20,312,ANURAS,EQ,164966,52327,31.72
20,313,ANYA,SM,1050000,910000,86.67
20,314,APARINDS,EQ,69085,29367,42.51
20,315,APCL,EQ,3562,1711,48.03
20,316,APCOTEXIND,EQ,18122,10847,59.86
20,317,APEX,EQ,57610,27487,47.71
20,318,APEXECO,SM,41600,25600,61.54
20,319,APLAPOLLO,EQ,317100,197501,62.28
20,320,APLLTD,EQ,135156,43122,31.91
20,321,APOLLO,EQ,4869146,1396373,28.68
20,322,APOLLOHOSP,EQ,334197,127861,38.26
20,323,APOLLOPIPE,EQ,115252,98512,85.48
20,324,APOLLOTYRE,EQ,967039,342136,35.38
20,325,APOLSINHOT,EQ,640,529,82.66
20,326,APRAMEYA,ST,4000,4000,100.00
20,327,APS,SM,52000,31750,61.06
20,328,APTECHT,EQ,77216,37878,49.05
20,329,APTUS,EQ,709660,480058,67.65
20,330,ARABIAN,SM,2000,2000,100.00
20,331,ARCHIDPLY,EQ,27327,11088,40.58
20,332,ARCHIES,EQ,30330,20557,67.78
20,333,ARE&M,EQ,322473,154421,47.89
20,334,ARHAM,SM,1000,1000,100.00
20,335,ARIHANTACA,ST,2400,2400,100.00
20,336,ARIHANTCAP,EQ,65763,29917,45.49
20,337,ARIHANTSUP,EQ,25742,10920,42.42
20,338,ARISTO,ST,1600,1600,100.00
20,339,ARKADE,EQ,446001,146795,32.91
20,340,ARMANFIN,EQ,29664,16935,57.09
20,341,AROGRANITE,EQ,23725,9149,38.56
20,342,ARROWGREEN,EQ,28172,16287,57.81
20,343,ARTEMISMED,EQ,192811,115369,59.84
20,344,ARVEE,EQ,298,176,59.06
20,345,ARVIND,EQ,315471,127635,40.46
20,346,ARVINDFASN,EQ,201597,87422,43.36
20,347,ARVINDPORT,ST,1500,1500,100.00
20,348,ARVSMART,EQ,63470,40686,64.10
20,349,ASAHIINDIA,EQ,48497,21436,44.20
20,350,ASAHISONG,EQ,9845,7634,77.54
20,351,ASAL,EQ,14338,5712,39.84
20,352,ASALCBR,EQ,49447,22500,45.50
20,353,ASHALOG,ST,8000,7000,87.50
20,354,ASHAPURMIN,EQ,212821,124673,58.58
20,355,ASHIANA,EQ,54951,27152,49.41
20,356,ASHIMASYN,EQ,1680175,585748,34.86
20,357,ASHOKA,EQ,1002702,387316,38.63
20,358,ASHOKAMET,EQ,75392,59651,79.12
20,359,ASHOKLEY,EQ,2396927,1023019,42.68
20,360,ASIANENE,EQ,44063,25061,56.88
20,361,ASIANPAINT,EQ,1285982,575431,44.75
20,362,ASIANTILES,EQ,168445,64024,38.01
20,363,ASKAUTOLTD,EQ,111018,58808,52.97
20,364,ASLIND,SM,6000,6000,100.00
20,365,ASMS,EQ,1239549,1125316,90.78
20,366,ASPINWALL,EQ,58574,44226,75.50
20,367,ASPIRE,ST,10000,8000,80.00
20,368,ASTEC,EQ,10428,6247,59.91
20,369,ASTERDM,EQ,385239,195217,50.67
20,370,ASTRAL,EQ,621641,293941,47.28
20,371,ASTRAMICRO,EQ,268883,203709,75.76
20,372,ASTRAZEN,EQ,19590,6299,32.15
20,373,ASTRON,EQ,63287,22369,35.35
20,374,ATAM,EQ,15633,10256,65.60
20,375,ATFL,EQ,21710,14015,64.56
20,376,ATGL,EQ,276724,80626,29.14
20,377,ATL,EQ,248011,116495,46.97
20,378,ATMASTCO,ST,36800,34000,92.39
20,379,ATUL,EQ,72582,43751,60.28
20,380,ATULAUTO,EQ,31683,12473,39.37
20,381,AUBANK,EQ,1371142,561180,40.93
20,382,AURDIS,ST,6875,6250,90.91
20,383,AURIONPRO,EQ,28776,16403,57.00
20,384,AUROIMPEX,SM,6400,4800,75.00
20,385,AUROPHARMA,EQ,1115974,630851,56.53
20,386,AURUM,EQ,242275,128355,52.98
20,387,AURUMPP1,E1,3622,3385,93.46
20,388,AUSL,SM,8000,8000,100.00
20,389,AUTOAXLES,EQ,6710,4001,59.63
20,390,AUTOBEES,EQ,79802,39525,49.53
20,391,AUTOIETF,EQ,361137,200650,55.56
20,392,AUTOIND,EQ,32143,22978,71.49
20,393,AVADHSUGAR,EQ,33438,12103,36.20
20,394,AVALON,EQ,119433,97202,81.39
20,395,AVANTEL,EQ,249855,98862,39.57
20,396,AVANTIFEED,EQ,429859,113874,26.49
20,397,AVIANSH,ST,18000,14000,77.78
20,398,AVL,EQ,103160,59058,57.25
20,399,AVPINFRA,ST,7200,7200,100.00
20,400,AVTNPL,EQ,29610,18798,63.49
20,401,AWFIS,EQ,42606,16194,38.01
20,402,AWHCL,EQ,54240,16273,30.00
20,403,AWL,EQ,1626139,977744,60.13
20,404,AXISBANK,EQ,5815563,3210373,55.20
20,405,AXISBNKETF,EQ,320,298,93.13
20,406,AXISBPSETF,EQ,18244,11371,62.33
20,407,AXISCETF,EQ,2285,1664,72.82
20,408,AXISGOLD,EQ,3399677,3281008,96.51
20,409,AXISHCETF,EQ,2437,2132,87.48
20,410,AXISILVER,EQ,146688,136698,93.19
20,411,AXISNIFTY,EQ,3169,2782,87.79
20,412,AXISTECETF,EQ,51849,51705,99.72
20,413,AXITA,EQ,1600287,280610,17.53
20,414,AXSENSEX,EQ,253,243,96.05
20,415,AYMSYNTEX,EQ,34384,19677,57.23
20,416,AZAD,EQ,612915,213329,34.81
20,417,BAHETI,SM,51000,44625,87.50
20,418,BAIDFIN,EQ,198370,128753,64.91
20,419,BAJAJ-AUTO,EQ,580590,346129,59.62
20,420,BAJAJCON,EQ,143171,92821,64.83
20,421,BAJAJELEC,EQ,24858,11298,45.45
20,422,BAJAJFINSV,EQ,1119866,479012,42.77
20,423,BAJAJHCARE,EQ,640858,219415,34.24
20,424,BAJAJHFL,EQ,10207470,6407255,62.77
20,425,BAJAJHIND,EQ,3748444,1611558,42.99
20,426,BAJAJHLDNG,EQ,74724,32693,43.75
20,427,BAJEL,EQ,671829,203499,30.29
20,428,BAJFINANCE,EQ,1709473,1057090,61.84
20,429,BALAJEE,EQ,44244,21944,49.60
20,430,BALAMINES,EQ,54382,17807,32.74
20,431,BALAXI,EQ,12530,6656,53.12
20,432,BALKRISHNA,EQ,19346,11560,59.75
20,433,BALKRISIND,EQ,80327,27456,34.18
20,434,BALMLAWRIE,EQ,140441,70264,50.03
20,435,BALPHARMA,EQ,9182,4121,44.88
20,436,BALRAMCHIN,EQ,314944,172263,54.70
20,437,BALUFORGE,EQ,934514,298143,31.90
20,438,BANARISUG,EQ,144,81,56.25
20,439,BANCOINDIA,EQ,144767,80947,55.92
20,440,BANDHANBNK,EQ,7676403,3859196,50.27
20,441,BANKA,EQ,9122,4171,45.72
20,442,BANKBARODA,EQ,10170330,4713131,46.34
20,443,BANKBEES,EQ,588506,269323,45.76
20,444,BANKBETF,EQ,4166,2107,50.58
20,445,BANKETF,EQ,1129,1021,90.43
20,446,BANKETFADD,EQ,1492,1315,88.14
20,447,BANKIETF,EQ,643764,546503,84.89
20,448,BANKINDIA,EQ,9397668,4578639,48.72
20,449,BANKNIFTY1,EQ,68014,53504,78.67
20,450,BANKPSU,EQ,945,544,57.57
20,451,BANSALWIRE,EQ,55878,24643,44.10
20,452,BANSWRAS,EQ,82178,57598,70.09
20,453,BARBEQUE,EQ,427496,153575,35.92
20,454,BARFLEX,SM,54000,46000,85.19
20,455,BASF,EQ,33419,11483,34.36
20,456,BASILIC,ST,39600,37500,94.70
20,457,BASML,EQ,52345,32402,61.90
20,458,BATAINDIA,EQ,160062,29598,18.49
20,459,BAWEJA,SM,3200,2400,75.00
20,460,BAYERCROP,EQ,9461,4947,52.29
20,461,BBETF0432,EQ,254,230,90.55
20,462,BBL,EQ,85581,27721,32.39
20,463,BBNPNBETF,EQ,289,248,85.81
20,464,BBNPPGOLD,EQ,1550,739,47.68
20,465,BBOX,EQ,95873,59312,61.87
20,466,BBTC,EQ,37370,8598,23.01
20,467,BBTCL,EQ,647,432,66.77
20,468,BCLIND,EQ,356750,220624,61.84
20,469,BCONCEPTS,EQ,13645,8588,62.94
20,470,BDL,EQ,2018922,398452,19.74
20,471,BEACON,SM,1000,1000,100.00
20,472,BEARDSELL,EQ,16113,8145,50.55
20,473,BECTORFOOD,EQ,134785,81419,60.41
20,474,BEDMUTHA,EQ,1557,873,56.07
20,475,BEL,EQ,16834939,6825484,40.54
20,476,BEML,EQ,516105,101146,19.60
20,477,BEPL,EQ,315983,191768,60.69
20,478,BERGEPAINT,EQ,457035,106493,23.30
20,479,BESTAGRO,EQ,42388,24847,58.62
20,480,BETA,SM,3200,2400,75.00
20,481,BEWLTD,ST,11500,10500,91.30
20,482,BFINVEST,EQ,49214,19174,38.96
20,483,BFSI,EQ,220040,147337,66.96
20,484,BFUTILITIE,EQ,128365,48583,37.85
20,485,BHAGCHEM,EQ,52147,34996,67.11
20,486,BHAGERIA,EQ,56866,38200,67.18
20,487,BHAGYANGR,EQ,99897,48404,48.45
20,488,BHANDARI,EQ,158936,90679,57.05
20,489,BHARATFORG,EQ,855048,540107,63.17
20,490,BHARATGEAR,EQ,7480,6144,82.14
20,491,BHARATRAS,EQ,476,259,54.41
20,492,BHARATWIRE,EQ,77675,49883,64.22
20,493,BHARTIARTL,EQ,5229162,3032268,57.99
20,494,BHARTIHEXA,EQ,94773,41537,43.83
20,495,BHEL,EQ,6329168,1500899,23.71
20,496,BIGBLOC,EQ,109389,52236,47.75
20,497,BIKAJI,EQ,257569,112317,43.61
20,498,BIKEWO,SM,32000,12000,37.50
20,499,BINANIIND,EQ,6028,3376,56.01
20,500,BIOCON,EQ,6664546,3100674,46.52
20,501,BIOFILCHEM,EQ,11484,7098,61.81
20,502,BIRDYS,SM,2400,2400,100.00
20,503,BIRET,RR,88527,70381,79.50
20,504,BIRLACABLE,EQ,22029,13121,59.56
20,505,BIRLACORPN,EQ,237842,130583,54.90
20,506,BLACKBUCK,EQ,49870,49870,100.00
20,507,BLAL,EQ,125801,56886,45.22
20,508,BLBLIMITED,EQ,29002,23464,80.90
20,509,BLISSGVS,EQ,1034979,291811,28.19
20,510,BLKASHYAP,EQ,416934,338899,81.28
20,511,BLS,EQ,7564915,734230,9.71
20,512,BLSE,EQ,60406,26605,44.04
20,513,BLUEDART,EQ,19327,6847,35.43
20,514,BLUEJET,EQ,402610,260737,64.76
20,515,BLUEPEBBLE,SM,3600,2800,77.78
20,516,BLUESTARCO,EQ,269306,109081,40.50
20,517,BMETRICS,SM,1600,1600,100.00
20,518,BODALCHEM,EQ,194446,112655,57.94
20,519,BOMDYEING,EQ,471833,152671,32.36
20,520,BOROLTD,EQ,87339,34861,39.91
20,521,BOROSCI,EQ,168618,38425,22.79
20,522,BOSCHLTD,EQ,14983,4820,32.17
20,523,BOSS,ST,6000,4000,66.67
20,524,BPCL,EQ,14058587,4996376,35.54
20,525,BPL,EQ,69081,34735,50.28
20,526,BRACEPORT,ST,1600,1600,100.00
20,527,BRIGADE,EQ,168771,58481,34.65
20,528,BRITANNIA,EQ,466931,181643,38.90
20,529,BRNL,EQ,66314,34834,52.53
20,530,BSE,EQ,1956398,552162,28.22
20,531,BSE500IETF,EQ,133578,55070,41.23
20,532,BSHSL,EQ,39498,19695,49.86
20,533,BSL,EQ,8628,4012,46.50
20,534,BSLGOLDETF,EQ,228813,212353,92.81
20,535,BSLNIFTY,EQ,164416,114951,69.91
20,536,BSLSENETFG,EQ,6420,3470,54.05
20,537,BSOFT,EQ,526116,182036,34.60
20,538,BULKCORP,SM,3600,3600,100.00
20,539,BUTTERFLY,EQ,8398,5240,62.40
20,540,BVCL,EQ,9849,7067,71.75
20,541,C2C,SM,183600,78600,42.81
20,542,CADSYS,ST,1500,1500,100.00
20,543,CAMLINFINE,EQ,3031157,1114707,36.77
20,544,CAMPUS,EQ,379405,127799,33.68
20,545,CAMS,EQ,736179,392750,53.35
20,546,CANARYS,SM,16000,16000,100.00
20,547,CANBK,EQ,17662066,7552665,42.76
20,548,CANFINHOME,EQ,218332,69477,31.82
20,549,CANTABIL,EQ,396569,121563,30.65
20,550,CAPACITE,EQ,951823,422227,44.36
20,551,CAPINVIT,IV,91405,73837,80.78
20,552,CAPITALSFB,EQ,42770,29535,69.06
20,553,CAPLIPOINT,EQ,87931,40400,45.95
20,554,CAPTRUST,EQ,13086,5346,40.85
20,555,CARBORUNIV,EQ,225918,173473,76.79
20,556,CAREERP,EQ,7116,4401,61.85
20,557,CARERATING,EQ,109019,30588,28.06
20,558,CARRARO,EQ,58980,17352,29.42
20,559,CARTRADE,EQ,429502,223983,52.15
20,560,CARYSIL,EQ,26586,12631,47.51
20,561,CASTROLIND,EQ,41149277,4899068,11.91
20,562,CBAZAAR,SM,48000,48000,100.00
20,563,CCHHL,EQ,57936,37116,64.06
20,564,CCL,EQ,499450,216219,43.29
20,565,CDSL,EQ,2719181,967764,35.59
20,566,CEATLTD,EQ,70736,16834,23.80
20,567,CEIGALL,EQ,56567,33826,59.80
20,568,CELEBRITY,EQ,127611,69550,54.50
20,569,CELLECOR,SM,531000,288000,54.24
20,570,CELLO,EQ,103092,51673,50.12
20,571,CELLPOINT,SM,24000,21600,90.00
20,572,CENTENKA,EQ,15161,9855,65.00
20,573,CENTEXT,EQ,94672,60364,63.76
20,574,CENTRALBK,EQ,2521519,853837,33.86
20,575,CENTRUM,EQ,417511,141294,33.84
20,576,CENTUM,EQ,24956,14916,59.77
20,577,CENTURYPLY,EQ,268282,100903,37.61
20,578,CERA,EQ,9323,4372,46.89
20,579,CESC,EQ,3058830,1367570,44.71
20,580,CEWATER,EQ,105709,33014,31.23
20,581,CGCL,EQ,94884,34134,35.97
20,582,CGPOWER,EQ,1563407,549512,35.15
20,583,CGRAPHICS,SM,24000,12800,53.33
20,584,CHALET,EQ,471683,267905,56.80
20,585,CHAMBLFERT,EQ,3284568,729488,22.21
20,586,CHAVDA,SM,23000,14000,60.87
20,587,CHEMBOND,EQ,52755,46927,88.95
20,588,CHEMCON,EQ,12316,9011,73.16
20,589,CHEMFAB,EQ,2560,645,25.20
20,590,CHEMPLASTS,EQ,57377,18310,31.91
20,591,CHENNPETRO,EQ,332297,130309,39.21
20,592,CHETANA,SM,40000,32000,80.00
20,593,CHEVIOT,EQ,1725,1338,77.57
20,594,CHOICEIN,EQ,345605,84259,24.38
20,595,CHOLAFIN,EQ,1418890,777759,54.81
20,596,CHOLAHLDNG,EQ,387977,318205,82.02
20,597,CIEINDIA,EQ,84355,42423,50.29
20,598,CIFC28,NB,49,49,100.00
20,599,CIFCZC26A,N3,10,10,100.00
20,600,CIFCZC28,NH,38,28,73.68
20,601,CIGNITITEC,EQ,152951,67921,44.41
20,602,CINEVISTA,EQ,18061,10963,60.70
20,603,CIPLA,EQ,2918537,1433826,49.13
20,604,CLEAN,EQ,48723,21961,45.07
20,605,CLEDUCATE,EQ,325547,122192,37.53
20,606,CLOUD,SZ,68000,58000,85.29
20,607,CLSEL,EQ,30967,13258,42.81
20,608,CLSL,SM,14000,10000,71.43
20,609,CMNL,SM,28500,18000,63.16
20,610,CMRSL,SM,2400,2400,100.00
20,611,CMSINFO,EQ,775953,385251,49.65
20,612,COALINDIA,EQ,4652107,1784166,38.35
20,613,COASTCORP,EQ,16369,5847,35.72
20,614,COCHINSHIP,EQ,284570,121371,42.65
20,615,COFORGE,EQ,240875,152203,63.19
20,616,COLPAL,EQ,265587,147991,55.72
20,617,COMMITTED,ST,32000,32000,100.00
20,618,COMMOIETF,EQ,35699,19576,54.84
20,619,COMPUSOFT,EQ,24856,14776,59.45
20,620,CONCOR,EQ,637524,306634,48.10
20,621,CONCORDBIO,EQ,124229,79321,63.85
20,622,CONFIPET,EQ,175796,84412,48.02
20,623,CONS,EQ,1238,1075,86.83
20,624,CONSOFINVT,EQ,3502,1443,41.21
20,625,CONSUMBEES,EQ,202206,110976,54.88
20,626,CONSUMER,EQ,103007,79108,76.80
20,627,CONSUMIETF,EQ,35517,19126,53.85
20,628,CONTROLPR,EQ,4082,2574,63.06
20,629,COOLCAPS,ST,47500,47000,98.95
20,630,CORALFINAC,EQ,7541,4998,66.28
20,631,CORDSCABLE,EQ,22787,12847,56.38
20,632,COROMANDEL,EQ,733389,507668,69.22
20,633,COSMOFIRST,EQ,65261,39221,60.10
20,634,COUNCODOS,EQ,103792,79808,76.89
20,635,CPS,ST,9600,9000,93.75
20,636,CPSEETF,EQ,1591560,820342,51.54
20,637,CRAFTSMAN,EQ,79236,44356,55.98
20,638,CRAYONS,SM,9000,8000,88.89
20,639,CREATIVE,EQ,6984,3900,55.84
20,640,CREATIVEYE,EQ,81613,64576,79.12
20,641,CREDITACC,EQ,557611,152041,27.27
20,642,CREST,EQ,8447,3799,44.97
20,643,CRISIL,EQ,35051,16442,46.91
20,644,CROMPTON,EQ,2066393,926794,44.85
20,645,CROWN,EQ,54050,36111,66.81
20,646,CSBBANK,EQ,74853,35369,47.25
20,647,CSLFINANCE,EQ,38112,26083,68.44
20,648,CTE,EQ,14704,9531,64.82
20,649,CUB,EQ,2241590,789228,35.21
20,650,CUMMINSIND,EQ,2266222,852125,37.60
20,651,CUPID,EQ,965514,314094,32.53
20,652,CYBERMEDIA,EQ,14096,7302,51.80
20,653,CYBERTECH,EQ,63049,30889,48.99
20,654,CYIENT,EQ,350003,197178,56.34
20,655,CYIENTDLM,EQ,329783,212447,64.42
20,656,DABUR,EQ,1225984,689225,56.22
20,657,DALBHARAT,EQ,228834,146194,63.89
20,658,DALMIASUG,EQ,95769,42705,44.59
20,659,DAMCAPITAL,EQ,922438,225055,24.40
20,660,DAMODARIND,EQ,29310,11438,39.02
20,661,DANGEE,EQ,102171,69833,68.35
20,662,DANISH,SM,56400,30300,53.72
20,663,DATAMATICS,EQ,149732,50718,33.87
20,664,DATAPATTNS,EQ,204969,82039,40.03
20,665,DAVANGERE,EQ,898036,450913,50.21
20,666,DBCORP,EQ,398482,244620,61.39
20,667,DBEIL,EQ,162342,47805,29.45
20,668,DBL,EQ,163766,61911,37.80
20,669,DBOL,EQ,166311,104063,62.57
20,670,DBREALTY,EQ,1702028,941754,55.33
20,671,DBSTOCKBRO,EQ,5515,4386,79.53
20,672,DCAL,EQ,255550,103042,40.32
20,673,DCBBANK,EQ,1348738,676966,50.19
20,674,DCG,SM,9600,4800,50.00
20,675,DCI,EQ,7968,4242,53.24
20,676,DCM,EQ,18583,7058,37.98
20,677,DCMNVL,EQ,12002,6636,55.29
20,678,DCMSHRIRAM,EQ,48485,14239,29.37
20,679,DCMSRIND,EQ,30487,15347,50.34
20,680,DCW,EQ,1093627,425770,38.93
20,681,DCXINDIA,EQ,314376,132161,42.04
20,682,DDEVPLSTIK,EQ,43981,18646,42.40
20,683,DECCANCE,EQ,14907,11981,80.37
20,684,DECCANTRAN,ST,2400,2400,100.00
20,685,DEEDEV,EQ,55213,27949,50.62
20,686,DEEM,SM,1000,1000,100.00
20,687,DEEPAKFERT,EQ,634181,319133,50.32
20,688,DEEPAKNTR,EQ,323977,118972,36.72
20,689,DEEPINDS,EQ,354844,112060,31.58
20,690,DELAPLEX,SM,1800,1800,100.00
20,691,DELHIVERY,EQ,1169821,451274,38.58
20,692,DELTACORP,EQ,637945,317269,49.73
20,693,DELTAMAGNT,EQ,2468,1621,65.68
20,694,DELTIC,SM,16000,15000,93.75
20,695,DEN,EQ,573906,210541,36.69
20,696,DENEERS,ST,52200,52200,100.00
20,697,DENORA,EQ,20436,7349,35.96
20,698,DENTALKART,SM,44500,43250,97.19
20,699,DEVIT,EQ,51302,24348,47.46
20,700,DEVYANI,EQ,1912488,1036709,54.21
20,701,DHAMPURSUG,EQ,497217,113062,22.74
20,702,DHANI,EQ,1333992,638065,47.83
20,703,DHANLAXMI,ST,24000,16000,66.67
20,704,DHANUKA,EQ,63162,29598,46.86
20,705,DHARMAJ,EQ,43571,25997,59.67
20,706,DHTL,SM,1600,1600,100.00
20,707,DHUNINV,EQ,677,259,38.26
20,708,DIAMINESQ,EQ,13955,7455,53.42
20,709,DIAMONDYD,EQ,78258,35147,44.91
20,710,DICIND,EQ,1063,936,88.05
20,711,DIFFNKG,EQ,1339888,349338,26.07
20,712,DIGIDRIVE,EQ,118454,80346,67.83
20,713,DIGIKORE,ST,11000,10800,98.18
20,714,DIGISPICE,EQ,1052228,186327,17.71
20,715,DISHTV,EQ,3988167,1484889,37.23
20,716,DIVGIITTS,EQ,9883,6463,65.40
20,717,DIVISLAB,EQ,373619,198250,53.06
20,718,DIVOPPBEES,EQ,43481,28443,65.41
20,719,DIVYADHAN,ST,2000,2000,100.00
20,720,DIXON,EQ,385102,154969,40.24
20,721,DLF,EQ,5368289,1973976,36.77
20,722,DLINKINDIA,EQ,55258,26500,47.96
20,723,DMART,EQ,400410,139076,34.73
20,724,DNAMEDIA,EQ,202176,128158,63.39
20,725,DODLA,EQ,27690,16589,59.91
20,726,DOLATALGO,EQ,201319,106288,52.80
20,727,DOLLAR,EQ,21431,11409,53.24
20,728,DOLLEX,SM,8000,4000,50.00
20,729,DOLPHIN,EQ,7016,4605,65.64
20,730,DOMS,EQ,98575,33070,33.55
20,731,DONEAR,EQ,51387,26680,51.92
20,732,DPABHUSHAN,EQ,31784,14833,46.67
20,733,DPEL,ST,12000,10500,87.50
20,734,DPSCLTD,EQ,109633,72682,66.30
20,735,DPWIRES,EQ,40733,20664,50.73
20,736,DRCSYSTEMS,EQ,447711,196665,43.93
20,737,DREAMFOLKS,EQ,43587,27465,63.01
20,738,DREDGECORP,EQ,37432,25625,68.46
20,739,DRL,ST,54000,54000,100.00
20,740,DRONE,ST,17000,17000,100.00
20,741,DRREDDY,EQ,2990483,1747795,58.45
20,742,DSSL,EQ,22201,10775,48.53
20,743,DTIL,EQ,4417,1915,43.36
20,744,DTL,SM,3600,3600,100.00
20,745,DUCOL,SM,5600,4800,85.71
20,746,DUCON,EQ,1895034,1222646,64.52
20,747,DUGLOBAL,SM,120000,70000,58.33
20,748,DURLAX,SM,16000,12000,75.00
20,749,DVL,EQ,10701,6747,63.05
20,750,DWARKESH,EQ,697525,382339,54.81
20,751,DYCL,EQ,53938,30150,55.90
20,752,DYNAMATECH,EQ,5959,2224,37.32
20,753,DYNAMIC,ST,10000,6000,60.00
20,754,DYNPRO,EQ,24378,15031,61.66
20,755,EASEMYTRIP,EQ,21387832,8706161,40.71
20,756,EBANKNIFTY,EQ,81,79,97.53
20,757,EBBETF0425,EQ,14541,14521,99.86
20,758,EBBETF0430,EQ,3464,2503,72.26
20,759,EBBETF0431,EQ,16985,15971,94.03
20,760,EBBETF0433,EQ,21500,20960,97.49
20,761,ECAPINSURE,EQ,35944,34451,95.85
20,762,ECLERX,EQ,138364,96766,69.94
20,763,ECOSMOBLTY,EQ,678565,137787,20.31
20,764,EDELWEISS,EQ,2259006,1159960,51.35
20,765,EFACTOR,ST,7200,7200,100.00
20,766,EFFWA,ST,34000,28800,84.71
20,767,EFORCE,SM,14400,13200,91.67
20,768,EGOLD,EQ,154450,153005,99.06
20,769,EICHERMOT,EQ,361000,151029,41.84
20,770,EIDPARRY,EQ,282194,125217,44.37
20,771,EIEL,EQ,17221865,1769224,10.27
20,772,EIFFL,EQ,19861,17134,86.27
20,773,EIHAHOTELS,EQ,21516,8429,39.18
20,774,EIHOTEL,EQ,275666,137451,49.86
20,775,EIMCOELECO,EQ,5431,3323,61.19
20,776,EKC,EQ,258199,96073,37.21
20,777,ELDEHSG,EQ,970,533,54.95
20,778,ELECON,EQ,321908,157019,48.78
20,779,ELECTCAST,EQ,941587,443498,47.10
20,780,ELGIEQUIP,EQ,151366,57005,37.66
20,781,ELIN,EQ,34934,17450,49.95
20,782,EMAIN,SM,239000,134000,56.07
20,783,EMAMILTD,EQ,348810,187726,53.82
20,784,EMAMIPAP,EQ,6936,4629,66.74
20,785,EMBASSY,RR,916346,818300,89.30
20,786,EMBDL,EQ,7454398,2092101,28.07
20,787,EMCURE,EQ,215186,84576,39.30
20,788,EMIL,EQ,394384,261604,66.33
20,789,EMKAYTOOLS,SM,2700,1950,72.22
20,790,EMMBI,EQ,46355,27117,58.50
20,791,EMMIL,ST,19250,18500,96.10
20,792,EMSLIMITED,EQ,127021,44278,34.86
20,793,EMUDHRA,EQ,98238,38275,38.96
20,794,EMULTIMQ,EQ,66141,64034,96.81
20,795,ENDURANCE,EQ,316453,187402,59.22
20,796,ENFUSE,ST,1200,1200,100.00
20,797,ENGINERSIN,EQ,994530,337713,33.96
20,798,ENIL,EQ,22983,15205,66.16
20,799,ENSER,ST,39000,36000,92.31
20,800,ENTERO,EQ,166726,125152,75.06
20,801,ENVIRO,SM,4000,4000,100.00
20,802,EPACK,EQ,439539,207838,47.29
20,803,EPIGRAL,EQ,77617,35701,46.00
20,804,EPL,EQ,1079228,479332,44.41
20,805,EQUAL50ADD,EQ,1844,1502,81.45
20,806,EQUITASBNK,EQ,2387588,971317,40.68
20,807,ERIS,EQ,1118917,151503,13.54
20,808,ESABINDIA,EQ,2878,1442,50.10
20,809,ESAFSFB,EQ,202535,102292,50.51
20,810,ESCONET,ST,4800,4800,100.00
20,811,ESCORTS,EQ,73180,26969,36.85
20,812,ESFL,SM,89280,58680,65.73
20,813,ESG,EQ,9893,9813,99.19
20,814,ESILVER,EQ,114691,100084,87.26
20,815,ESPRIT,ST,8000,6400,80.00
20,816,ESSENTIA,EQ,1440433,808468,56.13
20,817,ESTER,EQ,925471,348187,37.62
20,818,ETHOSLTD,EQ,14447,8414,58.24
20,819,ETML,SM,26400,14400,54.55
20,820,EUREKAFORB,EQ,89274,46620,52.22
20,821,EUROBOND,SM,3000,2000,66.67
20,822,EVEREADY,EQ,103833,46508,44.79
20,823,EVINDIA,EQ,390057,243768,62.50
20,824,EXCELINDUS,EQ,13064,7589,58.09
20,825,EXICOM,EQ,1873945,848462,45.28
20,826,EXIDEIND,EQ,2409037,1035276,42.97
20,827,EXPLEOSOL,EQ,14909,11761,78.89
20,828,EXXARO,EQ,622296,371570,59.71
20,829,FACT,EQ,260006,48683,18.72
20,830,FAIRCHEMOR,EQ,13807,4937,35.76
20,831,FAZE3Q,EQ,6890,3384,49.11
20,832,FCL,EQ,338363,185538,54.83
20,833,FCSSOFT,EQ,1351790,849703,62.86
20,834,FDC,EQ,90646,51746,57.09
20,835,FEDERALBNK,EQ,3983013,2205897,55.38
20,836,FEDFINA,EQ,172609,92680,53.69
20,837,FELIX,ST,22500,22500,100.00
20,838,FIBERWEB,EQ,48156,23238,48.26
20,839,FICRF3GP,MF,1200,1200,100.00
20,840,FIDEL,ST,7000,6000,85.71
20,841,FIEMIND,EQ,29483,16899,57.32
20,842,FILATEX,EQ,502191,209369,41.69
20,843,FINCABLES,EQ,131913,59618,45.19
20,844,FINEORG,EQ,35908,14121,39.33
20,845,FINIETF,EQ,1875746,1661860,88.60
20,846,FINOPB,EQ,62263,34355,55.18
20,847,FINPIPE,EQ,785930,391993,49.88
20,848,FIRSTCRY,EQ,1369013,1271787,92.90
20,849,FIVESTAR,EQ,342860,99751,29.09
20,850,FLAIR,EQ,50112,29893,59.65
20,851,FLUOROCHEM,EQ,53374,24092,45.14
20,852,FMCGIETF,EQ,1159628,819468,70.67
20,853,FMGOETZE,EQ,31943,24422,76.45
20,854,FOCUS,EQ,214609,152945,71.27
20,855,FONEBOX,SM,1000,1000,100.00
20,856,FOODSIN,EQ,78335,52800,67.40
20,857,FORCEMOT,EQ,30583,15116,49.43
20,858,FORGEAUTO,SM,1200,1200,100.00
20,859,FORTIS,EQ,1179716,667932,56.62
20,860,FOSECOIND,EQ,591,258,43.65
20,861,FRESHARA,ST,126000,126000,100.00
20,862,FROG,SM,93600,43600,46.58
20,863,FSL,EQ,1589367,497742,31.32
20,864,FUSION,EQ,1080812,366837,33.94
20,865,GABRIEL,EQ,211640,85858,40.57
20,866,GAEL,EQ,500448,300965,60.14
20,867,GAIL,EQ,14963364,8895369,59.45
20,868,GAJANAND,ST,18000,18000,100.00
20,869,GALAPREC,EQ,55849,21210,37.98
20,870,GALAXYSURF,EQ,5047,2683,53.16
20,871,GALLANTT,EQ,252958,85233,33.69
20,872,GANDHAR,EQ,127591,70160,54.99
20,873,GANDHITUBE,EQ,1342,960,71.54
20,874,GANECOS,EQ,35039,15458,44.12
20,875,GANESHBE,EQ,57357,35336,61.61
20,876,GANESHHOUC,EQ,204637,72420,35.39
20,877,GANESHIN,SM,131200,96000,73.17
20,878,GANGAFORGE,EQ,87301,49963,57.23
20,879,GANGESSECU,EQ,3208,2379,74.16
20,880,GARFIBRES,EQ,46152,20017,43.37
20,881,GARUDA,EQ,1280580,326927,25.53
20,882,GATEWAY,EQ,742348,517838,69.76
20,883,GEECEE,EQ,18934,9427,49.79
20,884,GEEKAYWIRE,EQ,84710,38249,45.15
20,885,GENCON,EQ,58729,38199,65.04
20,886,GENESYS,EQ,188375,64569,34.28
20,887,GENSOL,EQ,54719,35962,65.72
20,888,GENUSPAPER,EQ,188946,120017,63.52
20,889,GENUSPOWER,EQ,279086,137730,49.35
20,890,GEOJITFSL,EQ,296199,138308,46.69
20,891,GEPIL,EQ,244177,114136,46.74
20,892,GESHIP,EQ,950815,513054,53.96
20,893,GFLLIMITED,EQ,46761,26909,57.55
20,894,GGBL,ST,10200,7800,76.47
20,895,GHCL,EQ,584888,199056,34.03
20,896,GHCLTEXTIL,EQ,128267,71195,55.51
20,897,GICHSGFIN,EQ,46112,25659,55.64
20,898,GICL,ST,6000,6000,100.00
20,899,GICRE,EQ,1408561,639276,45.39
20,900,GILLETTE,EQ,24180,8887,36.75
20,901,GILT5YBEES,EQ,326994,307380,94.00
20,902,GINNIFILA,EQ,27469,22086,80.40
20,903,GIPCL,EQ,287688,164866,57.31
20,904,GIRIRAJ,ST,500,500,100.00
20,905,GKWLIMITED,EQ,565,380,67.26
20,906,GLAND,EQ,181133,68085,37.59
20,907,GLAXO,EQ,2465345,303347,12.30
20,908,GLENMARK,EQ,462007,219752,47.56
20,909,GLOBAL,EQ,38996,24879,63.80
20,910,GLOBALPET,SM,15000,13500,90.00
20,911,GLOBE,EQ,1769773,1034032,58.43
20,912,GLOBUSSPR,EQ,78571,27657,35.20
20,913,GLOSTERLTD,EQ,1015,770,75.86
20,914,GMBREW,EQ,18615,9308,50.00
20,915,GMDCLTD,EQ,379132,105895,27.93
20,916,GMMPFAUDLR,EQ,59467,24336,40.92
20,917,GMRAIRPORT,EQ,12500383,7084962,56.68
20,918,GMRP&UI,EQ,3791832,1246984,32.89
20,919,GNA,EQ,29739,18555,62.39
20,920,GNFC,EQ,249646,74369,29.79
20,921,GOACARBON,EQ,9131,3727,40.82
20,922,GOCLCORP,EQ,27989,18461,65.96
20,923,GOCOLORS,EQ,15240,8678,56.94
20,924,GODAVARIB,EQ,55746,17801,31.93
20,925,GODFRYPHLP,EQ,72358,24946,34.48
20,926,GODIGIT,EQ,829702,454138,54.74
20,927,GODREJAGRO,EQ,74453,30985,41.62
20,928,GODREJCP,EQ,428067,211792,49.48
20,929,GODREJIND,EQ,77472,43388,56.00
20,930,GODREJPROP,EQ,989144,484059,48.94
20,931,GOKEX,EQ,66495,29924,45.00
20,932,GOKULAGRO,EQ,53105,25134,47.33
20,933,GOLD1,EQ,1744587,1501284,86.05
20,934,GOLDBEES,EQ,30059729,22198604,73.85
20,935,GOLDCASE,EQ,1331570,972609,73.04
20,936,GOLDETF,EQ,360214,330737,91.82
20,937,GOLDETFADD,EQ,85985,82193,95.59
20,938,GOLDIAM,EQ,1061531,369538,34.81
20,939,GOLDIETF,EQ,6495451,4390784,67.60
20,940,GOLDSHARE,EQ,439758,346998,78.91
20,941,GOODLUCK,EQ,57355,36215,63.14
20,942,GOPAL,EQ,112463,32150,28.59
20,943,GOYALALUM,EQ,429452,288063,67.08
20,944,GOYALSALT,SM,7800,6600,84.62
20,945,GPECO,ST,21000,19200,91.43
20,946,GPIL,EQ,1276024,540271,42.34
20,947,GPPL,EQ,839831,400656,47.71
20,948,GPTHEALTH,EQ,64696,37444,57.88
20,949,GPTINFRA,EQ,256652,130677,50.92
20,950,GRANULES,EQ,1262252,321562,25.48
20,951,GRAPHISAD,ST,6000,4800,80.00
20,952,GRAPHITE,EQ,1096607,213283,19.45
20,953,GRASIM,EQ,595946,282394,47.39
20,954,GRAVITA,EQ,134878,48156,35.70
20,955,GREAVESCOT,EQ,15436390,2866478,18.57
20,956,GREENCHEF,SM,11200,7200,64.29
20,957,GREENLAM,EQ,11551,6814,58.99
20,958,GREENPANEL,EQ,201240,89048,44.25
20,959,GREENPLY,EQ,58765,29499,50.20
20,960,GREENPOWER,EQ,1664641,909503,54.64
20,961,GRETEX,ST,40500,39000,96.30
20,962,GRINDWELL,EQ,16696,7799,46.71
20,963,GRINFRA,EQ,116743,100597,86.17
20,964,GRMOVER,EQ,1229475,444547,36.16
20,965,GROBTEA,EQ,194,135,69.59
20,966,GROWWDEFNC,EQ,154062,102231,66.36
20,967,GROWWEV,EQ,390409,305213,78.18
20,968,GROWWGOLD,EQ,291380,153947,52.83
20,969,GROWWLIQID,EQ,56823,52647,92.65
20,970,GRPLTD,EQ,632,332,52.53
20,971,GRSE,EQ,360314,63768,17.70
20,972,GRWRHITECH,EQ,118045,56153,47.57
20,973,GSEC10IETF,EQ,8,8,100.00
20,974,GSEC10YEAR,EQ,1959,1516,77.39
20,975,GSEC5IETF,EQ,140,136,97.14
20,976,GSFC,EQ,1193585,491906,41.21
20,977,GSLSU,EQ,66072,45244,68.48
20,978,GSMFOILS,ST,16000,16000,100.00
20,979,GSPL,EQ,486918,229438,47.12
20,980,GSS,EQ,35087,19797,56.42
20,981,GSTL,ST,3000,3000,100.00
20,982,GTL,EQ,495493,324890,65.57
20,983,GTLINFRA,EQ,29404527,16545041,56.27
20,984,GTPL,EQ,477329,428747,89.82
20,985,GUFICBIO,EQ,22062,8372,37.95
20,986,GUJALKALI,EQ,20099,11641,57.92
20,987,GUJAPOLLO,EQ,5195,3304,63.60
20,988,GUJGASLTD,EQ,1347287,361806,26.85
20,989,GULFOILLUB,EQ,98544,33625,34.12
20,990,GULFPETRO,EQ,58445,35098,60.05
20,991,GULPOLY,EQ,177437,99279,55.95
20,992,GVPTECH,EQ,29202,19934,68.26
20,993,GVT&D,EQ,506255,305548,60.35
20,994,HAL,EQ,1253037,418720,33.42
20,995,HAPPSTMNDS,EQ,298650,122855,41.14
20,996,HAPPYFORGE,EQ,16972,9025,53.18
20,997,HARIOMPIPE,EQ,82002,44169,53.86
20,998,HARRMALAYA,EQ,21351,12830,60.09
20,999,HARSHA,EQ,24051,14234,59.18
20,1000,HATHWAY,EQ,5023584,2920140,58.13
20,1001,HATSUN,EQ,30711,10492,34.16
20,1002,HAVELLS,EQ,288020,149477,51.90
20,1003,HAVISHA,EQ,56150,53647,95.54
20,1004,HBLENGINE,EQ,596522,258685,43.37
20,1005,HBSL,EQ,6616,3957,59.81
20,1006,HCC,EQ,11173511,3409398,30.51
20,1007,HCG,EQ,96614,56107,58.07
20,1008,HCL-INSYS,EQ,197161,131525,66.71
20,1009,HCLTECH,EQ,2057798,1303627,63.35
20,1010,HDFCAMC,EQ,274765,150442,54.75
20,1011,HDFCBANK,EQ,13380358,8694892,64.98
20,1012,HDFCBSE500,EQ,7223,4319,59.80
20,1013,HDFCGOLD,EQ,3460770,2525050,72.96
20,1014,HDFCGROWTH,EQ,2561,1708,66.69
20,1015,HDFCLIFE,EQ,4837012,2317709,47.92
20,1016,HDFCLIQUID,EQ,3557,2714,76.30
20,1017,HDFCLOWVOL,EQ,27745,19136,68.97
20,1018,HDFCMID150,EQ,234983,173916,74.01
20,1019,HDFCMOMENT,EQ,752452,480026,63.79
20,1020,HDFCNEXT50,EQ,40375,34727,86.01
20,1021,HDFCNIF100,EQ,24615,17386,70.63
20,1022,HDFCNIFBAN,EQ,507318,504482,99.44
20,1023,HDFCNIFIT,EQ,566909,561753,99.09
20,1024,HDFCNIFTY,EQ,25790,21064,81.68
20,1025,HDFCPSUBK,EQ,11495,9353,81.37
20,1026,HDFCPVTBAN,EQ,53871,36430,67.62
20,1027,HDFCQUAL,EQ,2763,2296,83.10
20,1028,HDFCSENSEX,EQ,20007,19166,95.80
20,1029,HDFCSILVER,EQ,369626,258357,69.90
20,1030,HDFCSML250,EQ,553113,301100,54.44
20,1031,HDFCVALUE,EQ,5970,5425,90.87
20,1032,HEADSUP,EQ,113928,84845,74.47
20,1033,HEALTHADD,EQ,88,86,97.73
20,1034,HEALTHIETF,EQ,50184,32667,65.09
20,1035,HEALTHY,EQ,101791,77785,76.42
20,1036,HEG,EQ,656048,205509,31.33
20,1037,HEIDELBERG,EQ,76293,38644,50.65
20,1038,HEMIPROP,EQ,423402,196055,46.30
20,1039,HERANBA,EQ,48454,27220,56.18
20,1040,HERITGFOOD,EQ,164725,80723,49.00
20,1041,HEROMOTOCO,EQ,576470,196489,34.08
20,1042,HESTERBIO,EQ,4453,2209,49.61
20,1043,HEUBACHIND,EQ,9348,6732,72.02
20,1044,HEXATRADEX,EQ,11499,6518,56.68
20,1045,HFCL,EQ,8798724,2376087,27.00
20,1046,HGINFRA,EQ,161413,28925,17.92
20,1047,HGS,EQ,10414,6490,62.32
20,1048,HIGREEN,ST,11200,11200,100.00
20,1049,HIKAL,EQ,542474,172499,31.80
20,1050,HIL,EQ,13416,8820,65.74
20,1051,HILTON,EQ,77940,54797,70.31
20,1052,HIMATSEIDE,EQ,509161,215058,42.24
20,1053,HINDALCO,EQ,3571342,1319145,36.94
20,1054,HINDCOMPOS,EQ,6012,3131,52.08
20,1055,HINDCOPPER,EQ,3808700,1376375,36.14
20,1056,HINDMOTORS,EQ,696191,237770,34.15
20,1057,HINDOILEXP,EQ,2431230,909111,37.39
20,1058,HINDPETRO,EQ,3123836,1136156,36.37
20,1059,HINDUNILVR,EQ,1132113,540777,47.77
20,1060,HINDWAREAP,EQ,65918,39620,60.10
20,1061,HINDZINC,EQ,2683938,1376194,51.28
20,1062,HIRECT,EQ,14788,7921,53.56
20,1063,HISARMETAL,EQ,2494,2062,82.68
20,1064,HITECH,EQ,309183,120796,39.07
20,1065,HITECHCORP,EQ,870,497,57.13
20,1066,HLEGLAS,EQ,40265,19301,47.93
20,1067,HLVLTD,EQ,474863,289071,60.87
20,1068,HMAAGRO,EQ,161861,102979,63.62
20,1069,HMVL,EQ,41976,21853,52.06
20,1070,HNDFDS,EQ,67660,32296,47.73
20,1071,HNGSNGBEES,EQ,239051,186487,78.01
20,1072,HOACFOODS,ST,1500,750,50.00
20,1073,HOLMARC,ST,10500,10500,100.00
20,1074,HOMEFIRST,EQ,302558,147098,48.62
20,1075,HOMESFY,SM,3000,2700,90.00
20,1076,HONASA,EQ,316380,149121,47.13
20,1077,HONAUT,EQ,2349,896,38.14
20,1078,HONDAPOWER,EQ,4423,1968,44.49
20,1079,HOVS,EQ,6622,4217,63.68
20,1080,HPAL,EQ,62781,38314,61.03
20,1081,HPIL,EQ,642,427,66.51
20,1082,HPL,EQ,75720,32666,43.14
20,1083,HRHNEXT,ST,7500,6000,80.00
20,1084,HSCL,EQ,351516,184749,52.56
20,1085,HTMEDIA,EQ,178968,82486,46.09
20,1086,HUBTOWN,EQ,129583,89938,69.41
20,1087,HUDCO,EQ,4301042,1025874,23.85
20,1088,HUHTAMAKI,EQ,54994,35925,65.33
20,1089,HVAX,ST,300,300,100.00
20,1090,HYUNDAI,EQ,867707,531478,61.25
20,1091,IBLFL,ST,4000,4000,100.00
20,1092,ICEMAKE,EQ,26097,13556,51.94
20,1093,ICICIB22,EQ,882801,692809,78.48
20,1094,ICICIBANK,EQ,8396554,4000579,47.65
20,1095,ICICIGI,EQ,228070,138100,60.55
20,1096,ICICIPRULI,EQ,596337,381753,64.02
20,1097,ICIL,EQ,96024,43787,45.60
20,1098,ICRA,EQ,1499,645,43.03
20,1099,IDBI,EQ,2741352,908421,33.14
20,1100,IDEA,EQ,223076819,50568254,22.67
20,1101,IDEAFORGE,EQ,87855,49127,55.92
20,1102,IDEALTECHO,ST,5000,5000,100.00
20,1103,IDENTICAL,ST,12000,12000,100.00
20,1104,IDFCFIRSTB,EQ,35143795,26322383,74.90
20,1105,IDFNIFTYET,EQ,276,149,53.99
20,1106,IEML,SM,7500,5000,66.67
20,1107,IEX,EQ,6134942,1624403,26.48
20,1108,IFBAGRO,EQ,23640,12171,51.48
20,1109,IFBIND,EQ,28370,14260,50.26
20,1110,IFCI,EQ,3673240,1199337,32.65
20,1111,IFGLEXPOR,EQ,2767,1694,61.22
20,1112,IGARASHI,EQ,14510,6866,47.32
20,1113,IGIL,EQ,1046188,434224,41.51
20,1114,IGL,EQ,8899887,2549945,28.65
20,1115,IGPL,EQ,140775,74180,52.69
20,1116,IIFL,EQ,687535,319194,46.43
20,1117,IIFLCAPS,EQ,210766,95835,45.47
20,1118,IIFLZC25,ND,35,35,100.00
20,1119,IIFLZC26,NN,6,6,100.00
20,1120,IIFLZC28,NG,25,25,100.00
20,1121,IIFLZC28A,NU,10,10,100.00
20,1122,IIFLZC28C,N6,14,14,100.00
20,1123,IKIO,EQ,111555,47752,42.81
20,1124,IKS,EQ,290264,160306,55.23
20,1125,IMAGICAA,EQ,1074008,478540,44.56
20,1126,IMFA,EQ,72031,32147,44.63
20,1127,IMPAL,EQ,2192,632,28.83
20,1128,INCREDIBLE,EQ,75641,39849,52.68
20,1129,INDBANK,EQ,19286,11220,58.18
20,1130,INDGN,EQ,425371,193802,45.56
20,1131,INDHOTEL,EQ,3240318,1751365,54.05
20,1132,INDIACEM,EQ,964906,664405,68.86
20,1133,INDIAGLYCO,EQ,159931,59599,37.27
20,1134,INDIAMART,EQ,78848,40419,51.26
20,1135,INDIANB,EQ,1658355,727590,43.87
20,1136,INDIANHUME,EQ,13193,7255,54.99
20,1137,INDIASHLTR,EQ,37290,20510,55.00
20,1138,INDIFRA,SM,20000,20000,100.00
20,1139,INDIGO,EQ,587111,341965,58.25
20,1140,INDIGOPNTS,EQ,35185,19495,55.41
20,1141,INDIGRID,IV,400635,372105,92.88
20,1142,INDNIPPON,EQ,5511,2700,48.99
20,1143,INDOAMIN,EQ,85358,46756,54.78
20,1144,INDOBORAX,EQ,25701,9657,37.57
20,1145,INDOCO,EQ,48551,27003,55.62
20,1146,INDOFARM,EQ,2517642,478458,19.00
20,1147,INDORAMA,EQ,78093,40754,52.19
20,1148,INDOSTAR,EQ,118238,59689,50.48
20,1149,INDOTECH,EQ,34863,18077,51.85
20,1150,INDOWIND,EQ,460340,190183,41.31
20,1151,INDRAMEDCO,EQ,140716,52600,37.38
20,1152,INDSWFTLAB,EQ,26810,15103,56.33
20,1153,INDTERRAIN,EQ,35077,20413,58.19
20,1154,INDUSINDBK,EQ,3889634,1823347,46.88
20,1155,INDUSINVIT,IV,39070,38837,99.40
20,1156,INDUSTOWER,EQ,8285405,5283108,63.76
20,1157,INFIBEAM,EQ,3831510,1391132,36.31
20,1158,INFINIUM,SM,15000,14000,93.33
20,1159,INFOBEAN,EQ,11498,6177,53.72
20,1160,INFOLLION,ST,2000,2000,100.00
20,1161,INFOMEDIA,EQ,32506,21550,66.30
20,1162,INFRABEES,EQ,6012,3768,62.67
20,1163,INFRAIETF,EQ,113024,49762,44.03
20,1164,INFY,EQ,4765255,2669914,56.03
20,1165,INGERRAND,EQ,9223,5662,61.39
20,1166,INM,SM,2400,1200,50.00
20,1167,INNOMET,SM,32400,27600,85.19
20,1168,INNOVACAP,EQ,177604,78464,44.18
20,1169,INNOVANA,EQ,600,328,54.67
20,1170,INOXGREEN,EQ,952661,425509,44.67
20,1171,INOXINDIA,EQ,55126,32354,58.69
20,1172,INOXWIND,EQ,5690495,1965632,34.54
20,1173,INSECTICID,EQ,29927,15675,52.38
20,1174,INSPIRE,SM,12000,8000,66.67
20,1175,INSPIRISYS,EQ,4498,3571,79.39
20,1176,INTELLECT,EQ,216889,63340,29.20
20,1177,INTENTECH,EQ,56682,18148,32.02
20,1178,INTERARCH,EQ,91252,29307,32.12
20,1179,INTLCONV,EQ,43485,22021,50.64
20,1180,INVENTURE,EQ,1473927,732686,49.71
20,1181,IOB,EQ,3452974,1205430,34.91
20,1182,IOC,EQ,9804040,4233906,43.19
20,1183,IOLCP,EQ,327906,110721,33.77
20,1184,IONEXCHANG,EQ,106992,51405,48.05
20,1185,IPCALAB,EQ,622678,254077,40.80
20,1186,IPHL,ST,6000,6000,100.00
20,1187,IPL,EQ,58813,29943,50.91
20,1188,IRB,EQ,7710409,2792041,36.21
20,1189,IRBINVIT,IV,241560,202794,83.95
20,1190,IRCON,EQ,4162084,1268106,30.47
20,1191,IRCTC,EQ,630878,235570,37.34
20,1192,IREDA,EQ,4789911,1995349,41.66
20,1193,IRFC,EQ,11527600,3576034,31.02
20,1194,IRISDOREME,EQ,66779,11025,16.51
20,1195,IRMENERGY,EQ,36168,20597,56.95
20,1196,ISEC,EQ,83912,39066,46.56
20,1197,ISFT,EQ,21889,11114,50.77
20,1198,ISGEC,EQ,37708,17721,47.00
20,1199,ISHAN,SM,336000,192000,57.14
20,1200,IT,EQ,529974,519292,97.98
20,1201,ITALIANE,SM,4000,4000,100.00
20,1202,ITBEES,EQ,3522390,2623371,74.48
20,1203,ITC,EQ,17469129,10073598,57.67
20,1204,ITDC,EQ,26410,9165,34.70
20,1205,ITDCEM,EQ,287199,183584,63.92
20,1206,ITETF,EQ,427312,349831,81.87
20,1207,ITETFADD,EQ,8195,7983,97.41
20,1208,ITIETF,EQ,1030807,574577,55.74
20,1209,IVC,EQ,129096,77883,60.33
20,1210,IVP,EQ,6976,5549,79.54
20,1211,IVZINGOLD,EQ,542,222,40.96
20,1212,IVZINNIFTY,EQ,96,91,94.79
20,1213,IWEL,EQ,4441,2507,56.45
20,1214,IXIGO,EQ,882714,198969,22.54
20,1215,JAGRAN,EQ,116533,79580,68.29
20,1216,JAGSNPHARM,EQ,708256,207713,29.33
20,1217,JAIBALAJI,EQ,871554,428647,49.18
20,1218,JAICORPLTD,EQ,412480,195440,47.38
20,1219,JAINAM,ST,1000,1000,100.00
20,1220,JAIPURKURT,EQ,135472,68086,50.26
20,1221,JALAN,ST,3000,3000,100.00
20,1222,JAMNAAUTO,EQ,1129368,662230,58.64
20,1223,JASH,EQ,60642,25313,41.74
20,1224,JAYAGROGN,EQ,7929,4993,62.97
20,1225,JAYBARMARU,EQ,29654,17055,57.51
20,1226,JAYBEE,ST,26000,24000,92.31
20,1227,JAYNECOIND,EQ,74172,41199,55.55
20,1228,JAYSREETEA,EQ,46992,28498,60.64
20,1229,JBCHEPHARM,EQ,142923,59999,41.98
20,1230,JBMA,EQ,161865,67178,41.50
20,1231,JCHAC,EQ,9534,4835,50.71
20,1232,JEYYAM,SM,58000,32000,55.17
20,1233,JFLLIFE,ST,18000,18000,100.00
20,1234,JGCHEM,EQ,200800,91252,45.44
20,1235,JHS,EQ,144451,92954,64.35
20,1236,JINDALPHOT,EQ,2965,1433,48.33
20,1237,JINDALPOLY,EQ,17863,8769,49.09
20,1238,JINDALSAW,EQ,1651673,678946,41.11
20,1239,JINDALSTEL,EQ,1073064,336724,31.38
20,1240,JINDRILL,EQ,362572,186789,51.52
20,1241,JINDWORLD,EQ,161400,70611,43.75
20,1242,JIOFIN,EQ,16298230,6302541,38.67
20,1243,JISLDVREQS,EQ,12892,6907,53.58
20,1244,JISLJALEQS,EQ,1672463,612431,36.62
20,1245,JITFINFRA,EQ,38384,18559,48.35
20,1246,JIWANRAM,ST,66000,60000,90.91
20,1247,J&KBANK,EQ,4084237,1221762,29.91
20,1248,JKCEMENT,EQ,79390,29581,37.26
20,1249,JKIL,EQ,281239,132960,47.28
20,1250,JKLAKSHMI,EQ,419491,166735,39.75
20,1251,JKPAPER,EQ,949497,536944,56.55
20,1252,JKTYRE,EQ,604042,215491,35.67
20,1253,JLHL,EQ,37695,16889,44.80
20,1254,JMA,EQ,2208,1703,77.13
20,1255,JMFINANCIL,EQ,2231922,704326,31.56
20,1256,JNKINDIA,EQ,26702,16315,61.10
20,1257,JOCIL,EQ,6660,4020,60.36
20,1258,JPOLYINVST,EQ,2238,1110,49.60
20,1259,JPPOWER,EQ,23215157,8227648,35.44
20,1260,JSFB,EQ,335516,108354,32.29
20,1261,JSL,EQ,396119,165946,41.89
20,1262,JSLL,SM,11610,8640,74.42
20,1263,JSWENERGY,EQ,3540027,1496526,42.27
20,1264,JSWINFRA,EQ,855481,443475,51.84
20,1265,JSWSTEEL,EQ,3060140,1673517,54.69
20,1266,JTEKTINDIA,EQ,51454,23942,46.53
20,1267,JTLIND,EQ,550859,195544,35.50
20,1268,JUBLFOOD,EQ,1097015,276881,25.24
20,1269,JUBLINGREA,EQ,457345,268792,58.77
20,1270,JUBLPHARMA,EQ,280650,63807,22.74
20,1271,JUNIORBEES,EQ,270504,114818,42.45
20,1272,JUNIPER,EQ,223799,135228,60.42
20,1273,JUSTDIAL,EQ,1948937,169655,8.71
20,1274,JWL,EQ,1877609,615920,32.80
20,1275,JYOTHYLAB,EQ,725550,316559,43.63
20,1276,JYOTICNC,EQ,496908,150014,30.19
20,1277,JYOTISTRUC,EQ,17465221,7178991,41.10
20,1278,K2INFRA,ST,4200,4200,100.00
20,1279,KABRAEXTRU,EQ,57036,21355,37.44
20,1280,KAJARIACER,EQ,158839,58377,36.75
20,1281,KAKATCEM,EQ,3974,3288,82.74
20,1282,KALAMANDIR,EQ,401417,179611,44.74
20,1283,KALANA,SM,16000,10000,62.50
20,1284,KALYANKJIL,EQ,23885400,2656532,11.12
20,1285,KAMATHOTEL,EQ,274502,150047,54.66
20,1286,KAMDHENU,EQ,707656,345289,48.79
20,1287,KANANIIND,EQ,123294,95149,77.17
20,1288,KANDARP,ST,8000,8000,100.00
20,1289,KANORICHEM,EQ,12557,7394,58.88
20,1290,KANPRPLA,EQ,302641,133612,44.15
20,1291,KANSAINER,EQ,2685870,485985,18.09
20,1292,KAPSTON,EQ,996,618,62.05
20,1293,KARMAENG,EQ,9816,6611,67.35
20,1294,KARNIKA,ST,2400,2400,100.00
20,1295,KARURVYSYA,EQ,2971768,2210138,74.37
20,1296,KATARIA,ST,10800,7800,72.22
20,1297,KAUSHALYA,EQ,1650,646,39.15
20,1298,KAYA,EQ,6678,4172,62.47
20,1299,KAYNES,EQ,778331,284148,36.51
20,1300,KCEIL,ST,10000,9500,95.00
20,1301,KCK,ST,17500,15000,85.71
20,1302,KCP,EQ,438081,221887,50.65
20,1303,KCPSUGIND,EQ,68445,45815,66.94
20,1304,KDDL,EQ,17931,14274,79.61
20,1305,KDL,ST,900,900,100.00
20,1306,KEC,EQ,1084153,388869,35.87
20,1307,KECL,EQ,66166,35107,53.06
20,1308,KEI,EQ,172402,85727,49.73
20,1309,KELLTONTEC,EQ,785556,261479,33.29
20,1310,KESORAMIND,EQ,149255,79529,53.28
20,1311,KEYFINSERV,EQ,259094,45352,17.50
20,1312,KFINTECH,EQ,1482407,544457,36.73
20,1313,KHADIM,EQ,14304,9244,64.63
20,1314,KHAICHEM,EQ,100431,48139,47.93
20,1315,KHAITANLTD,EQ,58030,23039,39.70
20,1316,KHANDSE,EQ,6015,1875,31.17
20,1317,KHFM,SM,10850,10850,100.00
20,1318,KICL,EQ,3481,1381,39.67
20,1319,KILITCH,EQ,4544,1456,32.04
20,1320,KIMS,EQ,430171,251045,58.36
20,1321,KINGFA,EQ,1553,698,44.95
20,1322,KIOCL,EQ,35188,18396,52.28
20,1323,KIRIINDUS,EQ,1670060,543475,32.54
20,1324,KIRLOSBROS,EQ,125192,29139,23.28
20,1325,KIRLOSENG,EQ,132453,80093,60.47
20,1326,KIRLOSIND,EQ,6634,2818,42.48
20,1327,KIRLPNU,EQ,99211,57269,57.72
20,1328,KKCL,EQ,20253,9292,45.88
20,1329,KKJEWELS,SM,215000,101000,46.98
20,1330,KLL,SM,106400,70400,66.17
20,1331,KMEW,EQ,3294,1864,56.59
20,1332,KMSUGAR,EQ,812257,460117,56.65
20,1333,KNAGRI,SM,3200,2800,87.50
20,1334,KNRCON,EQ,6375424,747253,11.72
20,1335,KODYTECH,SM,3600,2900,80.56
20,1336,KOHINOOR,EQ,87156,28476,32.67
20,1337,KOKUYOCMLN,EQ,90178,73616,81.63
20,1338,KOLTEPATIL,EQ,292186,110729,37.90
20,1339,KONSTELEC,ST,16000,15000,93.75
20,1340,KONTOR,SM,4800,4200,87.50
20,1341,KORE,ST,30750,30750,100.00
20,1342,KOTAKBANK,EQ,3193971,2160500,67.64
20,1343,KOTARISUG,EQ,26792,14910,55.65
20,1344,KOTHARIPET,EQ,105827,49667,46.93
20,1345,KOTYARK,ST,16400,16300,99.39
20,1346,KPEL,EQ,356378,200678,56.31
20,1347,KPIGREEN,EQ,1506793,597591,39.66
20,1348,KPIL,EQ,131007,75561,57.68
20,1349,KPITTECH,EQ,489797,211931,43.27
20,1350,KPRMILL,EQ,99993,49291,49.29
20,1351,KRBL,EQ,370561,135428,36.55
20,1352,KRISHANA,EQ,17464,13611,77.94
20,1353,KRISHCA,SM,20000,13000,65.00
20,1354,KRISHNADEF,SM,18750,13500,72.00
20,1355,KRITI,EQ,158559,74557,47.02
20,1356,KRITINUT,EQ,14473,6897,47.65
20,1357,KRN,EQ,5138374,550028,10.70
20,1358,KRONOX,EQ,128914,54183,42.03
20,1359,KROSS,EQ,122153,57291,46.90
20,1360,KRSNAA,EQ,37880,18005,47.53
20,1361,KRYSTAL,EQ,15389,6882,44.72
20,1362,KSB,EQ,33440,17460,52.21
20,1363,KSCL,EQ,231979,104909,45.22
20,1364,KSL,EQ,51702,22012,42.57
20,1365,KSOLVES,EQ,35764,18408,51.47
20,1366,KTKBANK,EQ,1813576,1445739,79.72
20,1367,KTL,ST,27000,27000,100.00
20,1368,KUANTUM,EQ,26209,12696,48.44
20,1369,LAGNAM,EQ,31631,12549,39.67
20,1370,LAKSHYA,SM,11200,8000,71.43
20,1371,LALPATHLAB,EQ,115480,56459,48.89
20,1372,LAMOSAIC,ST,33600,33600,100.00
20,1373,LANCORHOL,EQ,123251,81927,66.47
20,1374,LANDMARK,EQ,27752,15264,55.00
20,1375,LAOPALA,EQ,90304,52617,58.27
20,1376,LASA,EQ,49566,29679,59.88
20,1377,LATENTVIEW,EQ,134639,66515,49.40
20,1378,LAURUSLABS,EQ,2671614,816177,30.55
20,1379,LAWSIKHO,SM,70500,59000,83.69
20,1380,LAXMICOT,EQ,31152,16852,54.10
20,1381,LAXMIDENTL,EQ,404860,77978,19.26
20,1382,LEMERITE,ST,9600,6400,66.67
20,1383,LEMONTREE,EQ,4204917,1720526,40.92
20,1384,LEXUS,EQ,4440,2022,45.54
20,1385,LFIC,EQ,970,593,61.13
20,1386,LGBBROSLTD,EQ,23942,17349,72.46
20,1387,LIBAS,EQ,11992,9600,80.05
20,1388,LIBERTSHOE,EQ,106335,24781,23.30
20,1389,LICHSGFIN,EQ,1069701,434847,40.65
20,1390,LICI,EQ,614796,265540,43.19
20,1391,LICMFGOLD,EQ,4854,2611,53.79
20,1392,LICNETFGSC,EQ,13110,9710,74.07
20,1393,LICNETFN50,EQ,375,373,99.47
20,1394,LICNETFSEN,EQ,147,55,37.41
20,1395,LICNFNHGP,EQ,1184,1179,99.58
20,1396,LICNMID100,EQ,4445,3889,87.49
20,1397,LIKHITHA,EQ,42404,20073,47.34
20,1398,LINC,EQ,19506,12553,64.35
20,1399,LINCOLN,EQ,304395,87374,28.70
20,1400,LINDEINDIA,EQ,18138,7766,42.82
20,1401,LIQUID,EQ,386910,272205,70.35
20,1402,LIQUID1,EQ,257800,212506,82.43
20,1403,LIQUIDADD,EQ,352716,255312,72.38
20,1404,LIQUIDBEES,EQ,2013772,1447811,71.90
20,1405,LIQUIDBETF,EQ,65508,46803,71.45
20,1406,LIQUIDCASE,EQ,9031678,6954232,77.00
20,1407,LIQUIDETF,EQ,163992,130724,79.71
20,1408,LIQUIDIETF,EQ,1553469,1029287,66.26
20,1409,LIQUIDPLUS,EQ,2461,2357,95.77
20,1410,LIQUIDSBI,EQ,4328,4315,99.70
20,1411,LIQUIDSHRI,EQ,5414,5413,99.98
20,1412,LLOYDS,SM,5000,3000,60.00
20,1413,LLOYDSENGG,EQ,1801957,546222,30.31
20,1414,LLOYDSENT,EQ,1404207,609950,43.44
20,1415,LLOYDSME,EQ,434344,215901,49.71
20,1416,LMW,EQ,1631,944,57.88
20,1417,LODHA,EQ,2114481,1121455,53.04
20,1418,LOKESHMACH,EQ,29141,16038,55.04
20,1419,LOTUSEYE,EQ,6863,3116,45.40
20,1420,LOVABLE,EQ,11241,4726,42.04
20,1421,LOWVOL,EQ,661,635,96.07
20,1422,LOWVOL1,EQ,41241,37283,90.40
20,1423,LOWVOLIETF,EQ,3088059,2902332,93.99
20,1424,LRRPL,ST,4500,4500,100.00
20,1425,LT,EQ,2874856,1895899,65.95
20,1426,LTF,EQ,2402830,815438,33.94
20,1427,LTFOODS,EQ,353364,167110,47.29
20,1428,LTGILTBEES,EQ,2292057,2231275,97.35
20,1429,LTIM,EQ,82706,28395,34.33
20,1430,LTTS,EQ,53784,17368,32.29
20,1431,LUMAXIND,EQ,725,398,54.90
20,1432,LUMAXTECH,EQ,28847,17101,59.28
20,1433,LUPIN,EQ,752681,291851,38.77
20,1434,LUXIND,EQ,29260,14456,49.41
20,1435,LXCHEM,EQ,674623,371873,55.12
20,1436,LYKALABS,EQ,60675,32489,53.55
20,1437,LYPSAGEMS,EQ,36308,28785,79.28
20,1438,MACPOWER,EQ,9926,4326,43.58
20,1439,MADHAV,EQ,5356,3796,70.87
20,1440,MADHAVBAUG,SM,800,800,100.00
20,1441,MADHUCON,EQ,65242,56811,87.08
20,1442,MADHUSUDAN,SM,33000,26000,78.79
20,1443,MADRASFERT,EQ,100463,30139,30.00
20,1444,MAFANG,EQ,569238,382131,67.13
20,1445,MAGADSUGAR,EQ,4964,2778,55.96
20,1446,MAGNUM,EQ,16838,10898,64.72
20,1447,MAGSON,SM,24000,22000,91.67
20,1448,MAHABANK,EQ,6162848,2018454,32.75
20,1449,MAHAPEXLTD,EQ,2554,1364,53.41
20,1450,MAHESHWARI,EQ,8800,4904,55.73
20,1451,MAHICKRA,SM,4500,4500,100.00
20,1452,MAHKTECH,EQ,2282080,1555332,68.15
20,1453,MAHLIFE,EQ,142187,56158,39.50
20,1454,MAHLOG,EQ,123652,56712,45.86
20,1455,MAHSCOOTER,EQ,4753,3068,64.55
20,1456,MAHSEAMLES,EQ,848304,181986,21.45
20,1457,MAITHANALL,EQ,14425,7802,54.09
20,1458,MAITREYA,ST,2800,2400,85.71
20,1459,MAKEINDIA,EQ,13193,11995,90.92
20,1460,MAL,SM,24000,20800,86.67
20,1461,MALLCOM,EQ,2776,2175,78.35
20,1462,MALUPAPER,EQ,3325,1606,48.30
20,1463,MAMATA,EQ,1922837,301191,15.66
20,1464,MANAKALUCO,EQ,48213,39312,81.54
20,1465,MANAKSIA,EQ,32659,22571,69.11
20,1466,MANAKSTEEL,EQ,20623,11137,54.00
20,1467,MANALIPETC,EQ,758123,291036,38.39
20,1468,MANAPPURAM,EQ,4122578,1748212,42.41
20,1469,MANBA,EQ,36596,19769,54.02
20,1470,MANCREDIT,EQ,28323,2884,10.18
20,1471,MANDEEP,SM,8000,8000,100.00
20,1472,MANGALAM,EQ,18099,8551,47.25
20,1473,MANGCHEFER,EQ,156977,82453,52.53
20,1474,MANGLMCEM,EQ,43306,29836,68.90
20,1475,MANINDS,EQ,55291,25431,45.99
20,1476,MANINFRA,EQ,498138,261871,52.57
20,1477,MANKIND,EQ,473065,267857,56.62
20,1478,MANOMAY,EQ,7344,5294,72.09
20,1479,MANORAMA,EQ,28456,14969,52.60
20,1480,MANORG,EQ,4573,3632,79.42
20,1481,MANUGRAPH,EQ,12945,10362,80.05
20,1482,MANYAVAR,EQ,106865,37927,35.49
20,1483,MAPMYINDIA,EQ,44802,21435,47.84
20,1484,MARALOVER,EQ,14182,5122,36.12
20,1485,MARATHON,EQ,16355,9570,58.51
20,1486,MARICO,EQ,1253699,661554,52.77
20,1487,MARKSANS,EQ,1343467,426809,31.77
20,1488,MARUTI,EQ,414134,242057,58.45
20,1489,MASFIN,EQ,79578,40756,51.22
20,1490,MASON,ST,4000,4000,100.00
20,1491,MASPTOP50,EQ,134023,122354,91.29
20,1492,MASTEK,EQ,126096,67810,53.78
20,1493,MASTERTR,EQ,17564,11479,65.36
20,1494,MATRIMONY,EQ,35768,30373,84.92
20,1495,MAWANASUG,EQ,92178,55061,59.73
20,1496,MAXESTATES,EQ,24852,10446,42.03
20,1497,MAXHEALTH,EQ,1003312,469857,46.83
20,1498,MAXIND,EQ,19189,11115,57.92
20,1499,MAXPOSURE,SM,8000,8000,100.00
20,1500,MAYURUNIQ,EQ,24756,15329,61.92
20,1501,MAZDOCK,EQ,1627093,278114,17.09
20,1502,MBAPL,EQ,47272,27809,58.83
20,1503,MBLINFRA,EQ,520795,104061,19.98
20,1504,MCON,ST,5000,5000,100.00
20,1505,MCX,EQ,243777,58334,23.93
20,1506,MDL,SM,5000,4000,80.00
20,1507,MEDANTA,EQ,576985,236311,40.96
20,1508,MEDIASSIST,EQ,218116,77682,35.61
20,1509,MEDICAMEQ,EQ,24281,12360,50.90
20,1510,MEDICO,EQ,2779921,1109159,39.90
20,1511,MEDIORG,SM,16000,14000,87.50
20,1512,MEDPLUS,EQ,277238,155812,56.20
20,1513,MEGAFLEX,SM,3000,3000,100.00
20,1514,MEGASTAR,EQ,10268,7885,76.79
20,1515,MEGATHERM,SM,29600,16000,54.05
20,1516,MENONBE,EQ,18637,7838,42.06
20,1517,METAL,EQ,200739,60161,29.97
20,1518,METALIETF,EQ,1314789,944452,71.83
20,1519,METROBRAND,EQ,71139,34016,47.82
20,1520,METROPOLIS,EQ,354675,84438,23.81
20,1521,MFSL,EQ,586441,267891,45.68
20,1522,MGEL,EQ,473731,325173,68.64
20,1523,MGL,EQ,252596,91643,36.28
20,1524,MHHL,ST,12000,10500,87.50
20,1525,MHRIL,EQ,160286,108421,67.64
20,1526,MICEL,EQ,133086,77281,58.07
20,1527,MICROPRO,SM,16000,9600,60.00
20,1528,MID150BEES,EQ,2078469,1694881,81.54
20,1529,MID150CASE,EQ,1337293,978400,73.16
20,1530,MIDCAP,EQ,24017,18870,78.57
20,1531,MIDCAPETF,EQ,778740,555556,71.34
20,1532,MIDCAPIETF,EQ,382840,236268,61.71
20,1533,MIDHANI,EQ,243594,93903,38.55
20,1534,MIDQ50ADD,EQ,3457,3375,97.63
20,1535,MIDSELIETF,EQ,285197,170839,59.90
20,1536,MIDSMALL,EQ,218199,203531,93.28
20,1537,MIEL,ST,34000,32000,94.12
20,1538,MILTON,SM,4400,4400,100.00
20,1539,MINDACORP,EQ,452863,98741,21.80
20,1540,MINDSPACE,RR,76478,73084,95.56
20,1541,MINDTECK,EQ,210179,69734,33.18
20,1542,MIRCELECTR,EQ,656503,344522,52.48
20,1543,MIRZAINT,EQ,425095,218382,51.37
20,1544,MITCON,EQ,3718,1785,48.01
20,1545,MITCONPP,E1,3575,601,16.81
20,1546,MITTAL,EQ,6174881,4692867,76.00
20,1547,MKPL,EQ,205104,147957,72.14
20,1548,M&M,EQ,2341341,1161297,49.60
20,1549,M&MFIN,EQ,1038981,415679,40.01
20,1550,MMFL,EQ,54834,40774,74.36
20,1551,MMP,EQ,5491,4024,73.28
20,1552,MMTC,EQ,624012,221918,35.56
20,1553,MNC,EQ,25000,19408,77.63
20,1554,MOBIKWIK,EQ,2954516,313311,10.60
20,1555,MODEFENCE,EQ,556349,353163,63.48
20,1556,MODIRUBBER,EQ,215,176,81.86
20,1557,MODISONLTD,EQ,15516,8298,53.48
20,1558,MOGSEC,EQ,2533,1373,54.20
20,1559,MOHEALTH,EQ,33765,20066,59.43
20,1560,MOIL,EQ,1023730,412798,40.32
20,1561,MOKSH,EQ,391203,96248,24.60
20,1562,MOL,EQ,319242,122339,38.32
20,1563,MOLDTECH,EQ,44130,30065,68.13
20,1564,MOLDTKPAC,EQ,17969,10467,58.25
20,1565,MOLOWVOL,EQ,260936,257351,98.63
20,1566,MOM100,EQ,370107,246221,66.53
20,1567,MOM30IETF,EQ,1035115,658413,63.61
20,1568,MOM50,EQ,2654,1781,67.11
20,1569,MOMENTUM,EQ,79063,49371,62.45
20,1570,MOMENTUM50,EQ,260296,177115,68.04
20,1571,MOMOMENTUM,EQ,126038,106237,84.29
20,1572,MON100,EQ,724441,457274,63.12
20,1573,MONARCH,EQ,113275,32674,28.84
20,1574,MONIFTY500,EQ,412976,373401,90.42
20,1575,MONOPHARMA,SM,2000,2000,100.00
20,1576,MONQ50,EQ,42048,32226,76.64
20,1577,MONTECARLO,EQ,5903,2694,45.64
20,1578,MOQUALITY,EQ,795,751,94.47
20,1579,MOREALTY,EQ,207193,143848,69.43
20,1580,MOREPENLAB,EQ,6354355,1812440,28.52
20,1581,MOS,ST,116400,115200,98.97
20,1582,MOSCHIP,EQ,344149,177100,51.46
20,1583,MOSMALL250,EQ,395568,256598,64.87
20,1584,MOTHERSON,EQ,4128063,1659771,40.21
20,1585,MOTILALOFS,EQ,8174010,1276571,15.62
20,1586,MOTISONS,EQ,3023331,1652521,54.66
20,1587,MOTOGENFIN,EQ,19457,14015,72.03
20,1588,MOVALUE,EQ,120134,101143,84.19
20,1589,MPHASIS,EQ,389617,225718,57.93
20,1590,MPSLTD,EQ,46580,26160,56.16
20,1591,MRF,EQ,24120,5306,22.00
20,1592,MRO-TEK,EQ,125040,35356,28.28
20,1593,MRPL,EQ,961709,328629,34.17
20,1594,MSPL,EQ,227968,138797,60.88
20,1595,MSTCLTD,EQ,79736,32935,41.31
20,1596,MSUMI,EQ,5241851,4369490,83.36
20,1597,MTARTECH,EQ,82739,21096,25.50
20,1598,MTNL,EQ,16666950,4279995,25.68
20,1599,MUFIN,EQ,162982,95129,58.37
20,1600,MUFTI,EQ,112553,78018,69.32
20,1601,MUKANDLTD,EQ,53728,34213,63.68
20,1602,MUKKA,EQ,236466,92534,39.13
20,1603,MUKTAARTS,EQ,35393,20938,59.16
20,1604,MULTICAP,EQ,3283002,1036409,31.57
20,1605,MUNJALAU,EQ,39776,15353,38.60
20,1606,MUNJALSHOW,EQ,54622,20755,38.00
20,1607,MURUDCERA,EQ,85893,47454,55.25
20,1608,MUTHOOTCAP,EQ,37239,23853,64.05
20,1609,MUTHOOTFIN,EQ,331713,221172,66.68
20,1610,MUTHOOTMF,EQ,123121,75320,61.18
20,1611,MVGJL,EQ,491188,212530,43.27
20,1612,MVKAGRO,SM,18000,15600,86.67
20,1613,MWL,SM,24000,24000,100.00
20,1614,MYMUDRA,ST,16800,14400,85.71
20,1615,NACLIND,EQ,542521,227944,42.02
20,1616,NAGAFERT,EQ,453876,235898,51.97
20,1617,NAGREEKEXP,EQ,15409,8971,58.22
20,1618,NAHARCAP,EQ,5526,3413,61.76
20,1619,NAHARINDUS,EQ,10864,5602,51.56
20,1620,NAHARPOLY,EQ,26462,21245,80.28
20,1621,NAHARSPING,EQ,29659,15843,53.42
20,1622,NAMAN,ST,8800,8000,90.91
20,1623,NAM-INDIA,EQ,1403355,639226,45.55
20,1624,NAMOEWASTE,ST,11200,11200,100.00
20,1625,NATCOPHARM,EQ,772176,287749,37.26
20,1626,NATHBIOGEN,EQ,18488,11937,64.57
20,1627,NATIONALUM,EQ,5466135,1863084,34.08
20,1628,NAUKRI,EQ,580894,179745,30.94
20,1629,NAVA,EQ,297529,147991,49.74
20,1630,NAVINFLUOR,EQ,127885,66119,51.70
20,1631,NAVKARCORP,EQ,505942,241396,47.71
20,1632,NAVNETEDUL,EQ,464687,241084,51.88
20,1633,NAZARA,EQ,120565,45368,37.63
20,1634,NBCC,EQ,7507068,2142966,28.55
20,1635,NCC,EQ,4078652,1319330,32.35
20,1636,NCLIND,EQ,117591,72725,61.85
20,1637,NDL,EQ,13893845,6361426,45.79
20,1638,NDLVENTURE,EQ,13180,8735,66.27
20,1639,NDRAUTO,EQ,20636,8859,42.93
20,1640,NDTV,EQ,32024,13663,42.66
20,1641,NECCLTD,EQ,181057,111494,61.58
20,1642,NEELAM,ST,24000,24000,100.00
20,1643,NELCAST,EQ,42013,29408,70.00
20,1644,NELCO,EQ,29200,12860,44.04
20,1645,NEOGEN,EQ,65431,49359,75.44
20,1646,NEPHROCARE,SM,15600,10000,64.10
20,1647,NESCO,EQ,50847,24575,48.33
20,1648,NESTLEIND,EQ,986957,589111,59.69
20,1649,NETF,EQ,1086,692,63.72
20,1650,NETWEB,EQ,557670,151250,27.12
20,1651,NETWORK18,EQ,2713452,1427494,52.61
20,1652,NEULANDLAB,EQ,20554,8876,43.18
20,1653,NEWGEN,EQ,466207,213877,45.88
20,1654,NEWJAISA,SM,12000,7500,62.50
20,1655,NEXT30ADD,EQ,67973,56072,82.49
20,1656,NEXT50,EQ,5231,4223,80.73
20,1657,NEXT50IETF,EQ,427520,203738,47.66
20,1658,NFL,EQ,1109701,276526,24.92
20,1659,NGIL,EQ,79055,2998,3.79
20,1660,NGILPP1,E1,1364,1364,100.00
20,1661,NGLFINE,EQ,35198,21102,59.95
20,1662,NH,EQ,409065,132027,32.28
20,1663,NHIT,IV,300000,300000,100.00
20,1664,NHPC,EQ,15123982,6486204,42.89
20,1665,NIACL,EQ,502457,122999,24.48
20,1666,NIDAN,SM,9000,7000,77.78
20,1667,NIF100BEES,EQ,17424,8255,47.38
20,1668,NIF100IETF,EQ,72905,49324,67.66
20,1669,NIF10GETF,EQ,6127,4116,67.18
20,1670,NIFITETF,EQ,97,66,68.04
20,1671,NIFMID150,EQ,1452,1241,85.47
20,1672,NIFTY1,EQ,23509,10317,43.89
20,1673,NIFTY50ADD,EQ,5322,3933,73.90
20,1674,NIFTYBEES,EQ,3291441,1866753,56.72
20,1675,NIFTYBETF,EQ,884,743,84.05
20,1676,NIFTYETF,EQ,303828,295003,97.10
20,1677,NIFTYIETF,EQ,170225,103842,61.00
20,1678,NIFTYQLITY,EQ,26796,20655,77.08
20,1679,NIITLTD,EQ,479963,138330,28.82
20,1680,NIITMTS,EQ,123125,74491,60.50
20,1681,NILAINFRA,EQ,436651,213096,48.80
20,1682,NILKAMAL,EQ,5515,2413,43.75
20,1683,NINSYS,EQ,10416,4546,43.64
20,1684,NIPPOBATRY,EQ,1593,805,50.53
20,1685,NIRAJ,EQ,14015,6510,46.45
20,1686,NIRMAN,SM,68400,40200,58.77
20,1687,NITINSPIN,EQ,68184,39710,58.24
20,1688,NITIRAJ,EQ,2093,1251,59.77
20,1689,NIVABUPA,EQ,763786,277043,36.27
20,1690,NLCINDIA,EQ,1523351,403738,26.50
20,1691,NMDC,EQ,28483272,7346089,25.79
20,1692,NMSTEEL,ST,12800,9600,75.00
20,1693,NOCIL,EQ,112822,55749,49.41
20,1694,NORTHARC,EQ,131352,76074,57.92
20,1695,NOVAAGRI,EQ,143660,52372,36.46
20,1696,NPBET,EQ,685,583,85.11
20,1697,NPST,SM,10800,7600,70.37
20,1698,NRAIL,EQ,834,509,61.03
20,1699,NRBBEARING,EQ,65369,33547,51.32
20,1700,NRL,EQ,32763,25081,76.55
20,1701,NSIL,EQ,4794,2697,56.26
20,1702,NSLNISP,EQ,4076060,938656,23.03
20,1703,NTPC,EQ,13384442,8132406,60.76
20,1704,NTPCGREEN,EQ,7729873,3068805,39.70
20,1705,NUCLEUS,EQ,26998,10831,40.12
20,1706,NUVAMA,EQ,113102,52232,46.18
20,1707,NUVOCO,EQ,391280,272575,69.66
20,1708,NV20,EQ,11911,5925,49.74
20,1709,NV20BEES,EQ,9752,7270,74.55
20,1710,NV20IETF,EQ,329462,189152,57.41
20,1711,NXST,RR,452516,426910,94.34
20,1712,NYKAA,EQ,3490938,1580488,45.27
20,1713,OAL,EQ,15803,9776,61.86
20,1714,OBCL,EQ,11734,7826,66.70
20,1715,OBEROIRLTY,EQ,294141,123342,41.93
20,1716,OBSCP,ST,165600,154800,93.48
20,1717,OCCL,EQ,24968,8379,33.56
20,1718,OCCLLTD,EQ,131038,80518,61.45
20,1719,OFSS,EQ,102307,49856,48.73
20,1720,OIL,EQ,2345991,883690,37.67
20,1721,OILCOUNTUB,EQ,40836,40836,100.00
20,1722,OILIETF,EQ,640190,356523,55.69
20,1723,OLAELEC,EQ,22284387,7599069,34.10
20,1724,OLECTRA,EQ,332601,95568,28.73
20,1725,OLIL,SM,80400,50400,62.69
20,1726,OMAXAUTO,EQ,6424,2451,38.15
20,1727,OMAXE,EQ,155844,68084,43.69
20,1728,OMFURN,ST,12000,9600,80.00
20,1729,OMINFRAL,EQ,68645,37161,54.14
20,1730,ONDOOR,ST,900,900,100.00
20,1731,ONELIFECAP,EQ,4116,3145,76.41
20,1732,ONEPOINT,EQ,529282,337312,63.73
20,1733,ONESOURCE,EQ,736532,551968,74.94
20,1734,ONGC,EQ,12327998,6192797,50.23
20,1735,ONMOBILE,EQ,694748,341338,49.13
20,1736,ONWARDTEC,EQ,649237,139311,21.46
20,1737,ONYX,ST,8000,6000,75.00
20,1738,OPTIEMUS,EQ,188301,111506,59.22
20,1739,ORCHPHARMA,EQ,57960,23784,41.04
20,1740,ORIANA,SM,62550,36825,58.87
20,1741,ORICONENT,EQ,190308,66573,34.98
20,1742,ORIENTALTL,EQ,700878,77322,11.03
20,1743,ORIENTBELL,EQ,9758,5174,53.02
20,1744,ORIENTCEM,EQ,246480,161487,65.52
20,1745,ORIENTCER,EQ,29817,15320,51.38
20,1746,ORIENTELEC,EQ,713016,649935,91.15
20,1747,ORIENTHOT,EQ,99017,49609,50.10
20,1748,ORIENTPPR,EQ,235152,124484,52.94
20,1749,ORIENTTECH,EQ,273067,122484,44.85
20,1750,ORISSAMINE,EQ,6503,2845,43.75
20,1751,ORTINGLOBE,EQ,3077,2407,78.23
20,1752,OSELDEVICE,ST,28000,28000,100.00
20,1753,OSWALAGRO,EQ,281479,134906,47.93
20,1754,OSWALGREEN,EQ,264891,79427,29.98
20,1755,OWAIS,SM,40500,31600,78.02
20,1756,PAGEIND,EQ,120947,55412,45.82
20,1757,PAISALO,EQ,739816,328883,44.45
20,1758,PAKKA,EQ,89467,63071,70.50
20,1759,PALASHSECU,EQ,8090,5745,71.01
20,1760,PANACEABIO,EQ,727095,241483,33.21
20,1761,PANAMAPET,EQ,19137,11405,59.60
20,1762,PANSARI,EQ,4307,3355,77.90
20,1763,PARACABLES,EQ,749056,353645,47.21
20,1764,PARADEEP,EQ,2375701,962377,40.51
20,1765,PARAGMILK,EQ,336492,143316,42.59
20,1766,PARAGON,ST,12000,12000,100.00
20,1767,PARAMATRIX,SM,2400,2400,100.00
20,1768,PARAMOUNT,SM,19200,15600,81.25
20,1769,PARAS,EQ,105860,43871,41.44
20,1770,PARASPETRO,EQ,284991,130457,45.78
20,1771,PARKHOTELS,EQ,669148,392615,58.67
20,1772,PASHUPATI,ST,600,600,100.00
20,1773,PASUPTAC,EQ,26545,17402,65.56
20,1774,PATANJALI,EQ,1646717,800918,48.64
20,1775,PATELENG,EQ,1673066,784962,46.92
20,1776,PATINTLOG,EQ,238016,117268,49.27
20,1777,PAVNAIND,EQ,83160,25157,30.25
20,1778,PAYTM,EQ,3081750,824643,26.76
20,1779,PCBL,EQ,1614045,484218,30.00
20,1780,PCCL,SM,6000,5200,86.67
20,1781,PCJEWELLER,EQ,25562542,13902788,54.39
20,1782,PDMJEPAPER,EQ,127396,71859,56.41
20,1783,PDSL,EQ,75090,54327,72.35
20,1784,PEARLPOLY,EQ,6575,3561,54.16
20,1785,PEL,EQ,568521,138810,24.42
20,1786,PELATRO,ST,600,600,100.00
20,1787,PENIND,EQ,444662,211166,47.49
20,1788,PENINLAND,EQ,310207,134623,43.40
20,1789,PENTAGON,SM,17000,12000,70.59
20,1790,PERFECT,ST,39000,39000,100.00
20,1791,PERSISTENT,EQ,270778,136432,50.39
20,1792,PETRONET,EQ,1554673,869433,55.92
20,1793,PFC,EQ,9100754,4219031,46.36
20,1794,PFIZER,EQ,26813,13670,50.98
20,1795,PFOCUS,EQ,76398,33319,43.61
20,1796,PFS,EQ,412908,196506,47.59
20,1797,PGEL,EQ,1271245,457484,35.99
20,1798,PGHH,EQ,1211,528,43.60
20,1799,PGHL,EQ,9198,5621,61.11
20,1800,PGIL,EQ,97460,41653,42.74
20,1801,PGINVIT,IV,839414,796526,94.89
20,1802,PHANTOMFX,ST,7800,7500,96.15
20,1803,PHARMABEES,EQ,2254547,993971,44.09
20,1804,PHOENIXLTD,EQ,693704,300768,43.36
20,1805,PHOGLOBAL,ST,2000,2000,100.00
20,1806,PIDILITIND,EQ,183892,113877,61.93
20,1807,PIIND,EQ,415667,251569,60.52
20,1808,PILANIINVS,EQ,1697,917,54.04
20,1809,PILITA,EQ,105459,66914,63.45
20,1810,PITTIENG,EQ,44013,25967,59.00
20,1811,PIXTRANS,EQ,17637,7223,40.95
20,1812,PLASTIBLEN,EQ,6355,5326,83.81
20,1813,PLATIND,EQ,114264,54710,47.88
20,1814,PLAZACABLE,EQ,14616,10805,73.93
20,1815,PNB,EQ,22650204,10183520,44.96
20,1816,PNBGILTS,EQ,201502,86790,43.07
20,1817,PNBHOUSING,EQ,614108,301062,49.02
20,1818,PNC,EQ,6636,4355,65.63
20,1819,PNCINFRA,EQ,360091,125688,34.90
20,1820,PNGJL,EQ,179561,67781,37.75
20,1821,POCL,EQ,162829,73287,45.01
20,1822,PODDARMENT,EQ,1277,939,73.53
20,1823,POKARNA,EQ,92346,50471,54.65
20,1824,POLICYBZR,EQ,722329,302747,41.91
20,1825,POLYCAB,EQ,191057,61581,32.23
20,1826,POLYMED,EQ,154243,76930,49.88
20,1827,POLYPLEX,EQ,66923,40295,60.21
20,1828,PONNIERODE,EQ,9429,6544,69.40
20,1829,POONAWALLA,EQ,1813885,852957,47.02
20,1830,POSITRON,SM,5400,4500,83.33
20,1831,POWERGRID,EQ,21418561,12762030,59.58
20,1832,POWERINDIA,EQ,153233,34699,22.64
20,1833,POWERMECH,EQ,63831,33807,52.96
20,1834,PPAP,EQ,6344,3362,52.99
20,1835,PPL,EQ,52236,24688,47.26
20,1836,PPLPHARMA,EQ,1860413,704933,37.89
20,1837,PPSL,SM,42000,36000,85.71
20,1838,PRAENG,EQ,102693,50246,48.93
20,1839,PRAJIND,EQ,1098400,511448,46.56
20,1840,PRAKASH,EQ,333465,190403,57.10
20,1841,PRAKASHSTL,EQ,118414,69448,58.65
20,1842,PRAMARA,SM,9000,9000,100.00
20,1843,PRANIK,SM,14400,12800,88.89
20,1844,PRATHAM,ST,15600,14800,94.87
20,1845,PRECAM,EQ,198917,126105,63.40
20,1846,PRECISION,ST,6000,6000,100.00
20,1847,PRECWIRE,EQ,107934,59045,54.70
20,1848,PREMEXPLN,EQ,64458,23298,36.14
20,1849,PREMIERENE,EQ,1089124,264663,24.30
20,1850,PRESSTONIC,ST,4800,4800,100.00
20,1851,PRESTIGE,EQ,621465,373941,60.17
20,1852,PRICOLLTD,EQ,114411,64215,56.13
20,1853,PRIMESECU,EQ,45249,30408,67.20
20,1854,PRINCEPIPE,EQ,199898,60443,30.24
20,1855,PRITI,EQ,11282,8176,72.47
20,1856,PRITIKA,ST,1000,1000,100.00
20,1857,PRITIKAUTO,EQ,123472,80303,65.04
20,1858,PRIVISCL,EQ,13553,10211,75.34
20,1859,PRIZOR,ST,8000,8000,100.00
20,1860,PRLIND,SM,8000,4000,50.00
20,1861,PROLIFE,SM,2500,2000,80.00
20,1862,PROPEQUITY,SM,2400,2400,100.00
20,1863,PROTEAN,EQ,235483,132194,56.14
20,1864,PRSMJOHNSN,EQ,1986445,253390,12.76
20,1865,PRUDENT,EQ,112295,50207,44.71
20,1866,PSB,EQ,308121,125811,40.83
20,1867,PSFL,SM,30000,28000,93.33
20,1868,PSPPROJECT,EQ,23958,14024,58.54
20,1869,PSUBANK,EQ,6040,3090,51.16
20,1870,PSUBANKADD,EQ,3903,3371,86.37
20,1871,PSUBNKBEES,EQ,2739036,1964534,71.72
20,1872,PSUBNKIETF,EQ,108607,37042,34.11
20,1873,PTC,EQ,1158542,725371,62.61
20,1874,PTCIL,EQ,4258,1638,38.47
20,1875,PTL,EQ,99586,28654,28.77
20,1876,PULZ,ST,36000,36000,100.00
20,1877,PUNJABCHEM,EQ,8033,5392,67.12
20,1878,PURPLEUTED,SM,50000,37000,74.00
20,1879,PURVA,EQ,34365,17699,51.50
20,1880,PURVFLEXI,SM,31200,25600,82.05
20,1881,PVP,EQ,163926,87333,53.28
20,1882,PVRINOX,EQ,1465907,175193,11.95
20,1883,PVSL,EQ,18750,11085,59.12
20,1884,PVTBANIETF,EQ,1061269,505245,47.61
20,1885,PVTBANKADD,EQ,18996,16982,89.40
20,1886,PYRAMID,EQ,20883,10268,49.17
20,1887,QGOLDHALF,EQ,51584,38471,74.58
20,1888,QMSMEDI,SM,2000,2000,100.00
20,1889,QNIFTY,EQ,256,235,91.80
20,1890,QUADFUTURE,EQ,17771938,653288,3.68
20,1891,QUADPRO,SM,60000,36000,60.00
20,1892,QUAL30IETF,EQ,1915123,1608409,83.98
20,1893,QUESS,EQ,272860,120506,44.16
20,1894,QUESTLAB,ST,144000,144000,100.00
20,1895,QUICKHEAL,EQ,83339,17989,21.59
20,1896,QUICKTOUCH,ST,6500,5500,84.62
20,1897,QVCEL,ST,1600,1600,100.00
20,1898,RACE,EQ,187116,128000,68.41
20,1899,RACLGEAR,EQ,7472,6261,83.79
20,1900,RADHIKAJWE,EQ,314946,209945,66.66
20,1901,RADIANTCMS,EQ,49842,28208,56.59
20,1902,RADICO,EQ,140467,75824,53.98
20,1903,RADIOCITY,EQ,190158,148520,78.10
20,1904,RADIOCITY,P1,8,8,100.00
20,1905,RADIOWALLA,SM,1600,1600,100.00
20,1906,RAILTEL,EQ,956711,214750,22.45
20,1907,RAIN,EQ,744220,384406,51.65
20,1908,RAINBOW,EQ,91615,62752,68.50
20,1909,RAJESHEXPO,EQ,5109057,811180,15.88
20,1910,RAJINDLTD,SM,216000,157500,72.92
20,1911,RAJMET,EQ,283968,183857,64.75
20,1912,RAJPUTANA,SM,6000,4000,66.67
20,1913,RAJRATAN,EQ,20671,11924,57.68
20,1914,RAJSREESUG,EQ,24843,15017,60.45
20,1915,RALLIS,EQ,412416,188583,45.73
20,1916,RAMANEWS,EQ,263486,208538,79.15
20,1917,RAMAPHO,EQ,39296,25094,63.86
20,1918,RAMASTEEL,EQ,7146111,2465093,34.50
20,1919,RAMCOCEM,EQ,784780,300323,38.27
20,1920,RAMCOIND,EQ,84886,55056,64.86
20,1921,RAMCOSYS,EQ,46789,20903,44.68
20,1922,RAMKY,EQ,31219,25541,81.81
20,1923,RAMRAT,EQ,52635,38242,72.66
20,1924,RANASUG,EQ,127499,63497,49.80
20,1925,RANEENGINE,EQ,2777,1641,59.09
20,1926,RANEHOLDIN,EQ,14002,5290,37.78
20,1927,RAPPID,ST,25200,21600,85.71
20,1928,RATEGAIN,EQ,126205,68668,54.41
20,1929,RATNAMANI,EQ,19508,9861,50.55
20,1930,RATNAVEER,EQ,77878,40934,52.56
20,1931,RAYMOND,EQ,184748,47752,25.85
20,1932,RAYMONDLSL,EQ,159586,76158,47.72
20,1933,RBA,EQ,513707,285466,55.57
20,1934,RBL,EQ,3415,1486,43.51
20,1935,RBLBANK,EQ,3853568,1060263,27.51
20,1936,RBMINFRA,SM,146000,89400,61.23
20,1937,RBS,ST,8000,4800,60.00
20,1938,RBZJEWEL,EQ,384195,174863,45.51
20,1939,RCDL,SM,3000,3000,100.00
20,1940,RCF,EQ,1112332,237384,21.34
20,1941,RECLTD,EQ,10865131,3873778,35.65
20,1942,REDINGTON,EQ,25182216,3781972,15.02
20,1943,REDTAPE,EQ,357368,138947,38.88
20,1944,REFRACTORY,ST,5000,5000,100.00
20,1945,RELAXO,EQ,67322,33746,50.13
20,1946,RELCHEMQ,EQ,7058,3346,47.41
20,1947,RELIABLE,EQ,6709,4686,69.85
20,1948,RELIANCE,EQ,9956001,4937305,49.59
20,1949,RELIGARE,EQ,2806690,1645164,58.62
20,1950,RELINFRA,EQ,9236767,4087769,44.26
20,1951,RELTD,EQ,115494,56055,48.53
20,1952,REMSONSIND,EQ,43298,28215,65.16
20,1953,REMUS,SM,2250,1550,68.89
20,1954,RENUKA,EQ,3110389,1128776,36.29
20,1955,REPCOHOME,EQ,210249,117667,55.97
20,1956,REPRO,EQ,34298,18485,53.90
20,1957,RESPONIND,EQ,164317,24436,14.87
20,1958,RETAIL,EQ,1461,310,21.22
20,1959,REXPRO,ST,149000,144000,96.64
20,1960,RGL,EQ,125695,57013,45.36
20,1961,RHIM,EQ,40671,20482,50.36
20,1962,RICHA,SM,2000,2000,100.00
20,1963,RICOAUTO,EQ,135604,72239,53.27
20,1964,RIIL,EQ,92867,23981,25.82
20,1965,RILINFRA,SM,7200,6500,90.28
20,1966,RISHABH,EQ,16925,9650,57.02
20,1967,RITCO,EQ,22799,12365,54.23
20,1968,RITES,EQ,724354,281033,38.80
20,1969,RITEZONE,SM,4800,4800,100.00
20,1970,RKDL,EQ,7771,4190,53.92
20,1971,RKEC,EQ,26275,10903,41.50
20,1972,RKFORGE,EQ,155858,52839,33.90
20,1973,RKSWAMY,EQ,38324,18598,48.53
20,1974,RMDRIP,ST,2500,2500,100.00
20,1975,RML,EQ,7947,5009,63.03
20,1976,RNFI,ST,16800,16800,100.00
20,1977,ROCKINGDCE,SM,7000,4250,60.71
20,1978,ROHLTD,EQ,30005,15006,50.01
20,1979,ROLEXRINGS,EQ,14200,5705,40.18
20,1980,ROML,EQ,3453,2300,66.61
20,1981,ROSSARI,EQ,215720,195777,90.76
20,1982,ROSSTECH,EQ,31877,18520,58.10
20,1983,ROTO,EQ,22841,10678,46.75
20,1984,ROUTE,EQ,256051,51607,20.15
20,1985,ROXHITECH,ST,20800,17600,84.62
20,1986,RPEL,EQ,62133,31401,50.54
20,1987,RPGLIFE,EQ,15400,5579,36.23
20,1988,RPOWER,EQ,72713447,23720505,32.62
20,1989,RPPL,EQ,576063,446312,77.48
20,1990,RPSGVENT,EQ,21119,10960,51.90
20,1991,RPTECH,EQ,86959,25752,29.61
20,1992,RRKABEL,EQ,171218,127766,74.62
20,1993,RSWM,EQ,28717,16118,56.13
20,1994,RSYSTEMS,EQ,34549,27494,79.58
20,1995,RTNINDIA,EQ,1521249,756182,49.71
20,1996,RTNPOWER,EQ,9992779,5563344,55.67
20,1997,RUBFILA,EQ,23267,17498,75.21
20,1998,RUBYMILLS,EQ,10064,8408,83.55
20,1999,RUCHINFRA,EQ,76612,52370,68.36
20,2000,RUCHIRA,EQ,11453,5849,51.07
20,2001,RULKA,ST,5400,5400,100.00
20,2002,RUPA,EQ,48766,25795,52.90
20,2003,RUSHIL,EQ,192538,114788,59.62
20,2004,RUSTOMJEE,EQ,19287,12502,64.82
20,2005,RVNL,EQ,4336358,1006155,23.20
20,2006,RVTH,EQ,277,173,62.45
20,2007,SAAKSHI,SM,10800,7800,72.22
20,2008,SABAR,ST,35000,30000,85.71
20,2009,SADBHIN,EQ,117922,73405,62.25
20,2010,SADHAV,SM,2400,2400,100.00
20,2011,SADHNANIQ,EQ,237825,132092,55.54
20,2012,SAFARI,EQ,113910,59835,52.53
20,2013,SAGARDEEP,EQ,45743,23300,50.94
20,2014,SAGCEM,EQ,11671,8723,74.74
20,2015,SAHAJ,SM,12000,8000,66.67
20,2016,SAHAJSOLAR,SM,12000,9600,80.00
20,2017,SAHANA,ST,9750,9250,94.87
20,2018,SAHASRA,SM,21200,18000,84.91
20,2019,SAHYADRI,EQ,5911,2890,48.89
20,2020,SAIFL,SM,10400,6400,61.54
20,2021,SAIL,EQ,8883930,2245091,25.27
20,2022,SAILIFE,EQ,1085179,312078,28.76
20,2023,SAJHOTELS,ST,158000,150000,94.94
20,2024,SAKAR,EQ,5975,3262,54.59
20,2025,SAKHTISUG,EQ,212790,136199,64.01
20,2026,SAKSOFT,EQ,76861,37690,49.04
20,2027,SALASAR,EQ,3030596,1265632,41.76
20,2028,SALONA,EQ,490,307,62.65
20,2029,SALSTEEL,EQ,60144,36902,61.36
20,2030,SALZERELEC,EQ,220570,60807,27.57
20,2031,SAMHI,EQ,1191343,726471,60.98
20,2032,SAMMAANCAP,EQ,8000023,4443560,55.54
20,2033,SANATHAN,EQ,322251,127087,39.44
20,2034,SANDESH,EQ,726,516,71.07
20,2035,SANDHAR,EQ,37787,22111,58.51
20,2036,SANDUMA,EQ,63511,36016,56.71
20,2037,SANGAMIND,EQ,13447,8399,62.46
20,2038,SANGANI,ST,3000,3000,100.00
20,2039,SANGHIIND,EQ,339032,174116,51.36
20,2040,SANGHVIMOV,EQ,285170,160060,56.13
20,2041,SANGINITA,EQ,21368,12531,58.64
20,2042,SANOFI,EQ,7745,3975,51.32
20,2043,SANOFICONR,EQ,1982,1189,59.99
20,2044,SANSERA,EQ,97553,47569,48.76
20,2045,SANSTAR,EQ,246853,114080,46.21
20,2046,SAPPHIRE,EQ,756341,219358,29.00
20,2047,SARDAEN,EQ,560420,247264,44.12
20,2048,SAREGAMA,EQ,436692,90419,20.71
20,2049,SARTELE,SM,448000,250000,55.80
20,2050,SARVESHWAR,EQ,2343887,1291873,55.12
20,2051,SASKEN,EQ,5787,3541,61.19
20,2052,SASTASUNDR,EQ,25243,23222,91.99
20,2053,SATECH,ST,5000,5000,100.00
20,2054,SATIA,EQ,85269,51055,59.88
20,2055,SATIN,EQ,160324,92210,57.51
20,2056,SATINDLTD,EQ,155693,86244,55.39
20,2057,SATIPOLY,SM,500,500,100.00
20,2058,SATKARTAR,SM,124800,59200,47.44
20,2059,SAURASHCEM,EQ,39365,29851,75.83
20,2060,SBC,EQ,7646730,3636436,47.56
20,2061,SBCL,EQ,223991,172842,77.16
20,2062,SBFC,EQ,1145225,503104,43.93
20,2063,SBGLP,EQ,415072,199486,48.06
20,2064,SBICARD,EQ,1067237,635156,59.51
20,2065,SBIETFCON,EQ,4952,3706,74.84
20,2066,SBIETFIT,EQ,3114,2782,89.34
20,2067,SBIETFPB,EQ,5787,4660,80.53
20,2068,SBIETFQLTY,EQ,19002,18901,99.47
20,2069,SBILIFE,EQ,1510856,828689,54.85
20,2070,SBIN,EQ,32745391,13265813,40.51
20,2071,SBINEQWETF,EQ,8072,7620,94.40
20,2072,SBISILVER,EQ,104219,68699,65.92
20,2073,SCHAEFFLER,EQ,20547,12002,58.41
20,2074,SCHAND,EQ,35021,27772,79.30
20,2075,SCHNEIDER,EQ,115080,64068,55.67
20,2076,SCI,EQ,1009273,403547,39.98
20,2077,SCILAL,EQ,675394,354524,52.49
20,2078,SCLZC26G,YA,14,14,100.00
20,2079,SCML,SM,5000,5000,100.00
20,2080,SCPL,EQ,4720,3218,68.18
20,2081,SDBL,EQ,619916,261890,42.25
20,2082,SDL26BEES,EQ,4537,802,17.68
20,2083,SDREAMS,SM,9000,6000,66.67
20,2084,SEAMECLTD,EQ,17287,10311,59.65
20,2085,SECL,ST,50000,43750,87.50
20,2086,SECMARK,EQ,2879,2214,76.90
20,2087,SECURKLOUD,EQ,14931,7712,51.65
20,2088,SEJALLTD,EQ,13852,12478,90.08
20,2089,SELAN,EQ,20670,9892,47.86
20,2090,SELMC,EQ,9407,8406,89.36
20,2091,SENCO,EQ,391970,161989,41.33
20,2092,SENORES,EQ,8462337,1547494,18.29
20,2093,SENSEXADD,EQ,111,109,98.20
20,2094,SENSEXETF,EQ,9626,8245,85.65
20,2095,SENSEXIETF,EQ,4710,1232,26.16
20,2096,SEPC,EQ,4175462,2024979,48.50
20,2097,SEQUENT,EQ,255735,140249,54.84
20,2098,SERVICE,SM,2000,2000,100.00
20,2099,SERVOTECH,EQ,238997,126652,52.99
20,2100,SESHAPAPER,EQ,13608,10351,76.07
20,2101,SETF10GILT,EQ,5050,4736,93.78
20,2102,SETFGOLD,EQ,3181293,2740600,86.15
20,2103,SETFNIF50,EQ,416383,382195,91.79
20,2104,SETFNIFBK,EQ,17692,9348,52.84
20,2105,SETFNN50,EQ,28376,18503,65.21
20,2106,SFL,EQ,93350,39337,42.14
20,2107,SFLZC26A,ZC,150,150,100.00
20,2108,SFML,SM,12800,11200,87.50
20,2109,SGBAPR28I,GB,453,419,92.49
20,2110,SGBAUG27,GB,89,77,86.52
20,2111,SGBAUG28V,GB,754,685,90.85
20,2112,SGBAUG29V,GB,321,278,86.60
20,2113,SGBAUG30,GB,616,465,75.49
20,2114,SGBD29VIII,GB,35,28,80.00
20,2115,SGBDC27VII,GB,15,15,100.00
20,2116,SGBDE30III,GB,583,341,58.49
20,2117,SGBDE31III,GB,2688,2010,74.78
20,2118,SGBDEC2513,GB,27,14,51.85
20,2119,SGBDEC25XI,GB,5,5,100.00
20,2120,SGBDEC26,GB,3,3,100.00
20,2121,SGBFEB27,GB,11,11,100.00
20,2122,SGBFEB29XI,GB,36,36,100.00
20,2123,SGBFEB32IV,GB,820,579,70.61
20,2124,SGBJAN27,GB,1442,1436,99.58
20,2125,SGBJAN29IX,GB,118,107,90.68
20,2126,SGBJAN29X,GB,23,18,78.26
20,2127,SGBJAN30IX,GB,78,52,66.67
20,2128,SGBJU29III,GB,176,163,92.61
20,2129,SGBJUL25,GB,104,61,58.65
20,2130,SGBJUL27,GB,30,30,100.00
20,2131,SGBJUL28IV,GB,274,260,94.89
20,2132,SGBJUL29IV,GB,33,19,57.58
20,2133,SGBJUN28,GB,85,75,88.24
20,2134,SGBJUN29II,GB,109,109,100.00
20,2135,SGBJUN30,GB,63,59,93.65
20,2136,SGBJUN31I,GB,1108,919,82.94
20,2137,SGBMAR25,GB,166,118,71.08
20,2138,SGBMAR28X,GB,2,2,100.00
20,2139,SGBMAR30X,GB,71,66,92.96
20,2140,SGBMAR31IV,GB,193,149,77.20
20,2141,SGBMAY25,GB,20,20,100.00
20,2142,SGBMAY26,GB,18,13,72.22
20,2143,SGBMAY28,GB,911,677,74.31
20,2144,SGBMAY29I,GB,148,132,89.19
20,2145,SGBMR29XII,GB,605,488,80.66
20,2146,SGBN28VIII,GB,67,52,77.61
20,2147,SGBNOV258,GB,7,5,71.43
20,2148,SGBNOV25VI,GB,257,136,52.92
20,2149,SGBNOV26,GB,3,3,100.00
20,2150,SGBNV29VII,GB,541,430,79.48
20,2151,SGBOC28VII,GB,10,10,100.00
20,2152,SGBOCT25,GB,15,15,100.00
20,2153,SGBOCT25IV,GB,79,79,100.00
20,2154,SGBOCT25V,GB,1,1,100.00
20,2155,SGBOCT27,GB,14,12,85.71
20,2156,SGBOCT27VI,GB,7,7,100.00
20,2157,SGBSEP27,GB,7,7,100.00
20,2158,SGBSEP28VI,GB,187,156,83.42
20,2159,SGBSEP29VI,GB,260,182,70.00
20,2160,SGBSEP31II,GB,1579,1106,70.04
20,2161,SGL,EQ,7181,4819,67.11
20,2162,SGLTL,EQ,3743372,892960,23.85
20,2163,SHAH,EQ,994045,641783,64.56
20,2164,SHAHALLOYS,EQ,6805,4877,71.67
20,2165,SHALBY,EQ,62576,35576,56.85
20,2166,SHALPAINTS,EQ,81593,54012,66.20
20,2167,SHANKARA,EQ,193807,85938,44.34
20,2168,SHANTHALA,ST,1200,1200,100.00
20,2169,SHANTI,EQ,76710,52895,68.95
20,2170,SHANTIGEAR,EQ,17872,9175,51.34
20,2171,SHARDACROP,EQ,723803,208891,28.86
20,2172,SHARDAMOTR,EQ,10728,4269,39.79
20,2173,SHAREINDIA,EQ,115560,56868,49.21
20,2174,SHARIABEES,EQ,4611,3109,67.43
20,2175,SHEETAL,SM,20000,14000,70.00
20,2176,SHEMAROO,EQ,15301,11275,73.69
20,2177,SHERA,SM,13000,11000,84.62
20,2178,SHIGAN,SM,1500,1500,100.00
20,2179,SHILPAMED,EQ,177528,86210,48.56
20,2180,SHIVALIK,EQ,417096,164019,39.32
20,2181,SHIVAMAUTO,EQ,99519,48713,48.95
20,2182,SHIVAMILLS,EQ,4171,988,23.69
20,2183,SHIVATEX,EQ,10789,3476,32.22
20,2184,SHK,EQ,268520,138167,51.46
20,2185,SHOPERSTOP,EQ,20873,11122,53.28
20,2186,SHREDIGCEM,EQ,141715,91230,64.38
20,2187,SHREECEM,EQ,14552,4370,30.03
20,2188,SHREEKARNI,ST,2100,2100,100.00
20,2189,SHREEOSFM,SM,16000,10000,62.50
20,2190,SHREEPUSHK,EQ,64445,15657,24.30
20,2191,SHRENIK,EQ,1132776,666060,58.80
20,2192,SHREYANIND,EQ,20679,13577,65.66
20,2193,SHRIPISTON,EQ,42067,24880,59.14
20,2194,SHRIRAMFIN,EQ,6345455,2372398,37.39
20,2195,SHRIRAMPPS,EQ,1150675,513083,44.59
20,2196,SHRITECH,SM,24000,18000,75.00
20,2197,SHUBHLAXMI,ST,21000,20000,95.24
20,2198,SHUBHSHREE,ST,3600,2400,66.67
20,2199,SHYAMCENT,EQ,101371,51192,50.50
20,2200,SHYAMMETL,EQ,99692,35884,35.99
20,2201,SIDDHIKA,ST,1000,1000,100.00
20,2202,SIEMENS,EQ,410310,172875,42.13
20,2203,SIGACHI,EQ,5651266,2054004,36.35
20,2204,SIGIND,EQ,23612,10965,46.44
20,2205,SIGMA,EQ,23431,2996,12.79
20,2206,SIGNATURE,EQ,738000,146564,19.86
20,2207,SIGNORIA,ST,3000,3000,100.00
20,2208,SIKKO,EQ,22182,10052,45.32
20,2209,SIL,EQ,75770,53267,70.30
20,2210,SILGO,EQ,49045,19905,40.59
20,2211,SILINV,EQ,2414,1192,49.38
20,2212,SILKFLEX,SM,6000,6000,100.00
20,2213,SILLYMONKS,EQ,2176,1386,63.69
20,2214,SILVER,EQ,222858,165674,74.34
20,2215,SILVER1,EQ,42309,26631,62.94
20,2216,SILVERADD,EQ,143873,118975,82.69
20,2217,SILVERBEES,EQ,11006298,8742102,79.43
20,2218,SILVERETF,EQ,199177,159242,79.95
20,2219,SILVERIETF,EQ,1327704,1188650,89.53
20,2220,SILVERTUC,EQ,14281,3438,24.07
20,2221,SILVRETF,EQ,26050,17665,67.81
20,2222,SINCLAIR,EQ,58532,40880,69.84
20,2223,SINDHUTRAD,EQ,452332,215103,47.55
20,2224,SINTERCOM,EQ,5152,4371,84.84
20,2225,SIRCA,EQ,52140,41599,79.78
20,2226,SIS,EQ,131819,57303,43.47
20,2227,SIYSIL,EQ,107410,44028,40.99
20,2228,SJLOGISTIC,SM,187500,102750,54.80
20,2229,SJS,EQ,30339,12683,41.80
20,2230,SJVN,EQ,7349816,2222856,30.24
20,2231,SKFINDIA,EQ,29444,19357,65.74
20,2232,SKIPPER,EQ,1726172,347130,20.11
20,2233,SKMEGGPROD,EQ,67759,32336,47.72
20,2234,SKP,SM,2000,1500,75.00
20,2235,SKYGOLD,EQ,1455127,732549,50.34
20,2236,SLONE,ST,24000,23200,96.67
20,2237,SMALLCAP,EQ,944243,565971,59.94
20,2238,SMCGLOBAL,EQ,105061,50496,48.06
20,2239,SMLISUZU,EQ,5861,3200,54.60
20,2240,SMLT,EQ,5868,3479,59.29
20,2241,SMSPHARMA,EQ,137663,58127,42.22
20,2242,SMVD,SM,40400,36360,90.00
20,2243,SNOWMAN,EQ,248315,125491,50.54
20,2244,SOBHA,EQ,312147,89620,28.71
20,2245,SOLARA,EQ,41934,30509,72.75
20,2246,SOLARAPP,E1,7038,6819,96.89
20,2247,SOLARINDS,EQ,497276,124258,24.99
20,2248,SOLEX,ST,17250,17000,98.55
20,2249,SOMANYCERA,EQ,20226,12138,60.01
20,2250,SOMICONVEY,EQ,3836,2580,67.26
20,2251,SONACOMS,EQ,4612104,2429287,52.67
20,2252,SONAMAC,ST,7000,5000,71.43
20,2253,SONAMLTD,EQ,159791,87563,54.80
20,2254,SONATSOFTW,EQ,207329,100739,48.59
20,2255,SONUINFRA,ST,15000,15000,100.00
20,2256,SOTAC,SM,1200,1200,100.00
20,2257,SOTL,EQ,12964,7488,57.76
20,2258,SOUTHBANK,EQ,19959256,8683501,43.51
20,2259,SOUTHWEST,EQ,70041,55200,78.81
20,2260,SPAL,EQ,8735,5018,57.45
20,2261,SPANDANA,EQ,1082919,333440,30.79
20,2262,SPARC,EQ,464855,296162,63.71
20,2263,SPCL,ST,12000,10200,85.00
20,2264,SPECIALITY,EQ,39231,22483,57.31
20,2265,SPECTRUM,SM,8375,4500,53.73
20,2266,SPECTSTM,ST,4000,4000,100.00
20,2267,SPENCERS,EQ,111785,61154,54.71
20,2268,SPIC,EQ,2288647,1351691,59.06
20,2269,SPLIL,EQ,11352,8914,78.52
20,2270,SPLPETRO,EQ,75817,33575,44.28
20,2271,SPORTKING,EQ,106367,73735,69.32
20,2272,SPPPOLY,ST,10000,10000,100.00
20,2273,SRD,EQ,67958,62395,91.81
20,2274,SREEL,EQ,44430,18055,40.64
20,2275,SRF,EQ,479146,240502,50.19
20,2276,SRGHFL,EQ,25183,16843,66.88
20,2277,SRHHYPOLTD,EQ,12841,5904,45.98
20,2278,SSDL,EQ,113883,43326,38.04
20,2279,SSEGL,SM,79800,45400,56.89
20,2280,SSFL,SM,6500,6000,92.31
20,2281,S&SPOWER,EQ,2712,1556,57.37
20,2282,SSWL,EQ,167489,84425,50.41
20,2283,STALLION,EQ,2458666,1035846,42.13
20,2284,STANLEY,EQ,66150,26988,40.80
20,2285,STAR,EQ,1107046,660076,59.62
20,2286,STARCEMENT,EQ,157970,71986,45.57
20,2287,STARHEALTH,EQ,468315,300893,64.25
20,2288,STARPAPER,EQ,6768,3501,51.73
20,2289,STARTECK,EQ,3547,1088,30.67
20,2290,STCINDIA,EQ,41702,19121,45.85
20,2291,STEELCAS,EQ,22720,13544,59.61
20,2292,STEELCITY,EQ,25633,13095,51.09
20,2293,STEELXIND,EQ,698518,396804,56.81
20,2294,STEL,EQ,20765,15715,75.68
20,2295,STERTOOLS,EQ,131814,50574,38.37
20,2296,STLTECH,EQ,894958,530913,59.32
20,2297,STOVEKRAFT,EQ,69146,30769,44.50
20,2298,STYLAMIND,EQ,11573,6864,59.31
20,2299,STYLEBAAZA,EQ,377036,238023,63.13
20,2300,STYRENIX,EQ,17870,8831,49.42
20,2301,SUBEXLTD,EQ,2485707,1216080,48.92
20,2302,SUBROS,EQ,27011,13117,48.56
20,2303,SUDARSCHEM,EQ,63905,33179,51.92
20,2304,SUKHJITS,EQ,3272,2240,68.46
20,2305,SULA,EQ,843211,314045,37.24
20,2306,SUMICHEM,EQ,1058918,322327,30.44
20,2307,SUMMITSEC,EQ,8537,4966,58.17
20,2308,SUNCLAY,EQ,11017,4234,38.43
20,2309,SUNDARAM,EQ,268487,163183,60.78
20,2310,SUNDARMFIN,EQ,75333,22341,29.66
20,2311,SUNDARMHLD,EQ,38862,19508,50.20
20,2312,SUNDRMFAST,EQ,65714,22439,34.15
20,2313,SUNLITE,SM,9600,8400,87.50
20,2314,SUNPHARMA,EQ,3421791,2207814,64.52
20,2315,SUNREST,SM,8000,8000,100.00
20,2316,SUNTECK,EQ,199346,87520,43.90
20,2317,SUNTV,EQ,283542,91300,32.20
20,2318,SUPERHOUSE,EQ,3094,1579,51.03
20,2319,SUPERSPIN,EQ,73697,48418,65.70
20,2320,SUPRAJIT,EQ,68166,35529,52.12
20,2321,SUPREME,EQ,132334,77065,58.24
20,2322,SUPREMEIND,EQ,93710,44724,47.73
20,2323,SUPREMEPWR,ST,57000,49500,86.84
20,2324,SUPRIYA,EQ,248275,96477,38.86
20,2325,SURAJEST,EQ,121801,76951,63.18
20,2326,SURAKSHA,EQ,304881,80513,26.41
20,2327,SURANASOL,EQ,82288,49588,60.26
20,2328,SURANAT&P,EQ,72931,45996,63.07
20,2329,SURANI,ST,200,200,100.00
20,2330,SURYALAXMI,EQ,6891,5281,76.64
20,2331,SURYAROSNI,EQ,382111,172641,45.18
20,2332,SURYODAY,EQ,138256,91193,65.96
20,2333,SUTLEJTEX,EQ,76947,42805,55.63
20,2334,SUVEN,EQ,312865,164600,52.61
20,2335,SUVENPHAR,EQ,582618,419056,71.93
20,2336,SUVIDHAA,EQ,371230,191696,51.64
20,2337,SUYOG,EQ,25579,13011,50.87
20,2338,SUZLON,EQ,31769107,18763475,59.06
20,2339,SWANENERGY,EQ,1195166,390585,32.68
20,2340,SWARAJ,SM,4500,4500,100.00
20,2341,SWARAJENG,EQ,4754,2851,59.97
20,2342,SWASTIK,SM,6000,3600,60.00
20,2343,SWELECTES,EQ,21808,12397,56.85
20,2344,SWIGGY,EQ,41230291,11547114,28.01
20,2345,SWSOLAR,EQ,824521,417494,50.63
20,2346,SYLVANPLY,SM,6000,6000,100.00
20,2347,SYMPHONY,EQ,297652,103357,34.72
20,2348,SYNCOMF,EQ,1957817,961563,49.11
20,2349,SYNGENE,EQ,535034,293491,54.85
20,2350,SYNOPTICS,SM,2400,2400,100.00
20,2351,SYRMA,EQ,695812,231632,33.29
20,2352,SYSTANGO,SM,16000,10000,62.50
20,2353,TAC,ST,12000,11800,98.33
20,2354,TAINWALCHM,EQ,15284,4306,28.17
20,2355,TAJGVK,EQ,937277,211140,22.53
20,2356,TALBROAUTO,EQ,34786,21326,61.31
20,2357,TANLA,EQ,512500,217499,42.44
20,2358,TARC,EQ,754950,441616,58.50
20,2359,TARIL,EQ,498452,231356,46.41
20,2360,TARMAT,EQ,71647,30312,42.31
20,2361,TARSONS,EQ,20014,7395,36.95
20,2362,TASTYBITE,EQ,2113,1480,70.04
20,2363,TATACHEM,EQ,1132979,227953,20.12
20,2364,TATACOMM,EQ,173485,95682,55.15
20,2365,TATACONSUM,EQ,1172479,353913,30.19
20,2366,TATAELXSI,EQ,82289,21453,26.07
20,2367,TATAGOLD,EQ,12640766,9802709,77.55
20,2368,TATAINVEST,EQ,13156,6154,46.78
20,2369,TATAMOTORS,EQ,10016927,3721717,37.15
20,2370,TATAPOWER,EQ,7562113,2803266,37.07
20,2371,TATASTEEL,EQ,22408168,8783873,39.20
20,2372,TATATECH,EQ,521817,271651,52.06
20,2373,TATSILV,EQ,1728618,1130938,65.42
20,2374,TATVA,EQ,15733,10672,67.83
20,2375,TBI,SM,4200,3000,71.43
20,2376,TBOTEK,EQ,199986,179449,89.73
20,2377,TBZ,EQ,292066,142855,48.91
20,2378,TCHF30,NB,60,60,100.00
20,2379,TCI,EQ,21942,11898,54.22
20,2380,TCIEXP,EQ,73891,15063,20.39
20,2381,TCL,SM,28000,24000,85.71
20,2382,TCLCONS,EQ,117366,61289,52.22
20,2383,TCPLPACK,EQ,1169,732,62.62
20,2384,TCS,EQ,2284536,1396375,61.12
20,2385,TDPOWERSYS,EQ,677754,360433,53.18
20,2386,TEAMLEASE,EQ,108598,91246,84.02
20,2387,TECH,EQ,528017,527294,99.86
20,2388,TECHERA,ST,43200,43200,100.00
20,2389,TECHLABS,ST,22875,21250,92.90
20,2390,TECHM,EQ,1288106,676763,52.54
20,2391,TECHNOE,EQ,253451,178216,70.32
20,2392,TECILCHEM,EQ,311,307,98.71
20,2393,TEGA,EQ,152941,42208,27.60
20,2394,TEJASNET,EQ,711673,259184,36.42
20,2395,TEXINFRA,EQ,225354,130005,57.69
20,2396,TEXMOPIPES,EQ,24527,18972,77.35
20,2397,TEXRAIL,EQ,2610627,1332939,51.06
20,2398,TFCILTD,EQ,238968,108843,45.55
20,2399,TGBHOTELS,EQ,21729,16142,74.29
20,2400,TGL,ST,66200,57200,86.40
20,2401,THANGAMAYL,EQ,174636,80247,45.95
20,2402,THEINVEST,EQ,49108,24027,48.93
20,2403,THEJO,EQ,1867,1074,57.53
20,2404,THEMISMED,EQ,97720,58590,59.96
20,2405,THERMAX,EQ,191529,59634,31.14
20,2406,THESL,ST,24000,24000,100.00
20,2407,THOMASCOOK,EQ,1292239,938338,72.61
20,2408,THYROCARE,EQ,56852,23672,41.64
20,2409,TI,EQ,665775,232171,34.87
20,2410,TIIL,EQ,4665,2508,53.76
20,2411,TIINDIA,EQ,137426,66291,48.24
20,2412,TIL,EQ,15592,13535,86.81
20,2413,TIMESCAN,SM,2000,2000,100.00
20,2414,TIMETECHNO,EQ,862029,235942,27.37
20,2415,TIMKEN,EQ,328159,228452,69.62
20,2416,TIPSMUSIC,EQ,227018,104361,45.97
20,2417,TIRUMALCHM,EQ,151276,57124,37.76
20,2418,TIRUPATI,SM,10000,10000,100.00
20,2419,TITAGARH,EQ,1702992,436550,25.63
20,2420,TITAN,EQ,1059617,460044,43.42
20,2421,TMB,EQ,67766,31317,46.21
20,2422,TNIDETF,EQ,19744,12775,64.70
20,2423,TNPETRO,EQ,119646,64602,53.99
20,2424,TNPL,EQ,87504,54304,62.06
20,2425,TOKYOPLAST,EQ,7319,3692,50.44
20,2426,TOLINS,EQ,119093,31274,26.26
20,2427,TOP100CASE,EQ,306334,247503,80.80
20,2428,TOP10ADD,EQ,229065,199006,86.88
20,2429,TORNTPHARM,EQ,712569,406970,57.11
20,2430,TORNTPOWER,EQ,1165548,380226,32.62
20,2431,TOTAL,EQ,9323,7011,75.20
20,2432,TOUCHWOOD,EQ,24219,21891,90.39
20,2433,TPLPLASTEH,EQ,326301,65356,20.03
20,2434,TRACXN,EQ,466133,208872,44.81
20,2435,TRANSRAILL,EQ,1601772,263783,16.47
20,2436,TRANSTEEL,ST,186000,182000,97.85
20,2437,TRANSWORLD,EQ,13365,7083,53.00
20,2438,TREEHOUSE,EQ,22233,17874,80.39
20,2439,TREJHARA,EQ,12869,7022,54.57
20,2440,TREL,EQ,165453,85633,51.76
20,2441,TRENT,EQ,6021478,2035651,33.81
20,2442,TRF,EQ,37650,20711,55.01
20,2443,TRIDENT,EQ,3044139,1026650,33.73
20,2444,TRIDHYA,SM,21000,18000,85.71
20,2445,TRIGYN,EQ,95745,41210,43.04
20,2446,TRITURBINE,EQ,1730196,946314,54.69
20,2447,TRIVENI,EQ,1150227,174171,15.14
20,2448,TROM,SM,7800,4200,53.85
20,2449,TRUST,ST,60600,55800,92.08
20,2450,TTKHLTCARE,EQ,1595,1205,75.55
20,2451,TTKPRESTIG,EQ,238840,91147,38.16
20,2452,TTML,EQ,3426188,662052,19.32
20,2453,TUNWAL,SM,60000,36000,60.00
20,2454,TVSELECT,EQ,11172,4322,38.69
20,2455,TVSHLTD,EQ,6462,3615,55.94
20,2456,TVSMOTOR,EQ,306299,138086,45.08
20,2457,TVSSCS,EQ,386456,170298,44.07
20,2458,TVSSRICHAK,EQ,1408,1091,77.49
20,2459,TVTODAY,EQ,55118,31605,57.34
20,2460,UBL,EQ,265739,114598,43.12
20,2461,UCL,SM,52000,52000,100.00
20,2462,UCOBANK,EQ,3694025,1406922,38.09
20,2463,UDAICEMENT,EQ,264405,198941,75.24
20,2464,UDS,EQ,131520,61805,46.99
20,2465,UFLEX,EQ,25378,18098,71.31
20,2466,UFO,EQ,82127,37470,45.62
20,2467,UGARSUGAR,EQ,285690,141212,49.43
20,2468,UGROCAP,EQ,59963,42245,70.45
20,2469,UHTL,ST,30000,30000,100.00
20,2470,UJJIVANSFB,EQ,18941278,7623018,40.25
20,2471,ULTRACEMCO,EQ,308664,150970,48.91
20,2472,UMA,SM,12000,12000,100.00
20,2473,UMAEXPORTS,EQ,87206,37029,42.46
20,2474,UMESLTD,EQ,62519,12913,20.65
20,2475,UNICHEMLAB,EQ,539878,200924,37.22
20,2476,UNIDT,EQ,39605,27392,69.16
20,2477,UNIECOM,EQ,253125,83758,33.09
20,2478,UNIENTER,EQ,7944,4183,52.66
20,2479,UNIINFO,EQ,6037,3758,62.25
20,2480,UNILEX,SM,1600,1600,100.00
20,2481,UNIMECH,EQ,106237,28580,26.90
20,2482,UNIONBANK,EQ,10048273,3797742,37.79
20,2483,UNIPARTS,EQ,48240,28373,58.82
20,2484,UNITDSPR,EQ,431647,233450,54.08
20,2485,UNITEDTEA,EQ,5263,4670,88.73
20,2486,UNIVCABLES,EQ,16324,8243,50.50
20,2487,UNOMINDA,EQ,832490,354002,42.52
20,2488,UPL,EQ,3885141,2225958,57.29
20,2489,URAVIDEF,EQ,9717,2655,27.32
20,2490,URBAN,ST,8800,8000,90.91
20,2491,USASEEDS,SM,600,300,50.00
20,2492,USHAFIN,SM,8000,8000,100.00
20,2493,USHAMART,EQ,305544,124543,40.76
20,2494,USK,EQ,63526,41041,64.61
20,2495,UTIAMC,EQ,79720,36157,45.35
20,2496,UTIBANKETF,EQ,536102,508617,94.87
20,2497,UTINEXT50,EQ,42715,31436,73.59
20,2498,UTINIFTETF,EQ,15612,14032,89.88
20,2499,UTISENSETF,EQ,213,167,78.40
20,2500,UTISXN50,EQ,843,793,94.07
20,2501,UTKARSHBNK,EQ,1679281,804895,47.93
20,2502,UTSSAV,ST,35400,31800,89.83
20,2503,UTTAMSUGAR,EQ,42855,17481,40.79
20,2504,UYFINCORP,EQ,128292,85198,66.41
20,2505,VADILALIND,EQ,6267,4256,67.91
20,2506,VAIBHAVGBL,EQ,201477,78878,39.15
20,2507,VAISHALI,EQ,416545,258924,62.16
20,2508,VAKRANGEE,EQ,79234560,31770154,40.10
20,2509,VAL30IETF,EQ,59325,48799,82.26
20,2510,VALIANTLAB,EQ,98094,56264,57.36
20,2511,VALIANTORG,EQ,131688,63686,48.36
20,2512,VARDHACRLC,EQ,17645,9353,53.01
20,2513,VARROC,EQ,71800,27838,38.77
20,2514,VASCONEQ,EQ,382513,192993,50.45
20,2515,VASWANI,EQ,53851,32197,59.79
20,2516,VBL,EQ,3085740,1437139,46.57
20,2517,VCL,EQ,254508,169945,66.77
20,2518,VDEAL,SM,2400,2400,100.00
20,2519,VEDL,EQ,5475073,2886503,52.72
20,2520,VEEDOL,EQ,13100,6806,51.95
20,2521,VEEKAYEM,ST,9000,9000,100.00
20,2522,VELS,ST,9600,6000,62.50
20,2523,VENKEYS,EQ,148487,58390,39.32
20,2524,VENTIVE,EQ,165627,60063,36.26
20,2525,VENUSPIPES,EQ,50466,22584,44.75
20,2526,VENUSREM,EQ,858232,217462,25.34
20,2527,VERA,ST,9000,9000,100.00
20,2528,VERANDA,EQ,44999,20760,46.13
20,2529,VESUVIUS,EQ,6063,2442,40.28
20,2530,VETO,EQ,33472,14475,43.25
20,2531,VGUARD,EQ,159955,73899,46.20
20,2532,VHL,EQ,373,249,66.76
20,2533,VIAZ,SM,2000,2000,100.00
20,2534,VIDHIING,EQ,7815,3567,45.64
20,2535,VIESL,SM,44000,35200,80.00
20,2536,VIJAYA,EQ,149519,58850,39.36
20,2537,VIKASECO,EQ,1895920,987092,52.06
20,2538,VIKASLIFE,EQ,2350671,1704211,72.50
20,2539,VILAS,SM,20500,15750,76.83
20,2540,VILINBIO,SM,28000,28000,100.00
20,2541,VIMTALABS,EQ,1219153,155476,12.75
20,2542,VINATIORGA,EQ,127292,109266,85.84
20,2543,VINCOFE,EQ,134812,82162,60.95
20,2544,VINDHYATEL,EQ,9167,7465,81.43
20,2545,VINEETLAB,EQ,12083,6840,56.61
20,2546,VINSYS,SM,16500,11500,69.70
20,2547,VINYAS,ST,19800,19600,98.99
20,2548,VINYLINDIA,EQ,5115,2500,48.88
20,2549,VIPCLOTHNG,EQ,142634,89284,62.60
20,2550,VIPIND,EQ,223408,110895,49.64
20,2551,VIRINCHI,EQ,225477,126634,56.16
20,2552,VISAKAIND,EQ,67415,24441,36.25
20,2553,VISHNU,EQ,629356,248726,39.52
20,2554,VISHNUINFR,SM,4500,3000,66.67
20,2555,VISHWARAJ,EQ,370389,197098,53.21
20,2556,VISHWAS,SM,1600,1600,100.00
20,2557,VITAL,SM,1200,1200,100.00
20,2558,VIVIANA,ST,7125,6750,94.74
20,2559,VIVIDHA,EQ,386833,238653,61.69
20,2560,VLEGOV,EQ,13255,13255,100.00
20,2561,VLINFRA,ST,16500,16500,100.00
20,2562,VLSFINANCE,EQ,173850,85686,49.29
20,2563,VMARCIND,ST,5000,5000,100.00
20,2564,VMART,EQ,42873,14983,34.95
20,2565,VMM,EQ,20426958,7856164,38.46
20,2566,VOLTAMP,EQ,31137,13235,42.51
20,2567,VOLTAS,EQ,1870141,940661,50.30
20,2568,VPRPL,EQ,1295231,466507,36.02
20,2569,VR,ST,800,800,100.00
20,2570,VRAJ,EQ,30771,17357,56.41
20,2571,VRLLOG,EQ,3783604,725699,19.18
20,2572,VSSL,EQ,13492,6856,50.82
20,2573,VSTIND,EQ,112258,55848,49.75
20,2574,VSTL,EQ,10977,7916,72.11
20,2575,VSTTILLERS,EQ,17432,16141,92.59
20,2576,VTL,EQ,129089,55471,42.97
20,2577,WAAREEENER,EQ,613329,173638,28.31
20,2578,WABAG,EQ,228583,95436,41.75
20,2579,WALCHANNAG,EQ,254209,128025,50.36
20,2580,WANBURY,EQ,574565,186573,32.47
20,2581,WCIL,EQ,146803,77424,52.74
20,2582,WEALTH,EQ,3210,2157,67.20
20,2583,WEIZMANIND,EQ,3108,1978,63.64
20,2584,WEL,EQ,628583,257888,41.03
20,2585,WELCORP,EQ,840701,175515,20.88
20,2586,WELENT,EQ,605254,425205,70.25
20,2587,WELINV,EQ,315,216,68.57
20,2588,WELSPUNLIV,EQ,1211910,511336,42.19
20,2589,WENDT,EQ,387,206,53.23
20,2590,WESTLIFE,EQ,123442,25653,20.78
20,2591,WEWIN,EQ,5122,2509,48.98
20,2592,WHEELS,EQ,11086,6530,58.90
20,2593,WHIRLPOOL,EQ,477635,351724,73.64
20,2594,WILLAMAGOR,EQ,5761,3346,58.08
20,2595,WINDLAS,EQ,43572,16075,36.89
20,2596,WINDMACHIN,EQ,115592,39602,34.26
20,2597,WINSOL,SM,8000,4800,60.00
20,2598,WIPRO,EQ,15062390,6694893,44.45
20,2599,WOCKPHARMA,EQ,466476,183850,39.41
20,2600,WOL3D,SM,5000,4000,80.00
20,2601,WOMANCART,ST,6000,6000,100.00
20,2602,WONDERLA,EQ,33818,19428,57.45
20,2603,WORTH,EQ,272469,94013,34.50
20,2604,WSI,EQ,46981,29788,63.40
20,2605,WSTCSTPAPR,EQ,303497,266272,87.73
20,2606,WTICAB,ST,11500,11500,100.00
20,2607,XCHANGING,EQ,63047,32348,51.31
20,2608,XELPMOC,EQ,9058,4893,54.02
20,2609,XPROINDIA,EQ,20604,7060,34.27
20,2610,XTGLOBAL,EQ,32660,19824,60.70
20,2611,YASHO,EQ,35017,10439,29.81
20,2612,YASHOPTICS,SM,6400,3200,50.00
20,2613,YATHARTH,EQ,517163,216611,41.88
20,2614,YATRA,EQ,146637,84612,57.70
20,2615,YCCL,SM,3000,3000,100.00
20,2616,YESBANK,EQ,52266742,14627919,27.99
20,2617,YUDIZ,SM,8000,8000,100.00
20,2618,YUKEN,EQ,3219,1718,53.37
20,2619,ZAGGLE,EQ,582431,285651,49.04
20,2620,ZEAL,SM,3600,2400,66.67
20,2621,ZEEL,EQ,5388634,2013573,37.37
20,2622,ZEELEARN,EQ,604390,422788,69.95
20,2623,ZEEMEDIA,EQ,2250537,1022022,45.41
20,2624,ZENITHDRUG,ST,4000,4000,100.00
20,2625,ZENITHEXPO,EQ,2443,808,33.07
20,2626,ZENITHSTL,EQ,312826,199097,63.64
20,2627,ZENSARTECH,EQ,6852122,760930,11.11
20,2628,ZENTEC,EQ,253943,122672,48.31
20,2629,ZFCVINDIA,EQ,3322,1802,54.24
20,2630,ZIMLAB,EQ,51059,32168,63.00
20,2631,ZODIAC,EQ,33264,15838,47.61
20,2632,ZODIACLOTH,EQ,2147,1261,58.73
20,2633,ZOMATO,EQ,41606913,14687696,35.30
20,2634,ZOTA,EQ,84031,34236,40.74
20,2635,ZTECH,ST,28200,27600,97.87
20,2636,ZUARI,EQ,161847,86942,53.72
20,2637,ZUARIIND,EQ,43745,26536,60.66
20,2638,ZYDUSLIFE,EQ,5775455,1624289,28.12
20,2639,ZYDUSWELL,EQ,24884,12807,51.47
