Security Wise Delivery Position - Compulsory Rolling Settlement
10,MTO,10022025,966555288,0002670
Trade Date <10-FEB-2025>,Settlement Type <N>
Record Type,Sr No,Name of Security,Quantity Traded,Deliverable Quantity(gross across client level),% of Deliverable Quantity to Traded Quantity
20,1,0SCL27,YW,25,25,100.00
20,2,1003IIFL29,NC,2,2,100.00
20,3,1003ISFL28,N4,237,225,94.94
20,4,1015ECL29,NR,707,680,96.18
20,5,1015UCL26,N1,6,6,100.00
20,6,1018GS2026,GS,100,100,100.00
20,7,1025SCL34,Z8,80,60,75.00
20,8,1025SFIL26,NT,10,10,100.00
20,9,1030SFIL26,NJ,20,10,50.00
20,10,1030SFIL28,NM,1469,1236,84.14
20,11,1040NFL26,NA,50,50,100.00
20,12,1040UCL25,N4,1,1,100.00
20,13,1049DLS25A,Y5,30,30,100.00
20,14,1050UCL25,N7,1,1,100.00
20,15,105IIFL29,N7,10,10,100.00
20,16,1060ECL29,NS,90,90,100.00
20,17,1065NFL27,NC,37,37,100.00
20,18,1075NFL25,N6,1,1,100.00
20,19,1075UCL25,N9,2,2,100.00
20,20,10IIFL28,N4,151,151,100.00
20,21,10IIFL28A,NE,177,177,100.00
20,22,10IIFL29,N6,1,1,100.00
20,23,10NIDO26,N6,50,50,100.00
20,24,1102NFL26,N8,238,238,100.00
20,25,182D030725,TB,1800,1800,100.00
20,26,182D040425,TB,4100,4100,100.00
20,27,182D150525,TB,6100,6100,100.00
20,28,182D240425,TB,100,100,100.00
20,29,182D270225,TB,8100,8000,98.77
20,30,20MICRONS,EQ,207422,143895,69.37
20,31,360ONE,EQ,505940,298050,58.91
20,32,364D040925,TB,341200,341200,100.00
20,33,364D050226,TB,100,100,100.00
20,34,364D060325,TB,100,100,100.00
20,35,364D110425,TB,10000,10000,100.00
20,36,364D111225,TB,22000,22000,100.00
20,37,364D130225,TB,20000,20000,100.00
20,38,364D131125,TB,277900,277900,100.00
20,39,364D150126,TB,100,100,100.00
20,40,364D150825,TB,26000,26000,100.00
20,41,364D210825,TB,40000,40000,100.00
20,42,364D231025,TB,100,100,100.00
20,43,364D270225,TB,200,200,100.00
20,44,364D280825,TB,40000,40000,100.00
20,45,364D290525,TB,10000,10000,100.00
20,46,3IINFOLTD,EQ,678592,322768,47.56
20,47,3MINDIA,EQ,15377,9569,62.23
20,48,574GS2026,GS,1005,1000,99.50
20,49,585GS2030,GS,2,1,50.00
20,50,5PAISA,EQ,26204,12651,48.28
20,51,63MOONS,EQ,144887,82079,56.65
20,52,654GS2032,GS,286361,286361,100.00
20,53,667GS2035,GS,4,4,100.00
20,54,676GS2061,GS,100,100,100.00
20,55,679GS2034A,GS,100,100,100.00
20,56,697GR2034,GS,300,300,100.00
20,57,698GR2054,GS,100,100,100.00
20,58,699GS2051,GS,4794,4794,100.00
20,59,702GS2027,GS,400,400,100.00
20,60,702GS2031,GS,200,200,100.00
20,61,706GS2028,GS,4500,4500,100.00
20,62,709GS2054,GS,13139,13139,100.00
20,63,709GS2074,GS,1200,1200,100.00
20,64,710GS2029,GS,32502,32501,100.00
20,65,717GS2030,GS,50200,50200,100.00
20,66,718GS2033,GS,12000,12000,100.00
20,67,718GS2037,GS,22500,14050,62.44
20,68,719GS2060,GS,66,60,90.91
20,69,719HUDCO28,N7,4,4,100.00
20,70,725GS2063,GS,25109,21109,84.07
20,71,726GS2032,GS,1,1,100.00
20,72,726GS2033,GS,3100,2100,67.74
20,73,727GS2026,GS,8,8,100.00
20,74,732GS2030,GS,100,100,100.00
20,75,733GS2026,GS,1100,1100,100.00
20,76,734GS2064,GS,5400,5400,100.00
20,77,734IRFC28,N4,400,400,100.00
20,78,735IRFC31,NM,500,500,100.00
20,79,737GS2028,GS,1300,1300,100.00
20,80,738GS2027,GS,162825,114074,70.06
20,81,738REC27TF,N2,355,350,98.59
20,82,739NHAI26,N8,284,279,98.24
20,83,739NHAI31A,ND,536,293,54.66
20,84,73GS2053,GS,4883,3373,69.08
20,85,740IIFCL33,N1,12,0,0.00
20,86,741GS2036,GS,8950,8950,100.00
20,87,743REC35,NH,71,71,100.00
20,88,746GS2073,GS,45766,45766,100.00
20,89,74GS2062,GS,3715,2715,73.08
20,90,750IRFC35,NK,200,200,100.00
20,91,753IRFC30,NJ,3350,3339,99.67
20,92,754GS2036,GS,454128,436304,96.08
20,93,760PFCL35,N3,2014,1042,51.74
20,94,764HUDCO31,N8,5,5,100.00
20,95,764IRFC31,NO,100,100,100.00
20,96,764NABAR31,N2,8,8,100.00
20,97,766GJ30A,SG,3000,3000,100.00
20,98,769HUDCO31,N9,670,670,100.00
20,99,769NHAI31,NE,2044,1780,87.08
20,100,76IGT26,ND,81,81,100.00
20,101,76NHAI31,NA,3068,2150,70.08
20,102,772HR33,SG,1800,1800,100.00
20,103,774IREDA31,N7,4140,2640,63.77
20,104,794TN32,SG,4000,4000,100.00
20,105,797IGT31,NL,63,62,98.41
20,106,79NHIT35,N1,656,656,100.00
20,107,79NHIT40,N2,504,504,100.00
20,108,79NHIT47,N3,700,700,100.00
20,109,810IRFC27,N2,52,51,98.08
20,110,81ABFL33,N5,178,150,84.27
20,111,81TCHF28,N8,404,364,90.10
20,112,820IIFL27,N9,50,50,100.00
20,113,824GS2027,GS,1693,943,55.70
20,114,828GS2032,GS,500,500,100.00
20,115,82HUDCO27,N2,633,633,100.00
20,116,830NHAI27,N2,1691,1691,100.00
20,117,830PFCL27,N5,608,608,100.00
20,118,842IIFL26,NL,855,855,100.00
20,119,843IHFL29,NC,150,100,66.67
20,120,849NTPC25,N7,465532,322629,69.30
20,121,84TCHF28,NA,2,2,100.00
20,122,850IIFL27,NA,279,279,100.00
20,123,850NHAI29,N5,10,10,100.00
20,124,850SCL25A,NW,45,35,77.78
20,125,851HUDCO28,NB,65,65,100.00
20,126,85LTF26,NM,50,50,100.00
20,127,861REC34,ND,2,2,100.00
20,128,863NHB34,N3,10,10,100.00
20,129,865IIFL28,NS,1271,1271,100.00
20,130,865IRFC29,NA,2,2,100.00
20,131,865LTF26,NN,603,521,86.40
20,132,865TCAPS27,N8,546,356,65.20
20,133,871REC28,N9,285,285,100.00
20,134,872MMFSL26,N1,150,150,100.00
20,135,875IIFL26,NM,25,25,100.00
20,136,875NHAI29,N6,139,139,100.00
20,137,875PCHFL26,N8,50,50,100.00
20,138,87LTF27,NH,33,31,93.94
20,139,87SCL27A,ZK,1,1,100.00
20,140,888IRFC29,NE,20,20,100.00
20,141,888REC29,NF,552,552,100.00
20,142,888SCL25E,N4,23,23,100.00
20,143,889SCFL27,YC,89,50,56.18
20,144,889SCL27,YT,50,50,100.00
20,145,890NHB34,N7,4,4,100.00
20,146,891NTPC33,N6,32,30,93.75
20,147,892NHPC33,N6,410,205,50.00
20,148,892PFCL33,N8,232,207,89.22
20,149,897MOFSL29,N4,50,50,100.00
20,150,898LTF29,N7,60,35,58.33
20,151,901HUDCO34,NE,240,236,98.33
20,152,901NHB34,N6,55,55,100.00
20,153,903SFL28,YI,6,3,50.00
20,154,905SC24B,Z9,89,50,56.18
20,155,910TCAP28,NA,1,1,100.00
20,156,915SCL26,NE,29,29,100.00
20,157,91D030425,TB,300,300,100.00
20,158,91D130225,TB,100,100,100.00
20,159,91D130325,TB,100,100,100.00
20,160,91D210225,TB,100,100,100.00
20,161,91D280325,TB,10200,10000,98.04
20,162,921ISFL25,N0,15,15,100.00
20,163,925ERFL28,N6,151,151,100.00
20,164,92GS2030,GS,502,501,99.80
20,165,931SFL26,Z5,105,105,100.00
20,166,932AEL27,N3,10,10,100.00
20,167,935LTF29,N5,170,162,95.29
20,168,93MOFSL34,N6,51,51,100.00
20,169,93SCL24A,ZN,75,50,66.67
20,170,943ECL28,NJ,41,41,100.00
20,171,945IFSL25,N4,31,31,100.00
20,172,948SCL26A,NN,1,1,100.00
20,173,948SCL26B,Y8,50,50,100.00
20,174,94SFL28,YL,2714,2714,100.00
20,175,955SCL25,ZU,100,100,100.00
20,176,956AEL29,N6,307,200,65.15
20,177,957ISFL26,N2,10,10,100.00
20,178,957NIDO26,N5,340,340,100.00
20,179,965AEL27,N4,61,61,100.00
20,180,965IFSL26,N6,50,50,100.00
20,181,965SCL26Y,N1,10,10,100.00
20,182,96IIFL28,N5,1894,1563,82.52
20,183,96IIFL28A,NF,1249,1190,95.28
20,184,970CAGL28,ND,240,240,100.00
20,185,971SCL28,AN,79,50,63.29
20,186,975SCL28,NT,350,350,100.00
20,187,97MOFSL34,N7,10,10,100.00
20,188,97SFL28,YS,50,50,100.00
20,189,980SCL33D,YG,24,24,100.00
20,190,985ECL28,NK,200,200,100.00
20,191,985IIFL22,NC,106,73,68.87
20,192,99AEL29,N7,192,136,70.83
20,193,9MMFSML,N2,17,17,100.00
20,194,9PCHFL31A,NA,140,100,71.43
20,195,9PEL25,N0,263,263,100.00
20,196,9SCL26BA,NA,1381,1381,100.00
20,197,AAATECH,EQ,6920,4105,59.32
20,198,AADHARHFC,EQ,446934,289238,64.72
20,199,AAKASH,EQ,74393,54193,72.85
20,200,AAREYDRUGS,EQ,10454,9063,86.69
20,201,AARON,EQ,5490,2955,53.83
20,202,AARTIDRUGS,EQ,47432,26877,56.66
20,203,AARTIIND,EQ,821435,265425,32.31
20,204,AARTIPHARM,EQ,1502882,457061,30.41
20,205,AARTISURF,EQ,11032,8523,77.26
20,206,AARVI,EQ,12315,6726,54.62
20,207,AATMAJ,SM,2000,2000,100.00
20,208,AAVAS,EQ,331323,213962,64.58
20,209,ABAN,EQ,87136,61390,70.45
20,210,ABB,EQ,376402,213050,56.60
20,211,ABBOTINDIA,EQ,11735,3227,27.50
20,212,ABCAPITAL,EQ,3204828,1649919,51.48
20,213,ABCOTS,ST,7500,5000,66.67
20,214,ABDL,EQ,520599,239137,45.93
20,215,ABFRL,EQ,1474692,535420,36.31
20,216,ABGSEC,EQ,98,96,97.96
20,217,ABHAPOWER,ST,20800,19200,92.31
20,218,ABINFRA,EQ,90865,11783,12.97
20,219,ABMINTLLTD,EQ,961,933,97.09
20,220,ABREL,EQ,105890,38564,36.42
20,221,ABSLAMC,EQ,138339,76480,55.28
20,222,ABSLBANETF,EQ,25055,16442,65.62
20,223,ABSLLIQUID,EQ,810,519,64.07
20,224,ABSLNN50ET,EQ,23527,20544,87.32
20,225,ABSLPSE,EQ,552599,492463,89.12
20,226,ABSMARINE,ST,40000,38000,95.00
20,227,ACC,EQ,120289,45258,37.62
20,228,ACCELYA,EQ,12170,7406,60.85
20,229,ACCENTMIC,SM,47500,39000,82.11
20,230,ACCORD,SM,10000,10000,100.00
20,231,ACCURACY,EQ,92377,66201,71.66
20,232,ACE,EQ,1146227,223533,19.50
20,233,ACEINTEG,EQ,20107,3829,19.04
20,234,ACI,EQ,372075,149563,40.20
20,235,ACL,EQ,14570,8679,59.57
20,236,ACLGATI,EQ,184100,99076,53.82
20,237,ACMESOLAR,EQ,1842664,886921,48.13
20,238,ADANIENSOL,EQ,1132859,324527,28.65
20,239,ADANIENT,EQ,739708,250990,33.93
20,240,ADANIGREEN,EQ,1527205,515652,33.76
20,241,ADANIPORTS,EQ,2415627,1169866,48.43
20,242,ADANIPOWER,EQ,2635512,754943,28.65
20,243,ADFFOODS,EQ,57916,27898,48.17
20,244,ADL,EQ,464,252,54.31
20,245,ADORWELD,EQ,55402,46652,84.21
20,246,ADSL,EQ,571056,173463,30.38
20,247,ADVANIHOTR,EQ,64560,31426,48.68
20,248,ADVENZYMES,EQ,252629,160045,63.35
20,249,AEGISLOG,EQ,2088401,332651,15.93
20,250,AEL120924,N2,102,100,98.04
20,251,AEROFLEX,EQ,1490287,585619,39.30
20,252,AERON,SM,49000,42000,85.71
20,253,AESTHETIK,SM,28000,22000,78.57
20,254,AETHER,EQ,24314,10288,42.31
20,255,AFCONS,EQ,1145502,559680,48.86
20,256,AFFLE,EQ,447004,164771,36.86
20,257,AFFORDABLE,EQ,34026,23769,69.86
20,258,AFIL,EQ,180040,107120,59.50
20,259,AGARIND,EQ,16188,8964,55.37
20,260,AGARWALEYE,EQ,1146330,530219,46.25
20,261,AGARWALFT,SM,19500,13500,69.23
20,262,AGARWALTUF,SM,15600,13200,84.62
20,263,AGI,EQ,165529,84332,50.95
20,264,AGIIL,EQ,31295,15288,48.85
20,265,AGNI,SM,37500,30000,80.00
20,266,AGRITECH,EQ,17455,6078,34.82
20,267,AGROPHOS,EQ,15820,5379,34.00
20,268,AGUL,SM,2000,2000,100.00
20,269,AHIMSA,ST,3000,3000,100.00
20,270,AHLADA,EQ,17663,11077,62.71
20,271,AHLEAST,EQ,7856,5940,75.61
20,272,AHLUCONT,EQ,119533,47494,39.73
20,273,AIAENG,EQ,60579,54073,89.26
20,274,AIIL,EQ,61883,27568,44.55
20,275,AILIMITED,ST,3000,3000,100.00
20,276,AIMTRON,SM,130000,100000,76.92
20,277,AIRAN,EQ,261555,134814,51.54
20,278,AIROLAM,EQ,11700,9470,80.94
20,279,AIRTELPP,E1,703810,616814,87.64
20,280,AISL,SM,5400,4200,77.78
20,281,AJANTPHARM,EQ,71591,33486,46.77
20,282,AJMERA,EQ,48797,21249,43.55
20,283,AJOONI,EQ,216248,176411,81.58
20,284,AKANKSHA,ST,19000,17000,89.47
20,285,AKASH,EQ,3961,3225,81.42
20,286,AKG,EQ,15199,13488,88.74
20,287,AKIKO,SM,9600,6400,66.67
20,288,AKSHARCHEM,EQ,1364,1038,76.10
20,289,AKUMS,EQ,401768,172553,42.95
20,290,AKZOINDIA,EQ,14760,4750,32.18
20,291,ALANKIT,EQ,267324,155734,58.26
20,292,ALBERTDAVD,EQ,5394,3276,60.73
20,293,ALEMBICLTD,EQ,827172,131122,15.85
20,294,ALICON,EQ,11840,8671,73.23
20,295,ALIVUS,EQ,80566,40394,50.14
20,296,ALKALI,EQ,7881,3916,49.69
20,297,ALKEM,EQ,781373,321964,41.20
20,298,ALKYLAMINE,EQ,40105,17841,44.49
20,299,ALLCARGO,EQ,1812468,774573,42.74
20,300,ALLDIGI,EQ,4530,3054,67.42
20,301,ALLETEC,ST,16800,15600,92.86
20,302,ALMONDZ,EQ,114978,88162,76.68
20,303,ALOKINDS,EQ,3385229,1343904,39.70
20,304,ALPA,EQ,20627,12865,62.37
20,305,ALPEXSOLAR,SM,58000,32600,56.21
20,306,ALPHA,EQ,1553559,1238084,79.69
20,307,ALPHAETF,EQ,1334737,696204,52.16
20,308,ALPHAGEO,EQ,4571,3193,69.85
20,309,ALPL30IETF,EQ,1223381,877624,71.74
20,310,ALUWIND,SM,34500,33000,95.65
20,311,AMBANIORGO,ST,4000,4000,100.00
20,312,AMBER,EQ,280946,59298,21.11
20,313,AMBEY,SM,12000,8000,66.67
20,314,AMBICAAGAR,EQ,105117,23982,22.81
20,315,AMBIKCO,EQ,6040,2969,49.16
20,316,AMBUJACEM,EQ,2018861,1285920,63.70
20,317,AMDIND,EQ,8773,5572,63.51
20,318,AMEYA,SM,2000,2000,100.00
20,319,AMIABLE,SM,4800,3200,66.67
20,320,AMIORG,EQ,178069,93342,52.42
20,321,AMJLAND,EQ,28821,20242,70.23
20,322,AMNPLST,EQ,9060,5131,56.63
20,323,AMRUTANJAN,EQ,9780,5476,55.99
20,324,ANANDRATHI,EQ,40358,25493,63.17
20,325,ANANTRAJ,EQ,3128769,1066105,34.07
20,326,ANDHRAPAP,EQ,87638,51311,58.55
20,327,ANDHRSUGAR,EQ,73611,38179,51.87
20,328,ANGELONE,EQ,617701,143641,23.25
20,329,ANIKINDS,EQ,18564,10300,55.48
20,330,ANLON,SM,3600,3200,88.89
20,331,ANMOL,EQ,66257,43973,66.37
20,332,ANNAPURNA,SM,23250,19000,81.72
20,333,ANTGRAPHIC,EQ,291107,215799,74.13
20,334,ANUHPHR,EQ,98945,51460,52.01
20,335,ANUP,EQ,33726,17073,50.62
20,336,ANURAS,EQ,209065,54238,25.94
20,337,ANYA,SM,140000,130000,92.86
20,338,APARINDS,EQ,206821,111058,53.70
20,339,APCL,EQ,3388,2063,60.89
20,340,APCOTEXIND,EQ,17641,10987,62.28
20,341,APEX,EQ,41482,18926,45.62
20,342,APEXECO,SM,32000,22400,70.00
20,343,APLAPOLLO,EQ,380525,224913,59.11
20,344,APLLTD,EQ,140269,25336,18.06
20,345,APOLLO,EQ,4568335,1512029,33.10
20,346,APOLLOHOSP,EQ,213808,108542,50.77
20,347,APOLLOPIPE,EQ,57702,36628,63.48
20,348,APOLLOTYRE,EQ,2734651,637216,23.30
20,349,APOLSINHOT,EQ,4858,3924,80.77
20,350,APS,SM,74500,39750,53.36
20,351,APTECHT,EQ,55011,31763,57.74
20,352,APTUS,EQ,782938,606691,77.49
20,353,ARABIAN,SM,4000,4000,100.00
20,354,ARCHIDPLY,EQ,12168,7164,58.88
20,355,ARCHIES,EQ,21377,14713,68.83
20,356,ARE&M,EQ,715144,329102,46.02
20,357,ARHAM,SM,4000,4000,100.00
20,358,ARIHANTCAP,EQ,458234,271042,59.15
20,359,ARIHANTSUP,EQ,40377,19377,47.99
20,360,ARKADE,EQ,536337,221579,41.31
20,361,ARMANFIN,EQ,20568,11933,58.02
20,362,AROGRANITE,EQ,5950,4072,68.44
20,363,ARROWGREEN,EQ,159864,73857,46.20
20,364,ARTEMISMED,EQ,169914,95382,56.14
20,365,ARVEE,EQ,176,79,44.89
20,366,ARVIND,EQ,379802,160289,42.20
20,367,ARVINDFASN,EQ,298148,114910,38.54
20,368,ARVINDPORT,ST,27000,27000,100.00
20,369,ARVSMART,EQ,51969,36661,70.54
20,370,ASAHIINDIA,EQ,103632,27358,26.40
20,371,ASAHISONG,EQ,12298,8671,70.51
20,372,ASAL,EQ,8982,3932,43.78
20,373,ASALCBR,EQ,163285,68233,41.79
20,374,ASHALOG,SM,4000,2000,50.00
20,375,ASHAPURMIN,EQ,213073,115257,54.09
20,376,ASHIANA,EQ,40985,19225,46.91
20,377,ASHIMASYN,EQ,296591,161526,54.46
20,378,ASHOKA,EQ,1061417,496416,46.77
20,379,ASHOKAMET,EQ,30292,25680,84.77
20,380,ASHOKLEY,EQ,1393553,360960,25.90
20,381,ASIANENE,EQ,109019,60452,55.45
20,382,ASIANPAINT,EQ,1181565,757941,64.15
20,383,ASIANTILES,EQ,229933,134084,58.31
20,384,ASKAUTOLTD,EQ,121769,69491,57.07
20,385,ASLIND,SM,6000,6000,100.00
20,386,ASMS,EQ,697196,583680,83.72
20,387,ASPINWALL,EQ,16160,10164,62.90
20,388,ASTEC,EQ,10364,6077,58.64
20,389,ASTERDM,EQ,664393,487793,73.42
20,390,ASTRAL,EQ,235593,118842,50.44
20,391,ASTRAMICRO,EQ,286850,116387,40.57
20,392,ASTRAZEN,EQ,11870,6889,58.04
20,393,ASTRON,EQ,30625,17136,55.95
20,394,ATAM,EQ,50032,16071,32.12
20,395,ATFL,EQ,18684,10644,56.97
20,396,ATGL,EQ,706920,265053,37.49
20,397,ATL,EQ,196018,113912,58.11
20,398,ATMASTCO,ST,86400,79200,91.67
20,399,ATUL,EQ,31191,11099,35.58
20,400,ATULAUTO,EQ,308249,51174,16.60
20,401,AUBANK,EQ,1064051,514682,48.37
20,402,AURDIS,ST,5625,5000,88.89
20,403,AURIONPRO,EQ,22907,14046,61.32
20,404,AUROIMPEX,SM,4800,4800,100.00
20,405,AUROPHARMA,EQ,567422,237144,41.79
20,406,AURUM,EQ,50542,24176,47.83
20,407,AURUMPP1,E1,10,10,100.00
20,408,AUSL,SM,44000,44000,100.00
20,409,AUTOAXLES,EQ,18280,12155,66.49
20,410,AUTOBEES,EQ,133258,55634,41.75
20,411,AUTOIETF,EQ,227858,118234,51.89
20,412,AUTOIND,EQ,296081,109887,37.11
20,413,AVADHSUGAR,EQ,97841,27027,27.62
20,414,AVALON,EQ,179219,99721,55.64
20,415,AVANTEL,EQ,305221,170279,55.79
20,416,AVANTIFEED,EQ,1258715,367808,29.22
20,417,AVIANSH,ST,34000,32000,94.12
20,418,AVL,EQ,461554,413409,89.57
20,419,AVPINFRA,ST,7200,7200,100.00
20,420,AVTNPL,EQ,42859,27631,64.47
20,421,AWFIS,EQ,125879,75728,60.16
20,422,AWHCL,EQ,58812,29741,50.57
20,423,AWL,EQ,1030161,520510,50.53
20,424,AXISBANK,EQ,3960565,2749694,69.43
20,425,AXISBNKETF,EQ,574,523,91.11
20,426,AXISBPSETF,EQ,277084,265643,95.87
20,427,AXISCETF,EQ,2966,1870,63.05
20,428,AXISGOLD,EQ,474085,342098,72.16
20,429,AXISHCETF,EQ,2786,2052,73.65
20,430,AXISILVER,EQ,47260,43671,92.41
20,431,AXISNIFTY,EQ,8160,7568,92.75
20,432,AXISTECETF,EQ,1052,671,63.78
20,433,AXITA,EQ,5247561,1148827,21.89
20,434,AXSENSEX,EQ,1977,1755,88.77
20,435,AYMSYNTEX,EQ,66156,46637,70.50
20,436,AZAD,EQ,160360,80285,50.07
20,437,BABAFP,SM,11200,11200,100.00
20,438,BAHETI,SM,18375,10125,55.10
20,439,BAIDFIN,EQ,330494,171553,51.91
20,440,BAJAJ-AUTO,EQ,192650,101164,52.51
20,441,BAJAJCON,EQ,363894,136105,37.40
20,442,BAJAJELEC,EQ,13590,4730,34.81
20,443,BAJAJFINSV,EQ,908769,418345,46.03
20,444,BAJAJHCARE,EQ,268897,111814,41.58
20,445,BAJAJHFL,EQ,5060873,2102328,41.54
20,446,BAJAJHIND,EQ,3776910,1813523,48.02
20,447,BAJAJHLDNG,EQ,84954,30476,35.87
20,448,BAJEL,EQ,154766,86049,55.60
20,449,BAJFINANCE,EQ,1243838,752275,60.48
20,450,BALAJEE,EQ,68855,28776,41.79
20,451,BALAMINES,EQ,84589,25827,30.53
20,452,BALAXI,EQ,28911,15142,52.37
20,453,BALCO,ST,7200,7200,100.00
20,454,BALKRISHNA,EQ,48420,39829,82.26
20,455,BALKRISIND,EQ,84051,43110,51.29
20,456,BALMLAWRIE,EQ,120778,63869,52.88
20,457,BALPHARMA,EQ,24599,14588,59.30
20,458,BALRAMCHIN,EQ,497696,211283,42.45
20,459,BALUFORGE,EQ,1177380,332694,28.26
20,460,BANARISUG,EQ,1754,1461,83.30
20,461,BANCOINDIA,EQ,1876607,779649,41.55
20,462,BANDHANBNK,EQ,3344068,1235424,36.94
20,463,BANKA,EQ,9532,5400,56.65
20,464,BANKBARODA,EQ,4292326,1384368,32.25
20,465,BANKBEES,EQ,317104,134049,42.27
20,466,BANKBETF,EQ,2169,1296,59.75
20,467,BANKETF,EQ,1331,1016,76.33
20,468,BANKETFADD,EQ,3170,2144,67.63
20,469,BANKIETF,EQ,114498,56423,49.28
20,470,BANKINDIA,EQ,5384683,1911688,35.50
20,471,BANKNIFTY1,EQ,33974,19158,56.39
20,472,BANKPSU,EQ,2370,1287,54.30
20,473,BANSALWIRE,EQ,26223,12262,46.76
20,474,BANSWRAS,EQ,23001,12998,56.51
20,475,BARBEQUE,EQ,363785,222541,61.17
20,476,BARFLEX,SM,52000,42000,80.77
20,477,BASF,EQ,15682,8635,55.06
20,478,BASILIC,ST,24600,22500,91.46
20,479,BASML,EQ,84720,44562,52.60
20,480,BATAINDIA,EQ,160276,31467,19.63
20,481,BAWEJA,SM,5600,4000,71.43
20,482,BAYERCROP,EQ,9189,5067,55.14
20,483,BBETF0432,EQ,3070,3060,99.67
20,484,BBL,EQ,42356,21932,51.78
20,485,BBNPNBETF,EQ,331,328,99.09
20,486,BBNPPGOLD,EQ,3943,2406,61.02
20,487,BBOX,EQ,230484,132776,57.61
20,488,BBTC,EQ,22454,8941,39.82
20,489,BBTCL,EQ,2814,492,17.48
20,490,BCLIND,EQ,375360,218169,58.12
20,491,BCONCEPTS,EQ,11599,7808,67.32
20,492,BDL,EQ,1019932,180756,17.72
20,493,BEACON,SM,4000,4000,100.00
20,494,BEARDSELL,EQ,44381,29189,65.77
20,495,BECTORFOOD,EQ,64399,31193,48.44
20,496,BEDMUTHA,EQ,4544,3405,74.93
20,497,BEL,EQ,21789085,8123938,37.28
20,498,BEML,EQ,269268,55902,20.76
20,499,BEPL,EQ,322481,170203,52.78
20,500,BERGEPAINT,EQ,865594,239228,27.64
20,501,BESTAGRO,EQ,64424,21965,34.09
20,502,BETA,SM,4600,3800,82.61
20,503,BEWLTD,ST,7500,6000,80.00
20,504,BFINVEST,EQ,21225,13570,63.93
20,505,BFSI,EQ,90065,54176,60.15
20,506,BFUTILITIE,EQ,46761,24742,52.91
20,507,BHAGCHEM,EQ,71392,41606,58.28
20,508,BHAGERIA,EQ,47885,31444,65.67
20,509,BHAGYANGR,EQ,9399,5311,56.51
20,510,BHANDARI,EQ,460875,305943,66.38
20,511,BHARATFORG,EQ,460118,273575,59.46
20,512,BHARATGEAR,EQ,4915,3742,76.13
20,513,BHARATRAS,EQ,2085,1336,64.08
20,514,BHARATWIRE,EQ,55778,32185,57.70
20,515,BHARTIARTL,EQ,6782878,4448439,65.58
20,516,BHARTIHEXA,EQ,786496,175247,22.28
20,517,BHEL,EQ,19309166,3238965,16.77
20,518,BIGBLOC,EQ,298199,203179,68.14
20,519,BIKAJI,EQ,500888,183780,36.69
20,520,BIKEWO,SM,20000,16000,80.00
20,521,BINANIIND,EQ,33837,21084,62.31
20,522,BIOCON,EQ,1726831,451654,26.16
20,523,BIOFILCHEM,EQ,6010,3247,54.03
20,524,BIRDYS,SM,1200,1200,100.00
20,525,BIRET,RR,112429,85426,75.98
20,526,BIRLACABLE,EQ,26718,15718,58.83
20,527,BIRLACORPN,EQ,62057,35239,56.78
20,528,BLACKBUCK,EQ,404147,262857,65.04
20,529,BLAL,EQ,41819,16149,38.62
20,530,BLBLIMITED,EQ,70733,27147,38.38
20,531,BLISSGVS,EQ,272883,91266,33.45
20,532,BLKASHYAP,EQ,563906,337427,59.84
20,533,BLS,EQ,1867478,634928,34.00
20,534,BLSE,EQ,137731,68045,49.40
20,535,BLUEDART,EQ,8424,2600,30.86
20,536,BLUEJET,EQ,534746,390621,73.05
20,537,BLUEPEBBLE,SM,7200,4400,61.11
20,538,BLUESTARCO,EQ,229604,97725,42.56
20,539,BMETRICS,SM,6400,5600,87.50
20,540,BODALCHEM,EQ,145491,90719,62.35
20,541,BOMDYEING,EQ,451071,163100,36.16
20,542,BOROLTD,EQ,997603,514502,51.57
20,543,BOROSCI,EQ,27445,15562,56.70
20,544,BOSCHLTD,EQ,33234,21009,63.22
20,545,BOSS,ST,4000,4000,100.00
20,546,BPCL,EQ,8052376,4879913,60.60
20,547,BPL,EQ,78018,42287,54.20
20,548,BRACEPORT,ST,19200,17600,91.67
20,549,BRIGADE,EQ,326258,243688,74.69
20,550,BRIGHT,SZ,63000,63000,100.00
20,551,BRITANNIA,EQ,625074,174129,27.86
20,552,BRNL,EQ,39678,21289,53.65
20,553,BROOKS,EQ,23420,15234,65.05
20,554,BSE,EQ,1375894,483906,35.17
20,555,BSE500IETF,EQ,322862,245378,76.00
20,556,BSHSL,EQ,33823,18647,55.13
20,557,BSL,EQ,6839,5756,84.16
20,558,BSLGOLDETF,EQ,360682,308216,85.45
20,559,BSLNIFTY,EQ,159485,120311,75.44
20,560,BSLSENETFG,EQ,1089,772,70.89
20,561,BSOFT,EQ,760403,349098,45.91
20,562,BULKCORP,SM,3600,2400,66.67
20,563,BUTTERFLY,EQ,35193,29586,84.07
20,564,BVCL,EQ,11670,3717,31.85
20,565,C2C,SM,26400,16800,63.64
20,566,CADSYS,ST,2500,2000,80.00
20,567,CAMLINFINE,EQ,2119836,913291,43.08
20,568,CAMPUS,EQ,488850,174496,35.70
20,569,CAMS,EQ,371179,168489,45.39
20,570,CANARYS,SM,20000,16000,80.00
20,571,CANBK,EQ,11919454,4424787,37.12
20,572,CANFINHOME,EQ,319444,128078,40.09
20,573,CANTABIL,EQ,979022,480788,49.11
20,574,CAPACITE,EQ,471216,208269,44.20
20,575,CAPINVIT,IV,1416341,1413718,99.81
20,576,CAPITALSFB,EQ,223209,113282,50.75
20,577,CAPLIPOINT,EQ,189147,60528,32.00
20,578,CAPTRUST,EQ,20777,11570,55.69
20,579,CARBORUNIV,EQ,94929,53183,56.02
20,580,CAREERP,EQ,7331,5968,81.41
20,581,CARERATING,EQ,41531,24184,58.23
20,582,CARRARO,EQ,2169412,619444,28.55
20,583,CARTRADE,EQ,254747,122756,48.19
20,584,CARYSIL,EQ,60639,33969,56.02
20,585,CASTROLIND,EQ,17945555,3067912,17.10
20,586,CBAZAAR,SM,32000,32000,100.00
20,587,CCHHL,EQ,49787,44293,88.96
20,588,CCL,EQ,211564,85362,40.35
20,589,CDSL,EQ,2062278,738318,35.80
20,590,CEATLTD,EQ,120680,45887,38.02
20,591,CEIGALL,EQ,111967,63499,56.71
20,592,CELEBRITY,EQ,57339,37646,65.66
20,593,CELLECOR,SM,726000,495000,68.18
20,594,CELLO,EQ,63501,31823,50.11
20,595,CELLPOINT,SM,10800,8400,77.78
20,596,CENTENKA,EQ,13496,6392,47.36
20,597,CENTEXT,EQ,50869,29994,58.96
20,598,CENTRALBK,EQ,1583063,600378,37.93
20,599,CENTRUM,EQ,101393,68090,67.15
20,600,CENTUM,EQ,16288,10900,66.92
20,601,CENTURYPLY,EQ,246189,120551,48.97
20,602,CERA,EQ,10222,4547,44.48
20,603,CESC,EQ,4965720,2096813,42.23
20,604,CEWATER,EQ,118388,32713,27.63
20,605,CGCL,EQ,249763,73134,29.28
20,606,CGPOWER,EQ,4093785,2421907,59.16
20,607,CGRAPHICS,SM,71200,45600,64.04
20,608,CHALET,EQ,232082,128208,55.24
20,609,CHAMBLFERT,EQ,3171755,796617,25.12
20,610,CHAVDA,SM,78000,45000,57.69
20,611,CHEMBOND,EQ,10636,8257,77.63
20,612,CHEMCON,EQ,13016,8484,65.18
20,613,CHEMFAB,EQ,1965,862,43.87
20,614,CHEMPLASTS,EQ,23841,10128,42.48
20,615,CHENNPETRO,EQ,292928,114044,38.93
20,616,CHETANA,SM,4800,4800,100.00
20,617,CHEVIOT,EQ,1660,1089,65.60
20,618,CHOICEIN,EQ,351074,86513,24.64
20,619,CHOLAFIN,EQ,742166,220417,29.70
20,620,CHOLAHLDNG,EQ,118139,50179,42.47
20,621,CIEINDIA,EQ,48407,23136,47.79
20,622,CIGNITITEC,EQ,71935,36626,50.92
20,623,CINEVISTA,EQ,6174,4063,65.81
20,624,CIPLA,EQ,1282801,667123,52.01
20,625,CLEAN,EQ,66565,30136,45.27
20,626,CLEDUCATE,EQ,87302,49124,56.27
20,627,CLOUD,SZ,67000,63000,94.03
20,628,CLSEL,EQ,56404,26050,46.18
20,629,CLSL,SM,2000,2000,100.00
20,630,CMMIPL,SZ,12000,12000,100.00
20,631,CMNL,SM,4500,4500,100.00
20,632,CMRSL,SM,800,800,100.00
20,633,CMSINFO,EQ,531182,314165,59.14
20,634,COALINDIA,EQ,3380494,1320406,39.06
20,635,COASTCORP,EQ,11069,6904,62.37
20,636,COCHINSHIP,EQ,1926624,265102,13.76
20,637,COFORGE,EQ,269147,165943,61.66
20,638,COLPAL,EQ,495150,303441,61.28
20,639,COMMITTED,ST,17600,17600,100.00
20,640,COMMOIETF,EQ,55633,28536,51.29
20,641,COMPUSOFT,EQ,49409,29974,60.67
20,642,CONCOR,EQ,522653,229039,43.82
20,643,CONCORDBIO,EQ,548445,187923,34.26
20,644,CONFIPET,EQ,249710,145485,58.26
20,645,CONS,EQ,1820,1353,74.34
20,646,CONSOFINVT,EQ,4671,2487,53.24
20,647,CONSUMBEES,EQ,164955,78282,47.46
20,648,CONSUMER,EQ,66957,49587,74.06
20,649,CONSUMIETF,EQ,12254,7307,59.63
20,650,CONTROLPR,EQ,7732,5042,65.21
20,651,COOLCAPS,ST,2250,2250,100.00
20,652,CORALFINAC,EQ,15000,8989,59.93
20,653,CORDSCABLE,EQ,242130,106847,44.13
20,654,COROMANDEL,EQ,354109,224995,63.54
20,655,COSMOFIRST,EQ,152678,93696,61.37
20,656,COUNCODOS,EQ,84030,44530,52.99
20,657,CPS,ST,3000,2400,80.00
20,658,CPSEETF,EQ,3411940,1997750,58.55
20,659,CRAFTSMAN,EQ,155149,146042,94.13
20,660,CRAYONS,SM,7000,5000,71.43
20,661,CREATIVE,EQ,9174,5593,60.97
20,662,CREATIVEYE,EQ,351969,144256,40.99
20,663,CREDITACC,EQ,496474,83079,16.73
20,664,CREST,EQ,7581,2863,37.77
20,665,CRISIL,EQ,33552,11128,33.17
20,666,CROMPTON,EQ,2588396,1783040,68.89
20,667,CROWN,EQ,82182,23548,28.65
20,668,CSBBANK,EQ,101287,53157,52.48
20,669,CSLFINANCE,EQ,12161,6293,51.75
20,670,CTE,EQ,16237,9772,60.18
20,671,CUB,EQ,1141552,518774,45.44
20,672,CUMMINSIND,EQ,1127133,265716,23.57
20,673,CUPID,EQ,302944,105563,34.85
20,674,CYBERMEDIA,EQ,10258,6200,60.44
20,675,CYBERTECH,EQ,64782,36295,56.03
20,676,CYIENT,EQ,359936,189568,52.67
20,677,CYIENTDLM,EQ,319450,157449,49.29
20,678,DABUR,EQ,1678247,710000,42.31
20,679,DALBHARAT,EQ,148651,78470,52.79
20,680,DALMIASUG,EQ,87559,40037,45.73
20,681,DAMCAPITAL,EQ,1164513,404391,34.73
20,682,DAMODARIND,EQ,9064,6875,75.85
20,683,DANGEE,EQ,31366,22303,71.11
20,684,DANISH,SM,90600,58800,64.90
20,685,DATAMATICS,EQ,160918,56884,35.35
20,686,DATAPATTNS,EQ,139770,53862,38.54
20,687,DAVANGERE,EQ,1020577,609261,59.70
20,688,DBCORP,EQ,118752,42966,36.18
20,689,DBEIL,EQ,65520,28848,44.03
20,690,DBL,EQ,116429,48544,41.69
20,691,DBOL,EQ,170053,90592,53.27
20,692,DBREALTY,EQ,883297,508508,57.57
20,693,DBSTOCKBRO,EQ,12254,8498,69.35
20,694,DCAL,EQ,214717,77798,36.23
20,695,DCBBANK,EQ,469019,205788,43.88
20,696,DCG,SM,49200,34800,70.73
20,697,DCI,EQ,7390,4000,54.13
20,698,DCM,EQ,22453,15153,67.49
20,699,DCMFINSERV,EQ,8934,8423,94.28
20,700,DCMNVL,EQ,28977,21304,73.52
20,701,DCMSHRIRAM,EQ,26994,9509,35.23
20,702,DCMSRIND,EQ,52136,30172,57.87
20,703,DCW,EQ,538395,228373,42.42
20,704,DCXINDIA,EQ,301678,132107,43.79
20,705,DDEVPLSTIK,EQ,60063,37686,62.74
20,706,DECCANCE,EQ,2299,1406,61.16
20,707,DECCANTRAN,ST,14400,10800,75.00
20,708,DEEDEV,EQ,53000,30618,57.77
20,709,DEEM,SM,3000,3000,100.00
20,710,DEEPAKFERT,EQ,585166,394765,67.46
20,711,DEEPAKNTR,EQ,98355,26257,26.70
20,712,DEEPINDS,EQ,281195,141562,50.34
20,713,DELAPLEX,SM,17400,10200,58.62
20,714,DELHIVERY,EQ,8218593,1901203,23.13
20,715,DELTACORP,EQ,802484,397910,49.58
20,716,DELTAMAGNT,EQ,2976,1989,66.83
20,717,DELTIC,SM,62000,56000,90.32
20,718,DEN,EQ,400431,225552,56.33
20,719,DENEERS,ST,22200,21600,97.30
20,720,DENORA,EQ,6015,3793,63.06
20,721,DENTALKART,SM,12500,7250,58.00
20,722,DEVIT,EQ,235278,132938,56.50
20,723,DEVYANI,EQ,1519546,710492,46.76
20,724,DHAMPURSUG,EQ,138508,52395,37.83
20,725,DHANI,EQ,1581048,750642,47.48
20,726,DHANLAXMI,ST,12000,12000,100.00
20,727,DHANUKA,EQ,40649,16532,40.67
20,728,DHARMAJ,EQ,34030,22035,64.75
20,729,DHUNINV,EQ,28988,6526,22.51
20,730,DIAMINESQ,EQ,4753,3343,70.33
20,731,DIAMONDYD,EQ,130721,47879,36.63
20,732,DICIND,EQ,10810,10154,93.93
20,733,DIFFNKG,EQ,180624,82539,45.70
20,734,DIGIDRIVE,EQ,121133,81676,67.43
20,735,DIGIKORE,ST,3000,2800,93.33
20,736,DIGISPICE,EQ,69289,39162,56.52
20,737,DISHTV,EQ,5431775,3248653,59.81
20,738,DIVGIITTS,EQ,11228,7023,62.55
20,739,DIVISLAB,EQ,284788,152454,53.53
20,740,DIVOPPBEES,EQ,44223,27487,62.16
20,741,DIXON,EQ,204059,67700,33.18
20,742,DKEGL,SM,3000,3000,100.00
20,743,DLF,EQ,2070161,591619,28.58
20,744,DLINKINDIA,EQ,183306,70724,38.58
20,745,DLSL25A,Y4,3,3,100.00
20,746,DMART,EQ,428010,157434,36.78
20,747,DNAMEDIA,EQ,145953,86472,59.25
20,748,DODLA,EQ,34802,16754,48.14
20,749,DOLATALGO,EQ,185675,89869,48.40
20,750,DOLLAR,EQ,108488,50820,46.84
20,751,DOLPHIN,EQ,31228,19809,63.43
20,752,DOMS,EQ,184494,52501,28.46
20,753,DONEAR,EQ,61907,33091,53.45
20,754,DPABHUSHAN,EQ,24254,11839,48.81
20,755,DPEL,ST,3000,3000,100.00
20,756,DPSCLTD,EQ,125605,90756,72.26
20,757,DPWIRES,EQ,22695,17672,77.87
20,758,DRCSYSTEMS,EQ,195443,102291,52.34
20,759,DREAMFOLKS,EQ,170011,90820,53.42
20,760,DREDGECORP,EQ,24931,11054,44.34
20,761,DRL,ST,6000,6000,100.00
20,762,DRONE,ST,26500,25000,94.34
20,763,DRREDDY,EQ,1565579,1031009,65.85
20,764,DSSL,EQ,22349,11959,53.51
20,765,DTIL,EQ,6782,3388,49.96
20,766,DTL,SM,7200,6000,83.33
20,767,DUCOL,SM,4800,3200,66.67
20,768,DUCON,EQ,1091724,607182,55.62
20,769,DURLAX,SM,10000,8000,80.00
20,770,DVL,EQ,719547,134714,18.72
20,771,DWARKESH,EQ,495548,262917,53.06
20,772,DYCL,EQ,51070,30390,59.51
20,773,DYNAMATECH,EQ,16540,5746,34.74
20,774,DYNAMIC,ST,12000,12000,100.00
20,775,DYNPRO,EQ,32008,15742,49.18
20,776,E2E,EQ,162326,68134,41.97
20,777,EASEMYTRIP,EQ,17268593,7206656,41.73
20,778,EBANKNIFTY,EQ,308,286,92.86
20,779,EBBETF0425,EQ,6711,6671,99.40
20,780,EBBETF0430,EQ,12062,9465,78.47
20,781,EBBETF0431,EQ,1879,1103,58.70
20,782,EBBETF0433,EQ,5604,5512,98.36
20,783,ECAPINSURE,EQ,18173,15940,87.71
20,784,ECLERX,EQ,40749,20597,50.55
20,785,ECOSMOBLTY,EQ,262762,76495,29.11
20,786,EDELWEISS,EQ,2945623,1382127,46.92
20,787,EFACTOR,ST,16000,16000,100.00
20,788,EFFWA,SM,12800,12000,93.75
20,789,EFORCE,SM,21600,15600,72.22
20,790,EGOLD,EQ,45419,42499,93.57
20,791,EICHERMOT,EQ,631815,313785,49.66
20,792,EIDPARRY,EQ,113451,53060,46.77
20,793,EIEL,EQ,3980959,778031,19.54
20,794,EIFFL,EQ,40473,26109,64.51
20,795,EIHAHOTELS,EQ,77363,20869,26.98
20,796,EIHOTEL,EQ,312578,133876,42.83
20,797,EIMCOELECO,EQ,7285,5043,69.22
20,798,EKC,EQ,497697,210542,42.30
20,799,ELDEHSG,EQ,231,90,38.96
20,800,ELECON,EQ,285130,132743,46.56
20,801,ELECTCAST,EQ,901248,409402,45.43
20,802,ELGIEQUIP,EQ,71939,37749,52.47
20,803,ELIN,EQ,173490,84790,48.87
20,804,EMAIN,SM,188000,140000,74.47
20,805,EMAMILTD,EQ,216363,94543,43.70
20,806,EMAMIPAP,EQ,14556,8618,59.21
20,807,EMBASSY,RR,138353,127541,92.19
20,808,EMBDL,EQ,4926818,2290260,46.49
20,809,EMCURE,EQ,104728,41950,40.06
20,810,EMIL,EQ,1742165,761873,43.73
20,811,EMKAYTOOLS,SM,2250,1650,73.33
20,812,EMMBI,EQ,62808,35979,57.28
20,813,EMMIL,ST,16250,15500,95.38
20,814,EMSLIMITED,EQ,474319,231272,48.76
20,815,EMUDHRA,EQ,307177,110384,35.93
20,816,EMULTIMQ,EQ,100161,87312,87.17
20,817,ENDURANCE,EQ,21422,10231,47.76
20,818,ENFUSE,ST,600,600,100.00
20,819,ENGINERSIN,EQ,8389465,1056416,12.59
20,820,ENIL,EQ,13384,7928,59.23
20,821,ENSER,ST,130000,130000,100.00
20,822,ENTERO,EQ,49434,29772,60.23
20,823,ENVIRO,SM,20000,16000,80.00
20,824,EPACK,EQ,425083,253387,59.61
20,825,EPIGRAL,EQ,67300,16255,24.15
20,826,EPL,EQ,1449505,711616,49.09
20,827,EQUAL50ADD,EQ,8772,5922,67.51
20,828,EQUITASBNK,EQ,1013581,431912,42.61
20,829,ERIS,EQ,425474,71066,16.70
20,830,ESABINDIA,EQ,6526,4572,70.06
20,831,ESAFSFB,EQ,549961,223699,40.68
20,832,ESCONET,ST,1200,1200,100.00
20,833,ESCORTS,EQ,291371,50242,17.24
20,834,ESFL,SM,216720,114120,52.66
20,835,ESG,EQ,10341,6609,63.91
20,836,ESILVER,EQ,17070,16360,95.84
20,837,ESPRIT,ST,27200,17600,64.71
20,838,ESSENTIA,EQ,2569051,1672900,65.12
20,839,ESTER,EQ,179526,92313,51.42
20,840,ETHOSLTD,EQ,24966,12485,50.01
20,841,ETML,SM,16800,14400,85.71
20,842,EUREKAFORB,EQ,283198,68996,24.36
20,843,EUROBOND,SM,3000,2000,66.67
20,844,EVEREADY,EQ,78866,54380,68.95
20,845,EVINDIA,EQ,227879,132178,58.00
20,846,EXCELINDUS,EQ,135636,48914,36.06
20,847,EXCELLENT,SM,1600,1600,100.00
20,848,EXICOM,EQ,583224,266344,45.67
20,849,EXIDEIND,EQ,2265984,732295,32.32
20,850,EXPLEOSOL,EQ,116886,58264,49.85
20,851,EXXARO,EQ,731198,284795,38.95
20,852,FACT,EQ,144098,47437,32.92
20,853,FAIRCHEMOR,EQ,8129,2772,34.10
20,854,FALCONTECH,SM,8400,8400,100.00
20,855,FAZE3Q,EQ,10070,7693,76.40
20,856,FCL,EQ,2757911,1194930,43.33
20,857,FCSSOFT,EQ,1980654,1208305,61.01
20,858,FDC,EQ,38241,19891,52.01
20,859,FEDERALBNK,EQ,9502645,6113266,64.33
20,860,FEDFINA,EQ,210067,117337,55.86
20,861,FELIX,ST,27500,26000,94.55
20,862,FIBERWEB,EQ,38121,27043,70.94
20,863,FICRF3GP,MF,125,125,100.00
20,864,FIDEL,ST,1000,1000,100.00
20,865,FIEMIND,EQ,26854,15726,58.56
20,866,FILATEX,EQ,1588440,1041873,65.59
20,867,FINCABLES,EQ,73401,37584,51.20
20,868,FINEORG,EQ,11194,5757,51.43
20,869,FINIETF,EQ,69014,45502,65.93
20,870,FINOPB,EQ,48846,29976,61.37
20,871,FINPIPE,EQ,433421,200305,46.21
20,872,FIRSTCRY,EQ,2572809,388204,15.09
20,873,FIVESTAR,EQ,868206,419550,48.32
20,874,FLAIR,EQ,40390,21050,52.12
20,875,FLUOROCHEM,EQ,51197,25259,49.34
20,876,FMCGIETF,EQ,729294,430201,58.99
20,877,FMGOETZE,EQ,83653,71651,85.65
20,878,FOCE,ST,200,200,100.00
20,879,FOCUS,EQ,63548,59268,93.26
20,880,FONEBOX,SM,4000,3000,75.00
20,881,FOODSIN,EQ,90111,54290,60.25
20,882,FORCAS,ST,4800,4800,100.00
20,883,FORCEMOT,EQ,26519,14650,55.24
20,884,FORGEAUTO,SM,12000,12000,100.00
20,885,FORTIS,EQ,2416690,1348404,55.80
20,886,FOSECOIND,EQ,765,486,63.53
20,887,FRESHARA,ST,87600,82800,94.52
20,888,FROG,SM,66800,40400,60.48
20,889,FSL,EQ,11815755,2004841,16.97
20,890,FUSION,EQ,232878,120244,51.63
20,891,GABRIEL,EQ,283479,93955,33.14
20,892,GAEL,EQ,484453,218403,45.08
20,893,GAIL,EQ,11546697,6181517,53.53
20,894,GAJANAND,ST,9000,9000,100.00
20,895,GALAPREC,EQ,43120,12536,29.07
20,896,GALAXYSURF,EQ,8842,6453,72.98
20,897,GALLANTT,EQ,48694,23192,47.63
20,898,GANDHAR,EQ,185329,91940,49.61
20,899,GANDHITUBE,EQ,2404,1416,58.90
20,900,GANECOS,EQ,58278,15112,25.93
20,901,GANESHBE,EQ,34765,20630,59.34
20,902,GANESHHOUC,EQ,123951,47432,38.27
20,903,GANESHIN,SM,278400,203200,72.99
20,904,GANGAFORGE,EQ,82367,62839,76.29
20,905,GANGESSECU,EQ,5331,1990,37.33
20,906,GARFIBRES,EQ,83560,34974,41.85
20,907,GARUDA,EQ,1678554,524511,31.25
20,908,GATEWAY,EQ,443650,228359,51.47
20,909,GEECEE,EQ,36268,22806,62.88
20,910,GEEKAYWIRE,EQ,49757,37975,76.32
20,911,GENCON,EQ,31001,21630,69.77
20,912,GENESYS,EQ,124401,50228,40.38
20,913,GENSOL,EQ,110548,52695,47.67
20,914,GENUSPAPER,EQ,109976,65868,59.89
20,915,GENUSPOWER,EQ,491387,252305,51.35
20,916,GEOJITFSL,EQ,272555,144720,53.10
20,917,GEPIL,EQ,169924,98935,58.22
20,918,GESHIP,EQ,433184,235396,54.34
20,919,GFLLIMITED,EQ,32581,16974,52.10
20,920,GGBL,ST,25500,21900,85.88
20,921,GHCL,EQ,240103,110112,45.86
20,922,GHCLTEXTIL,EQ,80384,53074,66.03
20,923,GICHSGFIN,EQ,79290,45503,57.39
20,924,GICL,ST,124500,124500,100.00
20,925,GICRE,EQ,507807,203670,40.11
20,926,GILLETTE,EQ,23417,5340,22.80
20,927,GILT5YBEES,EQ,233990,209638,89.59
20,928,GINNIFILA,EQ,138421,91995,66.46
20,929,GIPCL,EQ,202789,112149,55.30
20,930,GKWLIMITED,EQ,554,429,77.44
20,931,GLAND,EQ,127940,67044,52.40
20,932,GLAXO,EQ,87373,34845,39.88
20,933,GLENMARK,EQ,303204,87677,28.92
20,934,GLOBAL,EQ,84588,56393,66.67
20,935,GLOBALPET,SM,10500,10500,100.00
20,936,GLOBE,EQ,610073,368374,60.38
20,937,GLOBUSSPR,EQ,100745,36631,36.36
20,938,GLOSTERLTD,EQ,1135,991,87.31
20,939,GMBREW,EQ,27025,11783,43.60
20,940,GMDCLTD,EQ,639938,345126,53.93
20,941,GMMPFAUDLR,EQ,105311,65597,62.29
20,942,GMRAIRPORT,EQ,6258171,3145367,50.26
20,943,GMRP&UI,EQ,1805582,944383,52.30
20,944,GNA,EQ,22953,12711,55.38
20,945,GNFC,EQ,526944,207660,39.41
20,946,GOACARBON,EQ,11880,5634,47.42
20,947,GOCLCORP,EQ,19497,12025,61.68
20,948,GOCOLORS,EQ,15748,6581,41.79
20,949,GODAVARIB,EQ,177308,93461,52.71
20,950,GODFRYPHLP,EQ,930152,50657,5.45
20,951,GODIGIT,EQ,205085,87642,42.73
20,952,GODREJAGRO,EQ,86061,45909,53.34
20,953,GODREJCP,EQ,690083,414959,60.13
20,954,GODREJIND,EQ,53593,23503,43.85
20,955,GODREJPROP,EQ,688013,236210,34.33
20,956,GOKEX,EQ,747469,272269,36.43
20,957,GOKUL,EQ,28965,21798,75.26
20,958,GOKULAGRO,EQ,76349,52235,68.42
20,959,GOLD1,EQ,2915588,2295895,78.75
20,960,GOLDBEES,EQ,31547440,24290103,77.00
20,961,GOLDCASE,EQ,3872363,3480674,89.89
20,962,GOLDETF,EQ,479620,401618,83.74
20,963,GOLDETFADD,EQ,1304221,1298890,99.59
20,964,GOLDIAM,EQ,1882165,574215,30.51
20,965,GOLDIETF,EQ,4651516,4180483,89.87
20,966,GOLDSHARE,EQ,1600235,1521685,95.09
20,967,GOLDSTAR,SM,101250,67500,66.67
20,968,GOODLUCK,EQ,83181,46388,55.77
20,969,GOPAL,EQ,80277,47229,58.83
20,970,GOYALALUM,EQ,101710,64356,63.27
20,971,GOYALSALT,SM,1800,1800,100.00
20,972,GPECO,ST,12600,10800,85.71
20,973,GPIL,EQ,1009400,453315,44.91
20,974,GPPL,EQ,1779889,1026984,57.70
20,975,GPTHEALTH,EQ,88301,48030,54.39
20,976,GPTINFRA,EQ,270429,140979,52.13
20,977,GRANULES,EQ,374861,98858,26.37
20,978,GRAPHISAD,SM,4800,4800,100.00
20,979,GRAPHITE,EQ,156014,52722,33.79
20,980,GRASIM,EQ,717668,436959,60.89
20,981,GRAVITA,EQ,179615,57516,32.02
20,982,GRCL,SM,500,500,100.00
20,983,GREAVESCOT,EQ,4997724,1358434,27.18
20,984,GREENCHEF,SM,17600,16000,90.91
20,985,GREENLAM,EQ,40363,25092,62.17
20,986,GREENPANEL,EQ,78907,30845,39.09
20,987,GREENPLY,EQ,97361,50193,51.55
20,988,GREENPOWER,EQ,1908402,1118902,58.63
20,989,GRETEX,ST,1500,1500,100.00
20,990,GRINDWELL,EQ,14814,7620,51.44
20,991,GRINFRA,EQ,21610,10949,50.67
20,992,GRMOVER,EQ,292314,116843,39.97
20,993,GROBTEA,EQ,723,263,36.38
20,994,GROWWDEFNC,EQ,198025,161601,81.61
20,995,GROWWEV,EQ,528787,484266,91.58
20,996,GROWWGOLD,EQ,314113,193445,61.58
20,997,GROWWLIQID,EQ,191486,134068,70.01
20,998,GROWWRAIL,EQ,313270,208338,66.50
20,999,GRPLTD,EQ,2052,1661,80.95
20,1000,GRSE,EQ,2881334,174397,6.05
20,1001,GRWRHITECH,EQ,435337,115854,26.61
20,1002,GSEC10IETF,EQ,20098,10097,50.24
20,1003,GSEC10YEAR,EQ,2529,1539,60.85
20,1004,GSEC5IETF,EQ,328,294,89.63
20,1005,GSFC,EQ,894274,384412,42.99
20,1006,GSLSU,EQ,42100,19476,46.26
20,1007,GSMFOILS,ST,38000,38000,100.00
20,1008,GSPL,EQ,944687,527235,55.81
20,1009,GSS,EQ,49164,29677,60.36
20,1010,GSTL,ST,3000,3000,100.00
20,1011,GTL,EQ,360604,222525,61.71
20,1012,GTLINFRA,EQ,29585876,13347621,45.11
20,1013,GTPL,EQ,41661,26008,62.43
20,1014,GUFICBIO,EQ,18341,10695,58.31
20,1015,GUJALKALI,EQ,31277,14885,47.59
20,1016,GUJAPOLLO,EQ,12081,8286,68.59
20,1017,GUJGASLTD,EQ,436568,124377,28.49
20,1018,GULFOILLUB,EQ,459971,162090,35.24
20,1019,GULFPETRO,EQ,72632,41887,57.67
20,1020,GULPOLY,EQ,114126,59897,52.48
20,1021,GVPTECH,EQ,9583,4962,51.78
20,1022,GVT&D,EQ,115436,77915,67.50
20,1023,HAL,EQ,1336993,335108,25.06
20,1024,HAPPSTMNDS,EQ,249998,130304,52.12
20,1025,HAPPYFORGE,EQ,72235,42248,58.49
20,1026,HARIOMPIPE,EQ,62483,35910,57.47
20,1027,HARRMALAYA,EQ,18033,13771,76.37
20,1028,HARSHA,EQ,14828,7379,49.76
20,1029,HATHWAY,EQ,8887565,4570676,51.43
20,1030,HATSUN,EQ,27746,10661,38.42
20,1031,HAVELLS,EQ,533472,329975,61.85
20,1032,HAVISHA,EQ,20294,16679,82.19
20,1033,HBLENGINE,EQ,1467878,471818,32.14
20,1034,HBSL,EQ,5620,3368,59.93
20,1035,HCC,EQ,11008628,4596375,41.75
20,1036,HCG,EQ,111547,57366,51.43
20,1037,HCL-INSYS,EQ,239253,182482,76.27
20,1038,HCLTECH,EQ,1823071,1225170,67.20
20,1039,HDFCAMC,EQ,231081,133211,57.65
20,1040,HDFCBANK,EQ,8597975,6364813,74.03
20,1041,HDFCBSE500,EQ,40532,23855,58.85
20,1042,HDFCGOLD,EQ,3825353,3053246,79.82
20,1043,HDFCGROWTH,EQ,2097,1241,59.18
20,1044,HDFCLIFE,EQ,3394573,1775677,52.31
20,1045,HDFCLIQUID,EQ,1559,1554,99.68
20,1046,HDFCLOWVOL,EQ,45078,29863,66.25
20,1047,HDFCMID150,EQ,663058,375813,56.68
20,1048,HDFCMOMENT,EQ,172528,126161,73.12
20,1049,HDFCNEXT50,EQ,72370,64497,89.12
20,1050,HDFCNIF100,EQ,99215,75772,76.37
20,1051,HDFCNIFBAN,EQ,29793,26015,87.32
20,1052,HDFCNIFIT,EQ,7215,6060,83.99
20,1053,HDFCNIFTY,EQ,46612,41778,89.63
20,1054,HDFCPSUBK,EQ,17949,9848,54.87
20,1055,HDFCPVTBAN,EQ,70003,62771,89.67
20,1056,HDFCQUAL,EQ,14089,9058,64.29
20,1057,HDFCSENSEX,EQ,29394,24118,82.05
20,1058,HDFCSILVER,EQ,339956,262788,77.30
20,1059,HDFCSML250,EQ,719940,537426,74.65
20,1060,HDFCVALUE,EQ,8143,7836,96.23
20,1061,HEADSUP,EQ,11241,6197,55.13
20,1062,HEALTHADD,EQ,2393,2097,87.63
20,1063,HEALTHIETF,EQ,109935,68707,62.50
20,1064,HEALTHY,EQ,183344,145517,79.37
20,1065,HEG,EQ,365865,168206,45.97
20,1066,HEIDELBERG,EQ,72972,39960,54.76
20,1067,HEMIPROP,EQ,339599,166695,49.09
20,1068,HERANBA,EQ,92845,56788,61.16
20,1069,HERITGFOOD,EQ,253244,137621,54.34
20,1070,HEROMOTOCO,EQ,779450,410841,52.71
20,1071,HESTERBIO,EQ,2213,1448,65.43
20,1072,HEUBACHIND,EQ,14172,12285,86.69
20,1073,HEXATRADEX,EQ,75500,31148,41.26
20,1074,HFCL,EQ,6025226,1180142,19.59
20,1075,HGINFRA,EQ,59794,16319,27.29
20,1076,HGS,EQ,19266,10702,55.55
20,1077,HIGREEN,ST,4000,4000,100.00
20,1078,HIKAL,EQ,421710,122179,28.97
20,1079,HIL,EQ,13408,8253,61.55
20,1080,HILTON,EQ,93406,58202,62.31
20,1081,HIMATSEIDE,EQ,767860,394639,51.39
20,1082,HINDALCO,EQ,3434505,1372102,39.95
20,1083,HINDCOMPOS,EQ,2834,1908,67.33
20,1084,HINDCOPPER,EQ,2713797,723107,26.65
20,1085,HINDMOTORS,EQ,340481,174565,51.27
20,1086,HINDOILEXP,EQ,464486,213191,45.90
20,1087,HINDPETRO,EQ,1957224,940074,48.03
20,1088,HINDUNILVR,EQ,1326354,773239,58.30
20,1089,HINDWAREAP,EQ,70117,39663,56.57
20,1090,HINDZINC,EQ,1061336,508408,47.90
20,1091,HIRECT,EQ,16765,8306,49.54
20,1092,HISARMETAL,EQ,27551,14152,51.37
20,1093,HITECH,EQ,357536,272486,76.21
20,1094,HITECHCORP,EQ,9885,7855,79.46
20,1095,HLEGLAS,EQ,18300,7926,43.31
20,1096,HLVLTD,EQ,789802,406038,51.41
20,1097,HMAAGRO,EQ,655490,388946,59.34
20,1098,HMVL,EQ,23330,16030,68.71
20,1099,HNDFDS,EQ,216361,95008,43.91
20,1100,HNGSNGBEES,EQ,639469,364276,56.97
20,1101,HOACFOODS,ST,750,750,100.00
20,1102,HOLMARC,ST,3000,3000,100.00
20,1103,HOMEFIRST,EQ,174500,94240,54.01
20,1104,HOMESFY,SM,4200,3900,92.86
20,1105,HONASA,EQ,370542,146295,39.48
20,1106,HONAUT,EQ,7654,2732,35.69
20,1107,HONDAPOWER,EQ,4866,2910,59.80
20,1108,HOVS,EQ,37079,10355,27.93
20,1109,HPAL,EQ,54728,33601,61.40
20,1110,HPIL,EQ,712,508,71.35
20,1111,HPL,EQ,75122,34376,45.76
20,1112,HRHNEXT,ST,10500,10500,100.00
20,1113,HSCL,EQ,451635,203019,44.95
20,1114,HTMEDIA,EQ,114009,68922,60.45
20,1115,HUBTOWN,EQ,148294,107736,72.65
20,1116,HUDCO,EQ,6120963,2232498,36.47
20,1117,HUHTAMAKI,EQ,41955,27166,64.75
20,1118,HVAX,ST,1800,1800,100.00
20,1119,HYUNDAI,EQ,804255,486613,60.50
20,1120,IBLFL,ST,28000,28000,100.00
20,1121,ICEMAKE,EQ,31265,16503,52.78
20,1122,ICICIB22,EQ,623962,481563,77.18
20,1123,ICICIBANK,EQ,5740361,3847424,67.02
20,1124,ICICIGI,EQ,378452,245674,64.92
20,1125,ICICIPRULI,EQ,649320,390805,60.19
20,1126,ICIL,EQ,160659,76447,47.58
20,1127,ICRA,EQ,8974,7578,84.44
20,1128,IDBI,EQ,3645123,1675355,45.96
20,1129,IDEA,EQ,262161729,75732182,28.89
20,1130,IDEAFORGE,EQ,129875,73294,56.43
20,1131,IDEALTECHO,ST,5000,5000,100.00
20,1132,IDENTICAL,ST,12000,12000,100.00
20,1133,IDFCFIRSTB,EQ,15424981,6118732,39.67
20,1134,IDFNIFTYET,EQ,433,327,75.52
20,1135,IEML,SM,7500,4500,60.00
20,1136,IEX,EQ,3518273,1462716,41.57
20,1137,IFBAGRO,EQ,7479,4077,54.51
20,1138,IFBIND,EQ,36141,17097,47.31
20,1139,IFCI,EQ,3173513,1164306,36.69
20,1140,IFGLEXPOR,EQ,50441,31913,63.27
20,1141,IGARASHI,EQ,25690,17365,67.59
20,1142,IGIL,EQ,977034,507368,51.93
20,1143,IGL,EQ,1879497,354556,18.86
20,1144,IGPL,EQ,100289,81809,81.57
20,1145,IIFL,EQ,653498,348467,53.32
20,1146,IIFLCAPS,EQ,293646,145239,49.46
20,1147,IIFLZC25,ND,1,1,100.00
20,1148,IIFLZC26,NN,10,10,100.00
20,1149,IIFLZC28B,Y1,184,184,100.00
20,1150,IIFLZC28C,N6,7,7,100.00
20,1151,IKIO,EQ,135900,70051,51.55
20,1152,IKS,EQ,78480,47884,61.01
20,1153,IMAGICAA,EQ,649679,313316,48.23
20,1154,IMFA,EQ,103531,59279,57.26
20,1155,IMPAL,EQ,1018,717,70.43
20,1156,INCREDIBLE,EQ,33319,13663,41.01
20,1157,INDBANK,EQ,53605,37214,69.42
20,1158,INDGN,EQ,237166,112007,47.23
20,1159,INDHOTEL,EQ,1595160,880683,55.21
20,1160,INDIACEM,EQ,385178,168370,43.71
20,1161,INDIAGLYCO,EQ,163260,32714,20.04
20,1162,INDIAMART,EQ,78514,30130,38.38
20,1163,INDIANB,EQ,621353,181000,29.13
20,1164,INDIANHUME,EQ,13041,7601,58.29
20,1165,INDIASHLTR,EQ,111460,68894,61.81
20,1166,INDIFRA,ST,2000,2000,100.00
20,1167,INDIGO,EQ,1026383,788862,76.86
20,1168,INDIGOPNTS,EQ,91786,15812,17.23
20,1169,INDIGRID,IV,279398,238005,85.18
20,1170,INDNIPPON,EQ,11707,5979,51.07
20,1171,INDOAMIN,EQ,53014,25052,47.26
20,1172,INDOBORAX,EQ,27338,16687,61.04
20,1173,INDOCO,EQ,42252,19709,46.65
20,1174,INDOFARM,EQ,770207,189399,24.59
20,1175,INDORAMA,EQ,280168,140636,50.20
20,1176,INDOSTAR,EQ,100011,57365,57.36
20,1177,INDOTECH,EQ,12692,9214,72.60
20,1178,INDOWIND,EQ,266406,143943,54.03
20,1179,INDRAMEDCO,EQ,94586,51837,54.80
20,1180,INDSWFTLAB,EQ,51579,35917,69.63
20,1181,INDTERRAIN,EQ,62267,34731,55.78
20,1182,INDUSINDBK,EQ,4457091,2592004,58.15
20,1183,INDUSINVIT,IV,32340,29510,91.25
20,1184,INDUSTOWER,EQ,4667093,2064262,44.23
20,1185,INFIBEAM,EQ,4171867,1638092,39.27
20,1186,INFINIUM,SM,5000,4500,90.00
20,1187,INFOBEAN,EQ,8078,5202,64.40
20,1188,INFOLLION,SM,15600,12000,76.92
20,1189,INFOMEDIA,EQ,75093,45302,60.33
20,1190,INFRABEES,EQ,10553,5642,53.46
20,1191,INFRAIETF,EQ,40469,25138,62.12
20,1192,INFY,EQ,3828734,2927900,76.47
20,1193,INGERRAND,EQ,16318,9629,59.01
20,1194,INM,SM,600,600,100.00
20,1195,INNOMET,SM,2400,2400,100.00
20,1196,INNOVACAP,EQ,35777,16966,47.42
20,1197,INNOVANA,EQ,2002,1334,66.63
20,1198,INOXGREEN,EQ,731793,256955,35.11
20,1199,INOXINDIA,EQ,155112,46766,30.15
20,1200,INOXWIND,EQ,5904317,2132535,36.12
20,1201,INSECTICID,EQ,46739,28413,60.79
20,1202,INSPIRISYS,EQ,23816,14379,60.38
20,1203,INTELLECT,EQ,148368,41220,27.78
20,1204,INTENTECH,EQ,131198,122656,93.49
20,1205,INTERARCH,EQ,111738,45402,40.63
20,1206,INTLCONV,EQ,24245,11582,47.77
20,1207,INVENTURE,EQ,1690241,1049136,62.07
20,1208,IOB,EQ,2216534,758283,34.21
20,1209,IOC,EQ,12773729,7358385,57.61
20,1210,IOLCP,EQ,144484,83028,57.47
20,1211,IONEXCHANG,EQ,149584,57434,38.40
20,1212,IPCALAB,EQ,162035,48953,30.21
20,1213,IPHL,ST,4800,4800,100.00
20,1214,IPL,EQ,448414,237752,53.02
20,1215,IPSL,SM,3000,3000,100.00
20,1216,IRB,EQ,9661788,3522349,36.46
20,1217,IRBINVIT,IV,361985,312346,86.29
20,1218,IRCON,EQ,4591635,1029371,22.42
20,1219,IRCTC,EQ,1491971,327761,21.97
20,1220,IREDA,EQ,4184538,1550386,37.05
20,1221,IRFC,EQ,13464523,4510217,33.50
20,1222,IRISDOREME,EQ,64733,7355,11.36
20,1223,IRMENERGY,EQ,29513,20204,68.46
20,1224,ISEC,EQ,57425,18139,31.59
20,1225,ISFT,EQ,11998,4831,40.27
20,1226,ISGEC,EQ,36058,20058,55.63
20,1227,ISHAN,SM,192000,192000,100.00
20,1228,IT,EQ,50399,42104,83.54
20,1229,ITALIANE,SM,2000,2000,100.00
20,1230,ITBEES,EQ,1745666,913893,52.35
20,1231,ITC,EQ,12227140,8194600,67.02
20,1232,ITDC,EQ,16898,7501,44.39
20,1233,ITDCEM,EQ,258776,183314,70.84
20,1234,ITETF,EQ,157243,102095,64.93
20,1235,ITETFADD,EQ,13161,12144,92.27
20,1236,ITIETF,EQ,345810,112704,32.59
20,1237,IVC,EQ,122056,84620,69.33
20,1238,IVP,EQ,73085,16963,23.21
20,1239,IVZINGOLD,EQ,143,97,67.83
20,1240,IVZINNIFTY,EQ,94,92,97.87
20,1241,IWEL,EQ,5662,3140,55.46
20,1242,IXIGO,EQ,729622,268839,36.85
20,1243,JAGRAN,EQ,145290,102050,70.24
20,1244,JAGSNPHARM,EQ,489287,167248,34.18
20,1245,JAIBALAJI,EQ,334052,175842,52.64
20,1246,JAICORPLTD,EQ,486229,220999,45.45
20,1247,JAINAM,ST,7000,7000,100.00
20,1248,JAIPURKURT,EQ,80902,37986,46.95
20,1249,JALAN,ST,291000,288000,98.97
20,1250,JAMNAAUTO,EQ,563095,305788,54.30
20,1251,JASH,EQ,99718,49858,50.00
20,1252,JAYAGROGN,EQ,139110,66461,47.78
20,1253,JAYBARMARU,EQ,48225,34339,71.21
20,1254,JAYBEE,ST,115000,106000,92.17
20,1255,JAYNECOIND,EQ,30102,19011,63.16
20,1256,JAYSREETEA,EQ,43420,22666,52.20
20,1257,JBCHEPHARM,EQ,180172,102716,57.01
20,1258,JBMA,EQ,282599,120277,42.56
20,1259,JCHAC,EQ,23193,19359,83.47
20,1260,JEYYAM,SM,134000,96000,71.64
20,1261,JFLLIFE,ST,18000,18000,100.00
20,1262,JGCHEM,EQ,53005,21810,41.15
20,1263,JHS,EQ,87858,49489,56.33
20,1264,JINDALPHOT,EQ,5972,3347,56.04
20,1265,JINDALPOLY,EQ,15096,8064,53.42
20,1266,JINDALSAW,EQ,880767,326031,37.02
20,1267,JINDALSTEL,EQ,1744941,546858,31.34
20,1268,JINDRILL,EQ,230898,102887,44.56
20,1269,JINDWORLD,EQ,184988,59426,32.12
20,1270,JIOFIN,EQ,11175493,5292170,47.36
20,1271,JISLDVREQS,EQ,14840,8008,53.96
20,1272,JISLJALEQS,EQ,1992649,1254941,62.98
20,1273,JITFINFRA,EQ,61509,30904,50.24
20,1274,JIWANRAM,ST,30000,24000,80.00
20,1275,J&KBANK,EQ,1690914,735154,43.48
20,1276,JKCEMENT,EQ,44059,20421,46.35
20,1277,JKIL,EQ,109852,44878,40.85
20,1278,JKLAKSHMI,EQ,334498,121525,36.33
20,1279,JKPAPER,EQ,455459,258398,56.73
20,1280,JKTYRE,EQ,542758,267434,49.27
20,1281,JLHL,EQ,48676,19341,39.73
20,1282,JMA,EQ,2193,1304,59.46
20,1283,JMFINANCIL,EQ,5244796,1172899,22.36
20,1284,JNKINDIA,EQ,23140,13960,60.33
20,1285,JOCIL,EQ,3398,1903,56.00
20,1286,JPOLYINVST,EQ,2967,1940,65.39
20,1287,JPPOWER,EQ,15396474,6455579,41.93
20,1288,JSFB,EQ,256829,141262,55.00
20,1289,JSL,EQ,634219,291794,46.01
20,1290,JSLL,SM,8550,5760,67.37
20,1291,JSWENERGY,EQ,6658769,5288976,79.43
20,1292,JSWINFRA,EQ,994202,612423,61.60
20,1293,JSWSTEEL,EQ,1665049,529969,31.83
20,1294,JTEKTINDIA,EQ,24472,13132,53.66
20,1295,JTLIND,EQ,707162,258687,36.58
20,1296,JUBLFOOD,EQ,638207,196582,30.80
20,1297,JUBLINGREA,EQ,228500,127934,55.99
20,1298,JUBLPHARMA,EQ,140297,80701,57.52
20,1299,JUNIORBEES,EQ,381669,223827,58.64
20,1300,JUNIPER,EQ,309442,184228,59.54
20,1301,JUSTDIAL,EQ,115498,40046,34.67
20,1302,JWL,EQ,2335469,642271,27.50
20,1303,JYOTHYLAB,EQ,355266,129137,36.35
20,1304,JYOTICNC,EQ,1963312,297027,15.13
20,1305,JYOTISTRUC,EQ,19085843,9108747,47.73
20,1306,K2INFRA,ST,3000,3000,100.00
20,1307,KABRAEXTRU,EQ,48276,21140,43.79
20,1308,KAJARIACER,EQ,169835,134978,79.48
20,1309,KAKATCEM,EQ,4894,4261,87.07
20,1310,KALAMANDIR,EQ,252597,115523,45.73
20,1311,KALYANKJIL,EQ,10099332,1401292,13.88
20,1312,KAMATHOTEL,EQ,322264,166893,51.79
20,1313,KAMDHENU,EQ,500092,203055,40.60
20,1314,KANANIIND,EQ,153616,111715,72.72
20,1315,KANDARP,ST,8000,8000,100.00
20,1316,KANORICHEM,EQ,7453,5313,71.29
20,1317,KANPRPLA,EQ,25557,10469,40.96
20,1318,KANSAINER,EQ,273972,125616,45.85
20,1319,KAPSTON,EQ,17021,11130,65.39
20,1320,KARMAENG,EQ,1621,974,60.09
20,1321,KARNIKA,ST,6000,3600,60.00
20,1322,KARURVYSYA,EQ,1130286,456285,40.37
20,1323,KATARIA,ST,73200,72600,99.18
20,1324,KAUSHALYA,EQ,1188,892,75.08
20,1325,KAYA,EQ,7790,4086,52.45
20,1326,KAYNES,EQ,1087373,328980,30.25
20,1327,KCEIL,ST,23000,22500,97.83
20,1328,KCK,ST,20000,20000,100.00
20,1329,KCP,EQ,122171,60280,49.34
20,1330,KCPSUGIND,EQ,140124,92499,66.01
20,1331,KDDL,EQ,6813,3513,51.56
20,1332,KDL,ST,300,300,100.00
20,1333,KEC,EQ,911269,490193,53.79
20,1334,KECL,EQ,130954,60471,46.18
20,1335,KEI,EQ,144490,51685,35.77
20,1336,KEL,SM,1200,1200,100.00
20,1337,KELLTONTEC,EQ,557694,224661,40.28
20,1338,KESORAMIND,EQ,451318,269122,59.63
20,1339,KEYFINSERV,EQ,61183,6578,10.75
20,1340,KFINTECH,EQ,859147,380179,44.25
20,1341,KHADIM,EQ,40284,27177,67.46
20,1342,KHAICHEM,EQ,78237,36919,47.19
20,1343,KHAITANLTD,EQ,12618,6419,50.87
20,1344,KHANDSE,EQ,11525,2542,22.06
20,1345,KHFM,SM,6200,4650,75.00
20,1346,KICL,EQ,4692,3066,65.35
20,1347,KILITCH,EQ,32899,32156,97.74
20,1348,KIMS,EQ,307763,154510,50.20
20,1349,KINGFA,EQ,4688,2247,47.93
20,1350,KIOCL,EQ,73343,33258,45.35
20,1351,KIRIINDUS,EQ,671482,297276,44.27
20,1352,KIRLOSBROS,EQ,56617,22421,39.60
20,1353,KIRLOSENG,EQ,125818,66195,52.61
20,1354,KIRLOSIND,EQ,13159,1569,11.92
20,1355,KIRLPNU,EQ,190365,169220,88.89
20,1356,KKCL,EQ,87423,64601,73.89
20,1357,KKJEWELS,SM,181000,108000,59.67
20,1358,KLL,SM,65600,39200,59.76
20,1359,KMEW,EQ,6322,3026,47.86
20,1360,KMSUGAR,EQ,322415,200322,62.13
20,1361,KNAGRI,SM,2800,2800,100.00
20,1362,KNRCON,EQ,987151,374054,37.89
20,1363,KODYTECH,SM,15000,9100,60.67
20,1364,KOHINOOR,EQ,34624,23680,68.39
20,1365,KOKUYOCMLN,EQ,22536,16350,72.55
20,1366,KOLTEPATIL,EQ,129239,48914,37.85
20,1367,KONSTELEC,ST,38000,37000,97.37
20,1368,KONTOR,SM,6600,5400,81.82
20,1369,KORE,ST,1750,1750,100.00
20,1370,KOTAKBANK,EQ,3569373,1967376,55.12
20,1371,KOTARISUG,EQ,44149,29498,66.81
20,1372,KOTHARIPET,EQ,287436,38503,13.40
20,1373,KOTYARK,ST,19400,17500,90.21
20,1374,KPEL,EQ,220062,123126,55.95
20,1375,KPIGREEN,EQ,2624414,1888664,71.97
20,1376,KPIL,EQ,280257,199376,71.14
20,1377,KPITTECH,EQ,467753,230466,49.27
20,1378,KPRMILL,EQ,132031,48804,36.96
20,1379,KRBL,EQ,566384,172847,30.52
20,1380,KRISHANA,EQ,14669,8719,59.44
20,1381,KRISHCA,SM,13500,9000,66.67
20,1382,KRISHIVAL,SM,1000,500,50.00
20,1383,KRISHNADEF,SM,43500,30500,70.11
20,1384,KRITI,EQ,8499,5043,59.34
20,1385,KRITINUT,EQ,14963,9122,60.96
20,1386,KRN,EQ,1780174,377415,21.20
20,1387,KRONOX,EQ,57117,30454,53.32
20,1388,KROSS,EQ,236375,97246,41.14
20,1389,KRSNAA,EQ,49394,25988,52.61
20,1390,KRYSTAL,EQ,24495,15161,61.89
20,1391,KSB,EQ,39454,16517,41.86
20,1392,KSCL,EQ,59288,27249,45.96
20,1393,KSL,EQ,32785,19158,58.44
20,1394,KSOLVES,EQ,31101,16008,51.47
20,1395,KTKBANK,EQ,593991,394475,66.41
20,1396,KUANTUM,EQ,20776,11912,57.34
20,1397,LAGNAM,EQ,20264,11649,57.49
20,1398,LAKSHYA,SM,20000,18400,92.00
20,1399,LALPATHLAB,EQ,72565,40013,55.14
20,1400,LAMOSAIC,ST,59400,56400,94.95
20,1401,LANCORHOL,EQ,49546,27864,56.24
20,1402,LANDMARK,EQ,43150,31727,73.53
20,1403,LAOPALA,EQ,64547,35147,54.45
20,1404,LASA,EQ,33296,16952,50.91
20,1405,LATENTVIEW,EQ,287772,99541,34.59
20,1406,LAURUSLABS,EQ,1519383,476187,31.34
20,1407,LAWSIKHO,SM,71000,40000,56.34
20,1408,LAXMICOT,EQ,9823,2628,26.75
20,1409,LAXMIDENTL,EQ,485790,156560,32.23
20,1410,LEMERITE,ST,6400,4000,62.50
20,1411,LEMONTREE,EQ,2506398,1055159,42.10
20,1412,LEXUS,EQ,35840,15802,44.09
20,1413,LFIC,EQ,1515,503,33.20
20,1414,LGBBROSLTD,EQ,31675,17433,55.04
20,1415,LIBAS,EQ,78988,43687,55.31
20,1416,LIBERTSHOE,EQ,23264,13026,55.99
20,1417,LICHSGFIN,EQ,697835,258331,37.02
20,1418,LICI,EQ,1907216,550603,28.87
20,1419,LICMFGOLD,EQ,2736,2506,91.59
20,1420,LICNETFGSC,EQ,55772,52185,93.57
20,1421,LICNETFN50,EQ,588,588,100.00
20,1422,LICNETFSEN,EQ,85,51,60.00
20,1423,LICNFNHGP,EQ,1848,1722,93.18
20,1424,LICNMID100,EQ,5870,2989,50.92
20,1425,LIKHITHA,EQ,54284,35231,64.90
20,1426,LINC,EQ,44581,34137,76.57
20,1427,LINCOLN,EQ,66888,37450,55.99
20,1428,LINDEINDIA,EQ,27976,12659,45.25
20,1429,LIQUID,EQ,205823,122294,59.42
20,1430,LIQUID1,EQ,316778,281065,88.73
20,1431,LIQUIDADD,EQ,232423,137504,59.16
20,1432,LIQUIDBEES,EQ,1887664,1374433,72.81
20,1433,LIQUIDBETF,EQ,41132,21901,53.25
20,1434,LIQUIDCASE,EQ,6987896,4417717,63.22
20,1435,LIQUIDETF,EQ,143631,88832,61.85
20,1436,LIQUIDIETF,EQ,1242738,838018,67.43
20,1437,LIQUIDPLUS,EQ,14752,14752,100.00
20,1438,LIQUIDSBI,EQ,4381,3593,82.01
20,1439,LIQUIDSHRI,EQ,2455,2215,90.22
20,1440,LLOYDS,SM,6000,5000,83.33
20,1441,LLOYDSENGG,EQ,2490017,971335,39.01
20,1442,LLOYDSENT,EQ,2284255,1394754,61.06
20,1443,LLOYDSME,EQ,247839,105955,42.75
20,1444,LMW,EQ,2013,1131,56.18
20,1445,LODHA,EQ,1288374,516449,40.09
20,1446,LOKESHMACH,EQ,31523,20967,66.51
20,1447,LOTUSEYE,EQ,9522,7613,79.95
20,1448,LOVABLE,EQ,36527,23884,65.39
20,1449,LOWVOL,EQ,717,495,69.04
20,1450,LOWVOL1,EQ,911812,515499,56.54
20,1451,LOWVOLIETF,EQ,3004797,2327024,77.44
20,1452,LRRPL,ST,3000,3000,100.00
20,1453,LT,EQ,1236663,756828,61.20
20,1454,LTF,EQ,4108200,1129431,27.49
20,1455,LTFOODS,EQ,656909,315664,48.05
20,1456,LTGILTBEES,EQ,5634145,5444468,96.63
20,1457,LTIM,EQ,107380,55514,51.70
20,1458,LTTS,EQ,59172,25127,42.46
20,1459,LUMAXIND,EQ,34331,16458,47.94
20,1460,LUMAXTECH,EQ,70150,34378,49.01
20,1461,LUPIN,EQ,716552,362942,50.65
20,1462,LUXIND,EQ,23221,8121,34.97
20,1463,LXCHEM,EQ,209321,102804,49.11
20,1464,LYKALABS,EQ,50430,26598,52.74
20,1465,LYPSAGEMS,EQ,46509,40789,87.70
20,1466,MACPOWER,EQ,12107,6858,56.64
20,1467,MADHAV,EQ,10081,2713,26.91
20,1468,MADHAVBAUG,SM,400,400,100.00
20,1469,MADHUCON,EQ,63435,49347,77.79
20,1470,MADHUSUDAN,SM,26000,21000,80.77
20,1471,MADRASFERT,EQ,88148,41044,46.56
20,1472,MAFANG,EQ,835896,586062,70.11
20,1473,MAGADSUGAR,EQ,7444,5766,77.46
20,1474,MAGNUM,EQ,41121,31115,75.67
20,1475,MAGSON,SM,6000,4000,66.67
20,1476,MAHABANK,EQ,6509565,2075000,31.88
20,1477,MAHAPEXLTD,EQ,2084,1209,58.01
20,1478,MAHESHWARI,EQ,22140,13708,61.92
20,1479,MAHICKRA,SM,5250,1500,28.57
20,1480,MAHKTECH,EQ,489310,460600,94.13
20,1481,MAHLIFE,EQ,71070,32802,46.15
20,1482,MAHLOG,EQ,44922,22498,50.08
20,1483,MAHSCOOTER,EQ,4851,3793,78.19
20,1484,MAHSEAMLES,EQ,83347,42216,50.65
20,1485,MAITHANALL,EQ,39145,25374,64.82
20,1486,MAITREYA,ST,14800,11600,78.38
20,1487,MAKEINDIA,EQ,31293,26502,84.69
20,1488,MAL,SM,57600,54400,94.44
20,1489,MALLCOM,EQ,3774,2899,76.82
20,1490,MALUPAPER,EQ,8468,6457,76.25
20,1491,MAMATA,EQ,326122,86581,26.55
20,1492,MANAKALUCO,EQ,22175,18873,85.11
20,1493,MANAKSIA,EQ,18206,12297,67.54
20,1494,MANAKSTEEL,EQ,9284,6760,72.81
20,1495,MANALIPETC,EQ,1480096,1418171,95.82
20,1496,MANAPPURAM,EQ,5377184,2282452,42.45
20,1497,MANBA,EQ,77187,43296,56.09
20,1498,MANCREDIT,EQ,15327,2176,14.20
20,1499,MANGALAM,EQ,22652,16355,72.20
20,1500,MANGCHEFER,EQ,501393,365926,72.98
20,1501,MANGLMCEM,EQ,85996,64102,74.54
20,1502,MANINDS,EQ,143026,81673,57.10
20,1503,MANINFRA,EQ,466386,190347,40.81
20,1504,MANKIND,EQ,421865,227565,53.94
20,1505,MANOMAY,EQ,16299,8919,54.72
20,1506,MANORAMA,EQ,33502,18768,56.02
20,1507,MANORG,EQ,6315,3510,55.58
20,1508,MANUGRAPH,EQ,29099,19104,65.65
20,1509,MANYAVAR,EQ,90681,43137,47.57
20,1510,MAPMYINDIA,EQ,38541,23545,61.09
20,1511,MARALOVER,EQ,15759,9844,62.47
20,1512,MARATHON,EQ,44660,25674,57.49
20,1513,MARCO,SM,15000,15000,100.00
20,1514,MARICO,EQ,2613543,1723850,65.96
20,1515,MARKSANS,EQ,811131,318377,39.25
20,1516,MARUTI,EQ,294142,198236,67.39
20,1517,MASFIN,EQ,113323,46665,41.18
20,1518,MASON,ST,6000,4000,66.67
20,1519,MASPTOP50,EQ,147547,117301,79.50
20,1520,MASTEK,EQ,77111,43152,55.96
20,1521,MASTERTR,EQ,48269,40929,84.79
20,1522,MATRIMONY,EQ,8723,6401,73.38
20,1523,MAWANASUG,EQ,113686,62673,55.13
20,1524,MAXESTATES,EQ,117613,38807,33.00
20,1525,MAXHEALTH,EQ,3230751,2044149,63.27
20,1526,MAXIND,EQ,22087,13141,59.50
20,1527,MAXPOSURE,SM,77000,66000,85.71
20,1528,MAYURUNIQ,EQ,30899,17739,57.41
20,1529,MAZDOCK,EQ,14991371,1855121,12.37
20,1530,MBAPL,EQ,32533,19669,60.46
20,1531,MBLINFRA,EQ,338763,129795,38.31
20,1532,MCLOUD,EQ,116218,74825,64.38
20,1533,MCX,EQ,185166,69885,37.74
20,1534,MDL,SM,1000,1000,100.00
20,1535,MEDANTA,EQ,222597,126574,56.86
20,1536,MEDIASSIST,EQ,172147,101382,58.89
20,1537,MEDICAMEQ,EQ,7221,4181,57.90
20,1538,MEDICO,EQ,3885778,1113504,28.66
20,1539,MEDIORG,SM,2000,2000,100.00
20,1540,MEDPLUS,EQ,193316,122989,63.62
20,1541,MEGAFLEX,SM,12000,9000,75.00
20,1542,MEGASTAR,EQ,3629,1625,44.78
20,1543,MEGATHERM,SM,18400,10800,58.70
20,1544,MENONBE,EQ,12023,6629,55.14
20,1545,METAL,EQ,744333,560353,75.28
20,1546,METALIETF,EQ,2333548,1410652,60.45
20,1547,METROBRAND,EQ,52657,25597,48.61
20,1548,METROPOLIS,EQ,103857,34471,33.19
20,1549,MFSL,EQ,339955,219232,64.49
20,1550,MGEL,EQ,468291,165811,35.41
20,1551,MGL,EQ,284508,123525,43.42
20,1552,MHHL,ST,3000,3000,100.00
20,1553,MHRIL,EQ,64588,37048,57.36
20,1554,MICEL,EQ,186293,103426,55.52
20,1555,MICROPRO,SM,3200,3200,100.00
20,1556,MID150BEES,EQ,555614,333032,59.94
20,1557,MID150CASE,EQ,1012976,678741,67.00
20,1558,MIDCAP,EQ,42413,26521,62.53
20,1559,MIDCAPETF,EQ,1922970,1490339,77.50
20,1560,MIDCAPIETF,EQ,1065522,655617,61.53
20,1561,MIDHANI,EQ,268665,92094,34.28
20,1562,MIDQ50ADD,EQ,2972,2543,85.57
20,1563,MIDSELIETF,EQ,456536,241688,52.94
20,1564,MIDSMALL,EQ,548238,347861,63.45
20,1565,MIEL,ST,52000,46000,88.46
20,1566,MINDACORP,EQ,169305,72022,42.54
20,1567,MINDSPACE,RR,140374,127766,91.02
20,1568,MINDTECK,EQ,35520,16782,47.25
20,1569,MIRCELECTR,EQ,267880,166773,62.26
20,1570,MIRZAINT,EQ,355321,233002,65.58
20,1571,MITCON,EQ,5221,3854,73.82
20,1572,MITCONPP,E1,1340,658,49.10
20,1573,MITTAL,EQ,1935952,1102646,56.96
20,1574,MKPL,EQ,209112,120628,57.69
20,1575,M&M,EQ,3852783,1599258,41.51
20,1576,M&MFIN,EQ,720243,237592,32.99
20,1577,MMFL,EQ,121915,97391,79.88
20,1578,MMP,EQ,8307,5134,61.80
20,1579,MMTC,EQ,642556,228656,35.59
20,1580,MNC,EQ,18042,15748,87.29
20,1581,MOBIKWIK,EQ,2919295,551447,18.89
20,1582,MODEFENCE,EQ,626789,337289,53.81
20,1583,MODIRUBBER,EQ,1491,1179,79.07
20,1584,MODISONLTD,EQ,11226,5831,51.94
20,1585,MOGSEC,EQ,1471,807,54.86
20,1586,MOHEALTH,EQ,78948,44460,56.32
20,1587,MOIL,EQ,435545,148782,34.16
20,1588,MOKSH,EQ,131627,70040,53.21
20,1589,MOL,EQ,985190,402028,40.81
20,1590,MOLDTECH,EQ,83323,61078,73.30
20,1591,MOLDTKPAC,EQ,52740,24579,46.60
20,1592,MOLOWVOL,EQ,3450,3153,91.39
20,1593,MOM100,EQ,550596,364766,66.25
20,1594,MOM30IETF,EQ,873077,488421,55.94
20,1595,MOM50,EQ,6193,4213,68.03
20,1596,MOMENTUM,EQ,82229,55009,66.90
20,1597,MOMENTUM50,EQ,445301,357113,80.20
20,1598,MOMOMENTUM,EQ,119495,80941,67.74
20,1599,MON100,EQ,1228087,648485,52.80
20,1600,MONARCH,EQ,278634,129940,46.63
20,1601,MONIFTY500,EQ,334328,282631,84.54
20,1602,MONOPHARMA,SM,6000,6000,100.00
20,1603,MONQ50,EQ,33631,32024,95.22
20,1604,MONTECARLO,EQ,7942,3816,48.05
20,1605,MOQUALITY,EQ,5011,4902,97.82
20,1606,MOREALTY,EQ,274824,172475,62.76
20,1607,MOREPENLAB,EQ,8444012,2550728,30.21
20,1608,MOS,ST,18000,18000,100.00
20,1609,MOSCHIP,EQ,438336,259479,59.20
20,1610,MOSMALL250,EQ,771023,577435,74.89
20,1611,MOTHERSON,EQ,5320762,2444169,45.94
20,1612,MOTILALOFS,EQ,1706377,436198,25.56
20,1613,MOTISONS,EQ,1634996,598115,36.58
20,1614,MOTOGENFIN,EQ,3012,2440,81.01
20,1615,MOVALUE,EQ,57577,30738,53.39
20,1616,MOXSH,SM,3200,3200,100.00
20,1617,MPHASIS,EQ,359767,234479,65.18
20,1618,MPSLTD,EQ,24358,13132,53.91
20,1619,MRF,EQ,6609,1805,27.31
20,1620,MRO-TEK,EQ,12056,7139,59.22
20,1621,MRPL,EQ,998350,357044,35.76
20,1622,MSPL,EQ,159010,113392,71.31
20,1623,MSTCLTD,EQ,77796,37679,48.43
20,1624,MSUMI,EQ,5338597,3872901,72.55
20,1625,MTARTECH,EQ,72140,22660,31.41
20,1626,MTNL,EQ,27873542,5315196,19.07
20,1627,MUFIN,EQ,319818,141158,44.14
20,1628,MUFTI,EQ,239066,138650,58.00
20,1629,MUKANDLTD,EQ,196591,71163,36.20
20,1630,MUKKA,EQ,319043,145524,45.61
20,1631,MUKTAARTS,EQ,7807,5124,65.63
20,1632,MULTICAP,EQ,275547,119693,43.44
20,1633,MUNJALAU,EQ,108273,58912,54.41
20,1634,MUNJALSHOW,EQ,19892,11099,55.80
20,1635,MURUDCERA,EQ,41723,21721,52.06
20,1636,MUTHOOTCAP,EQ,13631,9025,66.21
20,1637,MUTHOOTFIN,EQ,320583,198560,61.94
20,1638,MUTHOOTMF,EQ,119051,61675,51.81
20,1639,MVGJL,EQ,455848,152534,33.46
20,1640,MVKAGRO,SM,40800,34800,85.29
20,1641,MWL,SM,10800,10800,100.00
20,1642,NACLIND,EQ,145756,64733,44.41
20,1643,NAGAFERT,EQ,364408,236645,64.94
20,1644,NAGREEKEXP,EQ,12611,6602,52.35
20,1645,NAHARCAP,EQ,5208,2164,41.55
20,1646,NAHARINDUS,EQ,13415,9041,67.39
20,1647,NAHARPOLY,EQ,8956,5222,58.31
20,1648,NAHARSPING,EQ,35535,22690,63.85
20,1649,NAMAN,ST,800,800,100.00
20,1650,NAM-INDIA,EQ,458074,232734,50.81
20,1651,NAMOEWASTE,ST,17600,17600,100.00
20,1652,NATCOPHARM,EQ,378189,162776,43.04
20,1653,NATHBIOGEN,EQ,13726,8944,65.16
20,1654,NATIONALUM,EQ,6607056,2601147,39.37
20,1655,NAUKRI,EQ,163982,83669,51.02
20,1656,NAVA,EQ,265366,118986,44.84
20,1657,NAVINFLUOR,EQ,194503,94513,48.59
20,1658,NAVKARCORP,EQ,298205,133049,44.62
20,1659,NAVNETEDUL,EQ,152002,105717,69.55
20,1660,NAZARA,EQ,102635,46460,45.27
20,1661,NBCC,EQ,6021056,2026423,33.66
20,1662,NCC,EQ,15040775,3625875,24.11
20,1663,NCLIND,EQ,68104,44444,65.26
20,1664,NDL,EQ,3221903,1821219,56.53
20,1665,NDLVENTURE,EQ,4221,3360,79.60
20,1666,NDRAUTO,EQ,32042,16015,49.98
20,1667,NDTV,EQ,62133,31393,50.53
20,1668,NECCLTD,EQ,62436,36493,58.45
20,1669,NECLIFE,EQ,651658,487838,74.86
20,1670,NELCAST,EQ,59712,40548,67.91
20,1671,NELCO,EQ,36405,17335,47.62
20,1672,NEOGEN,EQ,10941,3959,36.18
20,1673,NEPHROCARE,SM,87600,55200,63.01
20,1674,NESCO,EQ,46977,20352,43.32
20,1675,NESTLEIND,EQ,760181,456135,60.00
20,1676,NETF,EQ,1134,1033,91.09
20,1677,NETWEB,EQ,283964,127085,44.75
20,1678,NETWORK18,EQ,2138284,987438,46.18
20,1679,NEULANDLAB,EQ,28772,15142,52.63
20,1680,NEWGEN,EQ,339043,163189,48.13
20,1681,NEWJAISA,SM,28500,22500,78.95
20,1682,NEXT30ADD,EQ,5662,4843,85.54
20,1683,NEXT50,EQ,10307,9140,88.68
20,1684,NEXT50IETF,EQ,760048,439247,57.79
20,1685,NFL,EQ,1156711,472316,40.83
20,1686,NGIL,EQ,36528,7453,20.40
20,1687,NGILPP1,E1,3772,3332,88.34
20,1688,NGLFINE,EQ,167107,70457,42.16
20,1689,NH,EQ,288828,143730,49.76
20,1690,NHPC,EQ,17872082,5342476,29.89
20,1691,NIACL,EQ,296587,98171,33.10
20,1692,NIBE,EQ,23608,13254,56.14
20,1693,NIDAN,SM,12000,11000,91.67
20,1694,NIF100BEES,EQ,28640,13934,48.65
20,1695,NIF100IETF,EQ,161876,73965,45.69
20,1696,NIF10GETF,EQ,1517,1517,100.00
20,1697,NIF5GETF,EQ,5,5,100.00
20,1698,NIFITETF,EQ,176,166,94.32
20,1699,NIFMID150,EQ,3311,2196,66.32
20,1700,NIFTY1,EQ,86003,64797,75.34
20,1701,NIFTY50ADD,EQ,6975,5049,72.39
20,1702,NIFTYBEES,EQ,6225361,4495046,72.21
20,1703,NIFTYBETF,EQ,1277,982,76.90
20,1704,NIFTYETF,EQ,94642,72465,76.57
20,1705,NIFTYIETF,EQ,263686,163189,61.89
20,1706,NIFTYQLITY,EQ,40788,30139,73.89
20,1707,NIITLTD,EQ,1089146,554392,50.90
20,1708,NIITMTS,EQ,36030,16769,46.54
20,1709,NILAINFRA,EQ,315668,152371,48.27
20,1710,NILKAMAL,EQ,2394,1830,76.44
20,1711,NINSYS,EQ,4209,2601,61.80
20,1712,NIPPOBATRY,EQ,3203,2427,75.77
20,1713,NIRAJ,EQ,5338,3023,56.63
20,1714,NIRMAN,SM,56100,27600,49.20
20,1715,NITINSPIN,EQ,41126,24457,59.47
20,1716,NITIRAJ,EQ,1450,866,59.72
20,1717,NIVABUPA,EQ,1376270,524968,38.14
20,1718,NLCINDIA,EQ,1042205,376158,36.09
20,1719,NMDC,EQ,17442057,6456257,37.02
20,1720,NMSTEEL,ST,6400,6400,100.00
20,1721,NOCIL,EQ,259387,139292,53.70
20,1722,NORTHARC,EQ,257084,146215,56.87
20,1723,NOVAAGRI,EQ,170670,115189,67.49
20,1724,NPBET,EQ,411,300,72.99
20,1725,NPST,SM,41500,27300,65.78
20,1726,NRAIL,EQ,2373,1764,74.34
20,1727,NRBBEARING,EQ,187759,109770,58.46
20,1728,NRL,EQ,74297,46488,62.57
20,1729,NSIL,EQ,5014,2905,57.94
20,1730,NSLNISP,EQ,1740517,884504,50.82
20,1731,NTPC,EQ,6806132,4264503,62.66
20,1732,NTPCGREEN,EQ,3784231,1983956,52.43
20,1733,NUCLEUS,EQ,28890,16742,57.95
20,1734,NUVAMA,EQ,72257,35307,48.86
20,1735,NUVOCO,EQ,43522,13662,31.39
20,1736,NV20,EQ,35139,26122,74.34
20,1737,NV20BEES,EQ,19403,14062,72.47
20,1738,NV20IETF,EQ,546380,371217,67.94
20,1739,NXST,RR,2596842,2549162,98.16
20,1740,NXT-INFRA,IV,250000,250000,100.00
20,1741,NYKAA,EQ,4455440,1294693,29.06
20,1742,OAL,EQ,11179,8060,72.10
20,1743,OBCL,EQ,25684,22843,88.94
20,1744,OBEROIRLTY,EQ,430268,218357,50.75
20,1745,OBSCP,ST,86400,75600,87.50
20,1746,OCCL,EQ,15515,10630,68.51
20,1747,OCCLLTD,EQ,171397,85325,49.78
20,1748,OFSS,EQ,77774,35052,45.07
20,1749,OIL,EQ,5734994,2133455,37.20
20,1750,OILCOUNTUB,EQ,65599,48087,73.30
20,1751,OILIETF,EQ,1101597,607880,55.18
20,1752,OLAELEC,EQ,27920171,10915494,39.10
20,1753,OLECTRA,EQ,241579,80179,33.19
20,1754,OLIL,SM,48000,24000,50.00
20,1755,OMAXAUTO,EQ,55834,45638,81.74
20,1756,OMAXE,EQ,73707,49500,67.16
20,1757,OMFURN,ST,38400,38400,100.00
20,1758,OMINFRAL,EQ,610889,300921,49.26
20,1759,ONDOOR,ST,600,600,100.00
20,1760,ONELIFECAP,EQ,38030,28899,75.99
20,1761,ONEPOINT,EQ,352123,178945,50.82
20,1762,ONESOURCE,EQ,548371,441463,80.50
20,1763,ONGC,EQ,7582536,3670610,48.41
20,1764,ONMOBILE,EQ,669592,292434,43.67
20,1765,ONWARDTEC,EQ,52026,25087,48.22
20,1766,ONYX,ST,8000,8000,100.00
20,1767,OPTIEMUS,EQ,208940,96082,45.99
20,1768,ORCHASP,EQ,616838,443851,71.96
20,1769,ORCHPHARMA,EQ,104715,49933,47.68
20,1770,ORIANA,SM,42975,32850,76.44
20,1771,ORICONENT,EQ,257025,110670,43.06
20,1772,ORIENTALTL,EQ,1721075,534182,31.04
20,1773,ORIENTBELL,EQ,6908,6474,93.72
20,1774,ORIENTCEM,EQ,154885,90062,58.15
20,1775,ORIENTCER,EQ,82535,14484,17.55
20,1776,ORIENTELEC,EQ,277604,229347,82.62
20,1777,ORIENTHOT,EQ,416100,266500,64.05
20,1778,ORIENTPPR,EQ,1001331,414337,41.38
20,1779,ORIENTTECH,EQ,382872,221481,57.85
20,1780,ORISSAMINE,EQ,3093,1286,41.58
20,1781,ORTINGLOBE,EQ,8217,6297,76.63
20,1782,OSELDEVICE,ST,2400,2400,100.00
20,1783,OSWALAGRO,EQ,59578,28494,47.83
20,1784,OSWALGREEN,EQ,144710,73218,50.60
20,1785,OWAIS,SM,57300,41800,72.95
20,1786,PAGEIND,EQ,47495,18000,37.90
20,1787,PAISALO,EQ,2086845,1119394,53.64
20,1788,PAKKA,EQ,317778,176976,55.69
20,1789,PALASHSECU,EQ,6177,3505,56.74
20,1790,PANACEABIO,EQ,116609,62386,53.50
20,1791,PANAMAPET,EQ,21230,11729,55.25
20,1792,PANSARI,EQ,201363,52151,25.90
20,1793,PARACABLES,EQ,526483,229547,43.60
20,1794,PARADEEP,EQ,2335678,765059,32.76
20,1795,PARAGMILK,EQ,296045,184324,62.26
20,1796,PARAGON,ST,3600,2400,66.67
20,1797,PARAMOUNT,SM,1200,1200,100.00
20,1798,PARAS,EQ,316708,84529,26.69
20,1799,PARASPETRO,EQ,108855,74949,68.85
20,1800,PARKHOTELS,EQ,528506,293985,55.63
20,1801,PASHUPATI,ST,400,400,100.00
20,1802,PASUPTAC,EQ,26662,23774,89.17
20,1803,PATANJALI,EQ,693198,200400,28.91
20,1804,PATELENG,EQ,1609996,871266,54.12
20,1805,PATINTLOG,EQ,190713,98649,51.73
20,1806,PAVNAIND,EQ,5452,3323,60.95
20,1807,PAYTM,EQ,3405850,1069626,31.41
20,1808,PCBL,EQ,1117177,389558,34.87
20,1809,PCCL,SM,35200,27200,77.27
20,1810,PCJEWELLER,EQ,6519269,3836339,58.85
20,1811,PDMJEPAPER,EQ,118955,67777,56.98
20,1812,PDSL,EQ,47169,28609,60.65
20,1813,PEARLPOLY,EQ,13900,7584,54.56
20,1814,PEL,EQ,355393,61134,17.20
20,1815,PELATRO,ST,1800,1800,100.00
20,1816,PENIND,EQ,252814,133283,52.72
20,1817,PENINLAND,EQ,501747,247312,49.29
20,1818,PENTAGON,SM,21000,17000,80.95
20,1819,PERFECT,ST,15000,15000,100.00
20,1820,PERSISTENT,EQ,265630,114994,43.29
20,1821,PETRONET,EQ,1708591,1003361,58.72
20,1822,PFC,EQ,7130175,3815299,53.51
20,1823,PFIZER,EQ,16807,8688,51.69
20,1824,PFOCUS,EQ,10062,7091,70.47
20,1825,PFS,EQ,426275,235392,55.22
20,1826,PGEL,EQ,1703265,726413,42.65
20,1827,PGHH,EQ,3512,1770,50.40
20,1828,PGHL,EQ,12646,6745,53.34
20,1829,PGIL,EQ,84004,48702,57.98
20,1830,PGINVIT,IV,1611682,1424311,88.37
20,1831,PHANTOMFX,ST,16200,15900,98.15
20,1832,PHARMABEES,EQ,1839013,1256737,68.34
20,1833,PHOENIXLTD,EQ,694793,404223,58.18
20,1834,PHOGLOBAL,ST,16000,16000,100.00
20,1835,PIDILITIND,EQ,159096,93908,59.03
20,1836,PIIND,EQ,191736,88908,46.37
20,1837,PILANIINVS,EQ,4493,2423,53.93
20,1838,PILITA,EQ,80953,50211,62.02
20,1839,PITTIENG,EQ,38047,20884,54.89
20,1840,PIXTRANS,EQ,8588,4383,51.04
20,1841,PLADAINFO,SM,15000,6000,40.00
20,1842,PLASTIBLEN,EQ,2519,2015,79.99
20,1843,PLATIND,EQ,156192,85400,54.68
20,1844,PLAZACABLE,EQ,15170,10620,70.01
20,1845,PNB,EQ,17224807,7592777,44.08
20,1846,PNBGILTS,EQ,364343,188667,51.78
20,1847,PNBHOUSING,EQ,519165,200503,38.62
20,1848,PNC,EQ,13619,9235,67.81
20,1849,PNCINFRA,EQ,12447300,1013585,8.14
20,1850,PNGJL,EQ,183728,94571,51.47
20,1851,POCL,EQ,53153,29455,55.42
20,1852,PODDARMENT,EQ,2308,1708,74.00
20,1853,POKARNA,EQ,109866,61372,55.86
20,1854,POLICYBZR,EQ,817366,429315,52.52
20,1855,POLYCAB,EQ,540742,294176,54.40
20,1856,POLYMED,EQ,491218,170593,34.73
20,1857,POLYPLEX,EQ,46090,26719,57.97
20,1858,POLYSIL,SM,2000,2000,100.00
20,1859,PONNIERODE,EQ,24475,14326,58.53
20,1860,POONAWALLA,EQ,1151699,496309,43.09
20,1861,POSITRON,SM,5400,5100,94.44
20,1862,POWERGRID,EQ,16709670,11689858,69.96
20,1863,POWERINDIA,EQ,84663,20259,23.93
20,1864,POWERMECH,EQ,119473,36258,30.35
20,1865,PPAP,EQ,23613,17432,73.82
20,1866,PPL,EQ,59894,27083,45.22
20,1867,PPLPHARMA,EQ,1857059,586641,31.59
20,1868,PPSL,SM,15000,15000,100.00
20,1869,PRAENG,EQ,19672,10623,54.00
20,1870,PRAJIND,EQ,358111,136005,37.98
20,1871,PRAKASH,EQ,399135,217550,54.51
20,1872,PRAKASHSTL,EQ,436425,304097,69.68
20,1873,PRAMARA,SM,6000,6000,100.00
20,1874,PRANIK,SM,4800,4800,100.00
20,1875,PRATHAM,ST,6000,5200,86.67
20,1876,PRECAM,EQ,468406,228331,48.75
20,1877,PRECISION,ST,4000,4000,100.00
20,1878,PRECWIRE,EQ,77352,47768,61.75
20,1879,PREMEXPLN,EQ,101789,62283,61.19
20,1880,PREMIERENE,EQ,1145912,355115,30.99
20,1881,PREMIUM,SM,48000,48000,100.00
20,1882,PRESSTONIC,ST,4000,4000,100.00
20,1883,PRESTIGE,EQ,525607,283298,53.90
20,1884,PRICOLLTD,EQ,128486,69037,53.73
20,1885,PRIMESECU,EQ,55026,30836,56.04
20,1886,PRINCEPIPE,EQ,71487,50288,70.35
20,1887,PRITI,EQ,9626,5830,60.57
20,1888,PRITIKA,ST,12000,12000,100.00
20,1889,PRITIKAUTO,EQ,105900,74281,70.14
20,1890,PRIVISCL,EQ,25553,21152,82.78
20,1891,PRIZOR,ST,800,800,100.00
20,1892,PRLIND,SM,5000,5000,100.00
20,1893,PROPEQUITY,SM,5400,4800,88.89
20,1894,PROTEAN,EQ,335075,212371,63.38
20,1895,PRSMJOHNSN,EQ,311342,138349,44.44
20,1896,PRUDENT,EQ,34970,16588,47.43
20,1897,PSB,EQ,356192,124740,35.02
20,1898,PSFL,SM,28000,26000,92.86
20,1899,PSPPROJECT,EQ,80056,54912,68.59
20,1900,PSUBANK,EQ,9133,5416,59.30
20,1901,PSUBANKADD,EQ,3431,2978,86.80
20,1902,PSUBNKBEES,EQ,1728228,906568,52.46
20,1903,PSUBNKIETF,EQ,95601,41894,43.82
20,1904,PTC,EQ,1520963,873588,57.44
20,1905,PTCIL,EQ,13997,7832,55.95
20,1906,PTL,EQ,29355,20034,68.25
20,1907,PULZ,SM,42000,36000,85.71
20,1908,PUNJABCHEM,EQ,3850,2672,69.40
20,1909,PURPLEUTED,SM,26000,23000,88.46
20,1910,PURVA,EQ,63024,36427,57.80
20,1911,PURVFLEXI,SM,4800,3200,66.67
20,1912,PVP,EQ,252463,151362,59.95
20,1913,PVRINOX,EQ,739910,167493,22.64
20,1914,PVSL,EQ,19146,10568,55.20
20,1915,PVTBANIETF,EQ,2190119,1578424,72.07
20,1916,PVTBANKADD,EQ,9719,8166,84.02
20,1917,PYRAMID,EQ,32356,18528,57.26
20,1918,QFIL,SM,3000,2000,66.67
20,1919,QGOLDHALF,EQ,43684,22819,52.24
20,1920,QMSMEDI,SM,2000,2000,100.00
20,1921,QNIFTY,EQ,1462,1349,92.27
20,1922,QUADFUTURE,EQ,3676240,1026567,27.92
20,1923,QUADPRO,SM,24000,24000,100.00
20,1924,QUAL30IETF,EQ,80934,37586,46.44
20,1925,QUESS,EQ,201658,113233,56.15
20,1926,QUESTLAB,ST,38400,38400,100.00
20,1927,QUICKHEAL,EQ,75972,22339,29.40
20,1928,QUICKTOUCH,ST,12000,12000,100.00
20,1929,QVCEL,ST,4800,4800,100.00
20,1930,RACE,EQ,89589,28707,32.04
20,1931,RACLGEAR,EQ,2664,1655,62.12
20,1932,RADHIKAJWE,EQ,207805,130468,62.78
20,1933,RADIANTCMS,EQ,94628,67905,71.76
20,1934,RADICO,EQ,83582,38461,46.02
20,1935,RADIOCITY,EQ,52954,34767,65.66
20,1936,RADIOCITY,P1,1708,1708,100.00
20,1937,RADIOWALLA,SM,3200,3200,100.00
20,1938,RAILTEL,EQ,1062069,303727,28.60
20,1939,RAIN,EQ,721997,365457,50.62
20,1940,RAINBOW,EQ,176924,86155,48.70
20,1941,RAJESHEXPO,EQ,710276,181222,25.51
20,1942,RAJINDLTD,SM,217500,139500,64.14
20,1943,RAJMET,EQ,378922,264127,69.70
20,1944,RAJPUTANA,SM,28000,24000,85.71
20,1945,RAJRATAN,EQ,19706,13369,67.84
20,1946,RAJSREESUG,EQ,107832,35075,32.53
20,1947,RALLIS,EQ,175372,93474,53.30
20,1948,RAMANEWS,EQ,47454,34124,71.91
20,1949,RAMAPHO,EQ,39497,22408,56.73
20,1950,RAMASTEEL,EQ,4210860,1607400,38.17
20,1951,RAMCOCEM,EQ,269390,101149,37.55
20,1952,RAMCOIND,EQ,421612,75692,17.95
20,1953,RAMCOSYS,EQ,24961,13640,54.65
20,1954,RAMKY,EQ,21976,14209,64.66
20,1955,RAMRAT,EQ,8555,5135,60.02
20,1956,RANASUG,EQ,175774,115725,65.84
20,1957,RANEENGINE,EQ,3845,1984,51.60
20,1958,RANEHOLDIN,EQ,7319,3535,48.30
20,1959,RAPPID,ST,4200,3600,85.71
20,1960,RATEGAIN,EQ,228016,136434,59.84
20,1961,RATNAMANI,EQ,15469,6369,41.17
20,1962,RATNAVEER,EQ,81208,46607,57.39
20,1963,RAYMOND,EQ,81862,25434,31.07
20,1964,RAYMONDLSL,EQ,157490,58663,37.25
20,1965,RBA,EQ,771692,448205,58.08
20,1966,RBL,EQ,4324,2445,56.54
20,1967,RBLBANK,EQ,3672417,1332298,36.28
20,1968,RBMINFRA,SM,125800,91000,72.34
20,1969,RBS,ST,20800,20800,100.00
20,1970,RBZJEWEL,EQ,182472,82823,45.39
20,1971,RCDL,SM,9000,9000,100.00
20,1972,RCF,EQ,1411124,565526,40.08
20,1973,RECLTD,EQ,10014839,4652494,46.46
20,1974,REDINGTON,EQ,34316102,6061150,17.66
20,1975,REDTAPE,EQ,216513,96174,44.42
20,1976,REFRACTORY,ST,3000,3000,100.00
20,1977,RELAXO,EQ,71898,42804,59.53
20,1978,RELCHEMQ,EQ,6871,6122,89.10
20,1979,RELIABLE,EQ,23203,9475,40.84
20,1980,RELIANCE,EQ,6970972,4194326,60.17
20,1981,RELIGARE,EQ,1909524,1176808,61.63
20,1982,RELINFRA,EQ,6207675,2185319,35.20
20,1983,RELTD,EQ,114752,53396,46.53
20,1984,REMSONSIND,EQ,239011,178292,74.60
20,1985,REMUS,SM,2250,1400,62.22
20,1986,RENUKA,EQ,2036959,748670,36.75
20,1987,REPCOHOME,EQ,173241,90945,52.50
20,1988,REPRO,EQ,7975,4079,51.15
20,1989,RESPONIND,EQ,72628,32990,45.42
20,1990,RETAIL,EQ,2362,1140,48.26
20,1991,REXPIPES,SM,4000,4000,100.00
20,1992,REXPRO,ST,338000,327000,96.75
20,1993,RGL,EQ,416141,151219,36.34
20,1994,RHIM,EQ,43972,25625,58.28
20,1995,RICOAUTO,EQ,429263,246565,57.44
20,1996,RIIL,EQ,70767,20285,28.66
20,1997,RILINFRA,SM,18100,17000,93.92
20,1998,RISHABH,EQ,71522,35680,49.89
20,1999,RITCO,EQ,24915,12649,50.77
20,2000,RITES,EQ,822396,309114,37.59
20,2001,RITEZONE,SM,3200,3200,100.00
20,2002,RKDL,EQ,14535,8727,60.04
20,2003,RKEC,EQ,65096,44766,68.77
20,2004,RKFORGE,EQ,734886,321803,43.79
20,2005,RKSWAMY,EQ,22421,11733,52.33
20,2006,RMDRIP,ST,8000,7500,93.75
20,2007,RML,EQ,8532,4566,53.52
20,2008,RNFI,ST,56400,56400,100.00
20,2009,ROCKINGDCE,SM,16500,14750,89.39
20,2010,ROHLTD,EQ,25495,13200,51.77
20,2011,ROLEXRINGS,EQ,5482,2770,50.53
20,2012,ROML,EQ,4126,3509,85.05
20,2013,ROSSARI,EQ,15572,6755,43.38
20,2014,ROSSTECH,EQ,68842,38554,56.00
20,2015,ROTO,EQ,95425,49337,51.70
20,2016,ROUTE,EQ,77767,41887,53.86
20,2017,ROXHITECH,ST,19200,14400,75.00
20,2018,RPEL,EQ,18886,12268,64.96
20,2019,RPGLIFE,EQ,15130,6242,41.26
20,2020,RPOWER,EQ,23468901,8666514,36.93
20,2021,RPPL,EQ,120704,48209,39.94
20,2022,RPSGVENT,EQ,38876,18326,47.14
20,2023,RPTECH,EQ,118922,50914,42.81
20,2024,RRKABEL,EQ,30295,13320,43.97
20,2025,RSWM,EQ,30295,20022,66.09
20,2026,RSYSTEMS,EQ,174533,123738,70.90
20,2027,RTNINDIA,EQ,1293974,616032,47.61
20,2028,RTNPOWER,EQ,8111383,4572059,56.37
20,2029,RUBFILA,EQ,28646,16842,58.79
20,2030,RUBYMILLS,EQ,8864,5323,60.05
20,2031,RUCHINFRA,EQ,261566,223310,85.37
20,2032,RUCHIRA,EQ,11684,8569,73.34
20,2033,RULKA,ST,3600,3300,91.67
20,2034,RUPA,EQ,123863,83498,67.41
20,2035,RUSHIL,EQ,258812,141465,54.66
20,2036,RUSTOMJEE,EQ,10024,4761,47.50
20,2037,RVNL,EQ,6239370,2083232,33.39
20,2038,RVTH,EQ,422,391,92.65
20,2039,SAAKSHI,SM,4200,4200,100.00
20,2040,SABAR,ST,20000,10000,50.00
20,2041,SADBHIN,EQ,127193,71107,55.90
20,2042,SADHAV,SM,11400,9000,78.95
20,2043,SADHNANIQ,EQ,176198,88707,50.35
20,2044,SAFARI,EQ,289222,190605,65.90
20,2045,SAGARDEEP,EQ,144965,67271,46.40
20,2046,SAGCEM,EQ,35279,20761,58.85
20,2047,SAH,EQ,5084,3791,74.57
20,2048,SAHAJ,SM,20000,8000,40.00
20,2049,SAHAJSOLAR,SM,16000,9800,61.25
20,2050,SAHANA,ST,8250,8125,98.48
20,2051,SAHASRA,SM,46400,32000,68.97
20,2052,SAHYADRI,EQ,25547,21457,83.99
20,2053,SAIFL,ST,4800,4800,100.00
20,2054,SAIL,EQ,14604374,3975656,27.22
20,2055,SAILIFE,EQ,362315,122155,33.72
20,2056,SAJHOTELS,ST,48000,44000,91.67
20,2057,SAKAR,EQ,61117,37178,60.83
20,2058,SAKHTISUG,EQ,88761,50789,57.22
20,2059,SAKSOFT,EQ,66194,35768,54.04
20,2060,SALASAR,EQ,2475693,1276203,51.55
20,2061,SALONA,EQ,68,7,10.29
20,2062,SALSTEEL,EQ,311089,157577,50.65
20,2063,SALZERELEC,EQ,281266,116707,41.49
20,2064,SAMHI,EQ,2024958,1198668,59.19
20,2065,SAMMAANCAP,EQ,4713666,2211331,46.91
20,2066,SANATHAN,EQ,295307,119048,40.31
20,2067,SANDESH,EQ,221,136,61.54
20,2068,SANDHAR,EQ,101707,48158,47.35
20,2069,SANDUMA,EQ,138294,94525,68.35
20,2070,SANGAMIND,EQ,22243,15194,68.31
20,2071,SANGHIIND,EQ,158231,57542,36.37
20,2072,SANGHVIMOV,EQ,182958,86523,47.29
20,2073,SANGINITA,EQ,33804,27919,82.59
20,2074,SANOFI,EQ,9489,5403,56.94
20,2075,SANOFICONR,EQ,5492,2164,39.40
20,2076,SANSERA,EQ,57031,25596,44.88
20,2077,SANSTAR,EQ,216498,103627,47.87
20,2078,SAPPHIRE,EQ,503143,233240,46.36
20,2079,SARDAEN,EQ,862833,234115,27.13
20,2080,SAREGAMA,EQ,3776698,383965,10.17
20,2081,SARTELE,SM,175000,102000,58.29
20,2082,SARVESHWAR,EQ,1414505,871450,61.61
20,2083,SASKEN,EQ,6194,3496,56.44
20,2084,SASTASUNDR,EQ,30853,25424,82.40
20,2085,SATECH,ST,32000,30000,93.75
20,2086,SATIA,EQ,101126,53229,52.64
20,2087,SATIN,EQ,363694,222946,61.30
20,2088,SATINDLTD,EQ,257500,146373,56.84
20,2089,SATKARTAR,SM,54400,32000,58.82
20,2090,SAURASHCEM,EQ,72218,40864,56.58
20,2091,SBC,EQ,4982453,2758659,55.37
20,2092,SBCL,EQ,158679,97715,61.58
20,2093,SBFC,EQ,840235,444028,52.85
20,2094,SBGLP,EQ,135504,97954,72.29
20,2095,SBICARD,EQ,1052263,562978,53.50
20,2096,SBIETFCON,EQ,9879,6808,68.91
20,2097,SBIETFIT,EQ,1730,1144,66.13
20,2098,SBIETFPB,EQ,3268,2042,62.48
20,2099,SBIETFQLTY,EQ,53320,49310,92.48
20,2100,SBILIFE,EQ,530759,294641,55.51
20,2101,SBIN,EQ,12667049,6164871,48.67
20,2102,SBINEQWETF,EQ,19348,16210,83.78
20,2103,SBISILVER,EQ,7323260,7042698,96.17
20,2104,SCHAEFFLER,EQ,13963,6377,45.67
20,2105,SCHAND,EQ,93673,72992,77.92
20,2106,SCHNEIDER,EQ,149456,70763,47.35
20,2107,SCI,EQ,3063349,856998,27.98
20,2108,SCILAL,EQ,617406,253432,41.05
20,2109,SCLZC25,YN,26,26,100.00
20,2110,SCLZC25B,AT,50,50,100.00
20,2111,SCML,SM,1000,1000,100.00
20,2112,SCPL,EQ,15878,11955,75.29
20,2113,SDBL,EQ,554592,295969,53.37
20,2114,SDL26BEES,EQ,3041,2416,79.45
20,2115,SDREAMS,SM,1000,1000,100.00
20,2116,SEAMECLTD,EQ,19890,15243,76.64
20,2117,SECL,ST,6250,6250,100.00
20,2118,SECMARK,EQ,1649,1420,86.11
20,2119,SECURKLOUD,EQ,15153,10791,71.21
20,2120,SEJALLTD,EQ,5165,4490,86.93
20,2121,SEL,ST,1400,1400,100.00
20,2122,SELAN,EQ,136200,67156,49.31
20,2123,SELMC,EQ,13255,10769,81.24
20,2124,SENCO,EQ,440516,195738,44.43
20,2125,SENORES,EQ,1871212,544011,29.07
20,2126,SENSEXADD,EQ,1568,521,33.23
20,2127,SENSEXETF,EQ,11838,10884,91.94
20,2128,SENSEXIETF,EQ,13302,2983,22.43
20,2129,SEPC,EQ,2896072,1664265,57.47
20,2130,SEQUENT,EQ,269835,181937,67.43
20,2131,SERVICE,SM,4000,2000,50.00
20,2132,SERVOTECH,EQ,220869,123656,55.99
20,2133,SESHAPAPER,EQ,39852,24580,61.68
20,2134,SETF10GILT,EQ,16997,15696,92.35
20,2135,SETFGOLD,EQ,3296446,2597228,78.79
20,2136,SETFNIF50,EQ,804269,690240,85.82
20,2137,SETFNIFBK,EQ,18745,12559,67.00
20,2138,SETFNN50,EQ,42154,31049,73.66
20,2139,SFL,EQ,37989,19225,50.61
20,2140,SFML,SM,137600,70400,51.16
20,2141,SGBAPR28I,GB,907,435,47.96
20,2142,SGBAUG27,GB,67,55,82.09
20,2143,SGBAUG28V,GB,3968,2907,73.26
20,2144,SGBAUG29V,GB,256,196,76.56
20,2145,SGBAUG30,GB,306,251,82.03
20,2146,SGBD29VIII,GB,42,39,92.86
20,2147,SGBDC27VII,GB,26,15,57.69
20,2148,SGBDE30III,GB,349,234,67.05
20,2149,SGBDE31III,GB,2225,1683,75.64
20,2150,SGBDEC25,GB,27,27,100.00
20,2151,SGBDEC25XI,GB,4,4,100.00
20,2152,SGBFEB27,GB,16,16,100.00
20,2153,SGBFEB28IX,GB,51,47,92.16
20,2154,SGBFEB29XI,GB,421,414,98.34
20,2155,SGBFEB32IV,GB,1487,1016,68.33
20,2156,SGBJ28VIII,GB,61,60,98.36
20,2157,SGBJAN26,GB,7,7,100.00
20,2158,SGBJAN27,GB,294,294,100.00
20,2159,SGBJAN29IX,GB,401,367,91.52
20,2160,SGBJAN29X,GB,33,33,100.00
20,2161,SGBJAN30IX,GB,155,116,74.84
20,2162,SGBJU29III,GB,82,57,69.51
20,2163,SGBJUL25,GB,124,107,86.29
20,2164,SGBJUL27,GB,112,110,98.21
20,2165,SGBJUL28IV,GB,388,368,94.85
20,2166,SGBJUL29IV,GB,1522,1515,99.54
20,2167,SGBJUN27,GB,5,5,100.00
20,2168,SGBJUN28,GB,186,146,78.49
20,2169,SGBJUN29II,GB,119,115,96.64
20,2170,SGBJUN30,GB,116,71,61.21
20,2171,SGBJUN31I,GB,726,529,72.87
20,2172,SGBMAR25,GB,78,76,97.44
20,2173,SGBMAR28X,GB,29,18,62.07
20,2174,SGBMAR30X,GB,2300,2106,91.57
20,2175,SGBMAR31IV,GB,982,514,52.34
20,2176,SGBMAY25,GB,545,500,91.74
20,2177,SGBMAY26,GB,193,189,97.93
20,2178,SGBMAY28,GB,369,339,91.87
20,2179,SGBMAY29I,GB,430,295,68.60
20,2180,SGBMR29XII,GB,403,275,68.24
20,2181,SGBN28VIII,GB,56,35,62.50
20,2182,SGBNOV258,GB,4,4,100.00
20,2183,SGBNOV25IX,GB,34,32,94.12
20,2184,SGBNV29VII,GB,396,391,98.74
20,2185,SGBOC28VII,GB,92,70,76.09
20,2186,SGBOCT25,GB,176,176,100.00
20,2187,SGBOCT25IV,GB,3,3,100.00
20,2188,SGBOCT27VI,GB,10,10,100.00
20,2189,SGBSEP27,GB,59,54,91.53
20,2190,SGBSEP28VI,GB,284,271,95.42
20,2191,SGBSEP29VI,GB,536,340,63.43
20,2192,SGBSEP31II,GB,2027,1501,74.05
20,2193,SGL,EQ,11598,6942,59.86
20,2194,SGLTL,EQ,1738193,434773,25.01
20,2195,SHAH,EQ,674739,440491,65.28
20,2196,SHAHALLOYS,EQ,27669,13411,48.47
20,2197,SHALBY,EQ,53123,24847,46.77
20,2198,SHALPAINTS,EQ,155175,102810,66.25
20,2199,SHANKARA,EQ,137020,56111,40.95
20,2200,SHANTI,EQ,398753,244601,61.34
20,2201,SHANTIGEAR,EQ,14480,7251,50.08
20,2202,SHARDACROP,EQ,146365,59228,40.47
20,2203,SHARDAMOTR,EQ,8615,3915,45.44
20,2204,SHAREINDIA,EQ,572751,226710,39.58
20,2205,SHARIABEES,EQ,3507,2118,60.39
20,2206,SHEETAL,SM,28000,16000,57.14
20,2207,SHEMAROO,EQ,22171,12109,54.62
20,2208,SHERA,SM,17000,13000,76.47
20,2209,SHIGAN,SM,4500,4500,100.00
20,2210,SHILPAMED,EQ,1060389,182553,17.22
20,2211,SHIVALIK,EQ,113070,45361,40.12
20,2212,SHIVAMAUTO,EQ,304845,135022,44.29
20,2213,SHIVAMILLS,EQ,5671,1691,29.82
20,2214,SHIVATEX,EQ,4030,2541,63.05
20,2215,SHK,EQ,164378,97054,59.04
20,2216,SHOPERSTOP,EQ,45414,20831,45.87
20,2217,SHREDIGCEM,EQ,119390,61676,51.66
20,2218,SHREECEM,EQ,13510,5095,37.71
20,2219,SHREEKARNI,ST,3750,2850,76.00
20,2220,SHREEOSFM,SM,6000,5000,83.33
20,2221,SHREEPUSHK,EQ,88450,41461,46.88
20,2222,SHRENIK,EQ,916566,620236,67.67
20,2223,SHREYANIND,EQ,31321,11620,37.10
20,2224,SHRIPISTON,EQ,38991,15591,39.99
20,2225,SHRIRAMFIN,EQ,4253881,2330292,54.78
20,2226,SHRIRAMPPS,EQ,632166,351317,55.57
20,2227,SHRITECH,SM,4000,4000,100.00
20,2228,SHUBHLAXMI,ST,2000,2000,100.00
20,2229,SHUBHSHREE,ST,3600,2400,66.67
20,2230,SHYAMCENT,EQ,96615,74492,77.10
20,2231,SHYAMMETL,EQ,140562,66915,47.61
20,2232,SIDDHIKA,ST,3000,3000,100.00
20,2233,SIEMENS,EQ,338237,190422,56.30
20,2234,SIGACHI,EQ,1591928,761542,47.84
20,2235,SIGIND,EQ,21954,15876,72.31
20,2236,SIGMA,EQ,19088,1509,7.91
20,2237,SIGNATURE,EQ,1407759,135082,9.60
20,2238,SIKKO,EQ,47765,27195,56.93
20,2239,SIL,EQ,30533,19049,62.39
20,2240,SILGO,EQ,146510,76400,52.15
20,2241,SILINV,EQ,2910,1524,52.37
20,2242,SILKFLEX,SM,18000,14000,77.78
20,2243,SILLYMONKS,EQ,3607,2722,75.46
20,2244,SILVER,EQ,257385,171970,66.81
20,2245,SILVER1,EQ,189591,160601,84.71
20,2246,SILVERADD,EQ,27731,18075,65.18
20,2247,SILVERBEES,EQ,5366766,4056397,75.58
20,2248,SILVERETF,EQ,148371,108323,73.01
20,2249,SILVERIETF,EQ,895356,745425,83.25
20,2250,SILVERTUC,EQ,9143,719,7.86
20,2251,SILVRETF,EQ,51048,24686,48.36
20,2252,SINCLAIR,EQ,138906,51525,37.09
20,2253,SINDHUTRAD,EQ,3628233,1572922,43.35
20,2254,SINTERCOM,EQ,10746,9035,84.08
20,2255,SIRCA,EQ,58699,37967,64.68
20,2256,SIS,EQ,34027,22451,65.98
20,2257,SIYSIL,EQ,232870,91423,39.26
20,2258,SJLOGISTIC,SM,82500,57500,69.70
20,2259,SJS,EQ,23573,13936,59.12
20,2260,SJVN,EQ,4667772,1128852,24.18
20,2261,SKFINDIA,EQ,21929,16474,75.12
20,2262,SKIPPER,EQ,439411,147282,33.52
20,2263,SKMEGGPROD,EQ,69539,44371,63.81
20,2264,SKP,SM,8000,7000,87.50
20,2265,SLONE,ST,5600,4800,85.71
20,2266,SMALLCAP,EQ,1539510,1072078,69.64
20,2267,SMCGLOBAL,EQ,82834,54379,65.65
20,2268,SMLISUZU,EQ,11829,6989,59.08
20,2269,SMLT,EQ,20795,13964,67.15
20,2270,SMSPHARMA,EQ,72337,44481,61.49
20,2271,SMVD,SM,36360,36360,100.00
20,2272,SNOWMAN,EQ,541924,297152,54.83
20,2273,SOBHA,EQ,447567,188086,42.02
20,2274,SOLARA,EQ,56135,34095,60.74
20,2275,SOLARAPP,E1,1732,881,50.87
20,2276,SOLARINDS,EQ,101065,35507,35.13
20,2277,SOLEX,ST,14375,13375,93.04
20,2278,SOMANYCERA,EQ,30401,11353,37.34
20,2279,SOMICONVEY,EQ,17834,10875,60.98
20,2280,SONACOMS,EQ,1160970,509731,43.91
20,2281,SONAMAC,ST,8000,8000,100.00
20,2282,SONAMLTD,EQ,158474,72292,45.62
20,2283,SONATSOFTW,EQ,1894890,648544,34.23
20,2284,SONUINFRA,ST,45000,42000,93.33
20,2285,SOTL,EQ,116430,108630,93.30
20,2286,SOUTHBANK,EQ,7064939,3732033,52.82
20,2287,SOUTHWEST,EQ,35375,26149,73.92
20,2288,SPAL,EQ,65982,24288,36.81
20,2289,SPANDANA,EQ,306406,113398,37.01
20,2290,SPARC,EQ,432516,243869,56.38
20,2291,SPCL,ST,17400,16200,93.10
20,2292,SPECIALITY,EQ,36739,20872,56.81
20,2293,SPECTRUM,SM,1625,1125,69.23
20,2294,SPECTSTM,SM,39200,36800,93.88
20,2295,SPENCERS,EQ,149812,82781,55.26
20,2296,SPIC,EQ,824473,389550,47.25
20,2297,SPLIL,EQ,9864,7030,71.27
20,2298,SPLPETRO,EQ,28950,14975,51.73
20,2299,SPORTKING,EQ,70817,44811,63.28
20,2300,SPPPOLY,ST,10000,10000,100.00
20,2301,SRD,EQ,33392,18884,56.55
20,2302,SREEL,EQ,5883,4226,71.83
20,2303,SRF,EQ,334621,124381,37.17
20,2304,SRGHFL,EQ,2409,428,17.77
20,2305,SRHHYPOLTD,EQ,6128,3464,56.53
20,2306,SRIVASAVI,SM,2000,2000,100.00
20,2307,SSDL,EQ,27840,16107,57.86
20,2308,SSEGL,SM,38800,30400,78.35
20,2309,SSFL,SM,9000,8500,94.44
20,2310,S&SPOWER,EQ,3447,2239,64.96
20,2311,SSWL,EQ,92294,41653,45.13
20,2312,STALLION,EQ,2705004,1083633,40.06
20,2313,STANLEY,EQ,33423,23956,71.68
20,2314,STAR,EQ,536223,305642,57.00
20,2315,STARCEMENT,EQ,375994,147048,39.11
20,2316,STARHEALTH,EQ,560266,357297,63.77
20,2317,STARPAPER,EQ,17835,15284,85.70
20,2318,STARTECK,EQ,4014,1541,38.39
20,2319,STCINDIA,EQ,24805,11563,46.62
20,2320,STEELCAS,EQ,9751,5180,53.12
20,2321,STEELCITY,EQ,16290,9613,59.01
20,2322,STEELXIND,EQ,1114737,691981,62.08
20,2323,STEL,EQ,3546,1879,52.99
20,2324,STERTOOLS,EQ,113105,49740,43.98
20,2325,STLTECH,EQ,730167,374186,51.25
20,2326,STOVEKRAFT,EQ,89185,38882,43.60
20,2327,STYLAMIND,EQ,37218,20281,54.49
20,2328,STYLEBAAZA,EQ,880359,417676,47.44
20,2329,STYRENIX,EQ,22294,11961,53.65
20,2330,SUBEXLTD,EQ,2250911,1252421,55.64
20,2331,SUBROS,EQ,22160,9722,43.87
20,2332,SUDARSCHEM,EQ,132795,75479,56.84
20,2333,SUKHJITS,EQ,41686,14847,35.62
20,2334,SULA,EQ,240879,127481,52.92
20,2335,SUMICHEM,EQ,492061,231497,47.05
20,2336,SUMMITSEC,EQ,9623,5462,56.76
20,2337,SUNCLAY,EQ,9127,5560,60.92
20,2338,SUNDARAM,EQ,300687,246537,81.99
20,2339,SUNDARMFIN,EQ,44535,18653,41.88
20,2340,SUNDARMHLD,EQ,41325,20796,50.32
20,2341,SUNDRMFAST,EQ,79755,68866,86.35
20,2342,SUNLITE,SM,12000,7200,60.00
20,2343,SUNPHARMA,EQ,1237839,781633,63.14
20,2344,SUNREST,SM,3200,1600,50.00
20,2345,SUNTECK,EQ,172553,70708,40.98
20,2346,SUNTV,EQ,1956080,242168,12.38
20,2347,SUPERHOUSE,EQ,7457,3998,53.61
20,2348,SUPERSPIN,EQ,58463,36603,62.61
20,2349,SUPRAJIT,EQ,38422,23225,60.45
20,2350,SUPREME,EQ,106154,50113,47.21
20,2351,SUPREMEIND,EQ,83830,45945,54.81
20,2352,SUPREMEPWR,ST,67000,65500,97.76
20,2353,SUPRIYA,EQ,350909,113908,32.46
20,2354,SURAJEST,EQ,48404,23144,47.81
20,2355,SURAJLTD,EQ,1665,695,41.74
20,2356,SURAKSHA,EQ,109591,51931,47.39
20,2357,SURANASOL,EQ,145972,69677,47.73
20,2358,SURANAT&P,EQ,74784,31047,41.52
20,2359,SURANI,ST,1400,1400,100.00
20,2360,SURYALAXMI,EQ,6998,5874,83.94
20,2361,SURYAROSNI,EQ,301027,146624,48.71
20,2362,SURYODAY,EQ,363605,203677,56.02
20,2363,SUTLEJTEX,EQ,60954,34770,57.04
20,2364,SUVEN,EQ,231466,106617,46.06
20,2365,SUVENPHAR,EQ,166421,116134,69.78
20,2366,SUVIDHAA,EQ,217608,141318,64.94
20,2367,SUYOG,EQ,19973,13238,66.28
20,2368,SUZLON,EQ,31170558,14649832,47.00
20,2369,SWANENERGY,EQ,1287847,512851,39.82
20,2370,SWARAJ,SM,48500,42000,86.60
20,2371,SWARAJENG,EQ,11638,7119,61.17
20,2372,SWASTIK,SM,4800,2400,50.00
20,2373,SWELECTES,EQ,15861,6417,40.46
20,2374,SWIGGY,EQ,31887879,13233204,41.50
20,2375,SWSOLAR,EQ,1036026,422313,40.76
20,2376,SYLVANPLY,SM,6000,6000,100.00
20,2377,SYMPHONY,EQ,115206,45315,39.33
20,2378,SYNCOMF,EQ,1291568,842732,65.25
20,2379,SYNGENE,EQ,404309,195458,48.34
20,2380,SYNOPTICS,SM,3000,2400,80.00
20,2381,SYRMA,EQ,519585,214654,41.31
20,2382,SYSTANGO,SM,5600,3600,64.29
20,2383,TAC,ST,3000,3000,100.00
20,2384,TAINWALCHM,EQ,4836,1741,36.00
20,2385,TAJGVK,EQ,332851,113999,34.25
20,2386,TALBROAUTO,EQ,34511,18592,53.87
20,2387,TANLA,EQ,308528,142036,46.04
20,2388,TAPIFRUIT,SM,2250,1500,66.67
20,2389,TARC,EQ,803779,502276,62.49
20,2390,TARIL,EQ,446680,232932,52.15
20,2391,TARMAT,EQ,27246,21724,79.73
20,2392,TARSONS,EQ,20792,10163,48.88
20,2393,TASTYBITE,EQ,9723,3568,36.70
20,2394,TATACHEM,EQ,840800,345397,41.08
20,2395,TATACOMM,EQ,90171,32571,36.12
20,2396,TATACONSUM,EQ,1418998,458704,32.33
20,2397,TATAELXSI,EQ,60322,31666,52.49
20,2398,TATAGOLD,EQ,12002684,9632428,80.25
20,2399,TATAINVEST,EQ,12040,6007,49.89
20,2400,TATAMOTORS,EQ,10981963,5329383,48.53
20,2401,TATAPOWER,EQ,5124415,2033731,39.69
20,2402,TATASTEEL,EQ,26120805,8452030,32.36
20,2403,TATATECH,EQ,446340,221697,49.67
20,2404,TATSILV,EQ,1143148,780601,68.29
20,2405,TATVA,EQ,16910,10077,59.59
20,2406,TBI,SM,3000,3000,100.00
20,2407,TBOTEK,EQ,63184,37967,60.09
20,2408,TBZ,EQ,92390,46831,50.69
20,2409,TCHF30,NB,50,50,100.00
20,2410,TCI,EQ,16396,9995,60.96
20,2411,TCIEXP,EQ,44468,23008,51.74
20,2412,TCL,SM,22400,16800,75.00
20,2413,TCPLPACK,EQ,2074,1169,56.36
20,2414,TCS,EQ,1339511,891261,66.54
20,2415,TDPOWERSYS,EQ,839145,456127,54.36
20,2416,TEAMLEASE,EQ,10702,4886,45.66
20,2417,TECH,EQ,4444,2620,58.96
20,2418,TECHERA,ST,41600,38400,92.31
20,2419,TECHLABS,ST,15250,14500,95.08
20,2420,TECHM,EQ,1235699,895460,72.47
20,2421,TECHNOE,EQ,762915,602252,78.94
20,2422,TECILCHEM,EQ,574,291,50.70
20,2423,TEGA,EQ,67822,35122,51.79
20,2424,TEJASNET,EQ,509831,211619,41.51
20,2425,TEXINFRA,EQ,431818,191446,44.33
20,2426,TEXMOPIPES,EQ,66716,38625,57.89
20,2427,TEXRAIL,EQ,1853631,798487,43.08
20,2428,TFCILTD,EQ,175625,105739,60.21
20,2429,TGBHOTELS,EQ,52033,20106,38.64
20,2430,TGL,ST,78200,71000,90.79
20,2431,THANGAMAYL,EQ,158488,77508,48.90
20,2432,THEINVEST,EQ,4484,3219,71.79
20,2433,THEJO,EQ,5628,4013,71.30
20,2434,THEMISMED,EQ,61641,30513,49.50
20,2435,THERMAX,EQ,62609,24544,39.20
20,2436,THESL,ST,3000,3000,100.00
20,2437,THOMASCOOK,EQ,1309936,848767,64.79
20,2438,THYROCARE,EQ,31672,17754,56.06
20,2439,TI,EQ,4229261,1798895,42.53
20,2440,TICL,EQ,93978,59024,62.81
20,2441,TIIL,EQ,13197,9225,69.90
20,2442,TIINDIA,EQ,191328,85237,44.55
20,2443,TIL,EQ,14322,12129,84.69
20,2444,TIMETECHNO,EQ,467058,209513,44.86
20,2445,TIMKEN,EQ,154505,63184,40.89
20,2446,TIPSMUSIC,EQ,267313,124306,46.50
20,2447,TIRUMALCHM,EQ,166789,97652,58.55
20,2448,TIRUPATI,SM,10000,10000,100.00
20,2449,TITAGARH,EQ,1358736,329135,24.22
20,2450,TITAN,EQ,904436,557690,61.66
20,2451,TMB,EQ,72147,43911,60.86
20,2452,TNIDETF,EQ,48511,34900,71.94
20,2453,TNPETRO,EQ,130481,66246,50.77
20,2454,TNPL,EQ,62906,33111,52.64
20,2455,TOKYOPLAST,EQ,3036,2058,67.79
20,2456,TOLINS,EQ,301103,161425,53.61
20,2457,TOP100CASE,EQ,505404,366977,72.61
20,2458,TOP10ADD,EQ,413159,395394,95.70
20,2459,TORNTPHARM,EQ,283715,180128,63.49
20,2460,TORNTPOWER,EQ,417977,159027,38.05
20,2461,TOTAL,EQ,6322,4461,70.56
20,2462,TOUCHWOOD,EQ,8590,5828,67.85
20,2463,TPLPLASTEH,EQ,164970,37083,22.48
20,2464,TRACXN,EQ,131241,80669,61.47
20,2465,TRANSRAILL,EQ,2957093,408135,13.80
20,2466,TRANSTEEL,ST,12000,12000,100.00
20,2467,TRANSWIND,SM,4000,4000,100.00
20,2468,TRANSWORLD,EQ,31515,18640,59.15
20,2469,TREEHOUSE,EQ,11958,9379,78.43
20,2470,TREJHARA,EQ,3978,2257,56.74
20,2471,TREL,EQ,172898,85300,49.34
20,2472,TRENT,EQ,1529876,655120,42.82
20,2473,TRF,EQ,22080,16017,72.54
20,2474,TRIDENT,EQ,3037874,1269925,41.80
20,2475,TRIDHYA,SM,30000,30000,100.00
20,2476,TRIGYN,EQ,96403,62656,64.99
20,2477,TRITURBINE,EQ,1181017,648151,54.88
20,2478,TRIVENI,EQ,208619,70747,33.91
20,2479,TROM,SM,3600,3600,100.00
20,2480,TRUST,ST,46200,41400,89.61
20,2481,TTKHLTCARE,EQ,4430,3562,80.41
20,2482,TTKPRESTIG,EQ,26168,12679,48.45
20,2483,TTML,EQ,17179487,1285997,7.49
20,2484,TUNWAL,SM,46000,28000,60.87
20,2485,TVSELECT,EQ,14512,5354,36.89
20,2486,TVSHLTD,EQ,6801,3194,46.96
20,2487,TVSMOTOR,EQ,440811,236767,53.71
20,2488,TVSSCS,EQ,449760,310158,68.96
20,2489,TVSSRICHAK,EQ,1249,776,62.13
20,2490,TVTODAY,EQ,92677,43877,47.34
20,2491,UBL,EQ,74532,15448,20.73
20,2492,UCL,SM,48000,48000,100.00
20,2493,UCOBANK,EQ,2006388,860725,42.90
20,2494,UDAICEMENT,EQ,96443,62402,64.70
20,2495,UDS,EQ,112890,68253,60.46
20,2496,UFLEX,EQ,46281,37108,80.18
20,2497,UFO,EQ,45046,25530,56.68
20,2498,UGARSUGAR,EQ,458946,353709,77.07
20,2499,UGROCAP,EQ,981469,669536,68.22
20,2500,UHTL,ST,52000,36000,69.23
20,2501,UJJIVANSFB,EQ,14644336,6191657,42.28
20,2502,ULTRACEMCO,EQ,262455,181661,69.22
20,2503,UMA,SM,8000,8000,100.00
20,2504,UMAEXPORTS,EQ,27700,13008,46.96
20,2505,UMESLTD,EQ,12418,5551,44.70
20,2506,UNICHEMLAB,EQ,21475,10014,46.63
20,2507,UNIDT,EQ,33240,19889,59.83
20,2508,UNIECOM,EQ,1380352,766573,55.53
20,2509,UNIENTER,EQ,4255,2309,54.27
20,2510,UNIINFO,EQ,4362,2572,58.96
20,2511,UNILEX,SM,4800,4800,100.00
20,2512,UNIMECH,EQ,93864,45364,48.33
20,2513,UNIONBANK,EQ,5737779,2079510,36.24
20,2514,UNIPARTS,EQ,341367,225907,66.18
20,2515,UNITDSPR,EQ,670743,317248,47.30
20,2516,UNITEDTEA,EQ,1613,1065,66.03
20,2517,UNIVCABLES,EQ,25879,11784,45.53
20,2518,UNOMINDA,EQ,939633,481765,51.27
20,2519,UPL,EQ,1932363,924155,47.83
20,2520,URAVIDEF,EQ,14375,5956,41.43
20,2521,URBAN,SM,2400,2400,100.00
20,2522,USASEEDS,SM,900,600,66.67
20,2523,USHAFIN,SM,16800,16000,95.24
20,2524,USHAMART,EQ,531035,277384,52.23
20,2525,USK,EQ,109633,48908,44.61
20,2526,UTIAMC,EQ,70462,40686,57.74
20,2527,UTIBANKETF,EQ,45348,38714,85.37
20,2528,UTINEXT50,EQ,115901,79116,68.26
20,2529,UTINIFTETF,EQ,14282,12235,85.67
20,2530,UTISENSETF,EQ,2006,1808,90.13
20,2531,UTISXN50,EQ,6265,2508,40.03
20,2532,UTKARSHBNK,EQ,1040641,473547,45.51
20,2533,UTSSAV,ST,62400,58800,94.23
20,2534,UTTAMSUGAR,EQ,31666,20079,63.41
20,2535,UYFINCORP,EQ,30082,22808,75.82
20,2536,VADILALIND,EQ,2179,1009,46.31
20,2537,VAIBHAVGBL,EQ,295413,136615,46.25
20,2538,VAISHALI,EQ,244737,169865,69.41
20,2539,VAKRANGEE,EQ,28504741,10451725,36.67
20,2540,VAL30IETF,EQ,162168,103182,63.63
20,2541,VALIANTLAB,EQ,20552,12138,59.06
20,2542,VALIANTORG,EQ,37271,17053,45.75
20,2543,VARDHACRLC,EQ,32947,23828,72.32
20,2544,VARROC,EQ,1416778,195688,13.81
20,2545,VASCONEQ,EQ,647050,350485,54.17
20,2546,VASWANI,EQ,144735,76126,52.60
20,2547,VBL,EQ,14670575,7202579,49.10
20,2548,VCL,EQ,207182,122190,58.98
20,2549,VDEAL,SM,3600,3600,100.00
20,2550,VEDL,EQ,10212102,4299501,42.10
20,2551,VEEDOL,EQ,6091,3270,53.69
20,2552,VEEKAYEM,ST,1500,1500,100.00
20,2553,VELS,ST,1200,1200,100.00
20,2554,VENKEYS,EQ,69615,16567,23.80
20,2555,VENTIVE,EQ,388679,194922,50.15
20,2556,VENUSPIPES,EQ,30470,16653,54.65
20,2557,VENUSREM,EQ,128068,56991,44.50
20,2558,VERANDA,EQ,70080,33107,47.24
20,2559,VESUVIUS,EQ,5676,1921,33.84
20,2560,VETO,EQ,22405,10014,44.70
20,2561,VGUARD,EQ,143073,51004,35.65
20,2562,VHL,EQ,723,334,46.20
20,2563,VIAZ,SM,4000,4000,100.00
20,2564,VIDHIING,EQ,16836,8650,51.38
20,2565,VIESL,SM,40800,22400,54.90
20,2566,VIJAYA,EQ,171387,88010,51.35
20,2567,VIKASECO,EQ,1757480,1096756,62.41
20,2568,VIKASLIFE,EQ,2300278,1497779,65.11
20,2569,VILAS,SM,23750,19000,80.00
20,2570,VILINBIO,SM,8000,4000,50.00
20,2571,VIMTALABS,EQ,204477,69501,33.99
20,2572,VINATIORGA,EQ,20489,12080,58.96
20,2573,VINCOFE,EQ,225045,131492,58.43
20,2574,VINDHYATEL,EQ,11829,7790,65.86
20,2575,VINEETLAB,EQ,7681,4447,57.90
20,2576,VINSYS,SM,5000,3500,70.00
20,2577,VINYAS,SM,12000,11600,96.67
20,2578,VINYLINDIA,EQ,16498,9203,55.78
20,2579,VIPCLOTHNG,EQ,26179,19369,73.99
20,2580,VIPIND,EQ,228608,113812,49.78
20,2581,VIRINCHI,EQ,335114,221299,66.04
20,2582,VISAKAIND,EQ,90572,68209,75.31
20,2583,VISHNU,EQ,113715,53299,46.87
20,2584,VISHNUINFR,SM,4000,4000,100.00
20,2585,VISHWARAJ,EQ,242932,158263,65.15
20,2586,VITAL,SM,3600,2400,66.67
20,2587,VIVIANA,ST,7250,7250,100.00
20,2588,VIVIDHA,EQ,326289,266112,81.56
20,2589,VLEGOV,EQ,91565,84481,92.26
20,2590,VLINFRA,ST,3000,3000,100.00
20,2591,VLSFINANCE,EQ,39536,23796,60.19
20,2592,VMARCIND,ST,10000,9500,95.00
20,2593,VMART,EQ,18216,7586,41.64
20,2594,VMM,EQ,19121374,5810239,30.39
20,2595,VOLTAMP,EQ,18647,8893,47.69
20,2596,VOLTAS,EQ,480296,172928,36.00
20,2597,VPRPL,EQ,1123985,464449,41.32
20,2598,VR,ST,400,400,100.00
20,2599,VRAJ,EQ,27717,16318,58.87
20,2600,VRLLOG,EQ,311589,146977,47.17
20,2601,VSCL,ST,3000,3000,100.00
20,2602,VSSL,EQ,25575,17373,67.93
20,2603,VSTIND,EQ,249983,116928,46.77
20,2604,VSTL,EQ,47424,27577,58.15
20,2605,VSTTILLERS,EQ,49110,10824,22.04
20,2606,VTL,EQ,77938,30712,39.41
20,2607,WAAREEENER,EQ,876016,229727,26.22
20,2608,WABAG,EQ,3790173,805729,21.26
20,2609,WALCHANNAG,EQ,291085,164054,56.36
20,2610,WALPAR,SM,2000,2000,100.00
20,2611,WANBURY,EQ,76777,31173,40.60
20,2612,WCIL,EQ,630158,195662,31.05
20,2613,WEALTH,EQ,2486,1626,65.41
20,2614,WEIZMANIND,EQ,1217,698,57.35
20,2615,WEL,EQ,352371,119169,33.82
20,2616,WELCORP,EQ,779107,197262,25.32
20,2617,WELENT,EQ,915133,438754,47.94
20,2618,WELINV,EQ,819,325,39.68
20,2619,WELSPUNLIV,EQ,1307933,665144,50.85
20,2620,WENDT,EQ,215,139,64.65
20,2621,WESTLIFE,EQ,37488,9300,24.81
20,2622,WEWIN,EQ,15884,7990,50.30
20,2623,WHEELS,EQ,11605,6923,59.66
20,2624,WHIRLPOOL,EQ,330582,202567,61.28
20,2625,WILLAMAGOR,EQ,2995,1048,34.99
20,2626,WINDLAS,EQ,24195,11290,46.66
20,2627,WINDMACHIN,EQ,106963,60880,56.92
20,2628,WINSOL,SM,20400,17600,86.27
20,2629,WIPRO,EQ,12304840,7947545,64.59
20,2630,WOCKPHARMA,EQ,746183,499004,66.87
20,2631,WOL3D,SM,1000,1000,100.00
20,2632,WOMANCART,ST,2400,2400,100.00
20,2633,WONDERLA,EQ,46983,25483,54.24
20,2634,WORTH,EQ,73895,38573,52.20
20,2635,WSI,EQ,24641,17004,69.01
20,2636,WSTCSTPAPR,EQ,87121,54019,62.00
20,2637,WTICAB,ST,3500,3500,100.00
20,2638,XCHANGING,EQ,98324,58878,59.88
20,2639,XELPMOC,EQ,11032,5483,49.70
20,2640,XPROINDIA,EQ,182723,81648,44.68
20,2641,XTGLOBAL,EQ,8310,5988,72.06
20,2642,YASHO,EQ,13554,7866,58.03
20,2643,YASHOPTICS,SM,3200,3200,100.00
20,2644,YATHARTH,EQ,935550,518839,55.46
20,2645,YATRA,EQ,156765,80586,51.41
20,2646,YCCL,SM,3000,3000,100.00
20,2647,YESBANK,EQ,70508773,25584238,36.29
20,2648,YUDIZ,SM,1600,1600,100.00
20,2649,YUKEN,EQ,19328,14787,76.51
20,2650,ZAGGLE,EQ,323812,323812,100.00
20,2651,ZEAL,SM,13800,12000,86.96
20,2652,ZEEL,EQ,5518115,2785958,50.49
20,2653,ZEELEARN,EQ,462631,279136,60.34
20,2654,ZEEMEDIA,EQ,1691251,997316,58.97
20,2655,ZENITHDRUG,ST,4000,3200,80.00
20,2656,ZENITHEXPO,EQ,5823,2382,40.91
20,2657,ZENITHSTL,EQ,209908,117466,55.96
20,2658,ZENSARTECH,EQ,925682,190263,20.55
20,2659,ZENTEC,EQ,419417,189075,45.08
20,2660,ZFCVINDIA,EQ,30564,14208,46.49
20,2661,ZIMLAB,EQ,31041,19825,63.87
20,2662,ZODIAC,EQ,20365,9422,46.27
20,2663,ZODIACLOTH,EQ,14880,11485,77.18
20,2664,ZOMATO,EQ,38606975,21251995,55.05
20,2665,ZOTA,EQ,43398,16936,39.02
20,2666,ZTECH,ST,19500,18000,92.31
20,2667,ZUARI,EQ,462185,115055,24.89
20,2668,ZUARIIND,EQ,20572,13555,65.89
20,2669,ZYDUSLIFE,EQ,624534,260583,41.72
20,2670,ZYDUSWELL,EQ,15089,8714,57.75
