Security Wise Delivery Position - Compulsory Rolling Settlement
10,MTO,16012025,1119956322,0002584
Trade Date <16-JAN-2025>,Settlement Type <N>
Record Type,Sr No,Name of Security,Quantity Traded,Deliverable Quantity(gross across client level),% of Deliverable Quantity to Traded Quantity
20,1,0MOFSL26,N1,28,28,100.00
20,2,0SCL26,YR,10,10,100.00
20,3,1003ISFL28,N4,939,939,100.00
20,4,1003SFIL28,NX,11,11,100.00
20,5,1015ECL29,NR,501,372,74.25
20,6,1015SCL28B,AZ,2,1,50.00
20,7,1018GS2026,GS,600,599,99.83
20,8,1025NFL25,N5,8,8,100.00
20,9,1025SCL34,Z8,1,1,100.00
20,10,1040UCL25,N4,104,104,100.00
20,11,1050NFL26,N7,251,251,100.00
20,12,1050UCL25,N7,50,50,100.00
20,13,1060ECL29,NS,145,145,100.00
20,14,1065NFL27,NC,222,222,100.00
20,15,10IIFL28,N4,290,290,100.00
20,16,10IIFL29,N6,86,86,100.00
20,17,10NIDO26,N6,528,528,100.00
20,18,182D190625,TB,200,200,100.00
20,19,182D270625,TB,100,100,100.00
20,20,20MICRONS,EQ,96636,62673,64.85
20,21,360ONE,EQ,1097801,834572,76.02
20,22,364D020525,TB,1000,1000,100.00
20,23,364D040925,TB,1400,1400,100.00
20,24,364D080126,TB,1800,1800,100.00
20,25,364D180725,TB,22900,22000,96.07
20,26,364D230125,TB,15000,15000,100.00
20,27,364D290525,TB,3100,3100,100.00
20,28,3IINFOLTD,EQ,307371,156867,51.04
20,29,3MINDIA,EQ,14020,4304,30.70
20,30,574GS2026,GS,30,16,53.33
20,31,5PAISA,EQ,19603,10275,52.42
20,32,63MOONS,EQ,244891,118911,48.56
20,33,664GS2027,GS,100,100,100.00
20,34,667GS2035,GS,10030,10030,100.00
20,35,667GS2050,GS,3,3,100.00
20,36,679GS2034,GS,202,200,99.01
20,37,695GS2061,GS,166,161,96.99
20,38,699GS2026,GS,303,300,99.01
20,39,699GS2051,GS,12729,10726,84.26
20,40,702GS2031,GS,6000,6000,100.00
20,41,709GS2054,GS,1000,1000,100.00
20,42,709GS2074,GS,270,270,100.00
20,43,710GS2029,GS,2204,2203,99.95
20,44,717GS2030,GS,6001,6001,100.00
20,45,718GS2037,GS,8300,8185,98.61
20,46,71GS2034,GS,900,900,100.00
20,47,725GS2063,GS,6327,6327,100.00
20,48,726GS2032,GS,4501,4500,99.98
20,49,729IRFC26,NN,200,200,100.00
20,50,732GS2030,GS,600,600,100.00
20,51,733GS2026,GS,9500,9000,94.74
20,52,734GS2064,GS,2194,2194,100.00
20,53,734IRFC28,N4,100,100,100.00
20,54,736GS2052,GS,1314,1158,88.13
20,55,736NTPC25D,NB,125,115,92.00
20,56,736PFCL28,N2,1342,1342,100.00
20,57,737GS2028,GS,500,400,80.00
20,58,738GS2027,GS,83135,82933,99.76
20,59,738REC27TF,N2,157,151,96.18
20,60,739NHAI31A,ND,244,222,90.98
20,61,73GS2053,GS,4927,4927,100.00
20,62,741GS2036,GS,3934,3932,99.95
20,63,743AP31,SG,500,500,100.00
20,64,743CG29,SG,100,100,100.00
20,65,743GJ31,SG,100,100,100.00
20,66,746GS2073,GS,800,800,100.00
20,67,74GS2062,GS,132,132,100.00
20,68,753IRFC30,NJ,1,1,100.00
20,69,754GS2036,GS,635493,559715,88.08
20,70,762NTPC35F,ND,589,354,60.10
20,71,764HUDCO31,N8,426,426,100.00
20,72,764IRFC31,NO,2513,2482,98.77
20,73,764NABAR31,N2,700,700,100.00
20,74,767KA36,SG,100,100,100.00
20,75,769HUDCO31,N9,448,386,86.16
20,76,769NHAI31,NE,1382,1215,87.92
20,77,76NHAI31,NA,185,185,100.00
20,78,772GS2049,GS,23,23,100.00
20,79,774IREDA31,N7,60,60,100.00
20,80,797IGT31,NL,2,2,100.00
20,81,79NHIT35,N1,3,3,100.00
20,82,79NHIT47,N3,90,90,100.00
20,83,810IRFC27,N2,975,667,68.41
20,84,812REC27,NI,300,150,50.00
20,85,81TCHF28,N8,280,200,71.43
20,86,820IIFL27,N9,100,100,100.00
20,87,82HUDCO27,N2,505,505,100.00
20,88,830CIFC26,N2,29,29,100.00
20,89,830NHAI27,N2,1012,545,53.85
20,90,830PFCL27,N5,25,25,100.00
20,91,833GS2026,GS,20,10,50.00
20,92,842IIFL26,NL,457,455,99.56
20,93,846REC28,N6,11,11,100.00
20,94,849NTPC25,N7,273404,173253,63.37
20,95,84TCHF28,NA,150,150,100.00
20,96,865IFL28,NZ,202,202,100.00
20,97,865IIFL28,NS,1395,1395,100.00
20,98,865IRFC29,NA,215,215,100.00
20,99,865LTF26,NN,130,125,96.15
20,100,867NHPC33,N3,5,5,100.00
20,101,871REC28,N9,2637,2632,99.81
20,102,873NTPC28,N5,100,100,100.00
20,103,875IIFL26,NM,10,10,100.00
20,104,875NHAI29,N6,621,516,83.09
20,105,875SFL27,ZF,125,100,80.00
20,106,876HUDCO28,ND,294,294,100.00
20,107,87SCL27A,ZK,1,1,100.00
20,108,885MOFSL26,N0,385,265,68.83
20,109,885SCL26,N9,1000,1000,100.00
20,110,888ERFL28,N5,20,20,100.00
20,111,888IHFL25F,NC,323,323,100.00
20,112,888IRFC29,NE,5,5,100.00
20,113,888SFIL25C,NR,17,17,100.00
20,114,889SCFL27,YC,7,7,100.00
20,115,891IIFCL34,N4,200,200,100.00
20,116,891NTPC33,N6,957,900,94.04
20,117,892NHPC33,N6,8,8,100.00
20,118,892PFCL33,N8,8434,8424,99.88
20,119,897GS2030,GS,53,53,100.00
20,120,897MOFSL29,N4,853,853,100.00
20,121,898LTF29,N7,25,25,100.00
20,122,901HUDCO34,NE,906,851,93.93
20,123,901NHB34,N6,1286,821,63.84
20,124,903SFL28,YI,200,200,100.00
20,125,910TCAP28,NA,1684,1012,60.10
20,126,91D200325,TB,500,500,100.00
20,127,91MOFSL27,N2,300,300,100.00
20,128,920PEL28,N2,100,100,100.00
20,129,921ISFL25,N0,12,12,100.00
20,130,925AEL26,N1,50,50,100.00
20,131,925ERFL28,N6,373,373,100.00
20,132,925SCL26F,N1,19,19,100.00
20,133,925SCL29A,ZM,2,2,100.00
20,134,92GS2030,GS,3,2,66.67
20,135,92SFIL28,ND,150,100,66.67
20,136,932AEL27,N3,10,10,100.00
20,137,935MOFSL29,N5,94,94,100.00
20,138,935TSI27,N0,8,8,100.00
20,139,93MOFSL34,N6,4,2,50.00
20,140,943ECL28,NJ,422,322,76.30
20,141,948SCL26A,NN,209,209,100.00
20,142,948SCL26B,Y8,1699,1000,58.86
20,143,948SCL26D,AI,25,25,100.00
20,144,94SFL28,YL,70,70,100.00
20,145,955SCL25,ZU,178,178,100.00
20,146,960IIFLS26,N9,10,10,100.00
20,147,960ISFL25,N1,691,691,100.00
20,148,965AEL27,N4,3,3,100.00
20,149,965SCL25,AG,25,25,100.00
20,150,965SCL25C,N0,20,20,100.00
20,151,96IIFL28,N5,604,604,100.00
20,152,96IIFL28A,NF,1968,1948,98.98
20,153,970CAGL28,ND,100,100,100.00
20,154,971SCL28,AN,150,150,100.00
20,155,97SFL26,Z9,60,60,100.00
20,156,985ECL28,NK,175,175,100.00
20,157,985IIFL22,NC,183,183,100.00
20,158,990SCL26D,AH,30,30,100.00
20,159,9ICCL23A,N0,100,100,100.00
20,160,9IIFL28A,NT,110,110,100.00
20,161,9MMFSML,N2,102,102,100.00
20,162,9PCHFL31A,NA,30,30,100.00
20,163,9PEL25,N0,1,1,100.00
20,164,9SCL26BA,NA,10,10,100.00
20,165,AAATECH,EQ,23878,17750,74.34
20,166,AADHARHFC,EQ,418995,289595,69.12
20,167,AAKASH,EQ,139506,81565,58.47
20,168,AARON,EQ,10825,1577,14.57
20,169,AARTIDRUGS,EQ,129818,72115,55.55
20,170,AARTIIND,EQ,2213536,614110,27.74
20,171,AARTIPHARM,EQ,254105,120880,47.57
20,172,AARTISURF,EQ,7803,3952,50.65
20,173,AARVI,EQ,5146,2805,54.51
20,174,AAVAS,EQ,46821,29107,62.17
20,175,ABAN,EQ,49555,27180,54.85
20,176,ABB,EQ,170841,65319,38.23
20,177,ABBOTINDIA,EQ,12359,5327,43.10
20,178,ABCAPITAL,EQ,3323275,1622320,48.82
20,179,ABCOTS,ST,19500,17000,87.18
20,180,ABDL,EQ,324189,171980,53.05
20,181,ABFRL,EQ,3649711,1369242,37.52
20,182,ABGSEC,EQ,58,53,91.38
20,183,ABHAPOWER,ST,60800,54400,89.47
20,184,ABINFRA,EQ,65769,4776,7.26
20,185,ABREL,EQ,238420,77944,32.69
20,186,ABSLAMC,EQ,216775,104244,48.09
20,187,ABSLBANETF,EQ,71611,56405,78.77
20,188,ABSLLIQUID,EQ,999,904,90.49
20,189,ABSLNN50ET,EQ,8162,6506,79.71
20,190,ABSLPSE,EQ,170952,115203,67.39
20,191,ABSMARINE,SM,26500,21000,79.25
20,192,ACC,EQ,300798,98241,32.66
20,193,ACCELYA,EQ,20574,12678,61.62
20,194,ACCENTMIC,SM,18500,15000,81.08
20,195,ACCURACY,EQ,252951,174525,69.00
20,196,ACE,EQ,283391,72067,25.43
20,197,ACEINTEG,EQ,11878,8078,68.01
20,198,ACI,EQ,69255,32278,46.61
20,199,ACL,EQ,11481,6904,60.13
20,200,ACLGATI,EQ,297329,145403,48.90
20,201,ACMESOLAR,EQ,2460577,1870559,76.02
20,202,ADANIENSOL,EQ,2448865,752446,30.73
20,203,ADANIENT,EQ,2841803,901862,31.74
20,204,ADANIGREEN,EQ,7083726,1127428,15.92
20,205,ADANIPORTS,EQ,3997547,1379980,34.52
20,206,ADANIPOWER,EQ,21563434,2809642,13.03
20,207,ADFFOODS,EQ,213410,77802,36.46
20,208,ADL,EQ,2762,1219,44.13
20,209,ADORWELD,EQ,10758,3809,35.41
20,210,ADSL,EQ,933789,177776,19.04
20,211,ADVANIHOTR,EQ,39628,23271,58.72
20,212,ADVENZYMES,EQ,73338,31757,43.30
20,213,AEGISLOG,EQ,1681017,106619,6.34
20,214,AEROFLEX,EQ,11242110,2225802,19.80
20,215,AERON,SM,28000,21000,75.00
20,216,AESTHETIK,SM,14000,14000,100.00
20,217,AETHER,EQ,48266,30050,62.26
20,218,AFCONS,EQ,1127061,362781,32.19
20,219,AFFLE,EQ,74373,29328,39.43
20,220,AFFORDABLE,EQ,11614,7617,65.58
20,221,AFIL,EQ,255188,186323,73.01
20,222,AGARIND,EQ,16871,8679,51.44
20,223,AGARWALTUF,SM,56400,34800,61.70
20,224,AGI,EQ,122484,40025,32.68
20,225,AGIIL,EQ,8267,4403,53.26
20,226,AGNI,SM,20000,17500,87.50
20,227,AGRITECH,EQ,14532,4864,33.47
20,228,AGROPHOS,EQ,32490,7881,24.26
20,229,AGSTRA,EQ,347591,190327,54.76
20,230,AGUL,SM,4000,4000,100.00
20,231,AHIMSA,ST,3000,3000,100.00
20,232,AHL,EQ,65928,23014,34.91
20,233,AHLADA,EQ,13648,5790,42.42
20,234,AHLEAST,EQ,3216,2560,79.60
20,235,AHLUCONT,EQ,62286,27769,44.58
20,236,AIAENG,EQ,21403,12336,57.64
20,237,AIIL,EQ,133803,43654,32.63
20,238,AIMTRON,ST,39600,38400,96.97
20,239,AIRAN,EQ,462843,136827,29.56
20,240,AIROLAM,EQ,3833,1232,32.14
20,241,AIRTELPP,E1,70160,37137,52.93
20,242,AJANTPHARM,EQ,119853,98686,82.34
20,243,AJMERA,EQ,55594,22771,40.96
20,244,AJOONI,EQ,641396,418566,65.26
20,245,AKANKSHA,ST,36000,35000,97.22
20,246,AKASH,EQ,18652,10283,55.13
20,247,AKG,EQ,21217,15772,74.34
20,248,AKIKO,SM,148800,107200,72.04
20,249,AKSHARCHEM,EQ,5716,2650,46.36
20,250,AKUMS,EQ,229402,134407,58.59
20,251,AKZOINDIA,EQ,9820,4623,47.08
20,252,ALANKIT,EQ,398582,189488,47.54
20,253,ALBERTDAVD,EQ,3115,1990,63.88
20,254,ALEMBICLTD,EQ,319234,129257,40.49
20,255,ALICON,EQ,14526,7079,48.73
20,256,ALKALI,EQ,30870,9457,30.63
20,257,ALKEM,EQ,112811,76516,67.83
20,258,ALKYLAMINE,EQ,27363,11296,41.28
20,259,ALLCARGO,EQ,1806923,953772,52.78
20,260,ALLDIGI,EQ,21209,11877,56.00
20,261,ALLETEC,ST,8800,7600,86.36
20,262,ALOKINDS,EQ,15879512,3363067,21.18
20,263,ALPA,EQ,38291,23981,62.63
20,264,ALPEXSOLAR,SM,60800,43200,71.05
20,265,ALPHA,EQ,1085947,888378,81.81
20,266,ALPHAETF,EQ,587702,411944,70.09
20,267,ALPHAGEO,EQ,17281,6915,40.02
20,268,ALPL30IETF,EQ,2315958,2149722,92.82
20,269,ALUWIND,SM,22500,13500,60.00
20,270,AMBER,EQ,398087,86242,21.66
20,271,AMBEY,SM,20000,18000,90.00
20,272,AMBICAAGAR,EQ,19840,5216,26.29
20,273,AMBIKCO,EQ,5250,2296,43.73
20,274,AMBUJACEM,EQ,4303187,2746616,63.83
20,275,AMDIND,EQ,57537,18543,32.23
20,276,AMEYA,ST,5000,5000,100.00
20,277,AMIABLE,SM,24000,8000,33.33
20,278,AMIORG,EQ,185788,64835,34.90
20,279,AMJLAND,EQ,47184,28409,60.21
20,280,AMNPLST,EQ,16624,9347,56.23
20,281,AMRUTANJAN,EQ,42610,22742,53.37
20,282,ANANDRATHI,EQ,86181,35379,41.05
20,283,ANANTRAJ,EQ,1865621,405301,21.72
20,284,ANDHRAPAP,EQ,107190,66052,61.62
20,285,ANDHRSUGAR,EQ,189307,86768,45.83
20,286,ANGELONE,EQ,1609570,339124,21.07
20,287,ANLON,SM,4800,4800,100.00
20,288,ANMOL,EQ,61970,43929,70.89
20,289,ANNAPURNA,SM,76500,55000,71.90
20,290,ANTGRAPHIC,EQ,282356,209019,74.03
20,291,ANUHPHR,EQ,10972,4395,40.06
20,292,ANUP,EQ,16794,7968,47.45
20,293,ANURAS,EQ,90462,35128,38.83
20,294,ANYA,SM,3090000,1940000,62.78
20,295,APARINDS,EQ,55123,22763,41.29
20,296,APCL,EQ,7126,4318,60.60
20,297,APCOTEXIND,EQ,10104,5220,51.66
20,298,APEX,EQ,67558,35354,52.33
20,299,APEXECO,SM,177600,99200,55.86
20,300,APLAPOLLO,EQ,473343,221705,46.84
20,301,APLLTD,EQ,64283,19764,30.75
20,302,APOLLO,EQ,5483081,1515147,27.63
20,303,APOLLOHOSP,EQ,579821,369601,63.74
20,304,APOLLOPIPE,EQ,77125,39562,51.30
20,305,APOLLOTYRE,EQ,1544399,741252,48.00
20,306,APOLSINHOT,EQ,6080,3279,53.93
20,307,APRAMEYA,ST,10000,10000,100.00
20,308,APS,SM,31250,25250,80.80
20,309,APTECHT,EQ,119160,52928,44.42
20,310,APTUS,EQ,542771,287270,52.93
20,311,ARABIAN,SM,32000,18000,56.25
20,312,ARCHIDPLY,EQ,5081,2047,40.29
20,313,ARCHIES,EQ,19803,10512,53.08
20,314,ARE&M,EQ,456173,208337,45.67
20,315,ARIHANTACA,ST,3200,3200,100.00
20,316,ARIHANTCAP,EQ,138081,61765,44.73
20,317,ARIHANTSUP,EQ,50387,26589,52.77
20,318,ARKADE,EQ,788317,297775,37.77
20,319,ARMANFIN,EQ,65160,44502,68.30
20,320,AROGRANITE,EQ,5670,3459,61.01
20,321,ARROWGREEN,EQ,31618,17207,54.42
20,322,ARTEMISMED,EQ,188793,119299,63.19
20,323,ARVEE,EQ,739,489,66.17
20,324,ARVIND,EQ,312637,148654,47.55
20,325,ARVINDFASN,EQ,124430,64430,51.78
20,326,ARVINDPORT,ST,12000,12000,100.00
20,327,ARVSMART,EQ,30491,13866,45.48
20,328,ASAHIINDIA,EQ,61804,25418,41.13
20,329,ASAHISONG,EQ,2827,1755,62.08
20,330,ASAL,EQ,14607,5646,38.65
20,331,ASALCBR,EQ,72079,28174,39.09
20,332,ASHALOG,ST,5000,5000,100.00
20,333,ASHAPURMIN,EQ,631639,294942,46.69
20,334,ASHIANA,EQ,56065,21199,37.81
20,335,ASHOKA,EQ,2650681,913337,34.46
20,336,ASHOKLEY,EQ,5225962,2481621,47.49
20,337,ASIANENE,EQ,59381,36463,61.41
20,338,ASIANPAINT,EQ,1936132,1316143,67.98
20,339,ASIANTILES,EQ,224083,139798,62.39
20,340,ASKAUTOLTD,EQ,177618,84665,47.67
20,341,ASMS,EQ,1578226,928993,58.86
20,342,ASPINWALL,EQ,18443,14332,77.71
20,343,ASPIRE,ST,20000,20000,100.00
20,344,ASTEC,EQ,23284,13526,58.09
20,345,ASTERDM,EQ,600640,414362,68.99
20,346,ASTRAL,EQ,240961,125453,52.06
20,347,ASTRAMICRO,EQ,80571,41696,51.75
20,348,ASTRAZEN,EQ,9384,1719,18.32
20,349,ASTRON,EQ,24107,11877,49.27
20,350,ATAM,EQ,23522,16512,70.20
20,351,ATFL,EQ,12376,6578,53.15
20,352,ATGL,EQ,1985629,305863,15.40
20,353,ATL,EQ,276789,166925,60.31
20,354,ATMASTCO,ST,19600,19600,100.00
20,355,ATUL,EQ,14518,7637,52.60
20,356,ATULAUTO,EQ,24243,11698,48.25
20,357,AUBANK,EQ,4767863,2675977,56.13
20,358,AURDIS,ST,4375,4375,100.00
20,359,AURIONPRO,EQ,59244,31520,53.20
20,360,AUROIMPEX,SM,9600,8000,83.33
20,361,AUROPHARMA,EQ,383031,154008,40.21
20,362,AURUM,EQ,20252,7648,37.76
20,363,AURUMPP1,E1,5348,4874,91.14
20,364,AUSL,SM,4000,4000,100.00
20,365,AUTOAXLES,EQ,4280,2817,65.82
20,366,AUTOBEES,EQ,69006,30789,44.62
20,367,AUTOIETF,EQ,107392,63251,58.90
20,368,AUTOIND,EQ,53711,36607,68.16
20,369,AVADHSUGAR,EQ,207346,79686,38.43
20,370,AVALON,EQ,508199,158514,31.19
20,371,AVANTEL,EQ,515183,264426,51.33
20,372,AVANTIFEED,EQ,343010,77982,22.73
20,373,AVIANSH,ST,44000,44000,100.00
20,374,AVL,EQ,43550,20236,46.47
20,375,AVPINFRA,ST,14400,14400,100.00
20,376,AVTNPL,EQ,44320,26597,60.01
20,377,AWFIS,EQ,209896,73935,35.22
20,378,AWHCL,EQ,84441,50188,59.44
20,379,AWL,EQ,3348626,1533315,45.79
20,380,AXISBANK,EQ,10261727,6288444,61.28
20,381,AXISBNKETF,EQ,106,100,94.34
20,382,AXISBPSETF,EQ,34553,24160,69.92
20,383,AXISCETF,EQ,20511,20128,98.13
20,384,AXISGOLD,EQ,117270,65203,55.60
20,385,AXISHCETF,EQ,2489,2042,82.04
20,386,AXISILVER,EQ,55543,40796,73.45
20,387,AXISNIFTY,EQ,2955,2677,90.59
20,388,AXISTECETF,EQ,1115,1025,91.93
20,389,AXITA,EQ,4524667,1024257,22.64
20,390,AXSENSEX,EQ,175,133,76.00
20,391,AYMSYNTEX,EQ,18588,13880,74.67
20,392,AZAD,EQ,427871,129450,30.25
20,393,BABAFP,SM,3200,3200,100.00
20,394,BAHETI,ST,6375,5625,88.24
20,395,BAIDFIN,EQ,172943,91869,53.12
20,396,BAJAJ-AUTO,EQ,290855,139204,47.86
20,397,BAJAJCON,EQ,146715,84129,57.34
20,398,BAJAJELEC,EQ,33453,16051,47.98
20,399,BAJAJFINSV,EQ,1105433,533862,48.29
20,400,BAJAJHCARE,EQ,446226,144603,32.41
20,401,BAJAJHFL,EQ,14127582,7051492,49.91
20,402,BAJAJHIND,EQ,13565257,3777443,27.85
20,403,BAJAJHLDNG,EQ,23836,8803,36.93
20,404,BAJEL,EQ,427811,145864,34.10
20,405,BAJFINANCE,EQ,860849,457246,53.12
20,406,BALAJEE,EQ,65223,34155,52.37
20,407,BALAMINES,EQ,46878,20956,44.70
20,408,BALAXI,EQ,50953,28054,55.06
20,409,BALKRISHNA,EQ,55198,22919,41.52
20,410,BALKRISIND,EQ,238405,125265,52.54
20,411,BALMLAWRIE,EQ,87169,42751,49.04
20,412,BALPHARMA,EQ,16805,7923,47.15
20,413,BALRAMCHIN,EQ,1182080,344263,29.12
20,414,BALUFORGE,EQ,312521,159004,50.88
20,415,BANARISUG,EQ,560,327,58.39
20,416,BANCOINDIA,EQ,109024,52277,47.95
20,417,BANDHANBNK,EQ,4479065,1740849,38.87
20,418,BANKA,EQ,7333,4561,62.20
20,419,BANKBARODA,EQ,13044666,5156806,39.53
20,420,BANKBEES,EQ,1609438,1285739,79.89
20,421,BANKBETF,EQ,6459,4222,65.37
20,422,BANKETF,EQ,9974,9947,99.73
20,423,BANKETFADD,EQ,2390,1056,44.18
20,424,BANKIETF,EQ,11766167,10264309,87.24
20,425,BANKINDIA,EQ,8542663,2848907,33.35
20,426,BANKNIFTY1,EQ,1206195,1002929,83.15
20,427,BANKPSU,EQ,9990,3935,39.39
20,428,BANSALWIRE,EQ,69849,36735,52.59
20,429,BANSWRAS,EQ,47130,29957,63.56
20,430,BARBEQUE,EQ,60206,37139,61.69
20,431,BASF,EQ,23207,8773,37.80
20,432,BASILIC,ST,62400,58200,93.27
20,433,BASML,EQ,169154,103958,61.46
20,434,BATAINDIA,EQ,149060,51133,34.30
20,435,BAWEJA,SM,36000,30400,84.44
20,436,BAYERCROP,EQ,6432,3730,57.99
20,437,BBETF0432,EQ,401,400,99.75
20,438,BBL,EQ,31353,20254,64.60
20,439,BBNPNBETF,EQ,136,128,94.12
20,440,BBNPPGOLD,EQ,189,169,89.42
20,441,BBOX,EQ,86334,52352,60.64
20,442,BBTC,EQ,28219,12802,45.37
20,443,BBTCL,EQ,3800,2807,73.87
20,444,BCLIND,EQ,1451612,696979,48.01
20,445,BCONCEPTS,EQ,36543,19390,53.06
20,446,BDL,EQ,1213351,256346,21.13
20,447,BEACON,SM,7000,7000,100.00
20,448,BEARDSELL,EQ,225702,61560,27.27
20,449,BECTORFOOD,EQ,330075,284609,86.23
20,450,BEDMUTHA,EQ,13647,10894,79.83
20,451,BEL,EQ,17234302,8901030,51.65
20,452,BEML,EQ,215947,86016,39.83
20,453,BEPL,EQ,1317678,206198,15.65
20,454,BERGEPAINT,EQ,459527,232369,50.57
20,455,BESTAGRO,EQ,10537,5649,53.61
20,456,BETA,SM,1100,1000,90.91
20,457,BEWLTD,ST,17500,17500,100.00
20,458,BFINVEST,EQ,20952,8034,38.34
20,459,BFSI,EQ,134196,97577,72.71
20,460,BHAGCHEM,EQ,60807,32920,54.14
20,461,BHAGERIA,EQ,19766,14447,73.09
20,462,BHAGYANGR,EQ,42174,18708,44.36
20,463,BHANDARI,EQ,235894,148644,63.01
20,464,BHARATFORG,EQ,1506184,1134085,75.30
20,465,BHARATGEAR,EQ,14493,8037,55.45
20,466,BHARATRAS,EQ,2309,1144,49.55
20,467,BHARATWIRE,EQ,128972,97946,75.94
20,468,BHARTIARTL,EQ,5299325,3437282,64.86
20,469,BHARTIHEXA,EQ,107025,54271,50.71
20,470,BHEL,EQ,12785825,4839718,37.85
20,471,BHINVIT,IV,34195,28543,83.47
20,472,BIGBLOC,EQ,144480,53270,36.87
20,473,BIKAJI,EQ,141127,83149,58.92
20,474,BIKEWO,SM,22000,18000,81.82
20,475,BINANIIND,EQ,21172,16128,76.18
20,476,BIOCON,EQ,10454325,4358116,41.69
20,477,BIOFILCHEM,EQ,18052,11011,61.00
20,478,BIRET,RR,546142,507938,93.00
20,479,BIRLACABLE,EQ,21083,9842,46.68
20,480,BIRLACORPN,EQ,47489,26958,56.77
20,481,BLACKBUCK,EQ,192306,174629,90.81
20,482,BLAL,EQ,52232,27970,53.55
20,483,BLBLIMITED,EQ,27726,14949,53.92
20,484,BLISSGVS,EQ,459162,179674,39.13
20,485,BLKASHYAP,EQ,231919,135184,58.29
20,486,BLS,EQ,2717559,611847,22.51
20,487,BLSE,EQ,131535,53181,40.43
20,488,BLUEDART,EQ,14606,3870,26.50
20,489,BLUEJET,EQ,190240,104984,55.19
20,490,BLUEPEBBLE,SM,3200,3200,100.00
20,491,BLUESTARCO,EQ,527641,414446,78.55
20,492,BMETRICS,SM,13600,11200,82.35
20,493,BODALCHEM,EQ,139325,68071,48.86
20,494,BOMDYEING,EQ,1312046,561177,42.77
20,495,BOROLTD,EQ,105499,42882,40.65
20,496,BOROSCI,EQ,52006,23520,45.23
20,497,BOSCHLTD,EQ,16830,8513,50.58
20,498,BOSS,ST,14000,14000,100.00
20,499,BPCL,EQ,13754046,7581366,55.12
20,500,BPL,EQ,125418,49457,39.43
20,501,BRACEPORT,ST,4800,4800,100.00
20,502,BRIGADE,EQ,264657,139836,52.84
20,503,BRITANNIA,EQ,454269,227855,50.16
20,504,BRNL,EQ,131089,63711,48.60
20,505,BSE,EQ,2753235,709868,25.78
20,506,BSE500IETF,EQ,55442,43748,78.91
20,507,BSHSL,EQ,10655,5916,55.52
20,508,BSL,EQ,8173,4404,53.88
20,509,BSLGOLDETF,EQ,29329,18906,64.46
20,510,BSLNIFTY,EQ,186636,122965,65.88
20,511,BSLSENETFG,EQ,1596,1353,84.77
20,512,BSOFT,EQ,748355,272323,36.39
20,513,BTML,EQ,343107,99660,29.05
20,514,BULKCORP,SM,1200,1200,100.00
20,515,BURNPUR,EQ,109973,74405,67.66
20,516,BUTTERFLY,EQ,4707,2311,49.10
20,517,BVCL,EQ,15544,7256,46.68
20,518,C2C,SM,168000,89400,53.21
20,519,CADSYS,ST,8000,7500,93.75
20,520,CAGL25,N8,25,25,100.00
20,521,CALSOFT,EQ,18043,18043,100.00
20,522,CAMLINFINE,EQ,780146,252843,32.41
20,523,CAMPUS,EQ,230134,78172,33.97
20,524,CAMS,EQ,534221,251882,47.15
20,525,CANARYS,SM,24000,16000,66.67
20,526,CANBK,EQ,34645885,16822523,48.56
20,527,CANFINHOME,EQ,738353,378798,51.30
20,528,CANTABIL,EQ,111108,50113,45.10
20,529,CAPACITE,EQ,578900,233552,40.34
20,530,CAPITALSFB,EQ,40073,30444,75.97
20,531,CAPLIPOINT,EQ,104812,37748,36.01
20,532,CARBORUNIV,EQ,370579,37304,10.07
20,533,CAREERP,EQ,9241,5615,60.76
20,534,CARERATING,EQ,15311,7083,46.26
20,535,CARRARO,EQ,457796,227721,49.74
20,536,CARTRADE,EQ,231314,105376,45.56
20,537,CARYSIL,EQ,58330,34522,59.18
20,538,CASTROLIND,EQ,1750818,852625,48.70
20,539,CBAZAAR,SM,48000,40000,83.33
20,540,CCHHL,EQ,33140,29288,88.38
20,541,CCL,EQ,101324,47619,47.00
20,542,CDSL,EQ,2852472,1001089,35.10
20,543,CEATLTD,EQ,855582,191475,22.38
20,544,CEIGALL,EQ,92903,63187,68.01
20,545,CELEBRITY,EQ,39362,21571,54.80
20,546,CELLECOR,SM,1638000,942000,57.51
20,547,CELLO,EQ,229052,121354,52.98
20,548,CELLPOINT,SM,21600,14400,66.67
20,549,CENTENKA,EQ,17874,11241,62.89
20,550,CENTEXT,EQ,66626,47703,71.60
20,551,CENTRALBK,EQ,7523489,1619823,21.53
20,552,CENTRUM,EQ,356867,184599,51.73
20,553,CENTUM,EQ,8619,4719,54.75
20,554,CENTURYPLY,EQ,96780,39371,40.68
20,555,CERA,EQ,12254,4882,39.84
20,556,CESC,EQ,11232829,5003962,44.55
20,557,CEWATER,EQ,299914,51744,17.25
20,558,CGCL,EQ,444673,40032,9.00
20,559,CGPOWER,EQ,4214089,2618042,62.13
20,560,CGRAPHICS,SM,87200,54400,62.39
20,561,CHALET,EQ,250900,140677,56.07
20,562,CHAMBLFERT,EQ,1009181,468979,46.47
20,563,CHAVDA,SM,24000,17000,70.83
20,564,CHEMBOND,EQ,4401,2667,60.60
20,565,CHEMCON,EQ,25036,11057,44.16
20,566,CHEMFAB,EQ,7680,4313,56.16
20,567,CHEMPLASTS,EQ,91093,25819,28.34
20,568,CHENNPETRO,EQ,457987,167428,36.56
20,569,CHETANA,SM,35200,20800,59.09
20,570,CHEVIOT,EQ,3979,2314,58.16
20,571,CHOICEIN,EQ,441594,110054,24.92
20,572,CHOLAFIN,EQ,2453628,1729707,70.50
20,573,CHOLAHLDNG,EQ,342433,286976,83.81
20,574,CIEINDIA,EQ,128739,60226,46.78
20,575,CIFCZC28A,N5,55,55,100.00
20,576,CIGNITITEC,EQ,93658,31696,33.84
20,577,CINEVISTA,EQ,62344,24367,39.08
20,578,CIPLA,EQ,1080833,557173,51.55
20,579,CLEAN,EQ,68099,27670,40.63
20,580,CLEDUCATE,EQ,118957,88027,74.00
20,581,CLOUD,SZ,119000,111000,93.28
20,582,CLSEL,EQ,58240,22015,37.80
20,583,CLSL,SM,8000,8000,100.00
20,584,CMMIPL,SZ,27000,27000,100.00
20,585,CMNL,ST,7500,7500,100.00
20,586,CMSINFO,EQ,337535,198243,58.73
20,587,COALINDIA,EQ,6923722,3407650,49.22
20,588,COASTCORP,EQ,24861,12966,52.15
20,589,COCHINSHIP,EQ,232661,118832,51.08
20,590,COFORGE,EQ,374084,153213,40.96
20,591,COLPAL,EQ,306605,130839,42.67
20,592,COMMITTED,ST,6400,6400,100.00
20,593,COMMOIETF,EQ,2913676,2896561,99.41
20,594,COMPUSOFT,EQ,109130,31324,28.70
20,595,CONCOR,EQ,1041927,354506,34.02
20,596,CONCORDBIO,EQ,76577,28843,37.67
20,597,CONFIPET,EQ,229529,108239,47.16
20,598,CONS,EQ,4969,3709,74.64
20,599,CONSOFINVT,EQ,2489,1332,53.52
20,600,CONSUMBEES,EQ,81972,46555,56.79
20,601,CONSUMER,EQ,16467,15269,92.72
20,602,CONSUMIETF,EQ,36390,10181,27.98
20,603,CONTI,ST,6666,6666,100.00
20,604,CONTROLPR,EQ,8899,5208,58.52
20,605,COOLCAPS,ST,8750,8250,94.29
20,606,CORALFINAC,EQ,11442,6498,56.79
20,607,CORDSCABLE,EQ,39656,19508,49.19
20,608,COROMANDEL,EQ,617106,325116,52.68
20,609,COSMOFIRST,EQ,110509,42610,38.56
20,610,COUNCODOS,EQ,40980,28245,68.92
20,611,CPSEETF,EQ,1074449,469891,43.73
20,612,CRAFTSMAN,EQ,41852,29186,69.74
20,613,CRAYONS,SM,8000,8000,100.00
20,614,CREATIVE,EQ,18228,12492,68.53
20,615,CREDITACC,EQ,980306,152859,15.59
20,616,CREST,EQ,8963,4237,47.27
20,617,CRISIL,EQ,35551,17842,50.19
20,618,CROMPTON,EQ,1164981,648244,55.64
20,619,CROWN,EQ,35944,21641,60.21
20,620,CSBBANK,EQ,464025,198518,42.78
20,621,CSLFINANCE,EQ,137788,103893,75.40
20,622,CTE,EQ,9578,4491,46.89
20,623,CUB,EQ,1152671,515354,44.71
20,624,CUBEXTUB,EQ,539234,232692,43.15
20,625,CUMMINSIND,EQ,585735,387204,66.11
20,626,CUPID,EQ,331307,164059,49.52
20,627,CYBERMEDIA,EQ,58672,18881,32.18
20,628,CYIENT,EQ,335824,157582,46.92
20,629,CYIENTDLM,EQ,76111,40671,53.44
20,630,DABUR,EQ,2718298,1665787,61.28
20,631,DALBHARAT,EQ,109957,57750,52.52
20,632,DALMIASUG,EQ,288339,84591,29.34
20,633,DAMCAPITAL,EQ,1959956,449452,22.93
20,634,DAMODARIND,EQ,9005,5496,61.03
20,635,DANGEE,EQ,135846,93625,68.92
20,636,DANISH,SM,68400,47400,69.30
20,637,DATAMATICS,EQ,102291,49501,48.39
20,638,DATAPATTNS,EQ,88969,34501,38.78
20,639,DAVANGERE,EQ,3245021,1919916,59.16
20,640,DBCORP,EQ,305728,77352,25.30
20,641,DBEIL,EQ,140090,44805,31.98
20,642,DBL,EQ,691499,560654,81.08
20,643,DBOL,EQ,231518,125652,54.27
20,644,DBREALTY,EQ,1837965,967672,52.65
20,645,DBSTOCKBRO,EQ,16911,5997,35.46
20,646,DCAL,EQ,322852,155031,48.02
20,647,DCBBANK,EQ,673274,280298,41.63
20,648,DCG,SM,32400,20400,62.96
20,649,DCI,EQ,6553,2936,44.80
20,650,DCM,EQ,74775,40808,54.57
20,651,DCMNVL,EQ,174280,171261,98.27
20,652,DCMSHRIRAM,EQ,25429,11182,43.97
20,653,DCMSRIND,EQ,124227,61050,49.14
20,654,DCW,EQ,500995,202738,40.47
20,655,DCXINDIA,EQ,372384,155211,41.68
20,656,DDEVPLSTIK,EQ,192657,124472,64.61
20,657,DECCANCE,EQ,14182,7891,55.64
20,658,DECCANTRAN,ST,49200,49200,100.00
20,659,DEEDEV,EQ,71135,35703,50.19
20,660,DEEM,SM,1000,1000,100.00
20,661,DEEPAKFERT,EQ,604218,237703,39.34
20,662,DEEPAKNTR,EQ,158998,58123,36.56
20,663,DEEPINDS,EQ,249349,71862,28.82
20,664,DELAPLEX,SM,22800,16800,73.68
20,665,DELHIVERY,EQ,1981836,685439,34.59
20,666,DELTACORP,EQ,892985,303235,33.96
20,667,DELTAMAGNT,EQ,44128,20000,45.32
20,668,DELTIC,ST,328000,306000,93.29
20,669,DEN,EQ,647865,272265,42.02
20,670,DENEERS,ST,10200,9600,94.12
20,671,DENORA,EQ,7974,4533,56.85
20,672,DENTALKART,SM,5250,4250,80.95
20,673,DEVIT,EQ,157712,61558,39.03
20,674,DEVYANI,EQ,4405235,1024338,23.25
20,675,DHAMPURSUG,EQ,857115,235207,27.44
20,676,DHANI,EQ,3124373,1703490,54.52
20,677,DHANLAXMI,ST,38000,36000,94.74
20,678,DHANUKA,EQ,10045,4497,44.77
20,679,DHARIWAL,SM,9600,7200,75.00
20,680,DHARMAJ,EQ,42977,19588,45.58
20,681,DHRUV,EQ,14403,8030,55.75
20,682,DHUNINV,EQ,822,490,59.61
20,683,DIACABS,EQ,444019,375740,84.62
20,684,DIAMINESQ,EQ,5836,4511,77.30
20,685,DIAMONDYD,EQ,60080,31059,51.70
20,686,DICIND,EQ,1345,834,62.01
20,687,DIFFNKG,EQ,65654,30022,45.73
20,688,DIGIDRIVE,EQ,66692,25527,38.28
20,689,DIGIKORE,ST,6400,6400,100.00
20,690,DIGISPICE,EQ,90827,60789,66.93
20,691,DISHTV,EQ,8948657,2440926,27.28
20,692,DIVGIITTS,EQ,4911,2991,60.90
20,693,DIVISLAB,EQ,428736,239558,55.88
20,694,DIVOPPBEES,EQ,29928,20969,70.06
20,695,DIVYADHAN,SM,108000,98000,90.74
20,696,DIXON,EQ,171869,47253,27.49
20,697,DLF,EQ,2401114,917306,38.20
20,698,DLINKINDIA,EQ,65127,32187,49.42
20,699,DMART,EQ,395260,183539,46.44
20,700,DNAMEDIA,EQ,271485,113333,41.75
20,701,DODLA,EQ,26954,14674,54.44
20,702,DOLATALGO,EQ,170692,76195,44.64
20,703,DOLLAR,EQ,22871,11255,49.21
20,704,DOLLEX,SM,20000,16000,80.00
20,705,DOMS,EQ,254479,181738,71.42
20,706,DONEAR,EQ,193621,82518,42.62
20,707,DPABHUSHAN,EQ,47923,20111,41.97
20,708,DPEL,ST,6000,6000,100.00
20,709,DPSCLTD,EQ,129253,80309,62.13
20,710,DPWIRES,EQ,7457,4760,63.83
20,711,DRCSYSTEMS,EQ,97755,55598,56.87
20,712,DREAMFOLKS,EQ,127484,86394,67.77
20,713,DREDGECORP,EQ,10997,5895,53.61
20,714,DRL,SM,6000,6000,100.00
20,715,DRONE,ST,30500,30500,100.00
20,716,DRREDDY,EQ,1195731,440853,36.87
20,717,DSSL,EQ,33730,16131,47.82
20,718,DTIL,EQ,12748,2928,22.97
20,719,DTL,SM,19200,15600,81.25
20,720,DUCOL,SM,800,800,100.00
20,721,DUCON,EQ,432995,259932,60.03
20,722,DUGLOBAL,SM,100000,92500,92.50
20,723,DURLAX,SM,34000,22000,64.71
20,724,DVL,EQ,38718,17924,46.29
20,725,DWARKESH,EQ,1610129,497892,30.92
20,726,DYCL,EQ,20618,12221,59.27
20,727,DYNAMATECH,EQ,3168,1208,38.13
20,728,DYNAMIC,ST,12000,9000,75.00
20,729,DYNPRO,EQ,9030,5639,62.45
20,730,EASEMYTRIP,EQ,38593433,9610638,24.90
20,731,EBANKNIFTY,EQ,1300,960,73.85
20,732,EBBETF0425,EQ,30027,29968,99.80
20,733,EBBETF0430,EQ,53259,53035,99.58
20,734,EBBETF0431,EQ,6732,6333,94.07
20,735,EBBETF0433,EQ,10971,10645,97.03
20,736,ECAPINSURE,EQ,31226,24771,79.33
20,737,ECLERX,EQ,33770,16054,47.54
20,738,ECOSMOBLTY,EQ,89380,35057,39.22
20,739,EDELWEISS,EQ,2020356,1160534,57.44
20,740,EFACTOR,ST,5600,4800,85.71
20,741,EFFWA,ST,13200,13200,100.00
20,742,EFORCE,SM,28800,22800,79.17
20,743,EGOLD,EQ,116171,115874,99.74
20,744,EICHERMOT,EQ,435315,255259,58.64
20,745,EIDPARRY,EQ,261055,88737,33.99
20,746,EIEL,EQ,2628164,632091,24.05
20,747,EIFFL,EQ,11996,8058,67.17
20,748,EIHAHOTELS,EQ,30688,11543,37.61
20,749,EIHOTEL,EQ,236115,122059,51.69
20,750,EIMCOELECO,EQ,8373,4374,52.24
20,751,EKC,EQ,409138,157360,38.46
20,752,ELDEHSG,EQ,135,84,62.22
20,753,ELECON,EQ,524233,184811,35.25
20,754,ELECTCAST,EQ,1540791,458946,29.79
20,755,ELGIEQUIP,EQ,57783,29330,50.76
20,756,ELIN,EQ,105117,58917,56.05
20,757,EMAMILTD,EQ,427926,262148,61.26
20,758,EMAMIPAP,EQ,20849,12000,57.56
20,759,EMBASSY,RR,293942,276237,93.98
20,760,EMBDL,EQ,5340942,1790888,33.53
20,761,EMCURE,EQ,45395,23573,51.93
20,762,EMIL,EQ,532275,362699,68.14
20,763,EMKAYTOOLS,SM,2100,1650,78.57
20,764,EMMBI,EQ,160249,42538,26.54
20,765,EMMIL,ST,22250,21750,97.75
20,766,EMSLIMITED,EQ,748685,162208,21.67
20,767,EMUDHRA,EQ,234760,59792,25.47
20,768,EMULTIMQ,EQ,48342,45213,93.53
20,769,ENDURANCE,EQ,578796,552192,95.40
20,770,ENFUSE,ST,12000,12000,100.00
20,771,ENGINERSIN,EQ,1830108,877915,47.97
20,772,ENIL,EQ,20838,10618,50.95
20,773,ENSER,ST,9000,9000,100.00
20,774,ENTERO,EQ,119402,91297,76.46
20,775,ENVIRO,SM,80000,46000,57.50
20,776,EPACK,EQ,431389,253510,58.77
20,777,EPIGRAL,EQ,25152,7427,29.53
20,778,EPL,EQ,343303,169212,49.29
20,779,EQUAL50ADD,EQ,4386,2658,60.60
20,780,EQUITASBNK,EQ,7502167,3183126,42.43
20,781,ERIS,EQ,67721,32266,47.65
20,782,ESABINDIA,EQ,2655,1379,51.94
20,783,ESAFSFB,EQ,398539,209080,52.46
20,784,ESCONET,ST,10800,10800,100.00
20,785,ESCORTS,EQ,259736,102084,39.30
20,786,ESFL,SM,642600,338040,52.61
20,787,ESG,EQ,4327,3359,77.63
20,788,ESILVER,EQ,126205,118321,93.75
20,789,ESPRIT,ST,112000,104000,92.86
20,790,ESTER,EQ,119597,46820,39.15
20,791,ETHOSLTD,EQ,32625,15197,46.58
20,792,ETML,SM,129600,112800,87.04
20,793,EUREKAFORB,EQ,83452,45516,54.54
20,794,EUROBOND,SM,5000,3000,60.00
20,795,EVEREADY,EQ,71188,40017,56.21
20,796,EVERESTIND,EQ,26722,14776,55.30
20,797,EVINDIA,EQ,249543,208319,83.48
20,798,EXCELINDUS,EQ,9895,5012,50.65
20,799,EXCELLENT,SM,1600,1600,100.00
20,800,EXICOM,EQ,248115,161222,64.98
20,801,EXIDEIND,EQ,1523084,465809,30.58
20,802,EXPLEOSOL,EQ,17247,8877,51.47
20,803,EXXARO,EQ,4246368,1910368,44.99
20,804,FACT,EQ,179701,39389,21.92
20,805,FAIRCHEMOR,EQ,21888,6886,31.46
20,806,FALCONTECH,SM,1200,1200,100.00
20,807,FAZE3Q,EQ,9698,7298,75.25
20,808,FCL,EQ,655249,237473,36.24
20,809,FCSSOFT,EQ,1871988,1094246,58.45
20,810,FDC,EQ,21770,11363,52.20
20,811,FEDERALBNK,EQ,5711244,2521490,44.15
20,812,FEDFINA,EQ,955689,603738,63.17
20,813,FELIX,ST,46500,46500,100.00
20,814,FIBERWEB,EQ,82929,43534,52.50
20,815,FIDEL,ST,1000,1000,100.00
20,816,FIEMIND,EQ,32828,16637,50.68
20,817,FILATEX,EQ,1480717,711674,48.06
20,818,FINCABLES,EQ,218123,104841,48.07
20,819,FINEORG,EQ,13544,7470,55.15
20,820,FINIETF,EQ,108133,53425,49.41
20,821,FINOPB,EQ,113759,80005,70.33
20,822,FINPIPE,EQ,1234367,708160,57.37
20,823,FIRSTCRY,EQ,547506,309119,56.46
20,824,FIVESTAR,EQ,937680,621256,66.25
20,825,FLAIR,EQ,36666,19364,52.81
20,826,FLUOROCHEM,EQ,38793,13519,34.85
20,827,FMCGIETF,EQ,1252837,646968,51.64
20,828,FMGOETZE,EQ,16169,11000,68.03
20,829,FOCE,ST,600,600,100.00
20,830,FOCUS,EQ,145230,65211,44.90
20,831,FONEBOX,SM,2000,2000,100.00
20,832,FOODSIN,EQ,171193,67857,39.64
20,833,FORCAS,ST,16000,16000,100.00
20,834,FORCEMOT,EQ,15773,6738,42.72
20,835,FORGEAUTO,SM,4800,4800,100.00
20,836,FORTIS,EQ,1443163,730469,50.62
20,837,FOSECOIND,EQ,1456,1015,69.71
20,838,FRESHARA,ST,52800,51600,97.73
20,839,FROG,SM,17200,12400,72.09
20,840,FSL,EQ,1923066,647555,33.67
20,841,FUSION,EQ,610583,512136,83.88
20,842,GABRIEL,EQ,105378,33982,32.25
20,843,GAEL,EQ,349656,147210,42.10
20,844,GAIL,EQ,6929944,2905915,41.93
20,845,GAJANAND,ST,12000,12000,100.00
20,846,GALAPREC,EQ,113934,25790,22.64
20,847,GALAXYSURF,EQ,12596,9390,74.55
20,848,GALLANTT,EQ,21951,19067,86.86
20,849,GANDHAR,EQ,116365,56381,48.45
20,850,GANDHITUBE,EQ,3976,2005,50.43
20,851,GANECOS,EQ,99779,60013,60.15
20,852,GANESHBE,EQ,38501,20978,54.49
20,853,GANESHHOUC,EQ,536824,164057,30.56
20,854,GANESHIN,SM,132800,94400,71.08
20,855,GANGAFORGE,EQ,572584,362158,63.25
20,856,GANGESSECU,EQ,5300,3391,63.98
20,857,GARFIBRES,EQ,71779,39281,54.72
20,858,GARUDA,EQ,4807269,1248705,25.98
20,859,GATEWAY,EQ,369990,126128,34.09
20,860,GEECEE,EQ,7498,5616,74.90
20,861,GEEKAYWIRE,EQ,46889,23582,50.29
20,862,GENCON,EQ,330342,264679,80.12
20,863,GENESYS,EQ,221680,81408,36.72
20,864,GENSOL,EQ,204427,87448,42.78
20,865,GENUSPAPER,EQ,247530,163461,66.04
20,866,GENUSPOWER,EQ,232919,119273,51.21
20,867,GEOJITFSL,EQ,313630,167781,53.50
20,868,GEPIL,EQ,156916,85733,54.64
20,869,GESHIP,EQ,1632251,278828,17.08
20,870,GFLLIMITED,EQ,25353,11918,47.01
20,871,GGBL,SM,38100,23700,62.20
20,872,GHCL,EQ,112206,49231,43.88
20,873,GHCLTEXTIL,EQ,202815,118973,58.66
20,874,GICHSGFIN,EQ,75832,37659,49.66
20,875,GICL,ST,97500,76500,78.46
20,876,GICRE,EQ,2331850,510231,21.88
20,877,GILLETTE,EQ,8130,2811,34.58
20,878,GILT5YBEES,EQ,318541,247984,77.85
20,879,GINNIFILA,EQ,37798,22815,60.36
20,880,GIPCL,EQ,303855,143918,47.36
20,881,GKWLIMITED,EQ,234,159,67.95
20,882,GLAND,EQ,275164,100868,36.66
20,883,GLAXO,EQ,60312,32231,53.44
20,884,GLENMARK,EQ,189589,54383,28.68
20,885,GLOBAL,EQ,41580,23260,55.94
20,886,GLOBE,EQ,1903302,1524116,80.08
20,887,GLOBUSSPR,EQ,74089,37822,51.05
20,888,GLOSTERLTD,EQ,8334,4141,49.69
20,889,GLS,EQ,86231,50294,58.32
20,890,GMBREW,EQ,29215,12461,42.65
20,891,GMDCLTD,EQ,31740027,1109450,3.50
20,892,GMMPFAUDLR,EQ,35045,22283,63.58
20,893,GMRAIRPORT,EQ,13439651,8361377,62.21
20,894,GMRP&UI,EQ,424258,325458,76.71
20,895,GNA,EQ,14411,8267,57.37
20,896,GNFC,EQ,586603,242690,41.37
20,897,GOACARBON,EQ,16764,8089,48.25
20,898,GOCLCORP,EQ,17051,9475,55.57
20,899,GOCOLORS,EQ,12976,6098,46.99
20,900,GODAVARIB,EQ,173111,83526,48.25
20,901,GODFRYPHLP,EQ,41167,21359,51.88
20,902,GODIGIT,EQ,609964,213376,34.98
20,903,GODREJAGRO,EQ,42393,16007,37.76
20,904,GODREJCP,EQ,610940,423224,69.27
20,905,GODREJIND,EQ,144945,70181,48.42
20,906,GODREJPROP,EQ,677423,285731,42.18
20,907,GOKEX,EQ,77736,30435,39.15
20,908,GOKULAGRO,EQ,168563,70586,41.88
20,909,GOLD1,EQ,694261,606631,87.38
20,910,GOLDBEES,EQ,12107894,8599420,71.02
20,911,GOLDCASE,EQ,1055877,770148,72.94
20,912,GOLDETF,EQ,177239,125180,70.63
20,913,GOLDETFADD,EQ,30566,20894,68.36
20,914,GOLDIAM,EQ,2556726,557179,21.79
20,915,GOLDIETF,EQ,2052854,1795814,87.48
20,916,GOLDSHARE,EQ,438219,365948,83.51
20,917,GOLDSTAR,SM,56250,45000,80.00
20,918,GOODLUCK,EQ,65126,21931,33.67
20,919,GOPAL,EQ,317497,159088,50.11
20,920,GOYALALUM,EQ,153746,110260,71.72
20,921,GOYALSALT,SM,20400,16200,79.41
20,922,GPECO,ST,16200,14400,88.89
20,923,GPIL,EQ,822136,396939,48.28
20,924,GPPL,EQ,834806,419890,50.30
20,925,GPTHEALTH,EQ,58701,30540,52.03
20,926,GPTINFRA,EQ,102599,85649,83.48
20,927,GRANULES,EQ,1160398,530175,45.69
20,928,GRAPHISAD,ST,1200,1200,100.00
20,929,GRAPHITE,EQ,347264,139321,40.12
20,930,GRASIM,EQ,1395232,870197,62.37
20,931,GRAVITA,EQ,150400,61123,40.64
20,932,GREAVESCOT,EQ,5486242,1313669,23.94
20,933,GREENCHEF,SM,19200,15200,79.17
20,934,GREENLAM,EQ,4469,1307,29.25
20,935,GREENPANEL,EQ,105476,64919,61.55
20,936,GREENPLY,EQ,49369,20492,41.51
20,937,GREENPOWER,EQ,1951053,1058326,54.24
20,938,GRETEX,ST,18750,18750,100.00
20,939,GRINDWELL,EQ,91514,75380,82.37
20,940,GRINFRA,EQ,12933,4942,38.21
20,941,GRMOVER,EQ,312373,76012,24.33
20,942,GROBTEA,EQ,424,309,72.88
20,943,GROWWDEFNC,EQ,96031,55777,58.08
20,944,GROWWEV,EQ,282797,198892,70.33
20,945,GROWWGOLD,EQ,80498,53253,66.15
20,946,GROWWLIQID,EQ,389118,370183,95.13
20,947,GRPLTD,EQ,2063,1306,63.31
20,948,GRSE,EQ,248484,92263,37.13
20,949,GRWRHITECH,EQ,74479,26492,35.57
20,950,GSEC10YEAR,EQ,56019,30037,53.62
20,951,GSEC5IETF,EQ,23489,12065,51.36
20,952,GSFC,EQ,842926,303039,35.95
20,953,GSLSU,EQ,237844,90523,38.06
20,954,GSMFOILS,ST,42000,40000,95.24
20,955,GSPL,EQ,240097,94860,39.51
20,956,GSS,EQ,31108,19471,62.59
20,957,GSTL,ST,22000,22000,100.00
20,958,GTL,EQ,464760,241762,52.02
20,959,GTLINFRA,EQ,34145158,16085942,47.11
20,960,GTPL,EQ,90727,42573,46.92
20,961,GUFICBIO,EQ,37876,12572,33.19
20,962,GUJALKALI,EQ,22049,8417,38.17
20,963,GUJAPOLLO,EQ,106524,84925,79.72
20,964,GUJGASLTD,EQ,757423,498955,65.88
20,965,GULFOILLUB,EQ,57839,31431,54.34
20,966,GULFPETRO,EQ,46117,24041,52.13
20,967,GULPOLY,EQ,178248,73136,41.03
20,968,GVPTECH,EQ,55489,49229,88.72
20,969,HAL,EQ,1076967,485803,45.11
20,970,HAPPSTMNDS,EQ,302633,94339,31.17
20,971,HAPPYFORGE,EQ,7956,3983,50.06
20,972,HARIOMPIPE,EQ,47753,25688,53.79
20,973,HARRMALAYA,EQ,36515,21194,58.04
20,974,HARSHA,EQ,57134,35090,61.42
20,975,HATHWAY,EQ,2533007,1025477,40.48
20,976,HATSUN,EQ,60405,9481,15.70
20,977,HAVELLS,EQ,1557265,834330,53.58
20,978,HAVISHA,EQ,29845,19545,65.49
20,979,HBLENGINE,EQ,1988393,570143,28.67
20,980,HBSL,EQ,7147,4167,58.30
20,981,HCC,EQ,17320347,5694843,32.88
20,982,HCG,EQ,388141,305346,78.67
20,983,HCL-INSYS,EQ,247468,152016,61.43
20,984,HCLTECH,EQ,5362008,3736218,69.68
20,985,HDFCAMC,EQ,357898,171457,47.91
20,986,HDFCBANK,EQ,10606227,6779516,63.92
20,987,HDFCBSE500,EQ,13855,8295,59.87
20,988,HDFCGOLD,EQ,1635472,1183895,72.39
20,989,HDFCGROWTH,EQ,2025,1081,53.38
20,990,HDFCLIFE,EQ,24198675,3197102,13.21
20,991,HDFCLIQUID,EQ,1691,929,54.94
20,992,HDFCLOWVOL,EQ,34775,28669,82.44
20,993,HDFCMID150,EQ,406057,344476,84.83
20,994,HDFCMOMENT,EQ,195975,157963,80.60
20,995,HDFCNEXT50,EQ,146512,125509,85.66
20,996,HDFCNIF100,EQ,19823,19323,97.48
20,997,HDFCNIFBAN,EQ,18625,13187,70.80
20,998,HDFCNIFIT,EQ,25040,20682,82.60
20,999,HDFCNIFTY,EQ,146417,138911,94.87
20,1000,HDFCPSUBK,EQ,32698,16253,49.71
20,1001,HDFCPVTBAN,EQ,268266,247958,92.43
20,1002,HDFCQUAL,EQ,2207,1861,84.32
20,1003,HDFCSENSEX,EQ,65120,36479,56.02
20,1004,HDFCSILVER,EQ,529565,326476,61.65
20,1005,HDFCSML250,EQ,377339,295494,78.31
20,1006,HDFCVALUE,EQ,7447,6895,92.59
20,1007,HEADSUP,EQ,25843,16158,62.52
20,1008,HEALTHADD,EQ,2018,1844,91.38
20,1009,HEALTHIETF,EQ,1147894,1092511,95.18
20,1010,HEALTHY,EQ,161844,115489,71.36
20,1011,HEG,EQ,469743,151452,32.24
20,1012,HEIDELBERG,EQ,69146,36262,52.44
20,1013,HEMIPROP,EQ,278314,140960,50.65
20,1014,HERANBA,EQ,24617,12039,48.91
20,1015,HERITGFOOD,EQ,166380,93169,56.00
20,1016,HEROMOTOCO,EQ,349664,158376,45.29
20,1017,HESTERBIO,EQ,2721,1815,66.70
20,1018,HEUBACHIND,EQ,8050,4941,61.38
20,1019,HEXATRADEX,EQ,11306,5915,52.32
20,1020,HFCL,EQ,14615612,3370592,23.06
20,1021,HGINFRA,EQ,38359,11648,30.37
20,1022,HGS,EQ,14723,5325,36.17
20,1023,HIGREEN,ST,4800,4800,100.00
20,1024,HIKAL,EQ,172279,67437,39.14
20,1025,HIL,EQ,24131,18202,75.43
20,1026,HILTON,EQ,87914,54179,61.63
20,1027,HIMATSEIDE,EQ,681338,315349,46.28
20,1028,HINDALCO,EQ,4959410,1906796,38.45
20,1029,HINDCOMPOS,EQ,6990,4098,58.63
20,1030,HINDCOPPER,EQ,4933049,1678165,34.02
20,1031,HINDMOTORS,EQ,394451,175286,44.44
20,1032,HINDOILEXP,EQ,361105,154187,42.70
20,1033,HINDPETRO,EQ,5072603,2476824,48.83
20,1034,HINDUNILVR,EQ,2762596,1899306,68.75
20,1035,HINDWAREAP,EQ,62662,30165,48.14
20,1036,HINDZINC,EQ,1034803,557600,53.88
20,1037,HIRECT,EQ,30652,17129,55.88
20,1038,HISARMETAL,EQ,8270,4492,54.32
20,1039,HITECH,EQ,255466,127299,49.83
20,1040,HITECHCORP,EQ,6375,3950,61.96
20,1041,HLEGLAS,EQ,18979,10543,55.55
20,1042,HLVLTD,EQ,1720927,567211,32.96
20,1043,HMAAGRO,EQ,208013,138911,66.78
20,1044,HMVL,EQ,18410,10237,55.61
20,1045,HNDFDS,EQ,77751,50492,64.94
20,1046,HNGSNGBEES,EQ,135790,60602,44.63
20,1047,HOLMARC,ST,15000,15000,100.00
20,1048,HOMEFIRST,EQ,250420,165090,65.93
20,1049,HOMESFY,SM,600,600,100.00
20,1050,HONASA,EQ,309194,179660,58.11
20,1051,HONAUT,EQ,1922,973,50.62
20,1052,HONDAPOWER,EQ,5027,2028,40.34
20,1053,HOVS,EQ,21793,11700,53.69
20,1054,HPAL,EQ,64190,47051,73.30
20,1055,HPIL,EQ,5116,2195,42.90
20,1056,HPL,EQ,135716,43082,31.74
20,1057,HRHNEXT,ST,6000,6000,100.00
20,1058,HSCL,EQ,381042,139832,36.70
20,1059,HTMEDIA,EQ,131915,73046,55.37
20,1060,HUDCO,EQ,5841539,1430627,24.49
20,1061,HUHTAMAKI,EQ,42527,19872,46.73
20,1062,HVAX,ST,8400,8400,100.00
20,1063,HYUNDAI,EQ,542776,392149,72.25
20,1064,IBLFL,ST,14000,14000,100.00
20,1065,ICEMAKE,EQ,14897,8159,54.77
20,1066,ICICIB22,EQ,511248,417088,81.58
20,1067,ICICIBANK,EQ,11895924,6551666,55.07
20,1068,ICICIGI,EQ,546624,175563,32.12
20,1069,ICICIPRULI,EQ,3851915,2321540,60.27
20,1070,ICIL,EQ,191331,44372,23.19
20,1071,ICRA,EQ,2010,762,37.91
20,1072,IDBI,EQ,49038617,6213647,12.67
20,1073,IDEA,EQ,536382334,114979116,21.44
20,1074,IDEAFORGE,EQ,102961,31970,31.05
20,1075,IDEALTECHO,SM,46000,42000,91.30
20,1076,IDENTICAL,SM,160000,106000,66.25
20,1077,IDFCFIRSTB,EQ,13273141,5866673,44.20
20,1078,IDFNIFTYET,EQ,718,688,95.82
20,1079,IEML,SM,5000,4000,80.00
20,1080,IEX,EQ,2620632,1114235,42.52
20,1081,IFBAGRO,EQ,4035,2798,69.34
20,1082,IFBIND,EQ,84245,47214,56.04
20,1083,IFCI,EQ,6232857,1874817,30.08
20,1084,IFCIZC25,NM,378,378,100.00
20,1085,IFGLEXPOR,EQ,7762,4658,60.01
20,1086,IGARASHI,EQ,22893,10043,43.87
20,1087,IGIL,EQ,1797526,651886,36.27
20,1088,IGL,EQ,2655537,880392,33.15
20,1089,IGPL,EQ,13438,7503,55.83
20,1090,IIFL,EQ,857057,440236,51.37
20,1091,IIFLCAPS,EQ,216136,94844,43.88
20,1092,IIFLHF29,NE,15,15,100.00
20,1093,IIFLZC28,NG,1,1,100.00
20,1094,IIFLZC28A,NU,1,1,100.00
20,1095,IIFLZC28B,Y1,34,34,100.00
20,1096,IKIO,EQ,77332,39598,51.21
20,1097,IKS,EQ,536053,361236,67.39
20,1098,IMAGICAA,EQ,370725,198298,53.49
20,1099,IMFA,EQ,208685,73242,35.10
20,1100,IMPAL,EQ,503,287,57.06
20,1101,INCREDIBLE,EQ,26468,16325,61.68
20,1102,INDBANK,EQ,138406,42066,30.39
20,1103,INDGN,EQ,313097,162388,51.87
20,1104,INDHOTEL,EQ,1951897,983213,50.37
20,1105,INDIACEM,EQ,2367424,1904838,80.46
20,1106,INDIAGLYCO,EQ,147670,62574,42.37
20,1107,INDIAMART,EQ,221073,115132,52.08
20,1108,INDIANB,EQ,2360356,1140976,48.34
20,1109,INDIANHUME,EQ,21561,10073,46.72
20,1110,INDIASHLTR,EQ,181007,131669,72.74
20,1111,INDIGO,EQ,569356,397856,69.88
20,1112,INDIGOPNTS,EQ,158473,123849,78.15
20,1113,INDIGRID,IV,188236,119519,63.49
20,1114,INDNIPPON,EQ,3583,2116,59.06
20,1115,INDOAMIN,EQ,101226,42232,41.72
20,1116,INDOBORAX,EQ,38250,19670,51.42
20,1117,INDOCO,EQ,32012,21072,65.83
20,1118,INDOFARM,EQ,1817161,382486,21.05
20,1119,INDORAMA,EQ,305866,162902,53.26
20,1120,INDOSTAR,EQ,166693,98140,58.87
20,1121,INDOWIND,EQ,319938,143634,44.89
20,1122,INDRAMEDCO,EQ,200439,101401,50.59
20,1123,INDTERRAIN,EQ,59385,37706,63.49
20,1124,INDUSINDBK,EQ,3948431,1883569,47.70
20,1125,INDUSTOWER,EQ,8279242,4073465,49.20
20,1126,INFIBEAM,EQ,11035852,4774315,43.26
20,1127,INFINIUM,SM,500,500,100.00
20,1128,INFOBEAN,EQ,3286,2070,62.99
20,1129,INFOLLION,ST,20800,19200,92.31
20,1130,INFOMEDIA,EQ,11182,8425,75.34
20,1131,INFRABEES,EQ,8750,5447,62.25
20,1132,INFRAIETF,EQ,32450,18257,56.26
20,1133,INFY,EQ,7533579,4419678,58.67
20,1134,INGERRAND,EQ,7458,3468,46.50
20,1135,INM,SM,600,600,100.00
20,1136,INNOMET,SM,3600,3600,100.00
20,1137,INNOVACAP,EQ,89774,44509,49.58
20,1138,INNOVANA,EQ,4774,2800,58.65
20,1139,INOXGREEN,EQ,526174,181806,34.55
20,1140,INOXINDIA,EQ,38036,18806,49.44
20,1141,INOXWIND,EQ,7103266,2163196,30.45
20,1142,INSECTICID,EQ,26600,12635,47.50
20,1143,INSPIRE,SM,30000,22000,73.33
20,1144,INSPIRISYS,EQ,15251,10912,71.55
20,1145,INTELLECT,EQ,547077,101023,18.47
20,1146,INTENTECH,EQ,28990,18794,64.83
20,1147,INTERARCH,EQ,219719,66867,30.43
20,1148,INTLCONV,EQ,72994,39720,54.42
20,1149,INVENTURE,EQ,1808016,1102176,60.96
20,1150,IOB,EQ,11962764,2270768,18.98
20,1151,IOC,EQ,11843193,6711933,56.67
20,1152,IOLCP,EQ,127952,46992,36.73
20,1153,IONEXCHANG,EQ,128893,59373,46.06
20,1154,IPCALAB,EQ,155260,67256,43.32
20,1155,IPHL,ST,4800,4800,100.00
20,1156,IPL,EQ,100843,56909,56.43
20,1157,IRB,EQ,12162459,4115435,33.84
20,1158,IRBINVIT,IV,76361,61223,80.18
20,1159,IRCON,EQ,56490315,4513176,7.99
20,1160,IRCTC,EQ,1389758,697234,50.17
20,1161,IREDA,EQ,10658871,2931775,27.51
20,1162,IRFC,EQ,45555802,8446003,18.54
20,1163,IRISDOREME,EQ,73974,12904,17.44
20,1164,IRMENERGY,EQ,26309,14108,53.62
20,1165,ISEC,EQ,257691,135278,52.50
20,1166,ISFT,EQ,28645,13454,46.97
20,1167,ISGEC,EQ,78048,45816,58.70
20,1168,ISHAN,SM,144000,144000,100.00
20,1169,IT,EQ,40387,24973,61.83
20,1170,ITALIANE,SM,6000,4000,66.67
20,1171,ITBEES,EQ,3855031,1976583,51.27
20,1172,ITC,EQ,15774070,9776135,61.98
20,1173,ITDC,EQ,31631,10647,33.66
20,1174,ITDCEM,EQ,259154,145530,56.16
20,1175,ITETF,EQ,38025,23738,62.43
20,1176,ITETFADD,EQ,5590,4289,76.73
20,1177,ITIETF,EQ,501946,230101,45.84
20,1178,IVC,EQ,85488,63727,74.54
20,1179,IVP,EQ,12143,8676,71.45
20,1180,IVZINGOLD,EQ,192,129,67.19
20,1181,IWEL,EQ,5861,2982,50.88
20,1182,IXIGO,EQ,831478,348161,41.87
20,1183,JAGRAN,EQ,115734,68015,58.77
20,1184,JAGSNPHARM,EQ,119900,69986,58.37
20,1185,JAIBALAJI,EQ,85973,51006,59.33
20,1186,JAICORPLTD,EQ,1573882,569530,36.19
20,1187,JAINAM,ST,3000,3000,100.00
20,1188,JAIPURKURT,EQ,497693,267578,53.76
20,1189,JALAN,ST,255000,234000,91.76
20,1190,JAMNAAUTO,EQ,760673,319827,42.05
20,1191,JASH,EQ,355585,185297,52.11
20,1192,JAYAGROGN,EQ,8527,5794,67.95
20,1193,JAYBARMARU,EQ,38644,18757,48.54
20,1194,JAYBEE,ST,23000,20000,86.96
20,1195,JAYNECOIND,EQ,118954,85020,71.47
20,1196,JAYSREETEA,EQ,56700,26372,46.51
20,1197,JBCHEPHARM,EQ,414491,374266,90.30
20,1198,JBMA,EQ,205709,71526,34.77
20,1199,JCHAC,EQ,22916,17623,76.90
20,1200,JEYYAM,SM,18000,12000,66.67
20,1201,JFLLIFE,ST,6000,6000,100.00
20,1202,JGCHEM,EQ,43525,19680,45.22
20,1203,JHS,EQ,101316,59637,58.86
20,1204,JINDALPHOT,EQ,16330,4919,30.12
20,1205,JINDALPOLY,EQ,25203,12054,47.83
20,1206,JINDALSAW,EQ,1154141,514009,44.54
20,1207,JINDALSTEL,EQ,1399598,724757,51.78
20,1208,JINDRILL,EQ,32623,16861,51.68
20,1209,JINDWORLD,EQ,2871781,265878,9.26
20,1210,JIOFIN,EQ,9804897,4998906,50.98
20,1211,JISLDVREQS,EQ,55248,27897,50.49
20,1212,JISLJALEQS,EQ,3237129,1350048,41.71
20,1213,JITFINFRA,EQ,30488,15505,50.86
20,1214,JIWANRAM,SM,510000,402000,78.82
20,1215,J&KBANK,EQ,2759932,814471,29.51
20,1216,JKCEMENT,EQ,34140,6404,18.76
20,1217,JKIL,EQ,122867,52810,42.98
20,1218,JKLAKSHMI,EQ,58977,21986,37.28
20,1219,JKPAPER,EQ,108624,39669,36.52
20,1220,JKTYRE,EQ,231941,113008,48.72
20,1221,JLHL,EQ,28795,10599,36.81
20,1222,JMA,EQ,3931,2327,59.20
20,1223,JMFINANCIL,EQ,1371782,555351,40.48
20,1224,JNKINDIA,EQ,31461,11649,37.03
20,1225,JOCIL,EQ,1497,704,47.03
20,1226,JPOLYINVST,EQ,11552,4970,43.02
20,1227,JPPOWER,EQ,19888721,6768689,34.03
20,1228,JSFB,EQ,297716,195843,65.78
20,1229,JSL,EQ,489611,308784,63.07
20,1230,JSLL,SM,14490,13410,92.55
20,1231,JSWENERGY,EQ,1375209,599063,43.56
20,1232,JSWINFRA,EQ,1447707,572893,39.57
20,1233,JSWSTEEL,EQ,1946590,979735,50.33
20,1234,JTEKTINDIA,EQ,123548,71593,57.95
20,1235,JTLIND,EQ,1125639,598230,53.15
20,1236,JUBLFOOD,EQ,1608620,777822,48.35
20,1237,JUBLINGREA,EQ,207798,71225,34.28
20,1238,JUBLPHARMA,EQ,183605,111264,60.60
20,1239,JUNIORBEES,EQ,256893,123514,48.08
20,1240,JUNIPER,EQ,764618,577844,75.57
20,1241,JUSTDIAL,EQ,232229,72609,31.27
20,1242,JWL,EQ,26285753,1170407,4.45
20,1243,JYOTHYLAB,EQ,407140,172313,42.32
20,1244,JYOTICNC,EQ,241980,85124,35.18
20,1245,JYOTISTRUC,EQ,10517181,6507483,61.87
20,1246,K2INFRA,ST,7200,7200,100.00
20,1247,KABRAEXTRU,EQ,68669,33588,48.91
20,1248,KAJARIACER,EQ,104779,56509,53.93
20,1249,KAKATCEM,EQ,6112,2907,47.56
20,1250,KALAMANDIR,EQ,101009,59594,59.00
20,1251,KALANA,SM,82000,48000,58.54
20,1252,KALYANKJIL,EQ,39325170,5739868,14.60
20,1253,KAMATHOTEL,EQ,22484,11132,49.51
20,1254,KAMDHENU,EQ,672208,357419,53.17
20,1255,KANANIIND,EQ,127083,97827,76.98
20,1256,KANDARP,ST,236000,236000,100.00
20,1257,KANORICHEM,EQ,23235,10283,44.26
20,1258,KANPRPLA,EQ,3592,2229,62.05
20,1259,KANSAINER,EQ,252525,148656,58.87
20,1260,KAPSTON,EQ,1593,991,62.21
20,1261,KARMAENG,EQ,7331,4585,62.54
20,1262,KARNIKA,ST,2000,2000,100.00
20,1263,KARURVYSYA,EQ,3250302,1543855,47.50
20,1264,KATARIA,ST,8400,6000,71.43
20,1265,KAUSHALYA,EQ,1374,908,66.08
20,1266,KAYNES,EQ,376202,106519,28.31
20,1267,KBCGLOBAL,EQ,6465376,3825780,59.17
20,1268,KCEIL,ST,56000,55500,99.11
20,1269,KCP,EQ,221437,95847,43.28
20,1270,KCPSUGIND,EQ,305593,130898,42.83
20,1271,KDDL,EQ,4370,2541,58.15
20,1272,KDL,ST,25650,24450,95.32
20,1273,KEC,EQ,714299,334951,46.89
20,1274,KECL,EQ,81801,39370,48.13
20,1275,KEI,EQ,152201,74063,48.66
20,1276,KEL,SM,1200,1200,100.00
20,1277,KELLTONTEC,EQ,4076933,859615,21.08
20,1278,KESORAMIND,EQ,872925,198846,22.78
20,1279,KEYFINSERV,EQ,21759,13227,60.79
20,1280,KFINTECH,EQ,1063886,394846,37.11
20,1281,KHADIM,EQ,6400,4430,69.22
20,1282,KHAICHEM,EQ,2240962,336214,15.00
20,1283,KHAITANLTD,EQ,7937,2189,27.58
20,1284,KHANDSE,EQ,62137,39805,64.06
20,1285,KHFM,SM,4650,4650,100.00
20,1286,KICL,EQ,1758,951,54.10
20,1287,KILITCH,EQ,7230,4610,63.76
20,1288,KIMS,EQ,239336,150010,62.68
20,1289,KINGFA,EQ,12376,4840,39.11
20,1290,KIOCL,EQ,107749,37076,34.41
20,1291,KIRIINDUS,EQ,124235,59221,47.67
20,1292,KIRLOSBROS,EQ,84073,28263,33.62
20,1293,KIRLOSENG,EQ,82809,41172,49.72
20,1294,KIRLOSIND,EQ,1916,998,52.09
20,1295,KIRLPNU,EQ,63680,40557,63.69
20,1296,KKCL,EQ,78898,64412,81.64
20,1297,KLL,SM,36000,16000,44.44
20,1298,KMEW,EQ,5374,2545,47.36
20,1299,KMSUGAR,EQ,232541,102741,44.18
20,1300,KNAGRI,ST,22400,20800,92.86
20,1301,KNRCON,EQ,355187,160847,45.29
20,1302,KODYTECH,SM,18400,10600,57.61
20,1303,KOHINOOR,EQ,139200,85011,61.07
20,1304,KOKUYOCMLN,EQ,43727,28573,65.34
20,1305,KOLTEPATIL,EQ,140257,88907,63.39
20,1306,KONSTELEC,ST,11000,11000,100.00
20,1307,KONTOR,SM,5400,5400,100.00
20,1308,KOTAKBANK,EQ,4451534,3106806,69.79
20,1309,KOTARISUG,EQ,88103,56195,63.78
20,1310,KOTHARIPET,EQ,89006,25591,28.75
20,1311,KOTYARK,SM,10600,8300,78.30
20,1312,KPEL,EQ,372868,153848,41.26
20,1313,KPIGREEN,EQ,936388,500856,53.49
20,1314,KPIL,EQ,293359,184081,62.75
20,1315,KPITTECH,EQ,1195665,554604,46.38
20,1316,KPRMILL,EQ,348533,210849,60.50
20,1317,KRBL,EQ,207518,67298,32.43
20,1318,KRISHANA,EQ,392298,237016,60.42
20,1319,KRISHCA,SM,25000,20000,80.00
20,1320,KRISHIVAL,SM,1000,1000,100.00
20,1321,KRISHNADEF,SM,29250,20250,69.23
20,1322,KRITINUT,EQ,26713,11151,41.74
20,1323,KRN,EQ,207314,78601,37.91
20,1324,KRONOX,EQ,68953,33156,48.08
20,1325,KROSS,EQ,120210,46365,38.57
20,1326,KRSNAA,EQ,50504,24721,48.95
20,1327,KRYSTAL,EQ,23363,12583,53.86
20,1328,KSB,EQ,131570,93616,71.15
20,1329,KSCL,EQ,22206,9783,44.06
20,1330,KSL,EQ,21295,10986,51.59
20,1331,KSOLVES,EQ,18625,10056,53.99
20,1332,KTKBANK,EQ,1442395,921543,63.89
20,1333,KTL,ST,3000,3000,100.00
20,1334,KUANTUM,EQ,29396,21017,71.50
20,1335,LAGNAM,EQ,18798,5292,28.15
20,1336,LAKSHYA,SM,24800,17600,70.97
20,1337,LALPATHLAB,EQ,131356,76536,58.27
20,1338,LAMOSAIC,ST,13200,13200,100.00
20,1339,LANCORHOL,EQ,132198,70741,53.51
20,1340,LANDMARK,EQ,22506,14403,64.00
20,1341,LAOPALA,EQ,26244,16593,63.23
20,1342,LASA,EQ,25339,6897,27.22
20,1343,LATENTVIEW,EQ,274838,148629,54.08
20,1344,LAURUSLABS,EQ,1402881,546123,38.93
20,1345,LAWSIKHO,SM,10500,8500,80.95
20,1346,LAXMICOT,EQ,10008,7037,70.31
20,1347,LEMERITE,ST,11200,8800,78.57
20,1348,LEMONTREE,EQ,1008188,361890,35.90
20,1349,LEXUS,EQ,11151,7088,63.56
20,1350,LFIC,EQ,1253,860,68.64
20,1351,LGBBROSLTD,EQ,13843,10921,78.89
20,1352,LIBAS,EQ,49614,37178,74.93
20,1353,LIBERTSHOE,EQ,6191,4502,72.72
20,1354,LICHSGFIN,EQ,994712,454033,45.64
20,1355,LICI,EQ,1504145,523401,34.80
20,1356,LICMFGOLD,EQ,397,216,54.41
20,1357,LICNETFGSC,EQ,19686,12839,65.22
20,1358,LICNETFN50,EQ,681,629,92.36
20,1359,LICNETFSEN,EQ,353,116,32.86
20,1360,LICNFNHGP,EQ,221,151,68.33
20,1361,LICNMID100,EQ,3729,2368,63.50
20,1362,LIKHITHA,EQ,98817,35894,36.32
20,1363,LINC,EQ,20559,11378,55.34
20,1364,LINCOLN,EQ,27517,15659,56.91
20,1365,LINDEINDIA,EQ,37887,20384,53.80
20,1366,LIQUID,EQ,245344,37903,15.45
20,1367,LIQUID1,EQ,196427,155826,79.33
20,1368,LIQUIDADD,EQ,526202,361098,68.62
20,1369,LIQUIDBEES,EQ,2285497,1950147,85.33
20,1370,LIQUIDBETF,EQ,314314,263097,83.71
20,1371,LIQUIDCASE,EQ,5545786,4969803,89.61
20,1372,LIQUIDETF,EQ,273752,195859,71.55
20,1373,LIQUIDIETF,EQ,420588,335304,79.72
20,1374,LIQUIDPLUS,EQ,44973,35809,79.62
20,1375,LIQUIDSBI,EQ,4146,2443,58.92
20,1376,LIQUIDSHRI,EQ,5557,5393,97.05
20,1377,LLOYDS,SM,2000,1000,50.00
20,1378,LLOYDSENGG,EQ,5420872,1523699,28.11
20,1379,LLOYDSENT,EQ,1519098,771977,50.82
20,1380,LLOYDSME,EQ,661457,259212,39.19
20,1381,LMW,EQ,2069,625,30.21
20,1382,LODHA,EQ,1364331,744053,54.54
20,1383,LOKESHMACH,EQ,34679,19447,56.08
20,1384,LOTUSEYE,EQ,63947,36918,57.73
20,1385,LOVABLE,EQ,19597,12354,63.04
20,1386,LOWVOL,EQ,205,167,81.46
20,1387,LOWVOL1,EQ,1049324,896090,85.40
20,1388,LOWVOLIETF,EQ,1389089,1145720,82.48
20,1389,LRRPL,ST,15000,13500,90.00
20,1390,LT,EQ,2305460,1331865,57.77
20,1391,LTF,EQ,3599390,1175644,32.66
20,1392,LTFOODS,EQ,205782,86218,41.90
20,1393,LTGILTBEES,EQ,2046771,1406879,68.74
20,1394,LTIM,EQ,507014,238526,47.05
20,1395,LTTS,EQ,1475906,193826,13.13
20,1396,LUMAXIND,EQ,3121,1981,63.47
20,1397,LUMAXTECH,EQ,293627,140449,47.83
20,1398,LUPIN,EQ,394270,143968,36.52
20,1399,LUXIND,EQ,27174,14019,51.59
20,1400,LXCHEM,EQ,1163963,523640,44.99
20,1401,LYKALABS,EQ,138571,54128,39.06
20,1402,LYPSAGEMS,EQ,44431,21757,48.97
20,1403,MACOBSTECH,SM,4000,3200,80.00
20,1404,MACPOWER,EQ,15060,10425,69.22
20,1405,MADHAV,EQ,10902,3386,31.06
20,1406,MADHAVBAUG,SM,6400,4800,75.00
20,1407,MADHUCON,EQ,54829,44354,80.90
20,1408,MADHUSUDAN,SM,14000,9000,64.29
20,1409,MADRASFERT,EQ,121247,49979,41.22
20,1410,MAFANG,EQ,66289,66289,100.00
20,1411,MAGADSUGAR,EQ,30826,10297,33.40
20,1412,MAGNUM,EQ,20370,9008,44.22
20,1413,MAGSON,SM,2000,2000,100.00
20,1414,MAHABANK,EQ,27672884,5784238,20.90
20,1415,MAHAPEXLTD,EQ,8845,5733,64.82
20,1416,MAHEPC,EQ,241115,159695,66.23
20,1417,MAHESHWARI,EQ,32226,16961,52.63
20,1418,MAHICKRA,SM,31500,31500,100.00
20,1419,MAHKTECH,EQ,573692,382669,66.70
20,1420,MAHLIFE,EQ,117863,61213,51.94
20,1421,MAHLOG,EQ,65133,33148,50.89
20,1422,MAHSCOOTER,EQ,3146,977,31.06
20,1423,MAHSEAMLES,EQ,130217,58553,44.97
20,1424,MAITHANALL,EQ,13660,9740,71.30
20,1425,MAITREYA,ST,2000,1600,80.00
20,1426,MAKEINDIA,EQ,13714,11048,80.56
20,1427,MAKS,SM,4500,4500,100.00
20,1428,MAL,SM,17600,16000,90.91
20,1429,MALLCOM,EQ,2319,1097,47.30
20,1430,MALUPAPER,EQ,16984,8269,48.69
20,1431,MAMATA,EQ,5403305,760077,14.07
20,1432,MANAKALUCO,EQ,45734,30846,67.45
20,1433,MANAKSIA,EQ,53984,36980,68.50
20,1434,MANAKSTEEL,EQ,30227,19676,65.09
20,1435,MANALIPETC,EQ,203975,112300,55.06
20,1436,MANAPPURAM,EQ,6479477,2438580,37.64
20,1437,MANBA,EQ,150204,63058,41.98
20,1438,MANCREDIT,EQ,26260,2487,9.47
20,1439,MANDEEP,SM,8000,8000,100.00
20,1440,MANGALAM,EQ,18323,13296,72.56
20,1441,MANGCHEFER,EQ,410921,265898,64.71
20,1442,MANGLMCEM,EQ,42236,25135,59.51
20,1443,MANINDS,EQ,281623,171468,60.89
20,1444,MANINFRA,EQ,3086218,673119,21.81
20,1445,MANKIND,EQ,1471425,817114,55.53
20,1446,MANOMAY,EQ,177117,100595,56.80
20,1447,MANORAMA,EQ,38733,24365,62.91
20,1448,MANORG,EQ,2875,1919,66.75
20,1449,MANUGRAPH,EQ,7311,6311,86.32
20,1450,MANYAVAR,EQ,115444,87108,75.45
20,1451,MAPMYINDIA,EQ,271797,208493,76.71
20,1452,MARALOVER,EQ,17966,13666,76.07
20,1453,MARATHON,EQ,77013,48943,63.55
20,1454,MARCO,SM,10500,6000,57.14
20,1455,MARICO,EQ,739133,352226,47.65
20,1456,MARINETRAN,ST,4000,4000,100.00
20,1457,MARKSANS,EQ,542831,221960,40.89
20,1458,MARUTI,EQ,551211,366361,66.46
20,1459,MASFIN,EQ,1054676,977501,92.68
20,1460,MASON,ST,6000,6000,100.00
20,1461,MASPTOP50,EQ,611175,441276,72.20
20,1462,MASTEK,EQ,418012,55373,13.25
20,1463,MASTERTR,EQ,37699,28552,75.74
20,1464,MATRIMONY,EQ,3853,2618,67.95
20,1465,MAWANASUG,EQ,89909,37576,41.79
20,1466,MAXESTATES,EQ,36990,21287,57.55
20,1467,MAXHEALTH,EQ,1656965,1187339,71.66
20,1468,MAXIND,EQ,26358,14423,54.72
20,1469,MAXPOSURE,SM,8000,6000,75.00
20,1470,MAYURUNIQ,EQ,30710,15697,51.11
20,1471,MAZDA,EQ,375617,42276,11.26
20,1472,MAZDOCK,EQ,1230427,268947,21.86
20,1473,MBAPL,EQ,71848,28152,39.18
20,1474,MBLINFRA,EQ,195831,96742,49.40
20,1475,MCON,ST,9000,8000,88.89
20,1476,MCX,EQ,353142,118822,33.65
20,1477,MDL,SM,5000,4000,80.00
20,1478,MEDANTA,EQ,281776,180340,64.00
20,1479,MEDIASSIST,EQ,66458,30647,46.11
20,1480,MEDICAMEQ,EQ,24538,12215,49.78
20,1481,MEDICO,EQ,1354921,567401,41.88
20,1482,MEDIORG,ST,8000,8000,100.00
20,1483,MEDPLUS,EQ,71489,38837,54.33
20,1484,MEGAFLEX,SM,9000,9000,100.00
20,1485,MEGASTAR,EQ,8141,5305,65.16
20,1486,MEGATHERM,SM,30000,16400,54.67
20,1487,MENONBE,EQ,43326,27610,63.73
20,1488,METAL,EQ,81846,59312,72.47
20,1489,METALIETF,EQ,8281537,7159330,86.45
20,1490,METROBRAND,EQ,102754,58058,56.50
20,1491,METROPOLIS,EQ,104194,63233,60.69
20,1492,MFSL,EQ,2619890,855496,32.65
20,1493,MGEL,EQ,320413,153874,48.02
20,1494,MGL,EQ,527065,176084,33.41
20,1495,MHHL,SM,85500,60000,70.18
20,1496,MHRIL,EQ,60460,23494,38.86
20,1497,MICEL,EQ,188280,116217,61.73
20,1498,MICROPRO,SM,1600,1600,100.00
20,1499,MID150BEES,EQ,441296,278932,63.21
20,1500,MID150CASE,EQ,1316814,1091306,82.87
20,1501,MIDCAP,EQ,26495,19594,73.95
20,1502,MIDCAPETF,EQ,1466034,1321029,90.11
20,1503,MIDCAPIETF,EQ,845521,541957,64.10
20,1504,MIDHANI,EQ,161940,64933,40.10
20,1505,MIDQ50ADD,EQ,1135,631,55.59
20,1506,MIDSELIETF,EQ,421669,286848,68.03
20,1507,MIDSMALL,EQ,254682,214953,84.40
20,1508,MIEL,ST,16000,14000,87.50
20,1509,MINDACORP,EQ,1823500,582046,31.92
20,1510,MINDSPACE,RR,160498,131476,81.92
20,1511,MINDTECK,EQ,9275,6301,67.94
20,1512,MIRCELECTR,EQ,319496,194479,60.87
20,1513,MIRZAINT,EQ,49386,27839,56.37
20,1514,MITCON,EQ,47795,44157,92.39
20,1515,MITCONPP,E1,1776,649,36.54
20,1516,MITTAL,EQ,2891175,1763973,61.01
20,1517,M&M,EQ,2598449,1504309,57.89
20,1518,M&MFIN,EQ,1229372,570539,46.41
20,1519,MMFL,EQ,26258,12940,49.28
20,1520,MMP,EQ,7029,3353,47.70
20,1521,MMTC,EQ,1390323,374743,26.95
20,1522,MNC,EQ,21075,18449,87.54
20,1523,MOBIKWIK,EQ,28700118,1301584,4.54
20,1524,MODEFENCE,EQ,560430,466473,83.23
20,1525,MODIRUBBER,EQ,1494,1222,81.79
20,1526,MODISONLTD,EQ,23559,12541,53.23
20,1527,MOGSEC,EQ,7908,7846,99.22
20,1528,MOHEALTH,EQ,65903,51986,78.88
20,1529,MOIL,EQ,1717122,509134,29.65
20,1530,MOKSH,EQ,376873,45448,12.06
20,1531,MOL,EQ,710152,274432,38.64
20,1532,MOLDTECH,EQ,27909,18014,64.55
20,1533,MOLDTKPAC,EQ,76278,49658,65.10
20,1534,MOLOWVOL,EQ,4572,4369,95.56
20,1535,MOM100,EQ,354676,137086,38.65
20,1536,MOM30IETF,EQ,2288443,1686135,73.68
20,1537,MOM50,EQ,2063,1986,96.27
20,1538,MOMENTUM,EQ,511110,450042,88.05
20,1539,MOMENTUM50,EQ,224983,211093,93.83
20,1540,MOMOMENTUM,EQ,97605,70252,71.98
20,1541,MON100,EQ,690237,391120,56.66
20,1542,MONARCH,EQ,107234,45818,42.73
20,1543,MONIFTY500,EQ,94770,86006,90.75
20,1544,MONOPHARMA,SM,2000,2000,100.00
20,1545,MONQ50,EQ,135431,85802,63.35
20,1546,MONTECARLO,EQ,10602,4340,40.94
20,1547,MOQUALITY,EQ,1878,1633,86.95
20,1548,MOREALTY,EQ,205424,132271,64.39
20,1549,MOREPENLAB,EQ,2621039,960532,36.65
20,1550,MOS,ST,52800,43600,82.58
20,1551,MOSMALL250,EQ,320219,208916,65.24
20,1552,MOTHERSON,EQ,6942051,4114294,59.27
20,1553,MOTILALOFS,EQ,3848822,1717692,44.63
20,1554,MOTISONS,EQ,857500,440260,51.34
20,1555,MOTOGENFIN,EQ,7291,5558,76.23
20,1556,MOVALUE,EQ,49811,30109,60.45
20,1557,MPHASIS,EQ,468033,307267,65.65
20,1558,MPSLTD,EQ,7161,3822,53.37
20,1559,MRF,EQ,4528,1623,35.84
20,1560,MRO-TEK,EQ,19616,7934,40.45
20,1561,MRPL,EQ,1291515,355443,27.52
20,1562,MSPL,EQ,433002,253716,58.59
20,1563,MSTCLTD,EQ,135525,64054,47.26
20,1564,MSUMI,EQ,2441130,1218312,49.91
20,1565,MTARTECH,EQ,62655,25874,41.30
20,1566,MTNL,EQ,1547507,529656,34.23
20,1567,MUFIN,EQ,485180,231199,47.65
20,1568,MUFTI,EQ,86441,48476,56.08
20,1569,MUKANDLTD,EQ,230172,164671,71.54
20,1570,MUKKA,EQ,244440,124781,51.05
20,1571,MUKTAARTS,EQ,11235,8369,74.49
20,1572,MULTICAP,EQ,138465,133798,96.63
20,1573,MUNJALAU,EQ,149668,49092,32.80
20,1574,MUNJALSHOW,EQ,38653,26286,68.01
20,1575,MURUDCERA,EQ,47559,22196,46.67
20,1576,MUTHOOTCAP,EQ,51135,32884,64.31
20,1577,MUTHOOTFIN,EQ,348613,186061,53.37
20,1578,MUTHOOTMF,EQ,48706,22216,45.61
20,1579,MVGJL,EQ,470109,142395,30.29
20,1580,MVKAGRO,SM,21600,12000,55.56
20,1581,MWL,SM,25200,22800,90.48
20,1582,MYMUDRA,SM,8400,8400,100.00
20,1583,NACLIND,EQ,180131,107988,59.95
20,1584,NAGAFERT,EQ,332055,202001,60.83
20,1585,NAHARCAP,EQ,4830,2819,58.36
20,1586,NAHARINDUS,EQ,14758,8378,56.77
20,1587,NAHARPOLY,EQ,18098,7645,42.24
20,1588,NAHARSPING,EQ,17643,10347,58.65
20,1589,NAMAN,ST,8000,7200,90.00
20,1590,NAM-INDIA,EQ,1754258,1183900,67.49
20,1591,NAMOEWASTE,ST,24000,24000,100.00
20,1592,NARMADA,EQ,95431,66559,69.75
20,1593,NATCOPHARM,EQ,352272,178215,50.59
20,1594,NATHBIOGEN,EQ,13331,7856,58.93
20,1595,NATIONALUM,EQ,8461905,2598119,30.70
20,1596,NAUKRI,EQ,209517,82743,39.49
20,1597,NAVA,EQ,151096,67735,44.83
20,1598,NAVINFLUOR,EQ,176708,65281,36.94
20,1599,NAVKARCORP,EQ,890465,426690,47.92
20,1600,NAVNETEDUL,EQ,52582,27919,53.10
20,1601,NAZARA,EQ,1520438,777266,51.12
20,1602,NBCC,EQ,6001575,1808071,30.13
20,1603,NCC,EQ,2236995,971572,43.43
20,1604,NCLIND,EQ,47410,21662,45.69
20,1605,NDL,EQ,2885351,1946679,67.47
20,1606,NDLVENTURE,EQ,34621,9862,28.49
20,1607,NDRAUTO,EQ,25299,10845,42.87
20,1608,NDTV,EQ,1582080,193422,12.23
20,1609,NECCLTD,EQ,247118,87975,35.60
20,1610,NEELAM,ST,24000,12000,50.00
20,1611,NELCAST,EQ,29572,11721,39.64
20,1612,NELCO,EQ,162680,48606,29.88
20,1613,NEOGEN,EQ,14134,4787,33.87
20,1614,NEPHROCARE,SM,60000,53200,88.67
20,1615,NESCO,EQ,23872,10098,42.30
20,1616,NESTLEIND,EQ,1325809,809952,61.09
20,1617,NETF,EQ,1226,1038,84.67
20,1618,NETWEB,EQ,111099,56391,50.76
20,1619,NETWORK18,EQ,7054648,2911202,41.27
20,1620,NEULANDLAB,EQ,13122,5866,44.70
20,1621,NEWGEN,EQ,557245,172411,30.94
20,1622,NEWJAISA,SM,19500,13500,69.23
20,1623,NEXT50,EQ,14366,10994,76.53
20,1624,NEXT50IETF,EQ,507929,242251,47.69
20,1625,NFL,EQ,1433859,417313,29.10
20,1626,NGIL,EQ,82302,2659,3.23
20,1627,NGILPP1,E1,2300,1979,86.04
20,1628,NGLFINE,EQ,1031,573,55.58
20,1629,NH,EQ,152949,85368,55.81
20,1630,NHIT,IV,25000,25000,100.00
20,1631,NHPC,EQ,8148498,3096024,38.00
20,1632,NIACL,EQ,897256,189156,21.08
20,1633,NIDOZC26,N7,135,135,100.00
20,1634,NIF100BEES,EQ,121815,113475,93.15
20,1635,NIF100IETF,EQ,96640,78812,81.55
20,1636,NIF10GETF,EQ,1004,958,95.42
20,1637,NIF5GETF,EQ,531,479,90.21
20,1638,NIFITETF,EQ,152,134,88.16
20,1639,NIFMID150,EQ,1830,1466,80.11
20,1640,NIFTY1,EQ,133139,110954,83.34
20,1641,NIFTY50ADD,EQ,35799,31872,89.03
20,1642,NIFTYBEES,EQ,3410394,2519420,73.87
20,1643,NIFTYBETF,EQ,1316,1057,80.32
20,1644,NIFTYETF,EQ,566877,511197,90.18
20,1645,NIFTYIETF,EQ,388009,278307,71.73
20,1646,NIFTYQLITY,EQ,1151052,1112576,96.66
20,1647,NIITLTD,EQ,829991,308308,37.15
20,1648,NIITMTS,EQ,18797,7873,41.88
20,1649,NILAINFRA,EQ,487770,248289,50.90
20,1650,NILKAMAL,EQ,1761,1166,66.21
20,1651,NINSYS,EQ,5022,3216,64.04
20,1652,NIPPOBATRY,EQ,3201,1457,45.52
20,1653,NIRMAN,SM,29400,16200,55.10
20,1654,NITINSPIN,EQ,74144,42428,57.22
20,1655,NITIRAJ,EQ,4164,1974,47.41
20,1656,NIVABUPA,EQ,2056749,817900,39.77
20,1657,NLCINDIA,EQ,1017110,516605,50.79
20,1658,NMDC,EQ,30305626,15279419,50.42
20,1659,NMSTEEL,SM,48000,28800,60.00
20,1660,NOCIL,EQ,195744,83263,42.54
20,1661,NORTHARC,EQ,161830,99078,61.22
20,1662,NOVAAGRI,EQ,692528,541527,78.20
20,1663,NPBET,EQ,147,125,85.03
20,1664,NPST,SM,20150,15150,75.19
20,1665,NRAIL,EQ,3903,1790,45.86
20,1666,NRBBEARING,EQ,56167,28287,50.36
20,1667,NSIL,EQ,6875,2881,41.91
20,1668,NSLNISP,EQ,1928132,880240,45.65
20,1669,NTPC,EQ,14865186,8636648,58.10
20,1670,NTPCGREEN,EQ,10064953,4615909,45.86
20,1671,NUCLEUS,EQ,12784,6367,49.80
20,1672,NURECA,EQ,154546,46102,29.83
20,1673,NUVAMA,EQ,74696,37719,50.50
20,1674,NUVOCO,EQ,169273,109636,64.77
20,1675,NV20,EQ,171241,167992,98.10
20,1676,NV20BEES,EQ,15769,9781,62.03
20,1677,NV20IETF,EQ,368914,264135,71.60
20,1678,NXST,RR,938433,785528,83.71
20,1679,NYKAA,EQ,9010520,4762186,52.85
20,1680,OAL,EQ,9025,4060,44.99
20,1681,OBCL,EQ,28482,10876,38.19
20,1682,OBEROIRLTY,EQ,548785,238565,43.47
20,1683,OBSCP,ST,1200,1200,100.00
20,1684,OCCL,EQ,12291,6519,53.04
20,1685,OCCLLTD,EQ,172833,74713,43.23
20,1686,OFSS,EQ,929106,237245,25.53
20,1687,OIL,EQ,2574384,767685,29.82
20,1688,OILIETF,EQ,901770,664402,73.68
20,1689,OLAELEC,EQ,16453514,3979968,24.19
20,1690,OLECTRA,EQ,713705,161250,22.59
20,1691,OLIL,SM,54000,42000,77.78
20,1692,OMAXAUTO,EQ,28831,18109,62.81
20,1693,OMAXE,EQ,146771,75404,51.38
20,1694,OMFURN,ST,28800,26400,91.67
20,1695,OMINFRAL,EQ,122771,59051,48.10
20,1696,ONDOOR,ST,900,900,100.00
20,1697,ONELIFECAP,EQ,5943,3523,59.28
20,1698,ONEPOINT,EQ,3183756,1513268,47.53
20,1699,ONGC,EQ,14195450,6261217,44.11
20,1700,ONMOBILE,EQ,233607,123094,52.69
20,1701,ONWARDTEC,EQ,32352,16839,52.05
20,1702,ONYX,ST,12000,12000,100.00
20,1703,OPTIEMUS,EQ,78265,43900,56.09
20,1704,ORCHPHARMA,EQ,97919,68837,70.30
20,1705,ORIANA,SM,73275,44475,60.70
20,1706,ORICONENT,EQ,431965,301373,69.77
20,1707,ORIENTALTL,EQ,210381,68763,32.68
20,1708,ORIENTBELL,EQ,4112,2879,70.01
20,1709,ORIENTCEM,EQ,462184,332780,72.00
20,1710,ORIENTCER,EQ,19449,9195,47.28
20,1711,ORIENTELEC,EQ,138676,68206,49.18
20,1712,ORIENTHOT,EQ,275380,86597,31.45
20,1713,ORIENTPPR,EQ,979421,422640,43.15
20,1714,ORIENTTECH,EQ,524547,227231,43.32
20,1715,ORISSAMINE,EQ,5984,2572,42.98
20,1716,ORTINGLOBE,EQ,7580,5269,69.51
20,1717,OSELDEVICE,ST,38400,36000,93.75
20,1718,OSWALAGRO,EQ,18354,12462,67.90
20,1719,OSWALGREEN,EQ,200336,64568,32.23
20,1720,OWAIS,SM,6900,5700,82.61
20,1721,PAGEIND,EQ,104583,93379,89.29
20,1722,PAISALO,EQ,931218,489859,52.60
20,1723,PAKKA,EQ,73559,42638,57.96
20,1724,PALASHSECU,EQ,2417,754,31.20
20,1725,PANACEABIO,EQ,54112,34512,63.78
20,1726,PANAMAPET,EQ,9001,4615,51.27
20,1727,PANSARI,EQ,339,320,94.40
20,1728,PARACABLES,EQ,920116,341617,37.13
20,1729,PARADEEP,EQ,6734476,2283369,33.91
20,1730,PARAGMILK,EQ,528491,345190,65.32
20,1731,PARAGON,ST,6000,6000,100.00
20,1732,PARAMATRIX,SM,3600,3600,100.00
20,1733,PARAS,EQ,94282,24178,25.64
20,1734,PARASPETRO,EQ,224842,161670,71.90
20,1735,PARIN,ST,1500,500,33.33
20,1736,PARKHOTELS,EQ,431981,237955,55.08
20,1737,PARTYCRUS,SM,23000,20000,86.96
20,1738,PASHUPATI,ST,3200,3200,100.00
20,1739,PATANJALI,EQ,506926,215114,42.43
20,1740,PATELENG,EQ,2640625,1308875,49.57
20,1741,PATINTLOG,EQ,181603,81088,44.65
20,1742,PATTECH,SM,1500,1500,100.00
20,1743,PAYTM,EQ,9116076,1445958,15.86
20,1744,PCBL,EQ,1935234,751518,38.83
20,1745,PCCL,SM,3600,3600,100.00
20,1746,PCJEWELLER,EQ,5155595,3391417,65.78
20,1747,PDMJEPAPER,EQ,189874,81854,43.11
20,1748,PDSL,EQ,69223,21322,30.80
20,1749,PEARLPOLY,EQ,37650,12296,32.66
20,1750,PEL,EQ,232677,54875,23.58
20,1751,PELATRO,ST,4800,4200,87.50
20,1752,PENIND,EQ,301793,127425,42.22
20,1753,PENINLAND,EQ,1174428,544223,46.34
20,1754,PENTAGON,SM,11000,11000,100.00
20,1755,PERFECT,ST,15000,15000,100.00
20,1756,PERSISTENT,EQ,284470,156260,54.93
20,1757,PETRONET,EQ,1282657,732356,57.10
20,1758,PFC,EQ,11304640,5888203,52.09
20,1759,PFIZER,EQ,10776,4154,38.55
20,1760,PFOCUS,EQ,1136213,1119916,98.57
20,1761,PFS,EQ,367679,170772,46.45
20,1762,PGEL,EQ,1695908,969218,57.15
20,1763,PGHH,EQ,2673,1573,58.85
20,1764,PGHL,EQ,3087,1464,47.42
20,1765,PGIL,EQ,189557,89051,46.98
20,1766,PGINVIT,IV,803207,578749,72.05
20,1767,PHANTOMFX,ST,12000,10500,87.50
20,1768,PHARMABEES,EQ,2840928,1729611,60.88
20,1769,PHOENIXLTD,EQ,369319,149093,40.37
20,1770,PHOGLOBAL,ST,40000,38000,95.00
20,1771,PIDILITIND,EQ,152117,95833,63.00
20,1772,PIIND,EQ,202745,135287,66.73
20,1773,PILANIINVS,EQ,5069,3297,65.04
20,1774,PILITA,EQ,155149,105774,68.18
20,1775,PITTIENG,EQ,30155,14817,49.14
20,1776,PIXTRANS,EQ,34726,18999,54.71
20,1777,PLADAINFO,SM,12000,6000,50.00
20,1778,PLASTIBLEN,EQ,23898,11771,49.26
20,1779,PLATIND,EQ,163908,72483,44.22
20,1780,PLAZACABLE,EQ,64696,45195,69.86
20,1781,PNB,EQ,22309415,8673530,38.88
20,1782,PNBGILTS,EQ,363916,156121,42.90
20,1783,PNBHOUSING,EQ,657986,342853,52.11
20,1784,PNC,EQ,17397,9188,52.81
20,1785,PNCINFRA,EQ,458628,322884,70.40
20,1786,PNGJL,EQ,517267,274540,53.08
20,1787,POCL,EQ,40442,23438,57.95
20,1788,PODDARMENT,EQ,1368,925,67.62
20,1789,POKARNA,EQ,41219,24316,58.99
20,1790,POLICYBZR,EQ,2072357,1347996,65.05
20,1791,POLYCAB,EQ,213590,76224,35.69
20,1792,POLYMED,EQ,120084,86685,72.19
20,1793,POLYPLEX,EQ,65916,25956,39.38
20,1794,POLYSIL,SM,6000,4000,66.67
20,1795,PONNIERODE,EQ,13430,6781,50.49
20,1796,POONAWALLA,EQ,1672061,942171,56.35
20,1797,POSITRON,ST,8400,7200,85.71
20,1798,POWERGRID,EQ,11694289,7363265,62.96
20,1799,POWERINDIA,EQ,53888,17426,32.34
20,1800,POWERMECH,EQ,24715,10097,40.85
20,1801,PPAP,EQ,9818,7023,71.53
20,1802,PPL,EQ,40668,18326,45.06
20,1803,PPLPHARMA,EQ,1747164,513689,29.40
20,1804,PPSL,SM,72000,57000,79.17
20,1805,PRAENG,EQ,29589,22573,76.29
20,1806,PRAJIND,EQ,2471887,669149,27.07
20,1807,PRAKASH,EQ,863801,386762,44.77
20,1808,PRAKASHSTL,EQ,181604,127146,70.01
20,1809,PRAMARA,SM,34000,31000,91.18
20,1810,PRANIK,SM,6400,6400,100.00
20,1811,PRATHAM,ST,4400,4400,100.00
20,1812,PRECAM,EQ,263816,86212,32.68
20,1813,PRECISION,ST,2000,2000,100.00
20,1814,PRECWIRE,EQ,250063,105703,42.27
20,1815,PREMEXPLN,EQ,48936,17747,36.27
20,1816,PREMIERENE,EQ,1200386,369950,30.82
20,1817,PREMIUM,SM,30000,30000,100.00
20,1818,PRESSTONIC,ST,12000,12000,100.00
20,1819,PRESTIGE,EQ,322369,129672,40.22
20,1820,PRICOLLTD,EQ,217279,102074,46.98
20,1821,PRIMESECU,EQ,82102,37354,45.50
20,1822,PRINCEPIPE,EQ,160755,74300,46.22
20,1823,PRITI,EQ,13698,6036,44.06
20,1824,PRITIKA,ST,2000,2000,100.00
20,1825,PRITIKAUTO,EQ,180390,100354,55.63
20,1826,PRIVISCL,EQ,11805,6808,57.67
20,1827,PRIZOR,ST,44800,44800,100.00
20,1828,PRLIND,SM,54000,33000,61.11
20,1829,PROLIFE,SM,1500,1500,100.00
20,1830,PROV,SM,640,560,87.50
20,1831,PRSMJOHNSN,EQ,506181,118202,23.35
20,1832,PRUDENT,EQ,29148,13327,45.72
20,1833,PSB,EQ,13539906,1179082,8.71
20,1834,PSFL,SM,736000,300000,40.76
20,1835,PSPPROJECT,EQ,36348,20367,56.03
20,1836,PSUBANK,EQ,34831,20750,59.57
20,1837,PSUBANKADD,EQ,6917,4420,63.90
20,1838,PSUBNKBEES,EQ,7046609,5933423,84.20
20,1839,PSUBNKIETF,EQ,80298,54070,67.34
20,1840,PTC,EQ,1499290,733959,48.95
20,1841,PTCIL,EQ,12488,7362,58.95
20,1842,PTL,EQ,48141,33304,69.18
20,1843,PULZ,ST,12000,12000,100.00
20,1844,PUNJABCHEM,EQ,1059,539,50.90
20,1845,PURPLEUTED,SM,94000,53000,56.38
20,1846,PURVA,EQ,32391,14297,44.14
20,1847,PURVFLEXI,SM,800,800,100.00
20,1848,PVP,EQ,155418,95403,61.38
20,1849,PVRINOX,EQ,719652,267594,37.18
20,1850,PVSL,EQ,58362,41525,71.15
20,1851,PVTBANIETF,EQ,799049,421733,52.78
20,1852,PVTBANKADD,EQ,47200,37552,79.56
20,1853,PYRAMID,EQ,45309,18011,39.75
20,1854,QGOLDHALF,EQ,47541,37003,77.83
20,1855,QMSMEDI,SM,17000,15000,88.24
20,1856,QNIFTY,EQ,1017,335,32.94
20,1857,QUADFUTURE,EQ,6032301,928714,15.40
20,1858,QUADPRO,SM,72000,72000,100.00
20,1859,QUAL30IETF,EQ,5022199,4865552,96.88
20,1860,QUESS,EQ,229588,94646,41.22
20,1861,QUESTLAB,ST,45600,43200,94.74
20,1862,QUICKHEAL,EQ,64864,26144,40.31
20,1863,QUICKTOUCH,ST,6000,5500,91.67
20,1864,QVCEL,ST,3200,3200,100.00
20,1865,RACE,EQ,4458,2902,65.10
20,1866,RACLGEAR,EQ,1303,952,73.06
20,1867,RADHIKAJWE,EQ,207985,145928,70.16
20,1868,RADIANTCMS,EQ,63853,28819,45.13
20,1869,RADICO,EQ,197605,132498,67.05
20,1870,RADIOCITY,EQ,171285,117156,68.40
20,1871,RADIOCITY,P1,50,50,100.00
20,1872,RADIOWALLA,SM,12800,11200,87.50
20,1873,RAILTEL,EQ,8250714,952971,11.55
20,1874,RAIN,EQ,857902,352745,41.12
20,1875,RAINBOW,EQ,85068,43737,51.41
20,1876,RAJESHEXPO,EQ,349856,150458,43.01
20,1877,RAJINDLTD,SM,6000,3000,50.00
20,1878,RAJMET,EQ,453278,242414,53.48
20,1879,RAJPUTANA,SM,40000,22000,55.00
20,1880,RAJRATAN,EQ,17896,10906,60.94
20,1881,RAJSREESUG,EQ,110257,43690,39.63
20,1882,RALLIS,EQ,204218,82794,40.54
20,1883,RAMANEWS,EQ,28612,14200,49.63
20,1884,RAMAPHO,EQ,33348,18154,54.44
20,1885,RAMASTEEL,EQ,6835370,1902941,27.84
20,1886,RAMCOCEM,EQ,344378,198286,57.58
20,1887,RAMCOIND,EQ,69230,36084,52.12
20,1888,RAMCOSYS,EQ,40012,21577,53.93
20,1889,RAMKY,EQ,45428,28184,62.04
20,1890,RAMRAT,EQ,10031,5346,53.29
20,1891,RANASUG,EQ,477000,215662,45.21
20,1892,RANEENGINE,EQ,2018,1523,75.47
20,1893,RANEHOLDIN,EQ,6218,2612,42.01
20,1894,RAPPID,ST,13200,13200,100.00
20,1895,RATEGAIN,EQ,401006,139795,34.86
20,1896,RATNAMANI,EQ,16142,7500,46.46
20,1897,RATNAVEER,EQ,111708,62162,55.65
20,1898,RAYMOND,EQ,361789,61965,17.13
20,1899,RAYMONDLSL,EQ,38409,13226,34.43
20,1900,RBA,EQ,1303746,704721,54.05
20,1901,RBL,EQ,3680,2327,63.23
20,1902,RBLBANK,EQ,4810662,1731921,36.00
20,1903,RBMINFRA,SM,11800,10400,88.14
20,1904,RBS,ST,14400,12800,88.89
20,1905,RBZJEWEL,EQ,165911,88076,53.09
20,1906,RCDL,SM,15000,15000,100.00
20,1907,RCF,EQ,1550332,503692,32.49
20,1908,RECLTD,EQ,5120861,2425362,47.36
20,1909,REDINGTON,EQ,4856747,1696806,34.94
20,1910,REDTAPE,EQ,28002,15257,54.49
20,1911,REFEX,EQ,109565,59173,54.01
20,1912,REFRACTORY,ST,1000,1000,100.00
20,1913,RELAXO,EQ,61329,30579,49.86
20,1914,RELCHEMQ,EQ,12573,3388,26.95
20,1915,RELIABLE,EQ,2626,1634,62.22
20,1916,RELIANCE,EQ,14117603,9306492,65.92
20,1917,RELIGARE,EQ,1536202,987610,64.29
20,1918,RELINFRA,EQ,1930471,1048279,54.30
20,1919,RELTD,EQ,84013,49592,59.03
20,1920,REMSONSIND,EQ,147177,80201,54.49
20,1921,REMUS,SM,700,600,85.71
20,1922,RENUKA,EQ,13420006,3023245,22.53
20,1923,REPCOHOME,EQ,81325,40429,49.71
20,1924,REPRO,EQ,7945,4565,57.46
20,1925,RESPONIND,EQ,65814,30067,45.68
20,1926,RETAIL,EQ,22051,18303,83.00
20,1927,RGL,EQ,882806,367591,41.64
20,1928,RHIM,EQ,62023,19216,30.98
20,1929,RICHA,SM,1000,1000,100.00
20,1930,RICOAUTO,EQ,270739,110192,40.70
20,1931,RIIL,EQ,187000,38789,20.74
20,1932,RILINFRA,SM,384500,277900,72.28
20,1933,RISHABH,EQ,26021,17752,68.22
20,1934,RITCO,EQ,74543,34966,46.91
20,1935,RITES,EQ,2899651,748689,25.82
20,1936,RKEC,EQ,16547,9354,56.53
20,1937,RKFORGE,EQ,999581,292574,29.27
20,1938,RKSWAMY,EQ,17570,8578,48.82
20,1939,RMDRIP,ST,1000,1000,100.00
20,1940,RML,EQ,63947,59684,93.33
20,1941,RNFI,ST,93600,91200,97.44
20,1942,ROCKINGDCE,SM,14000,7500,53.57
20,1943,ROHLTD,EQ,45200,18291,40.47
20,1944,ROLEXRINGS,EQ,18140,9384,51.73
20,1945,ROML,EQ,75177,29322,39.00
20,1946,ROSSARI,EQ,29485,10683,36.23
20,1947,ROSSTECH,EQ,19137,12207,63.79
20,1948,ROTO,EQ,70217,30323,43.18
20,1949,ROUTE,EQ,35774,13599,38.01
20,1950,ROXHITECH,SM,62400,49600,79.49
20,1951,RPEL,EQ,41074,28113,68.44
20,1952,RPGLIFE,EQ,4712,2445,51.89
20,1953,RPOWER,EQ,17556401,8237003,46.92
20,1954,RPPL,EQ,318278,120094,37.73
20,1955,RPSGVENT,EQ,26639,12746,47.85
20,1956,RPTECH,EQ,177683,64135,36.10
20,1957,RRKABEL,EQ,39123,16603,42.44
20,1958,RSWM,EQ,22073,10519,47.66
20,1959,RSYSTEMS,EQ,81332,44316,54.49
20,1960,RTNINDIA,EQ,1530071,535346,34.99
20,1961,RTNPOWER,EQ,6621091,3231508,48.81
20,1962,RUBFILA,EQ,22345,12199,54.59
20,1963,RUBYMILLS,EQ,46575,19618,42.12
20,1964,RUCHINFRA,EQ,86646,58867,67.94
20,1965,RUCHIRA,EQ,17618,9326,52.93
20,1966,RULKA,SM,28200,23100,81.91
20,1967,RUPA,EQ,61731,29839,48.34
20,1968,RUSHIL,EQ,227209,107848,47.47
20,1969,RUSTOMJEE,EQ,15296,8310,54.33
20,1970,RVNL,EQ,23382354,3198296,13.68
20,1971,SAAKSHI,SM,15000,9600,64.00
20,1972,SABAR,ST,15000,15000,100.00
20,1973,SADBHAV,EQ,1165272,699362,60.02
20,1974,SADBHIN,EQ,276712,206432,74.60
20,1975,SADHAV,SM,22800,13200,57.89
20,1976,SADHNANIQ,EQ,208978,108804,52.06
20,1977,SAFARI,EQ,75708,58308,77.02
20,1978,SAGARDEEP,EQ,135218,82007,60.65
20,1979,SAGCEM,EQ,32631,20129,61.69
20,1980,SAHAJSOLAR,SM,14600,11600,79.45
20,1981,SAHANA,ST,28125,27375,97.33
20,1982,SAHASRA,SM,28800,22000,76.39
20,1983,SAHYADRI,EQ,4921,2939,59.72
20,1984,SAIFL,SM,10400,8000,76.92
20,1985,SAIL,EQ,10971452,2745833,25.03
20,1986,SAILIFE,EQ,356248,192877,54.14
20,1987,SAJHOTELS,SM,400000,260000,65.00
20,1988,SAKAR,EQ,4921,2735,55.58
20,1989,SAKHTISUG,EQ,201982,100333,49.67
20,1990,SAKSOFT,EQ,130893,51958,39.70
20,1991,SALASAR,EQ,5103479,1763900,34.56
20,1992,SALONA,EQ,28,26,92.86
20,1993,SALSTEEL,EQ,55152,29003,52.59
20,1994,SALZERELEC,EQ,122957,44961,36.57
20,1995,SAMHI,EQ,1248082,693820,55.59
20,1996,SAMMAANCAP,EQ,9222705,3003790,32.57
20,1997,SANATHAN,EQ,498654,284032,56.96
20,1998,SANDESH,EQ,334,231,69.16
20,1999,SANDHAR,EQ,47778,25046,52.42
20,2000,SANDUMA,EQ,52428,26535,50.61
20,2001,SANGAMIND,EQ,173465,93316,53.80
20,2002,SANGANI,ST,3000,3000,100.00
20,2003,SANGHIIND,EQ,840422,334296,39.78
20,2004,SANGHVIMOV,EQ,187176,97112,51.88
20,2005,SANGINITA,EQ,28486,17122,60.11
20,2006,SANOFI,EQ,22233,13255,59.62
20,2007,SANOFICONR,EQ,2992,2046,68.38
20,2008,SANSERA,EQ,52361,28182,53.82
20,2009,SANSTAR,EQ,847290,555222,65.53
20,2010,SAPPHIRE,EQ,306570,110194,35.94
20,2011,SARDAEN,EQ,564633,366795,64.96
20,2012,SAREGAMA,EQ,548857,183679,33.47
20,2013,SARTELE,SM,62000,45500,73.39
20,2014,SARVESHWAR,EQ,2775155,1673377,60.30
20,2015,SASKEN,EQ,4071,2315,56.87
20,2016,SASTASUNDR,EQ,14532,8822,60.71
20,2017,SATECH,ST,15000,13000,86.67
20,2018,SATIA,EQ,125773,59478,47.29
20,2019,SATIN,EQ,98479,46832,47.56
20,2020,SATINDLTD,EQ,1266008,334194,26.40
20,2021,SATIPOLY,SM,1500,1500,100.00
20,2022,SAURASHCEM,EQ,115625,80445,69.57
20,2023,SBC,EQ,3085817,1556574,50.44
20,2024,SBCL,EQ,108537,57981,53.42
20,2025,SBFC,EQ,1041068,557277,53.53
20,2026,SBGLP,EQ,647480,178237,27.53
20,2027,SBICARD,EQ,2039577,1025679,50.29
20,2028,SBIETFCON,EQ,2671,1707,63.91
20,2029,SBIETFIT,EQ,1440,944,65.56
20,2030,SBIETFPB,EQ,7086,5505,77.69
20,2031,SBIETFQLTY,EQ,2098,2098,100.00
20,2032,SBILIFE,EQ,2929496,1360848,46.45
20,2033,SBIN,EQ,11816079,4992233,42.25
20,2034,SBINEQWETF,EQ,21305,18606,87.33
20,2035,SBISILVER,EQ,94695,89691,94.72
20,2036,SCHAEFFLER,EQ,180257,169094,93.81
20,2037,SCHAND,EQ,22138,15165,68.50
20,2038,SCHNEIDER,EQ,209557,66145,31.56
20,2039,SCI,EQ,1463241,485758,33.20
20,2040,SCILAL,EQ,433223,204195,47.13
20,2041,SCML,SM,4000,2000,50.00
20,2042,SCPL,EQ,7581,4922,64.93
20,2043,SDBL,EQ,330948,172581,52.15
20,2044,SDL26BEES,EQ,280992,278110,98.97
20,2045,SDREAMS,SM,10000,8000,80.00
20,2046,SEAMECLTD,EQ,14371,6531,45.45
20,2047,SECL,ST,6250,6250,100.00
20,2048,SECMARK,EQ,438,321,73.29
20,2049,SECURKLOUD,EQ,42756,32338,75.63
20,2050,SEL,ST,200,200,100.00
20,2051,SELAN,EQ,13990,6643,47.48
20,2052,SELMC,EQ,25418,17551,69.05
20,2053,SENCO,EQ,141531,42891,30.31
20,2054,SENORES,EQ,711509,233273,32.79
20,2055,SENSEXADD,EQ,1636,1589,97.13
20,2056,SENSEXETF,EQ,4910,4724,96.21
20,2057,SENSEXIETF,EQ,3184,2299,72.20
20,2058,SEPC,EQ,6414387,2371845,36.98
20,2059,SEQUENT,EQ,450518,362972,80.57
20,2060,SERVICE,SM,16000,8000,50.00
20,2061,SERVOTECH,EQ,475973,232356,48.82
20,2062,SESHAPAPER,EQ,10000,6168,61.68
20,2063,SETF10GILT,EQ,8769,7932,90.46
20,2064,SETFGOLD,EQ,1408980,845000,59.97
20,2065,SETFNIF50,EQ,1307029,1152390,88.17
20,2066,SETFNIFBK,EQ,1419398,1305062,91.94
20,2067,SETFNN50,EQ,62133,38711,62.30
20,2068,SFL,EQ,61307,22030,35.93
20,2069,SFML,SM,72000,48000,66.67
20,2070,SGBAPR28I,GB,82,75,91.46
20,2071,SGBAUG27,GB,20,13,65.00
20,2072,SGBAUG28V,GB,483,433,89.65
20,2073,SGBAUG29V,GB,46,25,54.35
20,2074,SGBAUG30,GB,203,172,84.73
20,2075,SGBD29VIII,GB,154,140,90.91
20,2076,SGBDC27VII,GB,18,15,83.33
20,2077,SGBDE30III,GB,196,158,80.61
20,2078,SGBDE31III,GB,879,805,91.58
20,2079,SGBDEC25XI,GB,10,10,100.00
20,2080,SGBDEC26,GB,11,10,90.91
20,2081,SGBFEB28IX,GB,135,133,98.52
20,2082,SGBFEB29XI,GB,103,65,63.11
20,2083,SGBFEB32IV,GB,1075,651,60.56
20,2084,SGBJ28VIII,GB,20,10,50.00
20,2085,SGBJAN26,GB,6,6,100.00
20,2086,SGBJAN29IX,GB,80,56,70.00
20,2087,SGBJAN29X,GB,46,22,47.83
20,2088,SGBJAN30IX,GB,118,111,94.07
20,2089,SGBJU29III,GB,18,10,55.56
20,2090,SGBJUL25,GB,97,96,98.97
20,2091,SGBJUL27,GB,32,29,90.63
20,2092,SGBJUL28IV,GB,1089,1017,93.39
20,2093,SGBJUL29IV,GB,197,197,100.00
20,2094,SGBJUN27,GB,23,21,91.30
20,2095,SGBJUN28,GB,138,122,88.41
20,2096,SGBJUN29II,GB,115,60,52.17
20,2097,SGBJUN30,GB,108,91,84.26
20,2098,SGBJUN31I,GB,412,242,58.74
20,2099,SGBMAR25,GB,17,17,100.00
20,2100,SGBMAR28X,GB,2,2,100.00
20,2101,SGBMAR30X,GB,126,74,58.73
20,2102,SGBMAR31IV,GB,180,129,71.67
20,2103,SGBMAY25,GB,98,88,89.80
20,2104,SGBMAY28,GB,584,554,94.86
20,2105,SGBMAY29I,GB,519,365,70.33
20,2106,SGBMR29XII,GB,168,152,90.48
20,2107,SGBN28VIII,GB,149,106,71.14
20,2108,SGBNOV26,GB,1,1,100.00
20,2109,SGBNV29VII,GB,229,186,81.22
20,2110,SGBOC28VII,GB,130,117,90.00
20,2111,SGBOCT25,GB,7,6,85.71
20,2112,SGBOCT27,GB,29,22,75.86
20,2113,SGBSEP27,GB,89,53,59.55
20,2114,SGBSEP28VI,GB,400,272,68.00
20,2115,SGBSEP29VI,GB,139,96,69.06
20,2116,SGBSEP31II,GB,572,479,83.74
20,2117,SGL,EQ,14879,10512,70.65
20,2118,SGLTL,EQ,32836850,4162274,12.68
20,2119,SHAH,EQ,638860,424223,66.40
20,2120,SHAKTIPUMP,EQ,1300169,652789,50.21
20,2121,SHALBY,EQ,134581,56442,41.94
20,2122,SHALPAINTS,EQ,225262,110709,49.15
20,2123,SHANKARA,EQ,16313,7653,46.91
20,2124,SHANTHALA,ST,1200,1200,100.00
20,2125,SHANTI,EQ,417697,89926,21.53
20,2126,SHANTIGEAR,EQ,14135,6490,45.91
20,2127,SHARDACROP,EQ,68464,30183,44.09
20,2128,SHARDAMOTR,EQ,6577,3446,52.39
20,2129,SHAREINDIA,EQ,628754,232355,36.95
20,2130,SHARIABEES,EQ,2830,1869,66.04
20,2131,SHEETAL,SM,64000,52000,81.25
20,2132,SHEMAROO,EQ,25526,16182,63.39
20,2133,SHERA,SM,32000,24000,75.00
20,2134,SHIGAN,SM,7500,6000,80.00
20,2135,SHILPAMED,EQ,164642,71187,43.24
20,2136,SHIVALIK,EQ,30198,17140,56.76
20,2137,SHIVAMAUTO,EQ,659136,183755,27.88
20,2138,SHIVAMILLS,EQ,19512,8443,43.27
20,2139,SHIVATEX,EQ,7299,3035,41.58
20,2140,SHK,EQ,101895,53261,52.27
20,2141,SHOPERSTOP,EQ,423930,294734,69.52
20,2142,SHREDIGCEM,EQ,184600,106016,57.43
20,2143,SHREECEM,EQ,14703,4367,29.70
20,2144,SHREEKARNI,SM,22950,19050,83.01
20,2145,SHREEOSFM,SM,11000,9000,81.82
20,2146,SHREEPUSHK,EQ,30926,15203,49.16
20,2147,SHRENIK,EQ,955782,689939,72.19
20,2148,SHREYANIND,EQ,4104,2917,71.08
20,2149,SHRIPISTON,EQ,13446,8072,60.03
20,2150,SHRIRAMFIN,EQ,6194466,3283983,53.01
20,2151,SHRIRAMPPS,EQ,650125,340430,52.36
20,2152,SHRITECH,SM,28000,24000,85.71
20,2153,SHUBHLAXMI,ST,25000,25000,100.00
20,2154,SHUBHSHREE,ST,7200,7200,100.00
20,2155,SHYAMCENT,EQ,80347,57333,71.36
20,2156,SHYAMMETL,EQ,112498,35941,31.95
20,2157,SIDDHIKA,ST,4000,3000,75.00
20,2158,SIEMENS,EQ,343454,150386,43.79
20,2159,SIGACHI,EQ,1567462,587421,37.48
20,2160,SIGIND,EQ,9630,6511,67.61
20,2161,SIGMA,EQ,23565,3310,14.05
20,2162,SIGNATURE,EQ,905289,158402,17.50
20,2163,SIGNORIA,ST,1000,1000,100.00
20,2164,SIKKO,EQ,25350,14973,59.07
20,2165,SIL,EQ,206044,53089,25.77
20,2166,SILGO,EQ,39413,10299,26.13
20,2167,SILLYMONKS,EQ,15459,12077,78.12
20,2168,SILVER,EQ,189270,135575,71.63
20,2169,SILVER1,EQ,103408,78687,76.09
20,2170,SILVERADD,EQ,30142,26547,88.07
20,2171,SILVERBEES,EQ,9296842,7384117,79.43
20,2172,SILVERETF,EQ,348911,312742,89.63
20,2173,SILVERIETF,EQ,1162609,741948,63.82
20,2174,SILVERTUC,EQ,10624,1341,12.62
20,2175,SILVRETF,EQ,19587,19540,99.76
20,2176,SINCLAIR,EQ,60294,32912,54.59
20,2177,SINDHUTRAD,EQ,1788545,739376,41.34
20,2178,SINTERCOM,EQ,3987,919,23.05
20,2179,SIRCA,EQ,113941,70627,61.99
20,2180,SIS,EQ,60357,38944,64.52
20,2181,SIYSIL,EQ,206111,66563,32.29
20,2182,SJLOGISTIC,SM,38000,25750,67.76
20,2183,SJS,EQ,48288,26110,54.07
20,2184,SJVN,EQ,6647070,1729771,26.02
20,2185,SKFINDIA,EQ,114010,98851,86.70
20,2186,SKIPPER,EQ,1091815,399098,36.55
20,2187,SKMEGGPROD,EQ,37355,11586,31.02
20,2188,SKP,SM,1500,1000,66.67
20,2189,SLONE,ST,10400,10400,100.00
20,2190,SMALLCAP,EQ,1112795,794961,71.44
20,2191,SMCGLOBAL,EQ,66825,28544,42.71
20,2192,SMLISUZU,EQ,7768,4410,56.77
20,2193,SMLT,EQ,8214,5430,66.11
20,2194,SMSPHARMA,EQ,63179,31698,50.17
20,2195,SMVD,SM,4040,4040,100.00
20,2196,SNOWMAN,EQ,256928,108250,42.13
20,2197,SOBHA,EQ,122793,51960,42.32
20,2198,SOLARA,EQ,55430,34663,62.53
20,2199,SOLARAPP,E1,620,454,73.23
20,2200,SOLARINDS,EQ,61156,32510,53.16
20,2201,SOLEX,SM,12000,7750,64.58
20,2202,SOMANYCERA,EQ,13062,7732,59.19
20,2203,SOMICONVEY,EQ,16885,12118,71.77
20,2204,SONACOMS,EQ,1564624,1025401,65.54
20,2205,SONAMAC,ST,9000,9000,100.00
20,2206,SONATSOFTW,EQ,130333,72847,55.89
20,2207,SONUINFRA,ST,51000,51000,100.00
20,2208,SOTAC,SM,2400,2400,100.00
20,2209,SOTL,EQ,27789,15375,55.33
20,2210,SOUTHBANK,EQ,16058783,8927130,55.59
20,2211,SOUTHWEST,EQ,18700,9795,52.38
20,2212,SPAL,EQ,46284,20817,44.98
20,2213,SPANDANA,EQ,1683001,605783,35.99
20,2214,SPARC,EQ,642662,313425,48.77
20,2215,SPCL,ST,30000,27000,90.00
20,2216,SPECIALITY,EQ,50074,26547,53.02
20,2217,SPECTRUM,SM,1875,1625,86.67
20,2218,SPECTSTM,ST,8800,8800,100.00
20,2219,SPENCERS,EQ,1618621,440371,27.21
20,2220,SPIC,EQ,380225,193942,51.01
20,2221,SPLIL,EQ,5643,2923,51.80
20,2222,SPLPETRO,EQ,36495,21128,57.89
20,2223,SPORTKING,EQ,152963,74704,48.84
20,2224,SPPPOLY,ST,4000,4000,100.00
20,2225,SREEL,EQ,7343,4953,67.45
20,2226,SRF,EQ,445214,119177,26.77
20,2227,SRGHFL,EQ,3593,1744,48.54
20,2228,SRHHYPOLTD,EQ,15233,8018,52.64
20,2229,SRIVASAVI,SM,5000,5000,100.00
20,2230,SSDL,EQ,34894,18243,52.28
20,2231,SSEGL,SM,95000,56600,59.58
20,2232,SSFL,ST,6000,6000,100.00
20,2233,SSWL,EQ,224527,104050,46.34
20,2234,STANLEY,EQ,60999,29575,48.48
20,2235,STAR,EQ,185324,81630,44.05
20,2236,STARCEMENT,EQ,294258,117052,39.78
20,2237,STARHEALTH,EQ,1519615,1383263,91.03
20,2238,STARPAPER,EQ,25837,12753,49.36
20,2239,STARTECK,EQ,10061,838,8.33
20,2240,STCINDIA,EQ,93660,31490,33.62
20,2241,STEELCAS,EQ,2213,1485,67.10
20,2242,STEELCITY,EQ,12994,6259,48.17
20,2243,STEELXIND,EQ,827701,463711,56.02
20,2244,STEL,EQ,3182,1962,61.66
20,2245,STERTOOLS,EQ,169967,57754,33.98
20,2246,STLTECH,EQ,745352,411530,55.21
20,2247,STOVEKRAFT,EQ,408732,137964,33.75
20,2248,STYLAMIND,EQ,12172,5270,43.30
20,2249,STYLEBAAZA,EQ,105020,58174,55.39
20,2250,STYRENIX,EQ,18646,9149,49.07
20,2251,SUBEXLTD,EQ,2176890,832603,38.25
20,2252,SUBROS,EQ,20208,8714,43.12
20,2253,SUDARSCHEM,EQ,63459,38938,61.36
20,2254,SUKHJITS,EQ,6673,3476,52.09
20,2255,SULA,EQ,236242,112005,47.41
20,2256,SUMICHEM,EQ,271885,158642,58.35
20,2257,SUMMITSEC,EQ,8575,5536,64.56
20,2258,SUNCLAY,EQ,15306,8843,57.77
20,2259,SUNDARAM,EQ,402832,347805,86.34
20,2260,SUNDARMFIN,EQ,83433,23803,28.53
20,2261,SUNDARMHLD,EQ,83848,38749,46.21
20,2262,SUNDRMFAST,EQ,46143,27822,60.30
20,2263,SUNLITE,SM,6000,4800,80.00
20,2264,SUNPHARMA,EQ,2180496,1355284,62.15
20,2265,SUNTECK,EQ,151292,76059,50.27
20,2266,SUNTV,EQ,99258,39517,39.81
20,2267,SUPERHOUSE,EQ,6541,2453,37.50
20,2268,SUPRAJIT,EQ,108875,65717,60.36
20,2269,SUPREMEIND,EQ,80126,52497,65.52
20,2270,SUPREMEPWR,ST,23500,22500,95.74
20,2271,SUPRIYA,EQ,84456,40584,48.05
20,2272,SURAJEST,EQ,55905,27159,48.58
20,2273,SURAKSHA,EQ,112385,45098,40.13
20,2274,SURANASOL,EQ,56147,34384,61.24
20,2275,SURANAT&P,EQ,168011,106594,63.44
20,2276,SURANI,ST,16000,16000,100.00
20,2277,SURYALAXMI,EQ,13825,5634,40.75
20,2278,SURYAROSNI,EQ,398909,110238,27.63
20,2279,SURYODAY,EQ,138422,78395,56.63
20,2280,SUTLEJTEX,EQ,100240,66931,66.77
20,2281,SUVEN,EQ,354658,178910,50.45
20,2282,SUVENPHAR,EQ,175248,115383,65.84
20,2283,SUVIDHAA,EQ,425097,196327,46.18
20,2284,SUYOG,EQ,12316,6350,51.56
20,2285,SUZLON,EQ,39797323,20787562,52.23
20,2286,SWANENERGY,EQ,4370004,1276318,29.21
20,2287,SWARAJ,ST,10000,9500,95.00
20,2288,SWARAJENG,EQ,31711,5930,18.70
20,2289,SWASTIK,SM,20400,10800,52.94
20,2290,SWELECTES,EQ,13346,5255,39.38
20,2291,SWIGGY,EQ,10078943,3557791,35.30
20,2292,SWSOLAR,EQ,8536362,2453070,28.74
20,2293,SYLVANPLY,SM,6000,6000,100.00
20,2294,SYMPHONY,EQ,98651,48684,49.35
20,2295,SYNCOMF,EQ,1471537,803687,54.62
20,2296,SYNGENE,EQ,172037,58536,34.03
20,2297,SYNOPTICS,SM,1800,1800,100.00
20,2298,SYRMA,EQ,678759,265611,39.13
20,2299,SYSTANGO,SM,94800,45600,48.10
20,2300,TAC,ST,6400,6200,96.88
20,2301,TAINWALCHM,EQ,161418,32344,20.04
20,2302,TAJGVK,EQ,620843,269595,43.42
20,2303,TAKE,EQ,459948,241643,52.54
20,2304,TALBROAUTO,EQ,41737,19778,47.39
20,2305,TANLA,EQ,311593,129944,41.70
20,2306,TAPIFRUIT,SM,5250,3750,71.43
20,2307,TARC,EQ,239741,118690,49.51
20,2308,TARMAT,EQ,13336,7488,56.15
20,2309,TARSONS,EQ,29020,15842,54.59
20,2310,TASTYBITE,EQ,2259,1058,46.83
20,2311,TATACHEM,EQ,600983,287968,47.92
20,2312,TATACOMM,EQ,169629,74094,43.68
20,2313,TATACONSUM,EQ,2019985,811611,40.18
20,2314,TATAELXSI,EQ,144322,52542,36.41
20,2315,TATAGOLD,EQ,4203922,2610633,62.10
20,2316,TATAINVEST,EQ,20530,7559,36.82
20,2317,TATAMOTORS,EQ,8680163,3406764,39.25
20,2318,TATAPOWER,EQ,5888896,2469424,41.93
20,2319,TATASTEEL,EQ,22164393,7585901,34.23
20,2320,TATATECH,EQ,1189610,731293,61.47
20,2321,TATSILV,EQ,2037871,1954632,95.92
20,2322,TATVA,EQ,8410,5141,61.13
20,2323,TBI,SM,6600,6000,90.91
20,2324,TBOTEK,EQ,66244,40679,61.41
20,2325,TBZ,EQ,217746,93433,42.91
20,2326,TCHF30,NB,105,70,66.67
20,2327,TCI,EQ,23538,10992,46.70
20,2328,TCIEXP,EQ,47538,21729,45.71
20,2329,TCL,SM,23200,17600,75.86
20,2330,TCLCONS,EQ,99428,54343,54.66
20,2331,TCPLPACK,EQ,24888,14989,60.23
20,2332,TCS,EQ,2637705,1710860,64.86
20,2333,TDPOWERSYS,EQ,366763,214224,58.41
20,2334,TEAMLEASE,EQ,15380,9603,62.44
20,2335,TECH,EQ,19887,15084,75.85
20,2336,TECHERA,ST,43200,43200,100.00
20,2337,TECHLABS,ST,61125,43125,70.55
20,2338,TECHM,EQ,2334315,1162700,49.81
20,2339,TECHNOE,EQ,225743,76223,33.77
20,2340,TECILCHEM,EQ,2492,1334,53.53
20,2341,TEGA,EQ,18163,9073,49.95
20,2342,TEJASNET,EQ,733404,288893,39.39
20,2343,TEXINFRA,EQ,371032,144099,38.84
20,2344,TEXMOPIPES,EQ,27656,19582,70.81
20,2345,TEXRAIL,EQ,6529740,1357560,20.79
20,2346,TFCILTD,EQ,232045,122233,52.68
20,2347,TGBHOTELS,EQ,36483,22518,61.72
20,2348,TGL,ST,42400,37000,87.26
20,2349,THANGAMAYL,EQ,14525,8774,60.41
20,2350,THEINVEST,EQ,16985,11674,68.73
20,2351,THEJO,EQ,7043,4887,69.39
20,2352,THEMISMED,EQ,124860,75982,60.85
20,2353,THERMAX,EQ,303946,78833,25.94
20,2354,THESL,ST,3000,3000,100.00
20,2355,THOMASCOOK,EQ,1018776,683072,67.05
20,2356,THYROCARE,EQ,27964,14181,50.71
20,2357,TI,EQ,721450,293307,40.66
20,2358,TIIL,EQ,5468,3326,60.83
20,2359,TIINDIA,EQ,118505,56237,47.46
20,2360,TIL,EQ,1806,1450,80.29
20,2361,TIMETECHNO,EQ,1269842,480719,37.86
20,2362,TIMKEN,EQ,118181,97157,82.21
20,2363,TIPSMUSIC,EQ,301787,148797,49.31
20,2364,TIRUMALCHM,EQ,107330,47439,44.20
20,2365,TIRUPATI,SM,750,750,100.00
20,2366,TITAGARH,EQ,2978063,582370,19.56
20,2367,TITAN,EQ,1170734,645460,55.13
20,2368,TMB,EQ,27300,16399,60.07
20,2369,TNIDETF,EQ,32646,31093,95.24
20,2370,TNPETRO,EQ,53895,30145,55.93
20,2371,TNPL,EQ,234645,108864,46.40
20,2372,TOKYOPLAST,EQ,7103,6294,88.61
20,2373,TOLINS,EQ,137940,65221,47.28
20,2374,TOP100CASE,EQ,1054549,942965,89.42
20,2375,TOP10ADD,EQ,64305,60364,93.87
20,2376,TORNTPHARM,EQ,248752,159593,64.16
20,2377,TORNTPOWER,EQ,737681,400118,54.24
20,2378,TOTAL,EQ,2795,395,14.13
20,2379,TOUCHWOOD,EQ,1824,919,50.38
20,2380,TPLPLASTEH,EQ,148976,23821,15.99
20,2381,TRACXN,EQ,363487,160792,44.24
20,2382,TRANSRAILL,EQ,8177132,1096972,13.42
20,2383,TRANSTEEL,ST,22000,22000,100.00
20,2384,TRANSWORLD,EQ,25933,12992,50.10
20,2385,TREJHARA,EQ,15485,6591,42.56
20,2386,TREL,EQ,252481,138433,54.83
20,2387,TRENT,EQ,1477566,644636,43.63
20,2388,TRF,EQ,16761,9629,57.45
20,2389,TRIDENT,EQ,3710547,1188745,32.04
20,2390,TRIDHYA,SM,3000,3000,100.00
20,2391,TRIGYN,EQ,101989,36958,36.24
20,2392,TRITURBINE,EQ,539080,210714,39.09
20,2393,TRIVENI,EQ,588867,183954,31.24
20,2394,TROM,SM,31200,22200,71.15
20,2395,TRUST,SM,57600,48000,83.33
20,2396,TTKHLTCARE,EQ,1319,1171,88.78
20,2397,TTKPRESTIG,EQ,23931,13455,56.22
20,2398,TTML,EQ,2419677,707658,29.25
20,2399,TUNWAL,SM,100000,66000,66.00
20,2400,TVSELECT,EQ,19536,6549,33.52
20,2401,TVSHLTD,EQ,8752,5499,62.83
20,2402,TVSMOTOR,EQ,661212,404265,61.14
20,2403,TVSSCS,EQ,462364,180348,39.01
20,2404,TVSSRICHAK,EQ,2207,1191,53.96
20,2405,TVTODAY,EQ,70443,36419,51.70
20,2406,UBL,EQ,90256,40478,44.85
20,2407,UCOBANK,EQ,8347158,1925600,23.07
20,2408,UDAICEMENT,EQ,325372,168640,51.83
20,2409,UDS,EQ,143318,90910,63.43
20,2410,UFLEX,EQ,25277,13592,53.77
20,2411,UFO,EQ,63813,33901,53.13
20,2412,UGARSUGAR,EQ,1116120,358654,32.13
20,2413,UGROCAP,EQ,51948,28571,55.00
20,2414,UHTL,ST,20000,20000,100.00
20,2415,UJJIVANSFB,EQ,4731818,2609406,55.15
20,2416,ULTRACEMCO,EQ,375910,241230,64.17
20,2417,UMA,SM,8000,0,0.00
20,2418,UMAEXPORTS,EQ,92372,47716,51.66
20,2419,UMESLTD,EQ,20344,14955,73.51
20,2420,UNICHEMLAB,EQ,6618,3050,46.09
20,2421,UNIDT,EQ,7641,4767,62.39
20,2422,UNIECOM,EQ,195306,86687,44.39
20,2423,UNIENTER,EQ,2863,1882,65.74
20,2424,UNIHEALTH,SM,1000,1000,100.00
20,2425,UNIINFO,EQ,606830,93615,15.43
20,2426,UNILEX,SM,1600,1600,100.00
20,2427,UNIMECH,EQ,450904,94610,20.98
20,2428,UNIONBANK,EQ,19433784,7674477,39.49
20,2429,UNIPARTS,EQ,24730,13439,54.34
20,2430,UNITDSPR,EQ,489271,256579,52.44
20,2431,UNITEDTEA,EQ,5679,2379,41.89
20,2432,UNIVASTU,EQ,79041,38992,49.33
20,2433,UNIVCABLES,EQ,20478,10247,50.04
20,2434,UNOMINDA,EQ,1627706,806039,49.52
20,2435,UPL,EQ,813698,408192,50.17
20,2436,UPLPP,E1,166789,112258,67.31
20,2437,URAVIDEF,EQ,9677,5930,61.28
20,2438,URBAN,ST,5200,4400,84.62
20,2439,USASEEDS,SM,600,600,100.00
20,2440,USHAFIN,SM,10400,8800,84.62
20,2441,USHAMART,EQ,335176,78931,23.55
20,2442,USK,EQ,92734,52577,56.70
20,2443,UTIAMC,EQ,87054,27269,31.32
20,2444,UTIBANKETF,EQ,9069956,8217122,90.60
20,2445,UTINEXT50,EQ,57280,30195,52.71
20,2446,UTINIFTETF,EQ,219295,218243,99.52
20,2447,UTISENSETF,EQ,441,421,95.46
20,2448,UTISXN50,EQ,2241,1869,83.40
20,2449,UTKARSHBNK,EQ,1101051,558796,50.75
20,2450,UTSSAV,ST,30600,30600,100.00
20,2451,UTTAMSUGAR,EQ,180371,61559,34.13
20,2452,UWCSL,ST,1000,1000,100.00
20,2453,UYFINCORP,EQ,87625,69508,79.32
20,2454,VADILALIND,EQ,1911,1119,58.56
20,2455,VAIBHAVGBL,EQ,258407,123386,47.75
20,2456,VAKRANGEE,EQ,12356823,4035106,32.65
20,2457,VAL30IETF,EQ,37498,30677,81.81
20,2458,VALIANTLAB,EQ,24329,11375,46.75
20,2459,VALIANTORG,EQ,36671,30467,83.08
20,2460,VARDHACRLC,EQ,19166,12537,65.41
20,2461,VARROC,EQ,509090,396754,77.93
20,2462,VASCONEQ,EQ,779752,313689,40.23
20,2463,VASWANI,EQ,65667,33744,51.39
20,2464,VBL,EQ,5203997,3598685,69.15
20,2465,VDEAL,SM,4800,4800,100.00
20,2466,VEDL,EQ,6641373,2690330,40.51
20,2467,VEEDOL,EQ,9607,4599,47.87
20,2468,VENKEYS,EQ,19060,8726,45.78
20,2469,VENTIVE,EQ,365229,185848,50.89
20,2470,VENUSPIPES,EQ,50534,29252,57.89
20,2471,VENUSREM,EQ,13094,6879,52.54
20,2472,VERANDA,EQ,84252,66314,78.71
20,2473,VERTEXPLUS,SM,24000,24000,100.00
20,2474,VERTOZ,EQ,1374802,995638,72.42
20,2475,VESUVIUS,EQ,9429,4882,51.78
20,2476,VGUARD,EQ,250169,161945,64.73
20,2477,VHL,EQ,1189,655,55.09
20,2478,VIDHIING,EQ,48551,43288,89.16
20,2479,VIESL,SM,48800,35200,72.13
20,2480,VIJAYA,EQ,362277,212238,58.58
20,2481,VIKASECO,EQ,2587791,1284554,49.64
20,2482,VIKASLIFE,EQ,2249487,1194608,53.11
20,2483,VILAS,ST,11500,10500,91.30
20,2484,VILINBIO,SM,4000,4000,100.00
20,2485,VIMTALABS,EQ,142584,74978,52.59
20,2486,VINATIORGA,EQ,27986,12978,46.37
20,2487,VINCOFE,EQ,253277,126566,49.97
20,2488,VINDHYATEL,EQ,7779,5631,72.39
20,2489,VINEETLAB,EQ,44557,20389,45.76
20,2490,VINSYS,SM,2000,2000,100.00
20,2491,VINYAS,ST,2800,2800,100.00
20,2492,VINYLINDIA,EQ,11535,6713,58.20
20,2493,VIPCLOTHNG,EQ,34738,16752,48.22
20,2494,VIPIND,EQ,748278,360937,48.24
20,2495,VIRINCHI,EQ,581796,372894,64.09
20,2496,VISAKAIND,EQ,98544,52850,53.63
20,2497,VISAMAN,SM,3000,3000,100.00
20,2498,VISHNU,EQ,52270,28087,53.73
20,2499,VISHNUINFR,SM,40500,29000,71.60
20,2500,VISHWARAJ,EQ,1181647,378108,32.00
20,2501,VISHWAS,SM,3200,3200,100.00
20,2502,VITAL,SM,9600,9600,100.00
20,2503,VIVIANA,ST,5250,4625,88.10
20,2504,VIVIDHA,EQ,322937,275770,85.39
20,2505,VLEGOV,EQ,542371,236188,43.55
20,2506,VLINFRA,ST,7500,6000,80.00
20,2507,VLSFINANCE,EQ,27662,12716,45.97
20,2508,VMARCIND,ST,8750,8250,94.29
20,2509,VMART,EQ,16609,9632,57.99
20,2510,VMM,EQ,18950087,7448868,39.31
20,2511,VOLTAMP,EQ,25008,9792,39.16
20,2512,VOLTAS,EQ,1344773,747496,55.59
20,2513,VPRPL,EQ,634609,214165,33.75
20,2514,VR,ST,400,400,100.00
20,2515,VRAJ,EQ,77403,31619,40.85
20,2516,VRLLOG,EQ,44370,27050,60.96
20,2517,VSSL,EQ,30641,14103,46.03
20,2518,VSTIND,EQ,108035,54378,50.33
20,2519,VSTL,EQ,7530,3847,51.09
20,2520,VSTTILLERS,EQ,2183,1512,69.26
20,2521,VTL,EQ,229190,74258,32.40
20,2522,WAAREEENER,EQ,738069,175888,23.83
20,2523,WABAG,EQ,280854,120003,42.73
20,2524,WALCHANNAG,EQ,292101,122124,41.81
20,2525,WALPAR,SM,2000,2000,100.00
20,2526,WCIL,EQ,168480,72254,42.89
20,2527,WEIZMANIND,EQ,7779,4234,54.43
20,2528,WEL,EQ,718907,298290,41.49
20,2529,WELCORP,EQ,333054,83504,25.07
20,2530,WELENT,EQ,124440,52757,42.40
20,2531,WELINV,EQ,3416,1990,58.26
20,2532,WELSPUNLIV,EQ,1382376,345733,25.01
20,2533,WENDT,EQ,120,54,45.00
20,2534,WESTLIFE,EQ,254614,195148,76.64
20,2535,WEWIN,EQ,4943,2399,48.53
20,2536,WHEELS,EQ,10245,7165,69.94
20,2537,WHIRLPOOL,EQ,310878,247595,79.64
20,2538,WILLAMAGOR,EQ,15262,10429,68.33
20,2539,WINDLAS,EQ,14662,9312,63.51
20,2540,WINDMACHIN,EQ,76777,41903,54.58
20,2541,WINNY,ST,500,500,100.00
20,2542,WINSOL,SM,10800,8000,74.07
20,2543,WIPRO,EQ,10345666,4625066,44.71
20,2544,WOCKPHARMA,EQ,180589,69306,38.38
20,2545,WOL3D,SM,39000,33000,84.62
20,2546,WOMANCART,ST,1600,1600,100.00
20,2547,WONDERLA,EQ,72513,24762,34.15
20,2548,WORTH,EQ,72131,32854,45.55
20,2549,WSI,EQ,48869,20572,42.10
20,2550,WSTCSTPAPR,EQ,36308,16095,44.33
20,2551,WTICAB,ST,7000,7000,100.00
20,2552,XCHANGING,EQ,92886,52391,56.40
20,2553,XELPMOC,EQ,7064,2694,38.14
20,2554,XPROINDIA,EQ,24456,12860,52.58
20,2555,XTGLOBAL,EQ,40381,23542,58.30
20,2556,YASHO,EQ,4367,2719,62.26
20,2557,YASHOPTICS,SM,16000,14400,90.00
20,2558,YATHARTH,EQ,4116176,2193467,53.29
20,2559,YATRA,EQ,67291,37404,55.59
20,2560,YCCL,SM,6000,6000,100.00
20,2561,YESBANK,EQ,83579795,20823589,24.91
20,2562,YUDIZ,SM,6400,4800,75.00
20,2563,YUKEN,EQ,4542,1938,42.67
20,2564,ZAGGLE,EQ,444344,231964,52.20
20,2565,ZEAL,SM,7800,6000,76.92
20,2566,ZEEL,EQ,5194387,2506788,48.26
20,2567,ZEELEARN,EQ,515133,272337,52.87
20,2568,ZEEMEDIA,EQ,616627,288071,46.72
20,2569,ZENITHDRUG,ST,16800,16800,100.00
20,2570,ZENITHEXPO,EQ,232,158,68.10
20,2571,ZENITHSTL,EQ,208365,126224,60.58
20,2572,ZENSARTECH,EQ,410708,111814,27.22
20,2573,ZENTEC,EQ,374802,144397,38.53
20,2574,ZFCVINDIA,EQ,4228,2314,54.73
20,2575,ZIMLAB,EQ,74200,40848,55.05
20,2576,ZODIAC,EQ,16805,8322,49.52
20,2577,ZODIACLOTH,EQ,1880,1202,63.94
20,2578,ZOMATO,EQ,69621318,27769980,39.89
20,2579,ZOTA,EQ,379701,50564,13.32
20,2580,ZTECH,ST,24600,24600,100.00
20,2581,ZUARI,EQ,100868,43754,43.38
20,2582,ZUARIIND,EQ,43451,23005,52.94
20,2583,ZYDUSLIFE,EQ,761949,412373,54.12
20,2584,ZYDUSWELL,EQ,4082,1955,47.89
