Security Wise Delivery Position - Compulsory Rolling Settlement
10,MTO,20012025,1758685080,0002644
Trade Date <20-JAN-2025>,Settlement Type <N>
Record Type,Sr No,Name of Security,Quantity Traded,Deliverable Quantity(gross across client level),% of Deliverable Quantity to Traded Quantity
20,1,0MOFSL26,N1,2000,2000,100.00
20,2,0MOFSL27,N3,50,50,100.00
20,3,0SCL26,YR,21,21,100.00
20,4,1003IIFL29,NC,520,520,100.00
20,5,1003SCL30A,NV,126,126,100.00
20,6,1003SFIL28,NX,503,503,100.00
20,7,1015ECL29,NR,4,4,100.00
20,8,1015UCL26,N1,17,11,64.71
20,9,1018GS2026,GS,1105,1105,100.00
20,10,1025SCL34B,N1,39,39,100.00
20,11,1025SCL34Z,N1,470,470,100.00
20,12,1025SFIL26,NT,10,10,100.00
20,13,1025UCL25,N8,28,28,100.00
20,14,1030SFIL28,NM,104,104,100.00
20,15,1035UCL26,NA,10,10,100.00
20,16,1040UCL25,N4,40,20,50.00
20,17,1040UCL27B,N1,11,11,100.00
20,18,1049DLS25A,Y5,23,23,100.00
20,19,1050ISFL28,N5,1169,1146,98.03
20,20,1050UCL25,N7,100,100,100.00
20,21,1060ECL29,NS,200,200,100.00
20,22,1065NFL27,NC,1037,943,90.94
20,23,1075UCL25,N9,119,119,100.00
20,24,10IIFL28A,NE,162,162,100.00
20,25,10NFL25,N9,36,21,58.33
20,26,10NIDO26,N6,200,200,100.00
20,27,1102NFL26,N8,190,130,68.42
20,28,1119NFL27,ND,27,27,100.00
20,29,12VCCL27,N0,4,3,75.00
20,30,12VCCL27A,N0,1,1,100.00
20,31,182D060225,TB,10000,10000,100.00
20,32,182D060325,TB,100,100,100.00
20,33,182D100725,TB,200,200,100.00
20,34,182D190625,TB,100,100,100.00
20,35,182D200225,TB,100,100,100.00
20,36,182D270625,TB,100,100,100.00
20,37,20MICRONS,EQ,95791,57869,60.41
20,38,360ONE,EQ,551761,246412,44.66
20,39,364D080126,TB,300,300,100.00
20,40,364D110425,TB,200,200,100.00
20,41,364D111225,TB,4000,4000,100.00
20,42,364D150525,TB,1100,1100,100.00
20,43,364D161025,TB,220000,220000,100.00
20,44,364D180725,TB,21700,21700,100.00
20,45,364D230125,TB,50500,50500,100.00
20,46,364D231025,TB,5800,5000,86.21
20,47,364D260625,TB,200,200,100.00
20,48,364D310725,TB,100,100,100.00
20,49,3IINFOLTD,EQ,302207,132665,43.90
20,50,3MINDIA,EQ,2927,598,20.43
20,51,522GS2025,GS,103,103,100.00
20,52,574GS2026,GS,36,36,100.00
20,53,577GS2030,GS,147,147,100.00
20,54,585GS2030,GS,3484,3484,100.00
20,55,5PAISA,EQ,53466,21604,40.41
20,56,619GS2034,GS,400,200,50.00
20,57,63MOONS,EQ,221967,89456,40.30
20,58,654GS2032,GS,1576,1576,100.00
20,59,664GS2027,GS,1000,1000,100.00
20,60,667GS2035,GS,1,1,100.00
20,61,667GS2050,GS,1,1,100.00
20,62,676GS2061,GS,3,3,100.00
20,63,679GS2031,GS,100,100,100.00
20,64,679GS2034,GS,100,100,100.00
20,65,68GS2060,GS,4245,4245,100.00
20,66,692GS2039,GS,300,300,100.00
20,67,695GS2061,GS,629,626,99.52
20,68,698GR2054,GS,572,512,89.51
20,69,699GS2026,GS,1250,1150,92.00
20,70,699GS2051,GS,368,368,100.00
20,71,702GS2027,GS,1,1,100.00
20,72,702GS2031,GS,400,400,100.00
20,73,704GS2029,GS,930,915,98.39
20,74,704IRFC28,N6,2,2,100.00
20,75,706GS2028,GS,4,2,50.00
20,76,709GS2074,GS,250,250,100.00
20,77,710GS2029,GS,7594,7594,100.00
20,78,716GS2050,GS,576,576,100.00
20,79,717GS2030,GS,203,201,99.01
20,80,718GS2033,GS,1000,1000,100.00
20,81,718GS2037,GS,40911,40911,100.00
20,82,71GS2034,GS,94858,94857,100.00
20,83,725GS2063,GS,55231,55231,100.00
20,84,726GS2032,GS,13002,13000,99.98
20,85,726GS2033,GS,2,0,0.00
20,86,728IRFC30,NG,7484,4250,56.79
20,87,732GS2030,GS,9571,9571,100.00
20,88,732IRFC25,NI,703,681,96.87
20,89,733GS2026,GS,500,500,100.00
20,90,734GS2064,GS,12402,11902,95.97
20,91,734IRFC28,N4,1,1,100.00
20,92,735NHAI31,N9,30,30,100.00
20,93,736NTPC25D,NB,272,272,100.00
20,94,737GS2028,GS,22600,22600,100.00
20,95,738GS2027,GS,74824,74820,99.99
20,96,738REC27TF,N2,900,800,88.89
20,97,739NHAI31A,ND,40,40,100.00
20,98,741GS2036,GS,166156,165905,99.85
20,99,743TN53,SG,100,100,100.00
20,100,746GS2073,GS,3797,3797,100.00
20,101,74GS2035,GS,1000,1000,100.00
20,102,74GS2062,GS,2106,2106,100.00
20,103,750IRFC35,NK,600,600,100.00
20,104,753IRFC30,NJ,276,158,57.25
20,105,754GS2036,GS,954702,917485,96.10
20,106,757GS2033,GS,20,10,50.00
20,107,760PFCL35,N3,12,12,100.00
20,108,762NTPC35F,ND,9,9,100.00
20,109,764HUDCO31,N8,849,849,100.00
20,110,764IRFC31,NO,3985,3925,98.49
20,111,764NABAR31,N2,1063,863,81.19
20,112,769HUDCO31,N9,521,521,100.00
20,113,769NHAI31,NE,1075,1035,96.28
20,114,76IGT26,ND,91,91,100.00
20,115,76NHAI31,NA,3440,3395,98.69
20,116,774IREDA31,N7,667,467,70.01
20,117,78ABFL33,N4,3,3,100.00
20,118,797IGT31,NL,5,5,100.00
20,119,79IGT28,NF,45,45,100.00
20,120,79NHIT35,N1,18,18,100.00
20,121,79NHIT40,N2,754,754,100.00
20,122,79NHIT47,N3,29,15,51.72
20,123,810IRFC27,N2,578,578,100.00
20,124,812REC27,NI,100,100,100.00
20,125,81TCHF28,N8,934,850,91.01
20,126,820IIFL27,N9,10,10,100.00
20,127,829PFL29,N6,5,5,100.00
20,128,82HUDCO27,N2,2445,2445,100.00
20,129,82IGT31,NJ,190,190,100.00
20,130,830NHAI27,N2,1555,1229,79.04
20,131,830PFCL27,N5,450,450,100.00
20,132,832GS2032,GS,400,200,50.00
20,133,833GS2026,GS,26,13,50.00
20,134,835IFL25,NV,1,1,100.00
20,135,840CIFCL28,N4,5,5,100.00
20,136,842IIFL26,NL,319,319,100.00
20,137,843IHFL29,NC,200,200,100.00
20,138,849NTPC25,N7,223713,161802,72.33
20,139,865IFL28,NZ,380,380,100.00
20,140,865IIFL28,NS,226,226,100.00
20,141,865IRFC29,NA,51,51,100.00
20,142,865LTF26,NN,363,363,100.00
20,143,871REC28,N9,2170,2070,95.39
20,144,872MMFSL26,N1,73,73,100.00
20,145,873NTPC28,N5,25,25,100.00
20,146,875IIFL26,NM,100,100,100.00
20,147,875NHAI29,N6,3105,2655,85.51
20,148,876HUDCO28,ND,670,670,100.00
20,149,879NHPC28,N5,48,48,100.00
20,150,87LTF27,NH,1,1,100.00
20,151,885MOFSL26,N0,10,10,100.00
20,152,888IRFC29,NE,110,110,100.00
20,153,888REC29,NF,400,400,100.00
20,154,890SFIL23A,NZ,60,60,100.00
20,155,891IIFCL34,N4,105,105,100.00
20,156,891NTPC33,N6,69,60,86.96
20,157,892NHPC33,N6,118,113,95.76
20,158,893NHB29,N6,70,70,100.00
20,159,897GS2030,GS,180,180,100.00
20,160,89IHFL29,N1,85,85,100.00
20,161,901HUDCO34,NE,525,366,69.71
20,162,901NHB34,N6,300,214,71.33
20,163,915SCL26,NE,1754,1596,90.99
20,164,915SCL27,Z7,3,3,100.00
20,165,91D060225,TB,1000,1000,100.00
20,166,91D060325,TB,200,200,100.00
20,167,921ISFL25,N0,65,65,100.00
20,168,925SCL25C,AR,160,160,100.00
20,169,92GS2030,GS,11716,11616,99.15
20,170,92SFIL28,ND,50,50,100.00
20,171,930SFL28,YP,220,220,100.00
20,172,935TSI27,N0,3,3,100.00
20,173,935TSI34,N0,15,15,100.00
20,174,943ECL28,NJ,72,72,100.00
20,175,945IFSL25,N4,12,12,100.00
20,176,94IFCI25,NL,5,5,100.00
20,177,955SCL25,ZU,471,471,100.00
20,178,956AEL29,N6,61,61,100.00
20,179,960CAGL25,N3,12,12,100.00
20,180,960IIFLS26,N9,60,60,100.00
20,181,965AEL27,N4,300,300,100.00
20,182,965SCL25C,N0,9,9,100.00
20,183,96IIFL28,N5,651,451,69.28
20,184,96IIFL28A,NF,557,557,100.00
20,185,96SFIL24A,NB,20,10,50.00
20,186,970CAGL28,ND,215,215,100.00
20,187,971SCL28,AN,235,235,100.00
20,188,971SCL28I,BC,5,5,100.00
20,189,97MOFSL34,N7,75,65,86.67
20,190,97SFL28,YS,5,5,100.00
20,191,980SCL33D,YG,2,2,100.00
20,192,985ECL28,NK,113,113,100.00
20,193,98SFIL26,NU,115,115,100.00
20,194,990SCL26,N7,419,419,100.00
20,195,99SCL27V,N1,10,10,100.00
20,196,9IIFL28,Y0,25,25,100.00
20,197,9IIFL28A,NT,110,110,100.00
20,198,9PCHFL31A,NA,10,10,100.00
20,199,9PEL25,N0,69,69,100.00
20,200,9SCL25,YM,30,30,100.00
20,201,9SCL26BA,NA,3,3,100.00
20,202,AAATECH,EQ,21274,10378,48.78
20,203,AADHARHFC,EQ,292764,140598,48.02
20,204,AAKASH,EQ,478039,405473,84.82
20,205,AARON,EQ,10743,4913,45.73
20,206,AARTIDRUGS,EQ,191126,105669,55.29
20,207,AARTIIND,EQ,2686026,1028008,38.27
20,208,AARTIPHARM,EQ,326762,148630,45.49
20,209,AARTISURF,EQ,4795,2898,60.44
20,210,AARVI,EQ,6019,4527,75.21
20,211,AATMAJ,SM,14000,10000,71.43
20,212,AAVAS,EQ,68026,35617,52.36
20,213,ABAN,EQ,67877,31976,47.11
20,214,ABB,EQ,131130,48199,36.76
20,215,ABBOTINDIA,EQ,8618,3327,38.61
20,216,ABCAPITAL,EQ,1621760,715629,44.13
20,217,ABCOTS,ST,6000,3500,58.33
20,218,ABDL,EQ,474002,254330,53.66
20,219,ABFRL,EQ,3789531,1734641,45.77
20,220,ABGSEC,EQ,5311,5289,99.59
20,221,ABHAPOWER,ST,38400,30400,79.17
20,222,ABINFRA,EQ,189926,65755,34.62
20,223,ABREL,EQ,137332,77919,56.74
20,224,ABSLAMC,EQ,244103,172106,70.51
20,225,ABSLBANETF,EQ,315461,301097,95.45
20,226,ABSLLIQUID,EQ,357,350,98.04
20,227,ABSLNN50ET,EQ,18582,15125,81.40
20,228,ABSLPSE,EQ,248062,147382,59.41
20,229,ABSMARINE,SM,64000,44000,68.75
20,230,ACC,EQ,163924,62427,38.08
20,231,ACCELYA,EQ,5642,3237,57.37
20,232,ACCENTMIC,SM,15500,12000,77.42
20,233,ACCURACY,EQ,156563,88388,56.46
20,234,ACE,EQ,184833,61992,33.54
20,235,ACEINTEG,EQ,24480,10637,43.45
20,236,ACI,EQ,82557,49290,59.70
20,237,ACL,EQ,14290,8979,62.83
20,238,ACLGATI,EQ,210403,83105,39.50
20,239,ACMESOLAR,EQ,693210,414810,59.84
20,240,ADANIENSOL,EQ,2108088,703630,33.38
20,241,ADANIENT,EQ,1039435,354501,34.11
20,242,ADANIGREEN,EQ,2463260,665576,27.02
20,243,ADANIPORTS,EQ,1312101,418609,31.90
20,244,ADANIPOWER,EQ,4648954,824435,17.73
20,245,ADFFOODS,EQ,80326,34665,43.16
20,246,ADL,EQ,889,578,65.02
20,247,ADORWELD,EQ,9226,4555,49.37
20,248,ADSL,EQ,449924,162083,36.02
20,249,ADVANIHOTR,EQ,24732,15405,62.29
20,250,ADVENZYMES,EQ,741063,632520,85.35
20,251,AEGISLOG,EQ,812342,91229,11.23
20,252,AEL120924,N2,25,25,100.00
20,253,AEROFLEX,EQ,6605921,1411775,21.37
20,254,AERON,SM,18000,17000,94.44
20,255,AESTHETIK,SM,80000,52000,65.00
20,256,AETHER,EQ,589040,129840,22.04
20,257,AFCONS,EQ,402861,147929,36.72
20,258,AFFLE,EQ,84593,37040,43.79
20,259,AFFORDABLE,EQ,5901,3874,65.65
20,260,AFIL,EQ,958569,545088,56.86
20,261,AGARIND,EQ,19892,10841,54.50
20,262,AGARWALFT,SM,28500,27000,94.74
20,263,AGARWALTUF,SM,12000,7200,60.00
20,264,AGI,EQ,141442,55367,39.14
20,265,AGIIL,EQ,2621,1761,67.19
20,266,AGNI,SM,7500,5000,66.67
20,267,AGRITECH,EQ,9392,4275,45.52
20,268,AGROPHOS,EQ,19175,9681,50.49
20,269,AGSTRA,EQ,920377,477956,51.93
20,270,AGUL,SM,4000,4000,100.00
20,271,AHIMSA,ST,3000,3000,100.00
20,272,AHL,EQ,107633,58296,54.16
20,273,AHLADA,EQ,13678,7039,51.46
20,274,AHLEAST,EQ,7611,2904,38.16
20,275,AHLUCONT,EQ,79213,46891,59.20
20,276,AIAENG,EQ,101915,79041,77.56
20,277,AIIL,EQ,122033,50524,41.40
20,278,AILIMITED,ST,1500,1500,100.00
20,279,AIMTRON,SM,101200,77600,76.68
20,280,AIRAN,EQ,120949,54231,44.84
20,281,AIROLAM,EQ,5454,1884,34.54
20,282,AIRTELPP,E1,219089,173178,79.04
20,283,AJANTPHARM,EQ,27104,10803,39.86
20,284,AJMERA,EQ,40982,17315,42.25
20,285,AJOONI,EQ,898341,701504,78.09
20,286,AKANKSHA,ST,41000,39000,95.12
20,287,AKASH,EQ,12369,7020,56.75
20,288,AKG,EQ,25537,19842,77.70
20,289,AKIKO,SM,8000,4800,60.00
20,290,AKSHARCHEM,EQ,2514,1483,58.99
20,291,AKUMS,EQ,193541,138370,71.49
20,292,AKZOINDIA,EQ,15047,6387,42.45
20,293,ALANKIT,EQ,1146038,802547,70.03
20,294,ALBERTDAVD,EQ,4267,2633,61.71
20,295,ALEMBICLTD,EQ,214258,87586,40.88
20,296,ALICON,EQ,13622,8561,62.85
20,297,ALIVUS,EQ,82511,55045,66.71
20,298,ALKALI,EQ,19285,6651,34.49
20,299,ALKEM,EQ,46132,22959,49.77
20,300,ALKYLAMINE,EQ,28726,12085,42.07
20,301,ALLCARGO,EQ,4864687,2374382,48.81
20,302,ALLDIGI,EQ,13356,7002,52.43
20,303,ALLETEC,ST,17200,16800,97.67
20,304,ALOKINDS,EQ,4569396,1504104,32.92
20,305,ALPA,EQ,225588,107818,47.79
20,306,ALPEXSOLAR,SM,42200,24600,58.29
20,307,ALPHA,EQ,884020,721071,81.57
20,308,ALPHAETF,EQ,402992,335400,83.23
20,309,ALPHAGEO,EQ,9992,3013,30.15
20,310,ALPL30IETF,EQ,3798423,3649032,96.07
20,311,ALUWIND,SM,37500,33000,88.00
20,312,AMBER,EQ,662008,159116,24.04
20,313,AMBEY,SM,20000,14000,70.00
20,314,AMBICAAGAR,EQ,7234,5961,82.40
20,315,AMBIKCO,EQ,9165,4295,46.86
20,316,AMBUJACEM,EQ,669442,304965,45.56
20,317,AMDIND,EQ,9302,3444,37.02
20,318,AMEYA,SM,7000,7000,100.00
20,319,AMIABLE,SM,1600,1600,100.00
20,320,AMIORG,EQ,266169,89375,33.58
20,321,AMJLAND,EQ,30768,14709,47.81
20,322,AMNPLST,EQ,16477,8069,48.97
20,323,AMRUTANJAN,EQ,35009,29198,83.40
20,324,ANANDRATHI,EQ,41328,17285,41.82
20,325,ANANTRAJ,EQ,1398925,326494,23.34
20,326,ANDHRAPAP,EQ,112827,62139,55.07
20,327,ANDHRSUGAR,EQ,283733,67441,23.77
20,328,ANGELONE,EQ,1957385,345873,17.67
20,329,ANIKINDS,EQ,12512,10959,87.59
20,330,ANLON,SM,6800,6800,100.00
20,331,ANMOL,EQ,50603,25213,49.83
20,332,ANNAPURNA,SM,50000,39000,78.00
20,333,ANTGRAPHIC,EQ,387894,232729,60.00
20,334,ANUHPHR,EQ,20756,10582,50.98
20,335,ANUP,EQ,24540,10568,43.06
20,336,ANURAS,EQ,55012,17680,32.14
20,337,ANYA,SM,6120000,2430000,39.71
20,338,APARINDS,EQ,34449,10470,30.39
20,339,APCL,EQ,4088,2200,53.82
20,340,APCOTEXIND,EQ,17942,12511,69.73
20,341,APEX,EQ,36932,15665,42.42
20,342,APEXECO,SM,110400,60800,55.07
20,343,APLAPOLLO,EQ,1279235,509652,39.84
20,344,APLLTD,EQ,52490,13403,25.53
20,345,APOLLO,EQ,35413009,9168998,25.89
20,346,APOLLOHOSP,EQ,120356,49398,41.04
20,347,APOLLOPIPE,EQ,34310,19228,56.04
20,348,APOLLOTYRE,EQ,2372010,1423861,60.03
20,349,APOLSINHOT,EQ,1690,1001,59.23
20,350,APRAMEYA,ST,8000,8000,100.00
20,351,APS,SM,44750,29250,65.36
20,352,APTECHT,EQ,89054,49085,55.12
20,353,APTUS,EQ,175670,83898,47.76
20,354,ARABIAN,SM,12000,12000,100.00
20,355,ARCHIDPLY,EQ,6668,3958,59.36
20,356,ARCHIES,EQ,22488,14857,66.07
20,357,ARE&M,EQ,528160,224627,42.53
20,358,ARHAM,SM,27000,23000,85.19
20,359,ARIHANTCAP,EQ,284301,118424,41.65
20,360,ARIHANTSUP,EQ,79364,39485,49.75
20,361,ARISTO,ST,3200,3200,100.00
20,362,ARKADE,EQ,1927648,662046,34.34
20,363,ARMANFIN,EQ,56042,28101,50.14
20,364,AROGRANITE,EQ,5766,3535,61.31
20,365,ARROWGREEN,EQ,28081,17469,62.21
20,366,ARTEMISMED,EQ,203664,141371,69.41
20,367,ARVEE,EQ,412,273,66.26
20,368,ARVIND,EQ,229102,69789,30.46
20,369,ARVINDFASN,EQ,249260,152928,61.35
20,370,ARVINDPORT,ST,4500,4500,100.00
20,371,ARVSMART,EQ,34509,20035,58.06
20,372,ASAHIINDIA,EQ,37983,13649,35.93
20,373,ASAHISONG,EQ,10849,9412,86.75
20,374,ASAL,EQ,7995,3443,43.06
20,375,ASALCBR,EQ,70856,46085,65.04
20,376,ASHALOG,ST,19000,17000,89.47
20,377,ASHAPURMIN,EQ,2211086,1011569,45.75
20,378,ASHIANA,EQ,30540,15086,49.40
20,379,ASHOKA,EQ,1858651,720167,38.75
20,380,ASHOKAMET,EQ,57634,46857,81.30
20,381,ASHOKLEY,EQ,5475000,2715364,49.60
20,382,ASIANENE,EQ,106861,44872,41.99
20,383,ASIANPAINT,EQ,555730,252040,45.35
20,384,ASIANTILES,EQ,276497,144468,52.25
20,385,ASKAUTOLTD,EQ,92676,45508,49.10
20,386,ASLIND,SM,10000,10000,100.00
20,387,ASMS,EQ,5866778,4973958,84.78
20,388,ASPINWALL,EQ,21922,12604,57.49
20,389,ASPIRE,ST,44000,38000,86.36
20,390,ASTEC,EQ,7275,4052,55.70
20,391,ASTERDM,EQ,307894,213981,69.50
20,392,ASTRAL,EQ,413278,258207,62.48
20,393,ASTRAMICRO,EQ,138364,61479,44.43
20,394,ASTRAZEN,EQ,11172,2674,23.93
20,395,ASTRON,EQ,32412,23528,72.59
20,396,ATAM,EQ,166869,92467,55.41
20,397,ATFL,EQ,13783,8270,60.00
20,398,ATGL,EQ,662550,147260,22.23
20,399,ATL,EQ,296479,181377,61.18
20,400,ATMASTCO,ST,62800,62800,100.00
20,401,ATUL,EQ,25062,16714,66.69
20,402,ATULAUTO,EQ,35900,18408,51.28
20,403,AUBANK,EQ,1784772,1051757,58.93
20,404,AURDIS,ST,1875,1875,100.00
20,405,AURIONPRO,EQ,18442,10062,54.56
20,406,AUROIMPEX,SM,12800,8000,62.50
20,407,AUROPHARMA,EQ,617523,242587,39.28
20,408,AURUM,EQ,46045,27807,60.39
20,409,AURUMPP1,E1,422,417,98.82
20,410,AUSL,SM,2000,2000,100.00
20,411,AUTOAXLES,EQ,2733,1985,72.63
20,412,AUTOBEES,EQ,142742,84204,58.99
20,413,AUTOIETF,EQ,464890,207381,44.61
20,414,AUTOIND,EQ,72657,45688,62.88
20,415,AVADHSUGAR,EQ,285906,92886,32.49
20,416,AVALON,EQ,1065742,321219,30.14
20,417,AVANTEL,EQ,1336828,622563,46.57
20,418,AVANTIFEED,EQ,281666,86046,30.55
20,419,AVIANSH,ST,6000,6000,100.00
20,420,AVL,EQ,44826,17912,39.96
20,421,AVPINFRA,ST,23200,22400,96.55
20,422,AVTNPL,EQ,196740,109632,55.72
20,423,AWFIS,EQ,313730,183010,58.33
20,424,AWHCL,EQ,44438,27359,61.57
20,425,AWL,EQ,4498503,2844493,63.23
20,426,AXISBANK,EQ,33440507,25743449,76.98
20,427,AXISBNKETF,EQ,5073,5013,98.82
20,428,AXISBPSETF,EQ,26770,19989,74.67
20,429,AXISCETF,EQ,1092,783,71.70
20,430,AXISGOLD,EQ,255241,193701,75.89
20,431,AXISHCETF,EQ,2151,1417,65.88
20,432,AXISILVER,EQ,27186,19263,70.86
20,433,AXISNIFTY,EQ,3116,2298,73.75
20,434,AXISTECETF,EQ,869,712,81.93
20,435,AXITA,EQ,2679758,370462,13.82
20,436,AXSENSEX,EQ,211,211,100.00
20,437,AYMSYNTEX,EQ,71904,54299,75.52
20,438,AZAD,EQ,83944,30435,36.26
20,439,BABAFP,SM,4800,3200,66.67
20,440,BAHETI,ST,14250,13875,97.37
20,441,BAIDFIN,EQ,304681,128632,42.22
20,442,BAJAJ-AUTO,EQ,294136,158030,53.73
20,443,BAJAJCON,EQ,109554,52104,47.56
20,444,BAJAJELEC,EQ,66238,31062,46.89
20,445,BAJAJFINSV,EQ,1674215,691737,41.32
20,446,BAJAJHCARE,EQ,787135,192425,24.45
20,447,BAJAJHFL,EQ,12809265,5093876,39.77
20,448,BAJAJHIND,EQ,8619955,2675762,31.04
20,449,BAJAJHLDNG,EQ,21529,6894,32.02
20,450,BAJEL,EQ,126826,55265,43.58
20,451,BAJFINANCE,EQ,1067971,392766,36.78
20,452,BALAJEE,EQ,126591,58462,46.18
20,453,BALAMINES,EQ,90943,19938,21.92
20,454,BALAXI,EQ,32849,17382,52.91
20,455,BALKRISHNA,EQ,46979,19746,42.03
20,456,BALKRISIND,EQ,129653,49151,37.91
20,457,BALMLAWRIE,EQ,148571,53479,36.00
20,458,BALPHARMA,EQ,15644,7671,49.03
20,459,BALRAMCHIN,EQ,1386258,264411,19.07
20,460,BALUFORGE,EQ,227871,100160,43.95
20,461,BANARISUG,EQ,2057,1298,63.10
20,462,BANCOINDIA,EQ,90273,34312,38.01
20,463,BANDHANBNK,EQ,3521513,1170052,33.23
20,464,BANKA,EQ,6066,3444,56.78
20,465,BANKBARODA,EQ,8569679,3533029,41.23
20,466,BANKBEES,EQ,711577,454235,63.83
20,467,BANKBETF,EQ,19421,9493,48.88
20,468,BANKETF,EQ,2292,2202,96.07
20,469,BANKETFADD,EQ,3747,3420,91.27
20,470,BANKIETF,EQ,554731,304363,54.87
20,471,BANKINDIA,EQ,5601585,1623472,28.98
20,472,BANKNIFTY1,EQ,123157,118493,96.21
20,473,BANKPSU,EQ,1942,1248,64.26
20,474,BANSALWIRE,EQ,52894,22834,43.17
20,475,BANSWRAS,EQ,63938,42701,66.79
20,476,BARBEQUE,EQ,35408,16000,45.19
20,477,BARFLEX,ST,1540000,1540000,100.00
20,478,BASF,EQ,10829,5071,46.83
20,479,BASILIC,ST,18600,17700,95.16
20,480,BASML,EQ,50210,35381,70.47
20,481,BATAINDIA,EQ,84532,33153,39.22
20,482,BAWEJA,SM,78400,65600,83.67
20,483,BAYERCROP,EQ,12569,8203,65.26
20,484,BBETF0432,EQ,2009,1930,96.07
20,485,BBL,EQ,19104,12768,66.83
20,486,BBNPNBETF,EQ,217,206,94.93
20,487,BBNPPGOLD,EQ,534,431,80.71
20,488,BBOX,EQ,771043,675053,87.55
20,489,BBTC,EQ,30324,10243,33.78
20,490,BBTCL,EQ,511,254,49.71
20,491,BCLIND,EQ,1759301,829907,47.17
20,492,BCONCEPTS,EQ,13774,5212,37.84
20,493,BDL,EQ,2979733,719824,24.16
20,494,BEACON,SM,16000,13000,81.25
20,495,BEARDSELL,EQ,30331,17426,57.45
20,496,BECTORFOOD,EQ,135581,102922,75.91
20,497,BEDMUTHA,EQ,6280,3145,50.08
20,498,BEL,EQ,10483849,3363497,32.08
20,499,BEML,EQ,317892,71821,22.59
20,500,BEPL,EQ,330904,125304,37.87
20,501,BERGEPAINT,EQ,283815,103294,36.39
20,502,BESTAGRO,EQ,15330,6842,44.63
20,503,BETA,SM,2900,2100,72.41
20,504,BEWLTD,ST,24000,22000,91.67
20,505,BFINVEST,EQ,21447,8830,41.17
20,506,BFSI,EQ,135557,104178,76.85
20,507,BHAGCHEM,EQ,23167,14550,62.80
20,508,BHAGERIA,EQ,19358,12913,66.71
20,509,BHAGYANGR,EQ,73613,32903,44.70
20,510,BHANDARI,EQ,350156,182284,52.06
20,511,BHARATFORG,EQ,424789,222725,52.43
20,512,BHARATGEAR,EQ,21640,9614,44.43
20,513,BHARATRAS,EQ,1609,956,59.42
20,514,BHARATWIRE,EQ,72417,39461,54.49
20,515,BHARTIARTL,EQ,3933044,2521413,64.11
20,516,BHARTIHEXA,EQ,1049378,754978,71.95
20,517,BHEL,EQ,7252346,2448097,33.76
20,518,BHINVIT,IV,29921,27835,93.03
20,519,BIGBLOC,EQ,114897,41940,36.50
20,520,BIKAJI,EQ,171998,103386,60.11
20,521,BIKEWO,SM,4000,4000,100.00
20,522,BINANIIND,EQ,11776,9377,79.63
20,523,BIOCON,EQ,8026751,3091927,38.52
20,524,BIOFILCHEM,EQ,18852,9288,49.27
20,525,BIRDYS,SM,1200,1200,100.00
20,526,BIRET,RR,846399,743883,87.89
20,527,BIRLACABLE,EQ,22547,13708,60.80
20,528,BIRLACORPN,EQ,35663,15115,42.38
20,529,BLACKBUCK,EQ,161194,96448,59.83
20,530,BLAL,EQ,47665,26800,56.23
20,531,BLBLIMITED,EQ,60060,32298,53.78
20,532,BLISSGVS,EQ,1849698,425189,22.99
20,533,BLKASHYAP,EQ,275781,157066,56.95
20,534,BLS,EQ,23903154,2686018,11.24
20,535,BLSE,EQ,150761,62300,41.32
20,536,BLUEDART,EQ,15280,2724,17.83
20,537,BLUEJET,EQ,306241,202686,66.19
20,538,BLUEPEBBLE,SM,14400,10400,72.22
20,539,BLUESTARCO,EQ,167418,84204,50.30
20,540,BMETRICS,SM,2400,2400,100.00
20,541,BODALCHEM,EQ,107714,45399,42.15
20,542,BOMDYEING,EQ,1132952,370465,32.70
20,543,BOROLTD,EQ,146518,67707,46.21
20,544,BOROSCI,EQ,73002,28395,38.90
20,545,BOSCHLTD,EQ,11609,5073,43.70
20,546,BOSS,ST,16000,16000,100.00
20,547,BPCL,EQ,9623368,4386690,45.58
20,548,BPL,EQ,206995,74720,36.10
20,549,BRACEPORT,ST,9600,9600,100.00
20,550,BRIGADE,EQ,111388,71639,64.31
20,551,BRIGHT,SZ,78000,78000,100.00
20,552,BRITANNIA,EQ,155962,72182,46.28
20,553,BRNL,EQ,74827,31694,42.36
20,554,BSE,EQ,1277452,256586,20.09
20,555,BSE500IETF,EQ,224387,132286,58.95
20,556,BSHSL,EQ,4455,2614,58.68
20,557,BSL,EQ,13864,9273,66.89
20,558,BSLGOLDETF,EQ,23494,14003,59.60
20,559,BSLNIFTY,EQ,207974,139099,66.88
20,560,BSLSENETFG,EQ,1713,932,54.41
20,561,BSOFT,EQ,862239,277705,32.21
20,562,BTML,EQ,524602,267088,50.91
20,563,BULKCORP,SM,72000,69600,96.67
20,564,BURNPUR,EQ,252197,173305,68.72
20,565,BUTTERFLY,EQ,2286,1291,56.47
20,566,BVCL,EQ,9546,5773,60.48
20,567,C2C,SM,112800,72000,63.83
20,568,CADSYS,ST,9500,8500,89.47
20,569,CAGL28,NE,47,47,100.00
20,570,CALSOFT,EQ,32658,31626,96.84
20,571,CAMLINFINE,EQ,1952012,794519,40.70
20,572,CAMPUS,EQ,874269,510397,58.38
20,573,CAMS,EQ,161291,54320,33.68
20,574,CANARYS,SM,120000,100000,83.33
20,575,CANBK,EQ,29523421,10476009,35.48
20,576,CANFINHOME,EQ,1534764,285291,18.59
20,577,CANTABIL,EQ,217785,86467,39.70
20,578,CAPACITE,EQ,595689,236413,39.69
20,579,CAPINVIT,IV,1494575,1104747,73.92
20,580,CAPITALSFB,EQ,11927,8009,67.15
20,581,CAPLIPOINT,EQ,108370,56162,51.82
20,582,CARBORUNIV,EQ,55173,28859,52.31
20,583,CAREERP,EQ,26978,18570,68.83
20,584,CARERATING,EQ,36643,26131,71.31
20,585,CARRARO,EQ,175856,33523,19.06
20,586,CARTRADE,EQ,164618,45504,27.64
20,587,CARYSIL,EQ,24519,12032,49.07
20,588,CASTROLIND,EQ,1793910,846702,47.20
20,589,CBAZAAR,SM,8000,8000,100.00
20,590,CCHHL,EQ,57575,36972,64.22
20,591,CCL,EQ,81814,31984,39.09
20,592,CDSL,EQ,1507671,562334,37.30
20,593,CEATLTD,EQ,67320,10455,15.53
20,594,CEIGALL,EQ,55366,19352,34.95
20,595,CELEBRITY,EQ,33932,22004,64.85
20,596,CELLECOR,SM,978000,570000,58.28
20,597,CELLO,EQ,128855,72362,56.16
20,598,CELLPOINT,SM,16800,15600,92.86
20,599,CENTENKA,EQ,8979,4232,47.13
20,600,CENTEXT,EQ,98296,67609,68.78
20,601,CENTRALBK,EQ,14266504,2283231,16.00
20,602,CENTRUM,EQ,102266,56014,54.77
20,603,CENTUM,EQ,9236,4718,51.08
20,604,CENTURYPLY,EQ,53415,19840,37.14
20,605,CERA,EQ,8189,3795,46.34
20,606,CESC,EQ,5268649,2498956,47.43
20,607,CEWATER,EQ,1763477,285971,16.22
20,608,CGCL,EQ,531107,72935,13.73
20,609,CGPOWER,EQ,4386737,1536931,35.04
20,610,CGRAPHICS,SM,40800,40000,98.04
20,611,CHALET,EQ,275061,147775,53.72
20,612,CHAMBLFERT,EQ,551164,167204,30.34
20,613,CHAVDA,SM,148000,95000,64.19
20,614,CHEMBOND,EQ,7485,4292,57.34
20,615,CHEMCON,EQ,12030,7452,61.95
20,616,CHEMFAB,EQ,4472,1980,44.28
20,617,CHEMPLASTS,EQ,53068,33250,62.66
20,618,CHENNPETRO,EQ,1491143,313758,21.04
20,619,CHETANA,SM,72000,49600,68.89
20,620,CHEVIOT,EQ,5922,4483,75.70
20,621,CHOICEIN,EQ,273306,78405,28.69
20,622,CHOLAFIN,EQ,763622,333917,43.73
20,623,CHOLAHLDNG,EQ,124509,92747,74.49
20,624,CIEINDIA,EQ,35659,15685,43.99
20,625,CIGNITITEC,EQ,84785,27186,32.06
20,626,CINEVISTA,EQ,33185,21257,64.06
20,627,CIPLA,EQ,738447,391420,53.01
20,628,CLEAN,EQ,40177,14830,36.91
20,629,CLEDUCATE,EQ,339263,164996,48.63
20,630,CLOUD,SZ,129000,117000,90.70
20,631,CLSEL,EQ,56144,26241,46.74
20,632,CLSL,SM,22000,18000,81.82
20,633,CMNL,ST,28500,28500,100.00
20,634,CMRSL,SM,13600,10400,76.47
20,635,CMSINFO,EQ,416372,240911,57.86
20,636,COALINDIA,EQ,14597375,8168561,55.96
20,637,COASTCORP,EQ,7573,4182,55.22
20,638,COCHINSHIP,EQ,464136,190280,41.00
20,639,COFORGE,EQ,350220,173002,49.40
20,640,COLPAL,EQ,235484,123692,52.53
20,641,COMMITTED,ST,12800,12800,100.00
20,642,COMMOIETF,EQ,38650,19491,50.43
20,643,COMPUSOFT,EQ,30229,21867,72.34
20,644,CONCOR,EQ,1238782,713738,57.62
20,645,CONCORDBIO,EQ,124160,72137,58.10
20,646,CONFIPET,EQ,635491,341124,53.68
20,647,CONS,EQ,6365,6203,97.45
20,648,CONSOFINVT,EQ,4550,2551,56.07
20,649,CONSUMBEES,EQ,55261,36255,65.61
20,650,CONSUMER,EQ,46998,37648,80.11
20,651,CONSUMIETF,EQ,22661,10431,46.03
20,652,CONTI,ST,3333,3333,100.00
20,653,CONTROLPR,EQ,86978,45098,51.85
20,654,COOLCAPS,ST,67250,66250,98.51
20,655,CORALFINAC,EQ,20900,15442,73.89
20,656,CORDSCABLE,EQ,26638,12917,48.49
20,657,COROMANDEL,EQ,283445,172964,61.02
20,658,COSMOFIRST,EQ,82351,28647,34.79
20,659,COUNCODOS,EQ,417859,238681,57.12
20,660,CPS,ST,1200,1200,100.00
20,661,CPSEETF,EQ,1672704,982536,58.74
20,662,CRAFTSMAN,EQ,32051,20028,62.49
20,663,CRAYONS,SM,12000,10000,83.33
20,664,CREATIVE,EQ,4873,2980,61.15
20,665,CREDITACC,EQ,13446093,410331,3.05
20,666,CREST,EQ,8403,4656,55.41
20,667,CRISIL,EQ,43138,16781,38.90
20,668,CROMPTON,EQ,775850,255896,32.98
20,669,CROWN,EQ,39298,27512,70.01
20,670,CSBBANK,EQ,74761,32153,43.01
20,671,CSLFINANCE,EQ,42283,27231,64.40
20,672,CTE,EQ,62303,33043,53.04
20,673,CUB,EQ,878262,369811,42.11
20,674,CUBEXTUB,EQ,525569,303546,57.76
20,675,CUMMINSIND,EQ,227986,119677,52.49
20,676,CUPID,EQ,458454,343175,74.85
20,677,CYBERMEDIA,EQ,45980,30467,66.26
20,678,CYBERTECH,EQ,322026,145285,45.12
20,679,CYIENT,EQ,327731,79325,24.20
20,680,CYIENTDLM,EQ,179222,86858,48.46
20,681,DABUR,EQ,1536752,831405,54.10
20,682,DALBHARAT,EQ,123664,41976,33.94
20,683,DALMIASUG,EQ,285404,85853,30.08
20,684,DAMCAPITAL,EQ,818348,311793,38.10
20,685,DAMODARIND,EQ,7338,3974,54.16
20,686,DANGEE,EQ,114686,70954,61.87
20,687,DANISH,SM,70800,35700,50.42
20,688,DATAMATICS,EQ,149377,89876,60.17
20,689,DATAPATTNS,EQ,164854,37363,22.66
20,690,DAVANGERE,EQ,8201170,4183622,51.01
20,691,DBCORP,EQ,68437,25213,36.84
20,692,DBEIL,EQ,96362,38975,40.45
20,693,DBL,EQ,103187,43344,42.01
20,694,DBOL,EQ,115108,58237,50.59
20,695,DBREALTY,EQ,4956380,1644941,33.19
20,696,DBSTOCKBRO,EQ,921,447,48.53
20,697,DCAL,EQ,757773,252781,33.36
20,698,DCBBANK,EQ,466974,186513,39.94
20,699,DCG,SM,22800,16800,73.68
20,700,DCI,EQ,6854,3920,57.19
20,701,DCM,EQ,22972,11263,49.03
20,702,DCMNVL,EQ,11681,7724,66.12
20,703,DCMSHRIRAM,EQ,117737,40445,34.35
20,704,DCMSRIND,EQ,108684,41537,38.22
20,705,DCW,EQ,718031,322097,44.86
20,706,DCXINDIA,EQ,506116,246496,48.70
20,707,DDEVPLSTIK,EQ,235219,136039,57.84
20,708,DECCANCE,EQ,12011,8341,69.44
20,709,DECCANTRAN,ST,3600,3600,100.00
20,710,DEEDEV,EQ,134741,100130,74.31
20,711,DEEM,SM,8000,7000,87.50
20,712,DEEPAKFERT,EQ,362313,149593,41.29
20,713,DEEPAKNTR,EQ,77567,25668,33.09
20,714,DEEPINDS,EQ,202789,77895,38.41
20,715,DELAPLEX,SM,4800,3000,62.50
20,716,DELHIVERY,EQ,2253240,1034828,45.93
20,717,DELTACORP,EQ,914628,432619,47.30
20,718,DELTAMAGNT,EQ,8143,6235,76.57
20,719,DELTIC,ST,247000,231000,93.52
20,720,DEN,EQ,1320719,380886,28.84
20,721,DENEERS,ST,600,600,100.00
20,722,DENORA,EQ,6798,2966,43.63
20,723,DENTALKART,SM,20250,12750,62.96
20,724,DESTINY,ST,3000,3000,100.00
20,725,DEVIT,EQ,135463,51284,37.86
20,726,DEVYANI,EQ,1202100,520311,43.28
20,727,DHAMPURSUG,EQ,668122,159936,23.94
20,728,DHANI,EQ,4860472,1937743,39.87
20,729,DHANLAXMI,ST,36000,34000,94.44
20,730,DHANUKA,EQ,25987,13163,50.65
20,731,DHARMAJ,EQ,42413,21646,51.04
20,732,DHRUV,EQ,43384,36528,84.20
20,733,DHUNINV,EQ,824,475,57.65
20,734,DIAMINESQ,EQ,1414,988,69.87
20,735,DIAMONDYD,EQ,269537,225650,83.72
20,736,DICIND,EQ,1430,1246,87.13
20,737,DIFFNKG,EQ,36150,22145,61.26
20,738,DIGIDRIVE,EQ,93114,50807,54.56
20,739,DIGIKORE,ST,1800,1800,100.00
20,740,DIGISPICE,EQ,37640,24076,63.96
20,741,DISHTV,EQ,11399073,3589072,31.49
20,742,DIVGIITTS,EQ,5278,2610,49.45
20,743,DIVISLAB,EQ,309737,167936,54.22
20,744,DIVOPPBEES,EQ,39869,18025,45.21
20,745,DIVYADHAN,SM,6000,6000,100.00
20,746,DIXON,EQ,360057,131223,36.45
20,747,DKEGL,SM,4500,3000,66.67
20,748,DLF,EQ,1627004,661553,40.66
20,749,DLINKINDIA,EQ,52938,23744,44.85
20,750,DMART,EQ,195566,90274,46.16
20,751,DNAMEDIA,EQ,236015,135976,57.61
20,752,DODLA,EQ,217295,184896,85.09
20,753,DOLATALGO,EQ,206790,78459,37.94
20,754,DOLLAR,EQ,48585,29018,59.73
20,755,DOLLEX,SM,16000,16000,100.00
20,756,DOMS,EQ,67240,34594,51.45
20,757,DONEAR,EQ,89111,33208,37.27
20,758,DPABHUSHAN,EQ,21599,8714,40.34
20,759,DPEL,ST,42000,42000,100.00
20,760,DPSCLTD,EQ,160894,93574,58.16
20,761,DPWIRES,EQ,8459,3889,45.97
20,762,DRCSYSTEMS,EQ,75261,45037,59.84
20,763,DREAMFOLKS,EQ,86348,61600,71.34
20,764,DREDGECORP,EQ,13131,6108,46.52
20,765,DRL,SM,18000,18000,100.00
20,766,DRONE,ST,15000,14500,96.67
20,767,DRREDDY,EQ,561642,245288,43.67
20,768,DSSL,EQ,18200,10713,58.86
20,769,DTIL,EQ,11084,2694,24.31
20,770,DTL,SM,15600,10800,69.23
20,771,DUCOL,SM,4000,3200,80.00
20,772,DUCON,EQ,2427889,1561254,64.30
20,773,DUGLOBAL,SM,105000,72500,69.05
20,774,DURLAX,SM,36000,22000,61.11
20,775,DVL,EQ,11879,6350,53.46
20,776,DWARKESH,EQ,1453093,412100,28.36
20,777,DYCL,EQ,34476,23122,67.07
20,778,DYNAMATECH,EQ,4357,1612,37.00
20,779,DYNAMIC,ST,16500,15500,93.94
20,780,DYNPRO,EQ,13012,11374,87.41
20,781,EASEMYTRIP,EQ,49688677,13277159,26.72
20,782,EBANKNIFTY,EQ,788,700,88.83
20,783,EBBETF0425,EQ,12573,12432,98.88
20,784,EBBETF0430,EQ,7622,7446,97.69
20,785,EBBETF0431,EQ,3461,3154,91.13
20,786,EBBETF0433,EQ,1372,1326,96.65
20,787,ECAPINSURE,EQ,6539,6462,98.82
20,788,ECLERX,EQ,30170,12417,41.16
20,789,ECOSMOBLTY,EQ,730466,185947,25.46
20,790,EDELWEISS,EQ,2521276,1122422,44.52
20,791,EFFWA,ST,14400,14400,100.00
20,792,EFORCE,SM,12000,10800,90.00
20,793,EGOLD,EQ,105134,99463,94.61
20,794,EICHERMOT,EQ,255315,130998,51.31
20,795,EIDPARRY,EQ,237840,38954,16.38
20,796,EIEL,EQ,2450432,595777,24.31
20,797,EIFFL,EQ,319481,307863,96.36
20,798,EIHAHOTELS,EQ,16708,8442,50.53
20,799,EIHOTEL,EQ,236263,136537,57.79
20,800,EIMCOELECO,EQ,7136,4445,62.29
20,801,EKC,EQ,711547,229381,32.24
20,802,ELDEHSG,EQ,371,245,66.04
20,803,ELECON,EQ,232751,107168,46.04
20,804,ELECTCAST,EQ,1304933,569047,43.61
20,805,ELGIEQUIP,EQ,111421,36949,33.16
20,806,ELIN,EQ,133066,75768,56.94
20,807,EMAMILTD,EQ,246686,130954,53.09
20,808,EMAMIPAP,EQ,20050,10982,54.77
20,809,EMBASSY,RR,623173,539861,86.63
20,810,EMBDL,EQ,33284595,11619450,34.91
20,811,EMCURE,EQ,21597,7975,36.93
20,812,EMIL,EQ,592609,455621,76.88
20,813,EMKAYTOOLS,SM,7200,5700,79.17
20,814,EMMBI,EQ,95413,52715,55.25
20,815,EMMIL,ST,23000,21750,94.57
20,816,EMSLIMITED,EQ,243634,78908,32.39
20,817,EMUDHRA,EQ,166907,57331,34.35
20,818,EMULTIMQ,EQ,54760,44667,81.57
20,819,ENDURANCE,EQ,47288,32301,68.31
20,820,ENFUSE,ST,2400,2400,100.00
20,821,ENGINERSIN,EQ,1478275,365085,24.70
20,822,ENIL,EQ,17404,10593,60.87
20,823,ENSER,ST,8000,8000,100.00
20,824,ENTERO,EQ,31577,15215,48.18
20,825,ENVIRO,SM,110000,76000,69.09
20,826,EPACK,EQ,322815,175520,54.37
20,827,EPIGRAL,EQ,56288,9898,17.58
20,828,EPL,EQ,357572,171723,48.02
20,829,EQUAL50ADD,EQ,7364,4975,67.56
20,830,EQUITASBNK,EQ,7510356,4369063,58.17
20,831,ERIS,EQ,48191,18110,37.58
20,832,ESABINDIA,EQ,1378,735,53.34
20,833,ESAFSFB,EQ,274134,160190,58.43
20,834,ESCONET,ST,9600,9600,100.00
20,835,ESCORTS,EQ,105561,29290,27.75
20,836,ESFL,SM,107640,75240,69.90
20,837,ESG,EQ,1937,1274,65.77
20,838,ESILVER,EQ,107262,103905,96.87
20,839,ESPRIT,ST,52800,41600,78.79
20,840,ESTER,EQ,174689,56362,32.26
20,841,ETHOSLTD,EQ,16174,6592,40.76
20,842,ETML,SM,66000,40800,61.82
20,843,EUREKAFORB,EQ,237528,174122,73.31
20,844,EUROBOND,SM,4000,4000,100.00
20,845,EVEREADY,EQ,32714,13881,42.43
20,846,EVERESTIND,EQ,9810,4999,50.96
20,847,EVINDIA,EQ,269662,220470,81.76
20,848,EXCELINDUS,EQ,5041,2564,50.86
20,849,EXICOM,EQ,360838,183962,50.98
20,850,EXIDEIND,EQ,1716427,602675,35.11
20,851,EXPLEOSOL,EQ,6944,4307,62.02
20,852,EXXARO,EQ,813647,433863,53.32
20,853,FACT,EQ,382503,61440,16.06
20,854,FAIRCHEMOR,EQ,60877,27980,45.96
20,855,FAZE3Q,EQ,6213,4415,71.06
20,856,FCL,EQ,506206,160292,31.67
20,857,FCSSOFT,EQ,2317757,1160175,50.06
20,858,FDC,EQ,48524,26265,54.13
20,859,FEDERALBNK,EQ,5380998,2577730,47.90
20,860,FEDFINA,EQ,602281,407195,67.61
20,861,FELIX,ST,10000,10000,100.00
20,862,FIBERWEB,EQ,128562,77388,60.20
20,863,FICRF3GP,MF,400,400,100.00
20,864,FIDEL,ST,5000,5000,100.00
20,865,FIEMIND,EQ,20513,9073,44.23
20,866,FILATEX,EQ,745700,308732,41.40
20,867,FINCABLES,EQ,102486,31927,31.15
20,868,FINEORG,EQ,18017,10058,55.83
20,869,FINIETF,EQ,87237,39246,44.99
20,870,FINOPB,EQ,147549,71707,48.60
20,871,FINPIPE,EQ,1111617,598360,53.83
20,872,FIRSTCRY,EQ,219253,133160,60.73
20,873,FIVESTAR,EQ,175533,62450,35.58
20,874,FLAIR,EQ,46799,22939,49.02
20,875,FLUOROCHEM,EQ,30243,12949,42.82
20,876,FMCGIETF,EQ,685187,405313,59.15
20,877,FMGOETZE,EQ,40442,23326,57.68
20,878,FOCE,ST,2900,2900,100.00
20,879,FOCUS,EQ,99443,78907,79.35
20,880,FONEBOX,SM,9000,9000,100.00
20,881,FOODSIN,EQ,77198,45597,59.07
20,882,FORCAS,ST,17600,17600,100.00
20,883,FORCEMOT,EQ,9327,4456,47.78
20,884,FORTIS,EQ,1097181,586702,53.47
20,885,FOSECOIND,EQ,668,361,54.04
20,886,FRESHARA,ST,94800,93600,98.73
20,887,FROG,SM,128400,94400,73.52
20,888,FSL,EQ,2871572,1054973,36.74
20,889,FUSION,EQ,322696,129004,39.98
20,890,GABRIEL,EQ,132187,54574,41.29
20,891,GAEL,EQ,4459569,1357275,30.44
20,892,GAIL,EQ,5329580,2498156,46.87
20,893,GAJANAND,ST,18000,18000,100.00
20,894,GALAPREC,EQ,89888,33755,37.55
20,895,GALAXYSURF,EQ,15704,10900,69.41
20,896,GALLANTT,EQ,25523,18552,72.69
20,897,GANDHAR,EQ,85393,36630,42.90
20,898,GANDHITUBE,EQ,4436,2124,47.88
20,899,GANECOS,EQ,145442,51518,35.42
20,900,GANESHBE,EQ,1019110,428575,42.05
20,901,GANESHHOUC,EQ,981212,241770,24.64
20,902,GANESHIN,SM,81600,46400,56.86
20,903,GANGAFORGE,EQ,1115341,566779,50.82
20,904,GANGESSECU,EQ,3123,2159,69.13
20,905,GARFIBRES,EQ,38304,19890,51.93
20,906,GARUDA,EQ,2035577,696347,34.21
20,907,GATEWAY,EQ,317395,155632,49.03
20,908,GEECEE,EQ,15316,7321,47.80
20,909,GEEKAYWIRE,EQ,45117,25954,57.53
20,910,GENCON,EQ,197775,178028,90.02
20,911,GENESYS,EQ,405099,159230,39.31
20,912,GENSOL,EQ,82618,42304,51.20
20,913,GENUSPAPER,EQ,201208,116985,58.14
20,914,GENUSPOWER,EQ,277220,136479,49.23
20,915,GEOJITFSL,EQ,202680,92977,45.87
20,916,GEPIL,EQ,90363,40081,44.36
20,917,GESHIP,EQ,196622,76935,39.13
20,918,GFLLIMITED,EQ,52568,26941,51.25
20,919,GGBL,SM,44100,20700,46.94
20,920,GHCL,EQ,581000,163683,28.17
20,921,GHCLTEXTIL,EQ,104569,53434,51.10
20,922,GICHSGFIN,EQ,65363,27240,41.67
20,923,GICL,ST,24000,24000,100.00
20,924,GICRE,EQ,1269927,330527,26.03
20,925,GILLETTE,EQ,7192,2848,39.60
20,926,GILT5YBEES,EQ,327763,274274,83.68
20,927,GINNIFILA,EQ,48380,27109,56.03
20,928,GIPCL,EQ,228010,103060,45.20
20,929,GIRIRAJ,ST,250,250,100.00
20,930,GKWLIMITED,EQ,455,324,71.21
20,931,GLAND,EQ,285344,184699,64.73
20,932,GLAXO,EQ,111858,63341,56.63
20,933,GLENMARK,EQ,377704,102172,27.05
20,934,GLOBAL,EQ,65925,35968,54.56
20,935,GLOBALPET,SM,13500,12000,88.89
20,936,GLOBE,EQ,3274066,2126421,64.95
20,937,GLOBUSSPR,EQ,2804507,483739,17.25
20,938,GLOSTERLTD,EQ,2827,2541,89.88
20,939,GMBREW,EQ,48071,14213,29.57
20,940,GMDCLTD,EQ,990486,230720,23.29
20,941,GMMPFAUDLR,EQ,79466,64076,80.63
20,942,GMRAIRPORT,EQ,8011477,3343750,41.74
20,943,GMRP&UI,EQ,1157732,622143,53.74
20,944,GNA,EQ,28590,18922,66.18
20,945,GNFC,EQ,162070,47950,29.59
20,946,GOACARBON,EQ,10669,5080,47.61
20,947,GOCLCORP,EQ,11332,6972,61.52
20,948,GOCOLORS,EQ,59104,50692,85.77
20,949,GODAVARIB,EQ,122088,41273,33.81
20,950,GODFRYPHLP,EQ,34683,12296,35.45
20,951,GODIGIT,EQ,3300621,2740888,83.04
20,952,GODREJAGRO,EQ,40738,22776,55.91
20,953,GODREJCP,EQ,942639,604281,64.11
20,954,GODREJIND,EQ,93311,48913,52.42
20,955,GODREJPROP,EQ,521309,266687,51.16
20,956,GOKEX,EQ,69824,31410,44.98
20,957,GOKULAGRO,EQ,57326,31863,55.58
20,958,GOLD1,EQ,681414,532564,78.16
20,959,GOLDBEES,EQ,7918979,5028768,63.50
20,960,GOLDCASE,EQ,2252524,1544112,68.55
20,961,GOLDETF,EQ,216754,157090,72.47
20,962,GOLDETFADD,EQ,1581147,1576074,99.68
20,963,GOLDIAM,EQ,856041,237769,27.78
20,964,GOLDIETF,EQ,3047466,2717189,89.16
20,965,GOLDSHARE,EQ,153857,133287,86.63
20,966,GOLDSTAR,SM,146250,90000,61.54
20,967,GOODLUCK,EQ,52678,31243,59.31
20,968,GOPAL,EQ,231502,132241,57.12
20,969,GOYALALUM,EQ,107119,64235,59.97
20,970,GOYALSALT,SM,19200,18000,93.75
20,971,GPECO,ST,19800,19200,96.97
20,972,GPIL,EQ,751425,345231,45.94
20,973,GPPL,EQ,689679,289606,41.99
20,974,GPTHEALTH,EQ,53586,24850,46.37
20,975,GPTINFRA,EQ,48798,30273,62.04
20,976,GRANULES,EQ,1470276,338520,23.02
20,977,GRAPHISAD,ST,6000,6000,100.00
20,978,GRAPHITE,EQ,185612,61521,33.14
20,979,GRASIM,EQ,681711,393535,57.73
20,980,GRAVITA,EQ,163377,52299,32.01
20,981,GRCL,SM,2000,2000,100.00
20,982,GREAVESCOT,EQ,5825127,1166146,20.02
20,983,GREENCHEF,SM,11200,8800,78.57
20,984,GREENLAM,EQ,2795,855,30.59
20,985,GREENPANEL,EQ,31546,15996,50.71
20,986,GREENPLY,EQ,78578,35039,44.59
20,987,GREENPOWER,EQ,2560633,1282644,50.09
20,988,GRINDWELL,EQ,13781,6703,48.64
20,989,GRINFRA,EQ,11400,5384,47.23
20,990,GRMOVER,EQ,310581,155881,50.19
20,991,GROBTEA,EQ,270,168,62.22
20,992,GROWWDEFNC,EQ,222380,138199,62.15
20,993,GROWWEV,EQ,426921,339757,79.58
20,994,GROWWGOLD,EQ,111552,48178,43.19
20,995,GROWWLIQID,EQ,27960,20278,72.53
20,996,GRPLTD,EQ,890,753,84.61
20,997,GRSE,EQ,967459,178493,18.45
20,998,GRWRHITECH,EQ,59106,23820,40.30
20,999,GSEC10IETF,EQ,26,20,76.92
20,1000,GSEC10YEAR,EQ,739,727,98.38
20,1001,GSEC5IETF,EQ,36687,19077,52.00
20,1002,GSFC,EQ,2121533,770910,36.34
20,1003,GSLSU,EQ,308137,88021,28.57
20,1004,GSMFOILS,ST,22000,22000,100.00
20,1005,GSPL,EQ,1221100,480232,39.33
20,1006,GSS,EQ,27222,18143,66.65
20,1007,GSTL,ST,23000,22000,95.65
20,1008,GTL,EQ,863455,285145,33.02
20,1009,GTLINFRA,EQ,56766078,22803869,40.17
20,1010,GTPL,EQ,355221,54098,15.23
20,1011,GUFICBIO,EQ,88205,33549,38.04
20,1012,GUJALKALI,EQ,14723,7102,48.24
20,1013,GUJAPOLLO,EQ,168446,77322,45.90
20,1014,GUJGASLTD,EQ,180637,32861,18.19
20,1015,GULFOILLUB,EQ,90245,42303,46.88
20,1016,GULFPETRO,EQ,152701,81514,53.38
20,1017,GULPOLY,EQ,2085578,590012,28.29
20,1018,GVPTECH,EQ,37687,28450,75.49
20,1019,GVT&D,EQ,96119,62461,64.98
20,1020,HAL,EQ,2062527,592874,28.75
20,1021,HAPPSTMNDS,EQ,724624,578250,79.80
20,1022,HAPPYFORGE,EQ,8501,5585,65.70
20,1023,HARIOMPIPE,EQ,43702,19737,45.16
20,1024,HARRMALAYA,EQ,56452,25421,45.03
20,1025,HARSHA,EQ,49096,23238,47.33
20,1026,HATHWAY,EQ,6099817,2035334,33.37
20,1027,HATSUN,EQ,927057,903351,97.44
20,1028,HAVELLS,EQ,1349467,656316,48.64
20,1029,HAVISHA,EQ,21872,14285,65.31
20,1030,HBLENGINE,EQ,1253067,470881,37.58
20,1031,HBSL,EQ,12679,6469,51.02
20,1032,HCC,EQ,17309380,5297237,30.60
20,1033,HCG,EQ,766220,592652,77.35
20,1034,HCL-INSYS,EQ,239366,151571,63.32
20,1035,HCLTECH,EQ,3401004,2359404,69.37
20,1036,HDFCAMC,EQ,411921,263829,64.05
20,1037,HDFCBANK,EQ,8778809,5964056,67.94
20,1038,HDFCBSE500,EQ,16982,15000,88.33
20,1039,HDFCGOLD,EQ,1160919,925944,79.76
20,1040,HDFCGROWTH,EQ,3554,2120,59.65
20,1041,HDFCLIFE,EQ,1956252,1040622,53.19
20,1042,HDFCLIQUID,EQ,2862,1952,68.20
20,1043,HDFCLOWVOL,EQ,10869,7782,71.60
20,1044,HDFCMID150,EQ,158545,100876,63.63
20,1045,HDFCMOMENT,EQ,131536,98597,74.96
20,1046,HDFCNEXT50,EQ,57689,31343,54.33
20,1047,HDFCNIF100,EQ,19764,14830,75.04
20,1048,HDFCNIFBAN,EQ,1452241,1019518,70.20
20,1049,HDFCNIFIT,EQ,8390,6787,80.89
20,1050,HDFCNIFTY,EQ,55712,31929,57.31
20,1051,HDFCPSUBK,EQ,43148,38847,90.03
20,1052,HDFCPVTBAN,EQ,101581,73606,72.46
20,1053,HDFCQUAL,EQ,3389,1799,53.08
20,1054,HDFCSENSEX,EQ,29489,21651,73.42
20,1055,HDFCSILVER,EQ,197246,160144,81.19
20,1056,HDFCSML250,EQ,360659,255670,70.89
20,1057,HDFCVALUE,EQ,10998,10215,92.88
20,1058,HEADSUP,EQ,16088,5734,35.64
20,1059,HEALTHADD,EQ,3595,3593,99.94
20,1060,HEALTHIETF,EQ,45362,31231,68.85
20,1061,HEALTHY,EQ,174264,123567,70.91
20,1062,HEG,EQ,395190,139793,35.37
20,1063,HEIDELBERG,EQ,140352,60363,43.01
20,1064,HEMIPROP,EQ,480705,165472,34.42
20,1065,HERANBA,EQ,27489,12513,45.52
20,1066,HERITGFOOD,EQ,598649,242440,40.50
20,1067,HEROMOTOCO,EQ,254936,129905,50.96
20,1068,HESTERBIO,EQ,2264,1474,65.11
20,1069,HEUBACHIND,EQ,9936,8130,81.82
20,1070,HEXATRADEX,EQ,2386,1205,50.50
20,1071,HFCL,EQ,10711253,2740154,25.58
20,1072,HGINFRA,EQ,31014,17174,55.37
20,1073,HGS,EQ,17551,10350,58.97
20,1074,HIGREEN,ST,13600,13600,100.00
20,1075,HIKAL,EQ,160052,69151,43.21
20,1076,HIL,EQ,7797,5157,66.14
20,1077,HILTON,EQ,204984,111630,54.46
20,1078,HIMATSEIDE,EQ,886020,339954,38.37
20,1079,HINDALCO,EQ,2995173,1799991,60.10
20,1080,HINDCOMPOS,EQ,2729,1464,53.65
20,1081,HINDCOPPER,EQ,5561025,1922306,34.57
20,1082,HINDMOTORS,EQ,2988447,850904,28.47
20,1083,HINDOILEXP,EQ,1583065,761943,48.13
20,1084,HINDPETRO,EQ,6963879,3396914,48.78
20,1085,HINDUNILVR,EQ,1382273,984421,71.22
20,1086,HINDWAREAP,EQ,60264,31084,51.58
20,1087,HINDZINC,EQ,762660,328573,43.08
20,1088,HIRECT,EQ,23954,11736,48.99
20,1089,HISARMETAL,EQ,7197,4241,58.93
20,1090,HITECH,EQ,1008692,602064,59.69
20,1091,HITECHCORP,EQ,1920,1374,71.56
20,1092,HLEGLAS,EQ,49539,28452,57.43
20,1093,HLVLTD,EQ,2269566,954582,42.06
20,1094,HMAAGRO,EQ,251967,178599,70.88
20,1095,HMVL,EQ,16008,9469,59.15
20,1096,HNDFDS,EQ,50778,30977,61.00
20,1097,HNGSNGBEES,EQ,158453,84823,53.53
20,1098,HOACFOODS,ST,2250,2250,100.00
20,1099,HOLMARC,ST,25500,25500,100.00
20,1100,HOMEFIRST,EQ,503464,320029,63.57
20,1101,HOMESFY,SM,600,300,50.00
20,1102,HONASA,EQ,315337,196714,62.38
20,1103,HONAUT,EQ,1265,514,40.63
20,1104,HONDAPOWER,EQ,1746,595,34.08
20,1105,HOVS,EQ,7944,3917,49.31
20,1106,HPAL,EQ,117951,61181,51.87
20,1107,HPIL,EQ,6765,2331,34.46
20,1108,HPL,EQ,88773,30905,34.81
20,1109,HRHNEXT,ST,3000,3000,100.00
20,1110,HSCL,EQ,676106,153424,22.69
20,1111,HTMEDIA,EQ,119232,85848,72.00
20,1112,HUBTOWN,EQ,410333,259321,63.20
20,1113,HUDCO,EQ,5881560,1839557,31.28
20,1114,HUHTAMAKI,EQ,32224,20495,63.60
20,1115,HVAX,ST,6000,5700,95.00
20,1116,HYUNDAI,EQ,993234,809172,81.47
20,1117,IBLFL,ST,6000,6000,100.00
20,1118,ICEMAKE,EQ,36736,17805,48.47
20,1119,ICICIB22,EQ,384110,263202,68.52
20,1120,ICICIBANK,EQ,7676418,5250077,68.39
20,1121,ICICIGI,EQ,1491930,486848,32.63
20,1122,ICICIPRULI,EQ,614141,266501,43.39
20,1123,ICIL,EQ,134829,44205,32.79
20,1124,ICRA,EQ,5268,4895,92.92
20,1125,IDBI,EQ,27114362,5252481,19.37
20,1126,IDEA,EQ,1739054316,723248372,41.59
20,1127,IDEAFORGE,EQ,70658,28534,40.38
20,1128,IDEALTECHO,SM,6000,5000,83.33
20,1129,IDENTICAL,SM,140000,104000,74.29
20,1130,IDFCFIRSTB,EQ,22704592,9720538,42.81
20,1131,IDFNIFTYET,EQ,442,434,98.19
20,1132,IEML,SM,20000,17000,85.00
20,1133,IEX,EQ,2373321,745735,31.42
20,1134,IFBAGRO,EQ,2599,1099,42.29
20,1135,IFBIND,EQ,19025,8999,47.30
20,1136,IFCI,EQ,11955206,2512303,21.01
20,1137,IFCIZC25,NM,96,96,100.00
20,1138,IFGLEXPOR,EQ,7281,5159,70.86
20,1139,IGARASHI,EQ,21007,10616,50.54
20,1140,IGIL,EQ,2846036,1545119,54.29
20,1141,IGL,EQ,2412027,881733,36.56
20,1142,IGPL,EQ,15879,8279,52.14
20,1143,IIFL,EQ,518822,199655,38.48
20,1144,IIFLCAPS,EQ,178328,85800,48.11
20,1145,IIFLHF29,NE,935,935,100.00
20,1146,IIFLZC25,ND,375,375,100.00
20,1147,IIFLZC26A,NR,8,8,100.00
20,1148,IIFLZC28A,NU,2,2,100.00
20,1149,IIFLZC28B,Y1,100,100,100.00
20,1150,IIFLZC28C,N6,10,10,100.00
20,1151,IKIO,EQ,100524,45422,45.19
20,1152,IKS,EQ,202137,113263,56.03
20,1153,IMAGICAA,EQ,403901,183758,45.50
20,1154,IMC1,N0,735,735,100.00
20,1155,IMC1,N2,21,21,100.00
20,1156,IMC1,N3,21,21,100.00
20,1157,IMFA,EQ,60798,32029,52.68
20,1158,IMPAL,EQ,1497,1152,76.95
20,1159,INCREDIBLE,EQ,31232,19747,63.23
20,1160,INDBANK,EQ,44981,22083,49.09
20,1161,INDGN,EQ,604981,318168,52.59
20,1162,INDHOTEL,EQ,11627000,4747399,40.83
20,1163,INDIACEM,EQ,1431570,679437,47.46
20,1164,INDIAGLYCO,EQ,633223,187536,29.62
20,1165,INDIAMART,EQ,210157,80529,38.32
20,1166,INDIANB,EQ,899455,284342,31.61
20,1167,INDIANHUME,EQ,53940,30017,55.65
20,1168,INDIASHLTR,EQ,107966,74296,68.81
20,1169,INDIGO,EQ,532179,361229,67.88
20,1170,INDIGOPNTS,EQ,45114,20695,45.87
20,1171,INDIGRID,IV,200763,176291,87.81
20,1172,INDNIPPON,EQ,4845,3360,69.35
20,1173,INDOAMIN,EQ,126391,57442,45.45
20,1174,INDOBORAX,EQ,128796,47026,36.51
20,1175,INDOCO,EQ,32926,19538,59.34
20,1176,INDOFARM,EQ,667265,220348,33.02
20,1177,INDORAMA,EQ,112958,55831,49.43
20,1178,INDOSTAR,EQ,719864,189606,26.34
20,1179,INDOWIND,EQ,377880,195219,51.66
20,1180,INDRAMEDCO,EQ,122772,67785,55.21
20,1181,INDTERRAIN,EQ,45234,22723,50.23
20,1182,INDUSINDBK,EQ,4485164,2204168,49.14
20,1183,INDUSTOWER,EQ,23507683,9687016,41.21
20,1184,INFIBEAM,EQ,8042303,3104420,38.60
20,1185,INFINIUM,SM,500,500,100.00
20,1186,INFOBEAN,EQ,10342,6027,58.28
20,1187,INFOLLION,ST,19200,18800,97.92
20,1188,INFOMEDIA,EQ,10903,8779,80.52
20,1189,INFRABEES,EQ,15064,10158,67.43
20,1190,INFRAIETF,EQ,66375,36932,55.64
20,1191,INFY,EQ,4333011,2434695,56.19
20,1192,INGERRAND,EQ,4725,2402,50.84
20,1193,INM,SM,1200,1200,100.00
20,1194,INNOMET,SM,16800,15600,92.86
20,1195,INNOVACAP,EQ,48117,21043,43.73
20,1196,INNOVANA,EQ,14202,7611,53.59
20,1197,INOXGREEN,EQ,1190196,617776,51.91
20,1198,INOXINDIA,EQ,88320,47077,53.30
20,1199,INOXWIND,EQ,3419010,1358711,39.74
20,1200,INSECTICID,EQ,27316,15847,58.01
20,1201,INSPIRE,SM,14000,12000,85.71
20,1202,INSPIRISYS,EQ,11719,7022,59.92
20,1203,INTELLECT,EQ,514610,102887,19.99
20,1204,INTENTECH,EQ,33424,20653,61.79
20,1205,INTERARCH,EQ,144343,43874,30.40
20,1206,INTLCONV,EQ,90888,58116,63.94
20,1207,INVENTURE,EQ,1819779,1100030,60.45
20,1208,IOB,EQ,22139563,2963761,13.39
20,1209,IOC,EQ,8234561,2824041,34.29
20,1210,IOLCP,EQ,251370,73611,29.28
20,1211,IONEXCHANG,EQ,79533,43038,54.11
20,1212,IPCALAB,EQ,416211,159005,38.20
20,1213,IPHL,ST,20400,19200,94.12
20,1214,IPL,EQ,115723,51452,44.46
20,1215,IRB,EQ,10955241,3154445,28.79
20,1216,IRBINVIT,IV,180037,168635,93.67
20,1217,IRCON,EQ,13149405,2759688,20.99
20,1218,IRCTC,EQ,1405314,421944,30.02
20,1219,IREDA,EQ,8490063,1818115,21.41
20,1220,IRFC,EQ,32579099,6370727,19.55
20,1221,IRISDOREME,EQ,74319,17122,23.04
20,1222,IRMENERGY,EQ,61799,33758,54.63
20,1223,ISEC,EQ,261863,43145,16.48
20,1224,ISFT,EQ,27445,11709,42.66
20,1225,ISGEC,EQ,171052,59810,34.97
20,1226,ISHAN,SM,528000,240000,45.45
20,1227,IT,EQ,34503,18972,54.99
20,1228,ITALIANE,SM,2000,2000,100.00
20,1229,ITBEES,EQ,2454044,1227029,50.00
20,1230,ITC,EQ,8742771,6268998,71.70
20,1231,ITDC,EQ,26398,13429,50.87
20,1232,ITDCEM,EQ,127727,81917,64.13
20,1233,ITETF,EQ,27583,18864,68.39
20,1234,ITETFADD,EQ,12252,6696,54.65
20,1235,ITIETF,EQ,961967,561945,58.42
20,1236,IVC,EQ,264058,153998,58.32
20,1237,IVP,EQ,7799,5563,71.33
20,1238,IVZINGOLD,EQ,192,106,55.21
20,1239,IVZINNIFTY,EQ,51,50,98.04
20,1240,IWEL,EQ,3545,1718,48.46
20,1241,IXIGO,EQ,630548,286385,45.42
20,1242,JAGRAN,EQ,91419,60420,66.09
20,1243,JAGSNPHARM,EQ,105492,41575,39.41
20,1244,JAIBALAJI,EQ,407411,241124,59.18
20,1245,JAICORPLTD,EQ,3510428,1047543,29.84
20,1246,JAIPURKURT,EQ,104748,70614,67.41
20,1247,JALAN,ST,357000,333000,93.28
20,1248,JAMNAAUTO,EQ,796219,303666,38.14
20,1249,JASH,EQ,229201,115211,50.27
20,1250,JAYAGROGN,EQ,18923,13030,68.86
20,1251,JAYBARMARU,EQ,43285,24002,55.45
20,1252,JAYBEE,ST,24000,22000,91.67
20,1253,JAYNECOIND,EQ,110276,78132,70.85
20,1254,JAYSREETEA,EQ,62395,23067,36.97
20,1255,JBCHEPHARM,EQ,109040,56309,51.64
20,1256,JBMA,EQ,58989,19770,33.51
20,1257,JCHAC,EQ,29532,23413,79.28
20,1258,JEYYAM,SM,208000,188000,90.38
20,1259,JFLLIFE,ST,6000,6000,100.00
20,1260,JGCHEM,EQ,71182,43574,61.21
20,1261,JHS,EQ,60054,31996,53.28
20,1262,JINDALPHOT,EQ,8223,4473,54.40
20,1263,JINDALPOLY,EQ,20082,7529,37.49
20,1264,JINDALSAW,EQ,873075,391554,44.85
20,1265,JINDALSTEL,EQ,1226037,624054,50.90
20,1266,JINDRILL,EQ,308026,137875,44.76
20,1267,JINDWORLD,EQ,441474,142262,32.22
20,1268,JIOFIN,EQ,15616628,6962609,44.58
20,1269,JISLDVREQS,EQ,182261,105157,57.70
20,1270,JISLJALEQS,EQ,16791365,7642316,45.51
20,1271,JITFINFRA,EQ,39302,20955,53.32
20,1272,JIWANRAM,SM,216000,174000,80.56
20,1273,J&KBANK,EQ,2698475,783942,29.05
20,1274,JKCEMENT,EQ,63838,40217,63.00
20,1275,JKIL,EQ,67500,30311,44.91
20,1276,JKLAKSHMI,EQ,26407,9289,35.18
20,1277,JKPAPER,EQ,600708,187683,31.24
20,1278,JKTYRE,EQ,219168,97881,44.66
20,1279,JLHL,EQ,17210,6260,36.37
20,1280,JMA,EQ,4295,1468,34.18
20,1281,JMFINANCIL,EQ,2410713,656466,27.23
20,1282,JNKINDIA,EQ,19167,11570,60.36
20,1283,JOCIL,EQ,2034,1182,58.11
20,1284,JPOLYINVST,EQ,5388,2037,37.81
20,1285,JPPOWER,EQ,21005372,6567505,31.27
20,1286,JSFB,EQ,217014,140762,64.86
20,1287,JSL,EQ,317755,137032,43.13
20,1288,JSLL,SM,12060,10800,89.55
20,1289,JSWENERGY,EQ,1556431,601514,38.65
20,1290,JSWINFRA,EQ,765978,356269,46.51
20,1291,JSWSTEEL,EQ,1299378,566571,43.60
20,1292,JTEKTINDIA,EQ,58683,29379,50.06
20,1293,JTLIND,EQ,3052228,1829698,59.95
20,1294,JUBLFOOD,EQ,2601179,1711660,65.80
20,1295,JUBLINGREA,EQ,202532,90011,44.44
20,1296,JUBLPHARMA,EQ,281936,63667,22.58
20,1297,JUNIORBEES,EQ,298966,162910,54.49
20,1298,JUNIPER,EQ,234965,139444,59.35
20,1299,JUSTDIAL,EQ,277304,87895,31.70
20,1300,JWL,EQ,6682001,661726,9.90
20,1301,JYOTHYLAB,EQ,254860,126066,49.46
20,1302,JYOTICNC,EQ,375605,202083,53.80
20,1303,JYOTISTRUC,EQ,6352812,2703253,42.55
20,1304,K2INFRA,ST,8400,8400,100.00
20,1305,KABRAEXTRU,EQ,51935,22023,42.40
20,1306,KAJARIACER,EQ,49550,21282,42.95
20,1307,KAKATCEM,EQ,6617,3835,57.96
20,1308,KALAMANDIR,EQ,137236,66622,48.55
20,1309,KALANA,SM,58000,46000,79.31
20,1310,KALYANKJIL,EQ,42274364,7156258,16.93
20,1311,KAMATHOTEL,EQ,24625,13231,53.73
20,1312,KAMDHENU,EQ,562663,265537,47.19
20,1313,KANANIIND,EQ,147019,110000,74.82
20,1314,KANORICHEM,EQ,11799,7325,62.08
20,1315,KANPRPLA,EQ,5185,3348,64.57
20,1316,KANSAINER,EQ,241333,125260,51.90
20,1317,KAPSTON,EQ,1751,1226,70.02
20,1318,KARMAENG,EQ,8762,2644,30.18
20,1319,KARNIKA,ST,8800,8400,95.45
20,1320,KARURVYSYA,EQ,7092257,2267746,31.97
20,1321,KATARIA,ST,18600,18000,96.77
20,1322,KAUSHALYA,EQ,243,162,66.67
20,1323,KAYNES,EQ,309817,54195,17.49
20,1324,KBCGLOBAL,EQ,8876582,3083512,34.74
20,1325,KCEIL,ST,50500,43500,86.14
20,1326,KCP,EQ,148378,63741,42.96
20,1327,KCPSUGIND,EQ,287203,142063,49.46
20,1328,KDDL,EQ,7180,3586,49.94
20,1329,KDL,ST,29400,29250,99.49
20,1330,KEC,EQ,282294,128581,45.55
20,1331,KECL,EQ,91634,39526,43.13
20,1332,KEI,EQ,66671,25268,37.90
20,1333,KEL,SM,7200,4800,66.67
20,1334,KELLTONTEC,EQ,2534372,812790,32.07
20,1335,KESORAMIND,EQ,370012,142643,38.55
20,1336,KEYFINSERV,EQ,3240,1390,42.90
20,1337,KFINTECH,EQ,1021289,597333,58.49
20,1338,KHADIM,EQ,10265,7414,72.23
20,1339,KHAICHEM,EQ,315810,143537,45.45
20,1340,KHAITANLTD,EQ,27224,18364,67.46
20,1341,KHANDSE,EQ,22334,9582,42.90
20,1342,KHFM,SM,20150,15500,76.92
20,1343,KICL,EQ,1415,512,36.18
20,1344,KILITCH,EQ,12510,10833,86.59
20,1345,KIMS,EQ,1050542,400363,38.11
20,1346,KINGFA,EQ,33323,13794,41.39
20,1347,KIOCL,EQ,109442,42011,38.39
20,1348,KIRIINDUS,EQ,284270,117364,41.29
20,1349,KIRLOSBROS,EQ,56777,19732,34.75
20,1350,KIRLOSENG,EQ,196513,123400,62.79
20,1351,KIRLOSIND,EQ,1261,824,65.34
20,1352,KIRLPNU,EQ,90917,56568,62.22
20,1353,KKCL,EQ,53822,31427,58.39
20,1354,KLL,SM,73600,44000,59.78
20,1355,KMEW,EQ,2488,1324,53.22
20,1356,KMSUGAR,EQ,248760,91396,36.74
20,1357,KNAGRI,SM,30400,23600,77.63
20,1358,KNRCON,EQ,503250,268121,53.28
20,1359,KODYTECH,SM,5500,4500,81.82
20,1360,KOHINOOR,EQ,73361,29481,40.19
20,1361,KOKUYOCMLN,EQ,27230,16964,62.30
20,1362,KOLTEPATIL,EQ,171477,88046,51.35
20,1363,KONSTELEC,ST,9000,9000,100.00
20,1364,KONTOR,SM,10800,10200,94.44
20,1365,KORE,ST,250,250,100.00
20,1366,KOTAKBANK,EQ,13324315,6104123,45.81
20,1367,KOTARISUG,EQ,98622,50616,51.32
20,1368,KOTHARIPET,EQ,69473,30729,44.23
20,1369,KOTYARK,SM,10500,5900,56.19
20,1370,KPEL,EQ,139718,69957,50.07
20,1371,KPIGREEN,EQ,778251,457214,58.75
20,1372,KPIL,EQ,199240,112751,56.59
20,1373,KPITTECH,EQ,696049,283570,40.74
20,1374,KPRMILL,EQ,384106,153540,39.97
20,1375,KRBL,EQ,179248,51051,28.48
20,1376,KRISHANA,EQ,70277,45097,64.17
20,1377,KRISHCA,SM,10500,7500,71.43
20,1378,KRISHNADEF,SM,13750,11750,85.45
20,1379,KRITINUT,EQ,307589,91243,29.66
20,1380,KRN,EQ,1727455,587133,33.99
20,1381,KRONOX,EQ,124678,59399,47.64
20,1382,KROSS,EQ,61924,30139,48.67
20,1383,KRSNAA,EQ,71190,40881,57.43
20,1384,KRYSTAL,EQ,136594,36471,26.70
20,1385,KSB,EQ,56088,30263,53.96
20,1386,KSCL,EQ,49894,20167,40.42
20,1387,KSL,EQ,28000,11160,39.86
20,1388,KSOLVES,EQ,201068,48557,24.15
20,1389,KTKBANK,EQ,1137426,622738,54.75
20,1390,KTL,ST,9000,9000,100.00
20,1391,KUANTUM,EQ,43123,26179,60.71
20,1392,LAGNAM,EQ,24925,7170,28.77
20,1393,LAKSHYA,SM,273600,151200,55.26
20,1394,LALPATHLAB,EQ,62637,25738,41.09
20,1395,LAMOSAIC,ST,59400,59400,100.00
20,1396,LANCORHOL,EQ,39821,21104,53.00
20,1397,LANDMARK,EQ,72642,58058,79.92
20,1398,LAOPALA,EQ,25396,13604,53.57
20,1399,LASA,EQ,88612,39261,44.31
20,1400,LATENTVIEW,EQ,243804,143752,58.96
20,1401,LAURUSLABS,EQ,1836910,579885,31.57
20,1402,LAWSIKHO,SM,16000,13000,81.25
20,1403,LAXMICOT,EQ,15395,7540,48.98
20,1404,LAXMIDENTL,EQ,23912071,7283261,30.46
20,1405,LEMERITE,ST,6400,5600,87.50
20,1406,LEMONTREE,EQ,6193477,2059102,33.25
20,1407,LEXUS,EQ,4230,3086,72.96
20,1408,LFIC,EQ,6860,4439,64.71
20,1409,LGBBROSLTD,EQ,16604,5624,33.87
20,1410,LIBAS,EQ,109628,77816,70.98
20,1411,LIBERTSHOE,EQ,6552,4455,67.99
20,1412,LICHSGFIN,EQ,659748,186576,28.28
20,1413,LICI,EQ,648046,207046,31.95
20,1414,LICMFGOLD,EQ,329,211,64.13
20,1415,LICNETFGSC,EQ,31786,23978,75.44
20,1416,LICNETFN50,EQ,455,263,57.80
20,1417,LICNETFSEN,EQ,75,48,64.00
20,1418,LICNFNHGP,EQ,1315,1006,76.50
20,1419,LICNMID100,EQ,7087,4142,58.45
20,1420,LIKHITHA,EQ,42233,23066,54.62
20,1421,LINC,EQ,20125,9585,47.63
20,1422,LINCOLN,EQ,28805,13078,45.40
20,1423,LINDEINDIA,EQ,69081,32601,47.19
20,1424,LIQUID,EQ,290781,42850,14.74
20,1425,LIQUID1,EQ,657547,505788,76.92
20,1426,LIQUIDADD,EQ,516156,324289,62.83
20,1427,LIQUIDBEES,EQ,2610327,1963571,75.22
20,1428,LIQUIDBETF,EQ,20114,16264,80.86
20,1429,LIQUIDCASE,EQ,6327832,6050622,95.62
20,1430,LIQUIDETF,EQ,245845,185065,75.28
20,1431,LIQUIDIETF,EQ,691997,448057,64.75
20,1432,LIQUIDPLUS,EQ,130002,100831,77.56
20,1433,LIQUIDSBI,EQ,1917,1173,61.19
20,1434,LIQUIDSHRI,EQ,3904,3254,83.35
20,1435,LLOYDS,SM,5000,4000,80.00
20,1436,LLOYDSENGG,EQ,6763564,2235546,33.05
20,1437,LLOYDSENT,EQ,2821897,1246917,44.19
20,1438,LLOYDSME,EQ,251402,106191,42.24
20,1439,LMW,EQ,681,321,47.14
20,1440,LODHA,EQ,2096285,651263,31.07
20,1441,LOKESHMACH,EQ,44340,23797,53.67
20,1442,LOTUSEYE,EQ,9895,4229,42.74
20,1443,LOVABLE,EQ,9877,5535,56.04
20,1444,LOWVOL,EQ,398,358,89.95
20,1445,LOWVOL1,EQ,291831,253441,86.85
20,1446,LOWVOLIETF,EQ,2693239,1984685,73.69
20,1447,LRRPL,ST,12000,12000,100.00
20,1448,LT,EQ,1593334,984770,61.81
20,1449,LTF,EQ,5040472,2732428,54.21
20,1450,LTFOODS,EQ,265443,98475,37.10
20,1451,LTGILTBEES,EQ,1982112,1633704,82.42
20,1452,LTIM,EQ,173144,80159,46.30
20,1453,LTTS,EQ,158858,66680,41.97
20,1454,LUMAXIND,EQ,5281,2260,42.79
20,1455,LUMAXTECH,EQ,107137,51361,47.94
20,1456,LUPIN,EQ,324879,111853,34.43
20,1457,LUXIND,EQ,94730,26885,28.38
20,1458,LXCHEM,EQ,576644,244167,42.34
20,1459,LYKALABS,EQ,146147,68377,46.79
20,1460,LYPSAGEMS,EQ,24873,15308,61.54
20,1461,MACOBSTECH,SM,5600,5600,100.00
20,1462,MACPOWER,EQ,8017,4843,60.41
20,1463,MADHAV,EQ,8291,5390,65.01
20,1464,MADHAVBAUG,SM,800,800,100.00
20,1465,MADHUCON,EQ,45928,32388,70.52
20,1466,MADHUSUDAN,SM,17000,12000,70.59
20,1467,MADRASFERT,EQ,115371,48269,41.84
20,1468,MAFANG,EQ,79056,79056,100.00
20,1469,MAGADSUGAR,EQ,26679,9085,34.05
20,1470,MAGNUM,EQ,33298,18076,54.29
20,1471,MAGSON,SM,2000,2000,100.00
20,1472,MAHABANK,EQ,15226019,3623127,23.80
20,1473,MAHAPEXLTD,EQ,11236,7601,67.65
20,1474,MAHEPC,EQ,729553,220470,30.22
20,1475,MAHESHWARI,EQ,29189,14090,48.27
20,1476,MAHICKRA,SM,1500,1500,100.00
20,1477,MAHKTECH,EQ,2209539,1691076,76.54
20,1478,MAHLIFE,EQ,96575,53393,55.29
20,1479,MAHLOG,EQ,72026,32669,45.36
20,1480,MAHSCOOTER,EQ,1966,1147,58.34
20,1481,MAHSEAMLES,EQ,187645,79946,42.60
20,1482,MAITHANALL,EQ,24698,14404,58.32
20,1483,MAITREYA,ST,9200,7200,78.26
20,1484,MAKEINDIA,EQ,28555,24285,85.05
20,1485,MAKS,SM,15000,10500,70.00
20,1486,MAL,SM,9600,8000,83.33
20,1487,MALLCOM,EQ,2258,1255,55.58
20,1488,MALUPAPER,EQ,10489,6026,57.45
20,1489,MAMATA,EQ,1238776,313483,25.31
20,1490,MANAKALUCO,EQ,18992,13340,70.24
20,1491,MANAKSIA,EQ,20779,12421,59.78
20,1492,MANAKSTEEL,EQ,77146,35311,45.77
20,1493,MANALIPETC,EQ,327414,136246,41.61
20,1494,MANAPPURAM,EQ,5926744,2034063,34.32
20,1495,MANAV,SM,4000,4000,100.00
20,1496,MANBA,EQ,246970,113921,46.13
20,1497,MANCREDIT,EQ,32176,5336,16.58
20,1498,MANDEEP,SM,10000,8000,80.00
20,1499,MANGALAM,EQ,17713,13257,74.84
20,1500,MANGCHEFER,EQ,171038,87654,51.25
20,1501,MANGLMCEM,EQ,78436,37881,48.30
20,1502,MANINDS,EQ,204957,112240,54.76
20,1503,MANINFRA,EQ,831532,362528,43.60
20,1504,MANKIND,EQ,704801,294011,41.72
20,1505,MANOMAY,EQ,7082,4685,66.15
20,1506,MANORAMA,EQ,51749,39929,77.16
20,1507,MANORG,EQ,6897,5533,80.22
20,1508,MANUGRAPH,EQ,9166,5170,56.40
20,1509,MANYAVAR,EQ,145028,115888,79.91
20,1510,MAPMYINDIA,EQ,38404,22240,57.91
20,1511,MARALOVER,EQ,15649,7476,47.77
20,1512,MARATHON,EQ,93020,53501,57.52
20,1513,MARCO,SM,15000,10500,70.00
20,1514,MARICO,EQ,456518,178561,39.11
20,1515,MARKSANS,EQ,495793,192141,38.75
20,1516,MARUTI,EQ,251731,130022,51.65
20,1517,MASFIN,EQ,194269,98156,50.53
20,1518,MASON,ST,18000,17000,94.44
20,1519,MASPTOP50,EQ,357386,238106,66.62
20,1520,MASTEK,EQ,74973,30548,40.75
20,1521,MASTERTR,EQ,27859,15786,56.66
20,1522,MATRIMONY,EQ,2526,1833,72.57
20,1523,MAWANASUG,EQ,150419,68576,45.59
20,1524,MAXESTATES,EQ,68992,38377,55.63
20,1525,MAXHEALTH,EQ,2656505,1941667,73.09
20,1526,MAXIND,EQ,21868,13250,60.59
20,1527,MAXPOSURE,SM,12000,10000,83.33
20,1528,MAYURUNIQ,EQ,21809,10973,50.31
20,1529,MAZDA,EQ,65286,24170,37.02
20,1530,MAZDOCK,EQ,5731147,828259,14.45
20,1531,MBAPL,EQ,162871,95686,58.75
20,1532,MBLINFRA,EQ,122090,42822,35.07
20,1533,MCON,ST,5000,5000,100.00
20,1534,MCX,EQ,224559,82743,36.85
20,1535,MEDANTA,EQ,633157,524996,82.92
20,1536,MEDIASSIST,EQ,61638,41360,67.10
20,1537,MEDICAMEQ,EQ,21891,10923,49.90
20,1538,MEDICO,EQ,2115261,798950,37.77
20,1539,MEDIORG,ST,8000,8000,100.00
20,1540,MEDPLUS,EQ,136407,74519,54.63
20,1541,MEGAFLEX,SM,3000,3000,100.00
20,1542,MEGASTAR,EQ,44525,17958,40.33
20,1543,MEGATHERM,SM,18800,13200,70.21
20,1544,MENONBE,EQ,26775,20295,75.80
20,1545,METAL,EQ,279424,227713,81.49
20,1546,METALIETF,EQ,1808705,1008165,55.74
20,1547,METROBRAND,EQ,93456,58545,62.64
20,1548,METROPOLIS,EQ,25198,5685,22.56
20,1549,MFSL,EQ,429373,232611,54.17
20,1550,MGEL,EQ,571792,189859,33.20
20,1551,MGL,EQ,373533,128242,34.33
20,1552,MHHL,ST,27000,24000,88.89
20,1553,MHRIL,EQ,75630,40260,53.23
20,1554,MICEL,EQ,301372,181794,60.32
20,1555,MID150BEES,EQ,445406,269143,60.43
20,1556,MID150CASE,EQ,1279270,948812,74.17
20,1557,MIDCAP,EQ,32605,16097,49.37
20,1558,MIDCAPETF,EQ,896804,569209,63.47
20,1559,MIDCAPIETF,EQ,562628,249807,44.40
20,1560,MIDHANI,EQ,333202,123978,37.21
20,1561,MIDQ50ADD,EQ,1031,973,94.37
20,1562,MIDSELIETF,EQ,159796,86581,54.18
20,1563,MIDSMALL,EQ,149358,143223,95.89
20,1564,MIEL,ST,18000,18000,100.00
20,1565,MINDACORP,EQ,1020968,458869,44.94
20,1566,MINDSPACE,RR,136750,121107,88.56
20,1567,MINDTECK,EQ,39695,17620,44.39
20,1568,MIRCELECTR,EQ,982456,477958,48.65
20,1569,MIRZAINT,EQ,52456,29378,56.01
20,1570,MITCON,EQ,8308,6774,81.54
20,1571,MITCONPP,E1,676,353,52.22
20,1572,MITTAL,EQ,11330733,7245303,63.94
20,1573,M&M,EQ,2905527,2013942,69.31
20,1574,M&MFIN,EQ,1062189,451344,42.49
20,1575,MMFL,EQ,46639,26240,56.26
20,1576,MMP,EQ,16881,11330,67.12
20,1577,MMTC,EQ,1343581,310486,23.11
20,1578,MNC,EQ,26347,20564,78.05
20,1579,MOBIKWIK,EQ,14201470,813443,5.73
20,1580,MODEFENCE,EQ,733339,354508,48.34
20,1581,MODIRUBBER,EQ,1371,1029,75.05
20,1582,MODISONLTD,EQ,13479,5687,42.19
20,1583,MOGSEC,EQ,3655,2111,57.76
20,1584,MOHEALTH,EQ,49910,32195,64.51
20,1585,MOIL,EQ,922933,359150,38.91
20,1586,MOKSH,EQ,181689,135879,74.79
20,1587,MOL,EQ,276598,125909,45.52
20,1588,MOLDTECH,EQ,43510,26147,60.09
20,1589,MOLDTKPAC,EQ,46802,31082,66.41
20,1590,MOLOWVOL,EQ,79008,78217,99.00
20,1591,MOM100,EQ,488208,221032,45.27
20,1592,MOM30IETF,EQ,799937,619523,77.45
20,1593,MOM50,EQ,3890,2248,57.79
20,1594,MOMENTUM,EQ,1033680,859472,83.15
20,1595,MOMENTUM50,EQ,306150,265488,86.72
20,1596,MOMOMENTUM,EQ,147393,115363,78.27
20,1597,MON100,EQ,1115035,763456,68.47
20,1598,MONARCH,EQ,722807,268829,37.19
20,1599,MONIFTY500,EQ,155410,137001,88.15
20,1600,MONOPHARMA,SM,2000,2000,100.00
20,1601,MONQ50,EQ,253960,175326,69.04
20,1602,MONTECARLO,EQ,19936,10343,51.88
20,1603,MOQUALITY,EQ,589,583,98.98
20,1604,MOREALTY,EQ,102230,74297,72.68
20,1605,MOREPENLAB,EQ,5415512,1703218,31.45
20,1606,MOS,ST,432400,428800,99.17
20,1607,MOSMALL250,EQ,521184,315143,60.47
20,1608,MOTHERSON,EQ,9366072,5531691,59.06
20,1609,MOTILALOFS,EQ,2137841,549288,25.69
20,1610,MOTISONS,EQ,710750,367028,51.64
20,1611,MOTOGENFIN,EQ,14735,12681,86.06
20,1612,MOVALUE,EQ,79069,45336,57.34
20,1613,MPHASIS,EQ,276667,153081,55.33
20,1614,MPSLTD,EQ,8382,4501,53.70
20,1615,MRF,EQ,5911,1782,30.15
20,1616,MRO-TEK,EQ,28765,19502,67.80
20,1617,MRPL,EQ,9905243,1929988,19.48
20,1618,MSPL,EQ,441509,359391,81.40
20,1619,MSTCLTD,EQ,133071,51695,38.85
20,1620,MSUMI,EQ,8933615,7964352,89.15
20,1621,MTARTECH,EQ,103634,40023,38.62
20,1622,MTNL,EQ,26711894,3105787,11.63
20,1623,MUFIN,EQ,360114,151983,42.20
20,1624,MUFTI,EQ,84586,35579,42.06
20,1625,MUKANDLTD,EQ,61662,24354,39.50
20,1626,MUKKA,EQ,378265,188964,49.96
20,1627,MUKTAARTS,EQ,5018,3191,63.59
20,1628,MULTICAP,EQ,119697,106966,89.36
20,1629,MUNJALAU,EQ,251845,67551,26.82
20,1630,MUNJALSHOW,EQ,313615,183049,58.37
20,1631,MURUDCERA,EQ,59184,29950,50.60
20,1632,MUTHOOTCAP,EQ,14001,10194,72.81
20,1633,MUTHOOTFIN,EQ,227843,85671,37.60
20,1634,MUTHOOTMF,EQ,102393,57576,56.23
20,1635,MVGJL,EQ,239236,79507,33.23
20,1636,MVKAGRO,SM,8400,7200,85.71
20,1637,MWL,SM,16800,16800,100.00
20,1638,MYMUDRA,SM,26400,21600,81.82
20,1639,NACLIND,EQ,357326,125145,35.02
20,1640,NAGAFERT,EQ,417747,240204,57.50
20,1641,NAGREEKEXP,EQ,230085,96326,41.87
20,1642,NAHARCAP,EQ,5331,3822,71.69
20,1643,NAHARINDUS,EQ,9887,5515,55.78
20,1644,NAHARPOLY,EQ,11687,6335,54.21
20,1645,NAHARSPING,EQ,19639,11554,58.83
20,1646,NAMAN,ST,40000,40000,100.00
20,1647,NAM-INDIA,EQ,325023,135843,41.79
20,1648,NAMOEWASTE,ST,20800,19200,92.31
20,1649,NARMADA,EQ,384748,213442,55.48
20,1650,NATCOPHARM,EQ,247847,117351,47.35
20,1651,NATHBIOGEN,EQ,16116,8911,55.29
20,1652,NATIONALUM,EQ,9973231,3041690,30.50
20,1653,NAUKRI,EQ,167763,81144,48.37
20,1654,NAVA,EQ,162962,76325,46.84
20,1655,NAVINFLUOR,EQ,99349,27260,27.44
20,1656,NAVKARCORP,EQ,577869,277273,47.98
20,1657,NAVKARURB,EQ,2013944,975057,48.42
20,1658,NAVNETEDUL,EQ,150962,79522,52.68
20,1659,NAZARA,EQ,2540127,976972,38.46
20,1660,NBCC,EQ,30958341,5329515,17.22
20,1661,NCC,EQ,1836814,728799,39.68
20,1662,NCLIND,EQ,17827,9831,55.15
20,1663,NDL,EQ,1785270,1133335,63.48
20,1664,NDLVENTURE,EQ,2985,1403,47.00
20,1665,NDRAUTO,EQ,12769,5991,46.92
20,1666,NDTV,EQ,536646,97398,18.15
20,1667,NECCLTD,EQ,293489,137623,46.89
20,1668,NEELAM,ST,30000,30000,100.00
20,1669,NELCAST,EQ,25507,13500,52.93
20,1670,NELCO,EQ,152164,39730,26.11
20,1671,NEOGEN,EQ,57387,19228,33.51
20,1672,NEPHROCARE,SM,56800,49200,86.62
20,1673,NESCO,EQ,32411,16107,49.70
20,1674,NESTLEIND,EQ,401108,237711,59.26
20,1675,NETF,EQ,1316,1145,87.01
20,1676,NETWEB,EQ,1267938,395796,31.22
20,1677,NETWORK18,EQ,5308454,2388144,44.99
20,1678,NEULANDLAB,EQ,22111,12182,55.09
20,1679,NEWGEN,EQ,1295593,223851,17.28
20,1680,NEWJAISA,SM,19500,9000,46.15
20,1681,NEXT50,EQ,7678,5455,71.05
20,1682,NEXT50IETF,EQ,484769,241130,49.74
20,1683,NFL,EQ,3045588,952551,31.28
20,1684,NGIL,EQ,92502,4977,5.38
20,1685,NGILPP1,E1,200,0,0.00
20,1686,NGLFINE,EQ,2011,977,48.58
20,1687,NH,EQ,186833,102164,54.68
20,1688,NHPC,EQ,7149925,2208957,30.89
20,1689,NIACL,EQ,558765,135806,24.30
20,1690,NIDAN,SM,6000,4000,66.67
20,1691,NIF100BEES,EQ,19908,16049,80.62
20,1692,NIF100IETF,EQ,350408,274607,78.37
20,1693,NIF10GETF,EQ,58,34,58.62
20,1694,NIF5GETF,EQ,723,723,100.00
20,1695,NIFITETF,EQ,17,12,70.59
20,1696,NIFMID150,EQ,719,434,60.36
20,1697,NIFTY1,EQ,62496,26657,42.65
20,1698,NIFTY50ADD,EQ,15088,9035,59.88
20,1699,NIFTYBEES,EQ,4871545,3822332,78.46
20,1700,NIFTYBETF,EQ,10057,1657,16.48
20,1701,NIFTYETF,EQ,44579,31399,70.43
20,1702,NIFTYIETF,EQ,620221,443353,71.48
20,1703,NIFTYQLITY,EQ,2405011,2316599,96.32
20,1704,NIITLTD,EQ,1314270,448267,34.11
20,1705,NIITMTS,EQ,15452,8101,52.43
20,1706,NILAINFRA,EQ,562798,299335,53.19
20,1707,NILKAMAL,EQ,2137,1505,70.43
20,1708,NINSYS,EQ,3920,1237,31.56
20,1709,NIPPOBATRY,EQ,2110,1627,77.11
20,1710,NIRMAN,SM,25200,15300,60.71
20,1711,NITINSPIN,EQ,91098,50218,55.13
20,1712,NITIRAJ,EQ,11713,8435,72.01
20,1713,NIVABUPA,EQ,1528913,563011,36.82
20,1714,NLCINDIA,EQ,1010492,383066,37.91
20,1715,NMDC,EQ,27802226,11722930,42.17
20,1716,NMSTEEL,SM,40000,35200,88.00
20,1717,NOCIL,EQ,206170,98969,48.00
20,1718,NORTHARC,EQ,148420,75956,51.18
20,1719,NOVAAGRI,EQ,132866,54960,41.36
20,1720,NPBET,EQ,2488,1761,70.78
20,1721,NPST,SM,16150,12950,80.19
20,1722,NRAIL,EQ,3830,1705,44.52
20,1723,NRBBEARING,EQ,136894,82936,60.58
20,1724,NSIL,EQ,10601,3242,30.58
20,1725,NSLNISP,EQ,1879278,789727,42.02
20,1726,NTPC,EQ,17991880,10355431,57.56
20,1727,NTPCGREEN,EQ,4596484,2311721,50.29
20,1728,NUCLEUS,EQ,9105,4751,52.18
20,1729,NURECA,EQ,358684,107857,30.07
20,1730,NUVAMA,EQ,52922,27489,51.94
20,1731,NUVOCO,EQ,33774,16978,50.27
20,1732,NV20,EQ,34313,18984,55.33
20,1733,NV20BEES,EQ,27092,15928,58.79
20,1734,NV20IETF,EQ,701456,321256,45.80
20,1735,NXST,RR,698749,661501,94.67
20,1736,NYKAA,EQ,5955385,3010358,50.55
20,1737,OAL,EQ,19055,13372,70.18
20,1738,OBCL,EQ,4226,2782,65.83
20,1739,OBEROIRLTY,EQ,256443,94088,36.69
20,1740,OBSCP,ST,12000,12000,100.00
20,1741,OCCL,EQ,9749,4934,50.61
20,1742,OCCLLTD,EQ,243668,138287,56.75
20,1743,OFSS,EQ,227279,83113,36.57
20,1744,OIL,EQ,2542513,998300,39.26
20,1745,OILIETF,EQ,651622,450008,69.06
20,1746,OLAELEC,EQ,15293544,3756090,24.56
20,1747,OLECTRA,EQ,403914,105596,26.14
20,1748,OLIL,SM,60000,42000,70.00
20,1749,OMAXAUTO,EQ,11309,7716,68.23
20,1750,OMAXE,EQ,64874,41817,64.46
20,1751,OMFURN,ST,72000,72000,100.00
20,1752,OMINFRAL,EQ,143046,60055,41.98
20,1753,ONDOOR,ST,900,600,66.67
20,1754,ONELIFECAP,EQ,10968,6778,61.80
20,1755,ONEPOINT,EQ,1712418,810078,47.31
20,1756,ONGC,EQ,9676264,4430205,45.78
20,1757,ONMOBILE,EQ,488420,151685,31.06
20,1758,ONWARDTEC,EQ,20880,8067,38.64
20,1759,ONYX,ST,90000,86000,95.56
20,1760,OPTIEMUS,EQ,68455,33400,48.79
20,1761,ORCHPHARMA,EQ,170009,143626,84.48
20,1762,ORIANA,SM,64725,43950,67.90
20,1763,ORICONENT,EQ,530248,335874,63.34
20,1764,ORIENTALTL,EQ,197713,77849,39.37
20,1765,ORIENTBELL,EQ,12751,10014,78.54
20,1766,ORIENTCEM,EQ,188575,111627,59.20
20,1767,ORIENTCER,EQ,33115,21115,63.76
20,1768,ORIENTELEC,EQ,62745,23710,37.79
20,1769,ORIENTHOT,EQ,703951,252094,35.81
20,1770,ORIENTPPR,EQ,760105,319160,41.99
20,1771,ORIENTTECH,EQ,486080,208414,42.88
20,1772,ORISSAMINE,EQ,4393,2272,51.72
20,1773,ORTINGLOBE,EQ,3848,2249,58.45
20,1774,OSELDEVICE,ST,51200,47200,92.19
20,1775,OSWALAGRO,EQ,30711,17637,57.43
20,1776,OSWALGREEN,EQ,688877,243778,35.39
20,1777,OWAIS,SM,9600,6700,69.79
20,1778,PAGEIND,EQ,15580,4768,30.60
20,1779,PAISALO,EQ,723590,331459,45.81
20,1780,PAKKA,EQ,78437,37716,48.08
20,1781,PALASHSECU,EQ,6210,4553,73.32
20,1782,PANACEABIO,EQ,106658,78516,73.61
20,1783,PANAMAPET,EQ,14478,6388,44.12
20,1784,PANSARI,EQ,401,401,100.00
20,1785,PARACABLES,EQ,989600,427518,43.20
20,1786,PARADEEP,EQ,4503756,1470006,32.64
20,1787,PARAGMILK,EQ,406377,234270,57.65
20,1788,PARAGON,ST,50400,49200,97.62
20,1789,PARAMOUNT,SM,8400,8400,100.00
20,1790,PARAS,EQ,223829,87600,39.14
20,1791,PARASPETRO,EQ,151438,118975,78.56
20,1792,PARIN,ST,5500,4500,81.82
20,1793,PARKHOTELS,EQ,371569,205640,55.34
20,1794,PARTYCRUS,SM,8000,8000,100.00
20,1795,PASHUPATI,ST,35600,35600,100.00
20,1796,PATANJALI,EQ,328018,176422,53.78
20,1797,PATELENG,EQ,3950824,1687054,42.70
20,1798,PATINTLOG,EQ,180360,83686,46.40
20,1799,PAVNAIND,EQ,38161,33397,87.52
20,1800,PAYTM,EQ,9414541,1190587,12.65
20,1801,PCBL,EQ,1662234,546479,32.88
20,1802,PCCL,SM,44000,30800,70.00
20,1803,PCJEWELLER,EQ,8108156,4589443,56.60
20,1804,PDMJEPAPER,EQ,334900,154888,46.25
20,1805,PDSL,EQ,40403,19195,47.51
20,1806,PEARLPOLY,EQ,33129,16696,50.40
20,1807,PEL,EQ,269462,102249,37.95
20,1808,PELATRO,ST,7800,7200,92.31
20,1809,PENIND,EQ,352249,203753,57.84
20,1810,PENINLAND,EQ,382851,225120,58.80
20,1811,PENTAGON,SM,9000,6000,66.67
20,1812,PERFECT,ST,33000,33000,100.00
20,1813,PERSISTENT,EQ,500440,253255,50.61
20,1814,PETRONET,EQ,1311488,597337,45.55
20,1815,PFC,EQ,4692710,1904912,40.59
20,1816,PFIZER,EQ,23364,17500,74.90
20,1817,PFOCUS,EQ,17065,9149,53.61
20,1818,PFS,EQ,607053,335958,55.34
20,1819,PGEL,EQ,780614,490600,62.85
20,1820,PGHH,EQ,1320,582,44.09
20,1821,PGHL,EQ,5302,3198,60.32
20,1822,PGIL,EQ,504053,174397,34.60
20,1823,PGINVIT,IV,479607,408208,85.11
20,1824,PHANTOMFX,ST,33900,27900,82.30
20,1825,PHARMABEES,EQ,1853123,1015834,54.82
20,1826,PHOENIXLTD,EQ,217636,84525,38.84
20,1827,PHOGLOBAL,ST,18000,18000,100.00
20,1828,PIDILITIND,EQ,202462,131633,65.02
20,1829,PIIND,EQ,163715,82798,50.57
20,1830,PILANIINVS,EQ,4310,1503,34.87
20,1831,PILITA,EQ,993782,517651,52.09
20,1832,PITTIENG,EQ,36050,21059,58.42
20,1833,PIXTRANS,EQ,15814,6903,43.65
20,1834,PLASTIBLEN,EQ,15225,9830,64.56
20,1835,PLATIND,EQ,162202,87692,54.06
20,1836,PLAZACABLE,EQ,16873,12107,71.75
20,1837,PNB,EQ,28247505,9734090,34.46
20,1838,PNBGILTS,EQ,201469,78132,38.78
20,1839,PNBHOUSING,EQ,391347,140568,35.92
20,1840,PNC,EQ,13924,9431,67.73
20,1841,PNCINFRA,EQ,297995,93013,31.21
20,1842,PNGJL,EQ,362857,190755,52.57
20,1843,POCL,EQ,29044,16541,56.95
20,1844,PODDARMENT,EQ,6514,5378,82.56
20,1845,POKARNA,EQ,72191,26159,36.24
20,1846,POLICYBZR,EQ,1099774,637729,57.99
20,1847,POLYCAB,EQ,138197,33084,23.94
20,1848,POLYMED,EQ,47902,26979,56.32
20,1849,POLYPLEX,EQ,59128,28192,47.68
20,1850,POLYSIL,SM,2000,2000,100.00
20,1851,PONNIERODE,EQ,48986,17424,35.57
20,1852,POONAWALLA,EQ,1539466,958173,62.24
20,1853,POSITRON,ST,9900,8700,87.88
20,1854,POWERGRID,EQ,9435937,5847732,61.97
20,1855,POWERINDIA,EQ,48256,13693,28.38
20,1856,POWERMECH,EQ,70193,35429,50.47
20,1857,PPAP,EQ,7775,4813,61.90
20,1858,PPL,EQ,45370,22357,49.28
20,1859,PPLPHARMA,EQ,4120307,999316,24.25
20,1860,PPSL,SM,27000,24000,88.89
20,1861,PRAENG,EQ,87463,58787,67.21
20,1862,PRAJIND,EQ,687856,181925,26.45
20,1863,PRAKASH,EQ,1113767,709642,63.72
20,1864,PRAKASHSTL,EQ,336907,232227,68.93
20,1865,PRAMARA,SM,7000,6000,85.71
20,1866,PRANIK,SM,17600,11200,63.64
20,1867,PRATHAM,ST,10400,9600,92.31
20,1868,PRECAM,EQ,268810,71662,26.66
20,1869,PRECISION,ST,8000,8000,100.00
20,1870,PRECWIRE,EQ,164441,66935,40.70
20,1871,PREMEXPLN,EQ,131160,40998,31.26
20,1872,PREMIERENE,EQ,1358542,373049,27.46
20,1873,PREMIUM,SM,6000,6000,100.00
20,1874,PRESSTONIC,ST,7200,7200,100.00
20,1875,PRESTIGE,EQ,338038,198949,58.85
20,1876,PRICOLLTD,EQ,210588,107774,51.18
20,1877,PRIMESECU,EQ,26040,11215,43.07
20,1878,PRINCEPIPE,EQ,104377,54388,52.11
20,1879,PRITI,EQ,15216,10697,70.30
20,1880,PRITIKA,ST,12000,7000,58.33
20,1881,PRITIKAUTO,EQ,128705,78771,61.20
20,1882,PRIVISCL,EQ,52995,28302,53.41
20,1883,PRIZOR,ST,27200,27200,100.00
20,1884,PRLIND,SM,29000,20000,68.97
20,1885,PROLIFE,SM,4000,3000,75.00
20,1886,PROV,SM,640,480,75.00
20,1887,PRSMJOHNSN,EQ,217781,69314,31.83
20,1888,PRUDENT,EQ,41228,31179,75.63
20,1889,PSB,EQ,1548008,345554,22.32
20,1890,PSFL,SM,96000,52000,54.17
20,1891,PSPPROJECT,EQ,49975,26166,52.36
20,1892,PSUBANK,EQ,13739,8207,59.74
20,1893,PSUBANKADD,EQ,8049,6142,76.31
20,1894,PSUBNKBEES,EQ,2743970,1687744,61.51
20,1895,PSUBNKIETF,EQ,139740,60635,43.39
20,1896,PTC,EQ,1615276,817380,50.60
20,1897,PTCIL,EQ,28197,17179,60.92
20,1898,PTL,EQ,62005,37702,60.80
20,1899,PULZ,ST,22000,22000,100.00
20,1900,PUNJABCHEM,EQ,1415,847,59.86
20,1901,PURPLEUTED,SM,58000,45000,77.59
20,1902,PURVA,EQ,21711,10012,46.11
20,1903,PURVFLEXI,SM,3200,3200,100.00
20,1904,PVP,EQ,350788,221244,63.07
20,1905,PVRINOX,EQ,365766,117310,32.07
20,1906,PVSL,EQ,29971,18452,61.57
20,1907,PVTBANIETF,EQ,1726461,976596,56.57
20,1908,PVTBANKADD,EQ,132105,125942,95.33
20,1909,PYRAMID,EQ,42188,18189,43.11
20,1910,QFIL,SM,4000,4000,100.00
20,1911,QGOLDHALF,EQ,59817,55451,92.70
20,1912,QMSMEDI,SM,13000,11000,84.62
20,1913,QNIFTY,EQ,255,179,70.20
20,1914,QUADFUTURE,EQ,4136783,595390,14.39
20,1915,QUADPRO,SM,36000,36000,100.00
20,1916,QUAL30IETF,EQ,32291,17593,54.48
20,1917,QUESS,EQ,128036,60501,47.25
20,1918,QUESTLAB,ST,32400,31200,96.30
20,1919,QUICKHEAL,EQ,37434,17756,47.43
20,1920,QUICKTOUCH,ST,3500,3500,100.00
20,1921,QVCEL,ST,12800,9600,75.00
20,1922,RACE,EQ,1477,935,63.30
20,1923,RACLGEAR,EQ,2617,1880,71.84
20,1924,RADHIKAJWE,EQ,111745,111745,100.00
20,1925,RADIANTCMS,EQ,166884,83301,49.92
20,1926,RADICO,EQ,182943,92309,50.46
20,1927,RADIOCITY,EQ,110104,51018,46.34
20,1928,RADIOCITY,P1,10496,10496,100.00
20,1929,RAILTEL,EQ,1834522,328067,17.88
20,1930,RAIN,EQ,825288,304703,36.92
20,1931,RAINBOW,EQ,119802,65161,54.39
20,1932,RAJESHEXPO,EQ,355321,175038,49.26
20,1933,RAJINDLTD,SM,9000,7500,83.33
20,1934,RAJMET,EQ,476093,257834,54.16
20,1935,RAJPUTANA,SM,18000,11000,61.11
20,1936,RAJRATAN,EQ,11766,5490,46.66
20,1937,RAJSREESUG,EQ,144256,62189,43.11
20,1938,RALLIS,EQ,1759627,862152,49.00
20,1939,RAMANEWS,EQ,18396,11124,60.47
20,1940,RAMAPHO,EQ,34113,14582,42.75
20,1941,RAMASTEEL,EQ,5988744,2285468,38.16
20,1942,RAMCOCEM,EQ,174999,67633,38.65
20,1943,RAMCOIND,EQ,61982,28218,45.53
20,1944,RAMCOSYS,EQ,62184,28963,46.58
20,1945,RAMKY,EQ,34082,17086,50.13
20,1946,RAMRAT,EQ,41646,14133,33.94
20,1947,RANASUG,EQ,336123,146964,43.72
20,1948,RANEENGINE,EQ,4237,3232,76.28
20,1949,RANEHOLDIN,EQ,6954,4538,65.26
20,1950,RAPPID,ST,6600,6000,90.91
20,1951,RATEGAIN,EQ,165901,88428,53.30
20,1952,RATNAMANI,EQ,53251,49370,92.71
20,1953,RATNAVEER,EQ,923439,344231,37.28
20,1954,RAYMOND,EQ,125073,31791,25.42
20,1955,RAYMONDLSL,EQ,57189,24601,43.02
20,1956,RBA,EQ,579518,268136,46.27
20,1957,RBL,EQ,16147,3207,19.86
20,1958,RBLBANK,EQ,30850278,4681686,15.18
20,1959,RBMINFRA,SM,16800,13000,77.38
20,1960,RBS,ST,38400,33600,87.50
20,1961,RBZJEWEL,EQ,227658,133017,58.43
20,1962,RCDL,SM,6000,6000,100.00
20,1963,RCF,EQ,1734285,399294,23.02
20,1964,RECLTD,EQ,5000936,2004882,40.09
20,1965,REDINGTON,EQ,15594383,2530945,16.23
20,1966,REDTAPE,EQ,43012,21455,49.88
20,1967,REFRACTORY,ST,50000,47000,94.00
20,1968,RELAXO,EQ,50512,20299,40.19
20,1969,RELCHEMQ,EQ,6789,3824,56.33
20,1970,RELIABLE,EQ,5428,3225,59.41
20,1971,RELIANCE,EQ,14040244,10632935,75.73
20,1972,RELIGARE,EQ,881462,530381,60.17
20,1973,RELINFRA,EQ,1567639,829478,52.91
20,1974,RELTD,EQ,62626,34478,55.05
20,1975,REMSONSIND,EQ,38501,22756,59.10
20,1976,REMUS,SM,1450,850,58.62
20,1977,RENUKA,EQ,10583656,2406739,22.74
20,1978,REPCOHOME,EQ,113296,57295,50.57
20,1979,REPRO,EQ,9229,5346,57.93
20,1980,RESPONIND,EQ,98103,57127,58.23
20,1981,RETAIL,EQ,7100,5576,78.54
20,1982,REXPIPES,SM,6000,6000,100.00
20,1983,RGL,EQ,2308922,846703,36.67
20,1984,RHIM,EQ,38612,19542,50.61
20,1985,RICOAUTO,EQ,416470,143899,34.55
20,1986,RIIL,EQ,156469,31137,19.90
20,1987,RILINFRA,SM,112400,76400,67.97
20,1988,RISHABH,EQ,31311,23572,75.28
20,1989,RITCO,EQ,71792,37057,51.62
20,1990,RITES,EQ,982644,336153,34.21
20,1991,RKDL,EQ,21305,13694,64.28
20,1992,RKEC,EQ,42527,25070,58.95
20,1993,RKFORGE,EQ,2040068,837630,41.06
20,1994,RKSWAMY,EQ,38708,20579,53.16
20,1995,RML,EQ,10924,6439,58.94
20,1996,RNFI,ST,121200,111600,92.08
20,1997,ROCKINGDCE,SM,12000,9250,77.08
20,1998,ROHLTD,EQ,37515,22148,59.04
20,1999,ROLEXRINGS,EQ,6376,3944,61.86
20,2000,ROML,EQ,3308,1767,53.42
20,2001,ROSSARI,EQ,54958,17871,32.52
20,2002,ROSSTECH,EQ,47825,38873,81.28
20,2003,ROTO,EQ,613953,123162,20.06
20,2004,ROUTE,EQ,29627,14515,48.99
20,2005,ROXHITECH,SM,100800,70400,69.84
20,2006,RPEL,EQ,123682,65034,52.58
20,2007,RPGLIFE,EQ,17870,10219,57.19
20,2008,RPOWER,EQ,24420919,12963711,53.08
20,2009,RPPL,EQ,83938,65088,77.54
20,2010,RPSGVENT,EQ,24737,11622,46.98
20,2011,RPTECH,EQ,72184,25920,35.91
20,2012,RRKABEL,EQ,73213,36315,49.60
20,2013,RSWM,EQ,25603,17209,67.21
20,2014,RSYSTEMS,EQ,109869,61930,56.37
20,2015,RTNINDIA,EQ,1637924,524460,32.02
20,2016,RTNPOWER,EQ,19181462,8261427,43.07
20,2017,RUBFILA,EQ,44207,36053,81.55
20,2018,RUBYMILLS,EQ,8774,4218,48.07
20,2019,RUCHINFRA,EQ,78354,39882,50.90
20,2020,RUCHIRA,EQ,25495,16284,63.87
20,2021,RULKA,SM,11700,9300,79.49
20,2022,RUPA,EQ,90008,45665,50.73
20,2023,RUSHIL,EQ,484364,338852,69.96
20,2024,RUSTOMJEE,EQ,46908,30897,65.87
20,2025,RVNL,EQ,9464708,1581496,16.71
20,2026,SAAKSHI,SM,8400,5400,64.29
20,2027,SABAR,ST,165000,145000,87.88
20,2028,SADBHAV,EQ,565077,302841,53.59
20,2029,SADBHIN,EQ,130865,77413,59.15
20,2030,SADHAV,SM,9600,6000,62.50
20,2031,SADHNANIQ,EQ,349205,184820,52.93
20,2032,SAFARI,EQ,227303,216245,95.14
20,2033,SAGARDEEP,EQ,132372,85586,64.66
20,2034,SAGCEM,EQ,38226,27929,73.06
20,2035,SAHAJSOLAR,SM,10400,7800,75.00
20,2036,SAHANA,ST,9625,9500,98.70
20,2037,SAHASRA,SM,56800,42800,75.35
20,2038,SAHYADRI,EQ,5269,3125,59.31
20,2039,SAIFL,SM,13600,8800,64.71
20,2040,SAIL,EQ,11548609,3097823,26.82
20,2041,SAILIFE,EQ,234343,78205,33.37
20,2042,SAJHOTELS,ST,94000,90000,95.74
20,2043,SAKAR,EQ,8010,6479,80.89
20,2044,SAKHTISUG,EQ,121245,52235,43.08
20,2045,SAKSOFT,EQ,73806,34603,46.88
20,2046,SALASAR,EQ,4521381,1734301,38.36
20,2047,SALONA,EQ,193,100,51.81
20,2048,SALSTEEL,EQ,39428,26663,67.62
20,2049,SALZERELEC,EQ,209611,52795,25.19
20,2050,SAMHI,EQ,1565388,739554,47.24
20,2051,SAMMAANCAP,EQ,2805977,1039791,37.06
20,2052,SANATHAN,EQ,309895,125569,40.52
20,2053,SANDESH,EQ,1881,1065,56.62
20,2054,SANDHAR,EQ,52031,25370,48.76
20,2055,SANDUMA,EQ,55407,28361,51.19
20,2056,SANGAMIND,EQ,16478,8392,50.93
20,2057,SANGHIIND,EQ,281530,120970,42.97
20,2058,SANGHVIMOV,EQ,159515,76859,48.18
20,2059,SANGINITA,EQ,19176,15528,80.98
20,2060,SANOFI,EQ,89455,81901,91.56
20,2061,SANOFICONR,EQ,11177,7732,69.18
20,2062,SANSERA,EQ,58455,28350,48.50
20,2063,SANSTAR,EQ,214661,110974,51.70
20,2064,SAPPHIRE,EQ,243048,119713,49.25
20,2065,SARDAEN,EQ,293581,142685,48.60
20,2066,SAREGAMA,EQ,1660050,261954,15.78
20,2067,SARTELE,SM,23000,18000,78.26
20,2068,SARVESHWAR,EQ,2467507,967721,39.22
20,2069,SASKEN,EQ,8238,4803,58.30
20,2070,SASTASUNDR,EQ,6881,3613,52.51
20,2071,SATECH,ST,25000,25000,100.00
20,2072,SATIA,EQ,102889,46938,45.62
20,2073,SATIN,EQ,111608,52085,46.67
20,2074,SATINDLTD,EQ,712604,253503,35.57
20,2075,SATIPOLY,SM,1000,1000,100.00
20,2076,SATKARTAR,ST,270400,265600,98.22
20,2077,SAURASHCEM,EQ,73727,39658,53.79
20,2078,SBC,EQ,4069131,1593591,39.16
20,2079,SBCL,EQ,60851,24460,40.20
20,2080,SBFC,EQ,1928465,875397,45.39
20,2081,SBGLP,EQ,262210,153476,58.53
20,2082,SBICARD,EQ,2167132,1018060,46.98
20,2083,SBIETFCON,EQ,6625,2898,43.74
20,2084,SBIETFIT,EQ,2834,2196,77.49
20,2085,SBIETFPB,EQ,6711,5464,81.42
20,2086,SBIETFQLTY,EQ,2341,1506,64.33
20,2087,SBILIFE,EQ,4033718,2513954,62.32
20,2088,SBIN,EQ,9198929,3654610,39.73
20,2089,SBINEQWETF,EQ,40680,36263,89.14
20,2090,SBISILVER,EQ,129708,104377,80.47
20,2091,SCHAEFFLER,EQ,33253,22154,66.62
20,2092,SCHAND,EQ,64339,30575,47.52
20,2093,SCHNEIDER,EQ,165801,55086,33.22
20,2094,SCI,EQ,1279003,329029,25.73
20,2095,SCILAL,EQ,483093,174915,36.21
20,2096,SCML,SM,7000,6000,85.71
20,2097,SCPL,EQ,2639,1642,62.22
20,2098,SDBL,EQ,575162,271337,47.18
20,2099,SDL26BEES,EQ,1196,990,82.78
20,2100,SDREAMS,SM,6000,5000,83.33
20,2101,SEAMECLTD,EQ,10958,6028,55.01
20,2102,SECL,ST,31250,31250,100.00
20,2103,SECMARK,EQ,734,503,68.53
20,2104,SECURKLOUD,EQ,49971,29197,58.43
20,2105,SEL,ST,2000,2000,100.00
20,2106,SELAN,EQ,60462,34333,56.78
20,2107,SELMC,EQ,32139,24268,75.51
20,2108,SENCO,EQ,225182,149345,66.32
20,2109,SENORES,EQ,316083,121670,38.49
20,2110,SENSEXADD,EQ,466,352,75.54
20,2111,SENSEXETF,EQ,4550,3769,82.84
20,2112,SENSEXIETF,EQ,7100,3259,45.90
20,2113,SEPC,EQ,5915483,2314257,39.12
20,2114,SEQUENT,EQ,773091,545168,70.52
20,2115,SERVICE,SM,50000,38000,76.00
20,2116,SERVOTECH,EQ,483999,284794,58.84
20,2117,SESHAPAPER,EQ,37394,14317,38.29
20,2118,SETF10GILT,EQ,18660,16952,90.85
20,2119,SETFGOLD,EQ,1880433,1550493,82.45
20,2120,SETFNIF50,EQ,1756418,1404766,79.98
20,2121,SETFNIFBK,EQ,354936,345275,97.28
20,2122,SETFNN50,EQ,33838,26876,79.43
20,2123,SFIL25,NS,12,12,100.00
20,2124,SFL,EQ,72359,37394,51.68
20,2125,SFML,SM,24000,22400,93.33
20,2126,SGBAPR28I,GB,63,57,90.48
20,2127,SGBAUG27,GB,19,19,100.00
20,2128,SGBAUG28V,GB,2546,2273,89.28
20,2129,SGBAUG29V,GB,62,37,59.68
20,2130,SGBAUG30,GB,71,61,85.92
20,2131,SGBD29VIII,GB,120,88,73.33
20,2132,SGBDC27VII,GB,8,5,62.50
20,2133,SGBDE30III,GB,151,98,64.90
20,2134,SGBDE31III,GB,1182,830,70.22
20,2135,SGBDEC2513,GB,1,1,100.00
20,2136,SGBDEC26,GB,4,4,100.00
20,2137,SGBFEB27,GB,13,8,61.54
20,2138,SGBFEB29XI,GB,2,2,100.00
20,2139,SGBFEB32IV,GB,1292,860,66.56
20,2140,SGBJ28VIII,GB,2,2,100.00
20,2141,SGBJAN27,GB,74,64,86.49
20,2142,SGBJAN29IX,GB,213,189,88.73
20,2143,SGBJAN29X,GB,286,219,76.57
20,2144,SGBJAN30IX,GB,45,34,75.56
20,2145,SGBJU29III,GB,170,107,62.94
20,2146,SGBJUL25,GB,120,112,93.33
20,2147,SGBJUL27,GB,98,67,68.37
20,2148,SGBJUL28IV,GB,465,262,56.34
20,2149,SGBJUL29IV,GB,816,675,82.72
20,2150,SGBJUN27,GB,1,1,100.00
20,2151,SGBJUN28,GB,58,58,100.00
20,2152,SGBJUN29II,GB,55,52,94.55
20,2153,SGBJUN30,GB,205,187,91.22
20,2154,SGBJUN31I,GB,675,525,77.78
20,2155,SGBMAR25,GB,27,27,100.00
20,2156,SGBMAR30X,GB,22,19,86.36
20,2157,SGBMAR31IV,GB,176,117,66.48
20,2158,SGBMAY25,GB,38,38,100.00
20,2159,SGBMAY28,GB,782,722,92.33
20,2160,SGBMAY29I,GB,243,172,70.78
20,2161,SGBMR29XII,GB,350,290,82.86
20,2162,SGBN28VIII,GB,93,81,87.10
20,2163,SGBNOV25,GB,5,5,100.00
20,2164,SGBNOV26,GB,16,16,100.00
20,2165,SGBNV29VII,GB,99,74,74.75
20,2166,SGBOC28VII,GB,124,96,77.42
20,2167,SGBOCT25,GB,20,20,100.00
20,2168,SGBOCT25IV,GB,2,2,100.00
20,2169,SGBOCT25V,GB,1,1,100.00
20,2170,SGBOCT27,GB,35,34,97.14
20,2171,SGBOCT27VI,GB,1,1,100.00
20,2172,SGBSEP27,GB,19,19,100.00
20,2173,SGBSEP28VI,GB,123,101,82.11
20,2174,SGBSEP29VI,GB,621,525,84.54
20,2175,SGBSEP31II,GB,2070,1718,83.00
20,2176,SGL,EQ,20531,15218,74.12
20,2177,SGLTL,EQ,9294054,2292022,24.66
20,2178,SHAH,EQ,815379,510427,62.60
20,2179,SHALBY,EQ,37918,15625,41.21
20,2180,SHALPAINTS,EQ,255295,112944,44.24
20,2181,SHANKARA,EQ,19614,10002,50.99
20,2182,SHANTHALA,ST,1200,1200,100.00
20,2183,SHANTI,EQ,571012,102334,17.92
20,2184,SHANTIGEAR,EQ,19561,12698,64.91
20,2185,SHARDACROP,EQ,506556,159490,31.49
20,2186,SHARDAMOTR,EQ,12916,7522,58.24
20,2187,SHAREINDIA,EQ,594431,189579,31.89
20,2188,SHARIABEES,EQ,3294,2517,76.41
20,2189,SHEETAL,SM,44000,34000,77.27
20,2190,SHEMAROO,EQ,18138,12649,69.74
20,2191,SHERA,SM,44000,34000,77.27
20,2192,SHIGAN,SM,10500,6000,57.14
20,2193,SHILPAMED,EQ,162525,86270,53.08
20,2194,SHIVALIK,EQ,236900,89222,37.66
20,2195,SHIVAMAUTO,EQ,339060,167947,49.53
20,2196,SHIVAMILLS,EQ,21238,9204,43.34
20,2197,SHIVATEX,EQ,260821,54093,20.74
20,2198,SHK,EQ,74642,39819,53.35
20,2199,SHOPERSTOP,EQ,102016,44938,44.05
20,2200,SHREDIGCEM,EQ,266421,153270,57.53
20,2201,SHREECEM,EQ,15923,9034,56.74
20,2202,SHREEKARNI,SM,25950,22050,84.97
20,2203,SHREEOSFM,SM,7000,5000,71.43
20,2204,SHREEPUSHK,EQ,51232,20977,40.95
20,2205,SHRENIK,EQ,651931,540762,82.95
20,2206,SHREYANIND,EQ,5870,3949,67.27
20,2207,SHRIPISTON,EQ,20671,12352,59.76
20,2208,SHRIRAMFIN,EQ,12701612,6063699,47.74
20,2209,SHRIRAMPPS,EQ,581597,231414,39.79
20,2210,SHRITECH,SM,6000,6000,100.00
20,2211,SHUBHLAXMI,ST,31000,31000,100.00
20,2212,SHUBHSHREE,ST,1200,1200,100.00
20,2213,SHYAMCENT,EQ,137232,97541,71.08
20,2214,SHYAMMETL,EQ,649172,192098,29.59
20,2215,SIEMENS,EQ,89443,34408,38.47
20,2216,SIGACHI,EQ,4227553,1786966,42.27
20,2217,SIGIND,EQ,11460,8774,76.56
20,2218,SIGMA,EQ,27603,5739,20.79
20,2219,SIGNATURE,EQ,693410,170848,24.64
20,2220,SIGNORIA,ST,1000,1000,100.00
20,2221,SIKKO,EQ,16254,7925,48.76
20,2222,SIL,EQ,50768,37192,73.26
20,2223,SILGO,EQ,24915,9498,38.12
20,2224,SILKFLEX,SM,2000,2000,100.00
20,2225,SILLYMONKS,EQ,20524,17899,87.21
20,2226,SILVER,EQ,67569,48366,71.58
20,2227,SILVER1,EQ,85973,80978,94.19
20,2228,SILVERADD,EQ,8201,7881,96.10
20,2229,SILVERBEES,EQ,3015237,1977511,65.58
20,2230,SILVERETF,EQ,70999,40380,56.87
20,2231,SILVERIETF,EQ,669203,389991,58.28
20,2232,SILVERTUC,EQ,12295,2340,19.03
20,2233,SILVRETF,EQ,9709,6155,63.39
20,2234,SINCLAIR,EQ,66395,31566,47.54
20,2235,SINDHUTRAD,EQ,504388,256555,50.86
20,2236,SINTERCOM,EQ,13721,10144,73.93
20,2237,SIRCA,EQ,118983,83179,69.91
20,2238,SIS,EQ,21629,12132,56.09
20,2239,SIYSIL,EQ,196128,58769,29.96
20,2240,SJLOGISTIC,SM,58000,40500,69.83
20,2241,SJS,EQ,58452,32538,55.67
20,2242,SJVN,EQ,6182385,1496022,24.20
20,2243,SKFINDIA,EQ,23820,15843,66.51
20,2244,SKIPPER,EQ,644791,278364,43.17
20,2245,SKMEGGPROD,EQ,39815,19977,50.17
20,2246,SKP,SM,11000,7500,68.18
20,2247,SLONE,ST,4800,4800,100.00
20,2248,SMALLCAP,EQ,774635,476248,61.48
20,2249,SMCGLOBAL,EQ,103029,53169,51.61
20,2250,SMLISUZU,EQ,44701,14673,32.82
20,2251,SMLT,EQ,25239,19298,76.46
20,2252,SMSPHARMA,EQ,110811,48609,43.87
20,2253,SMVD,SM,4040,4040,100.00
20,2254,SNOWMAN,EQ,257781,107120,41.55
20,2255,SOBHA,EQ,102860,42809,41.62
20,2256,SOLARA,EQ,54890,34581,63.00
20,2257,SOLARAPP,E1,1412,1258,89.09
20,2258,SOLARINDS,EQ,59302,42052,70.91
20,2259,SOLEX,SM,4500,3625,80.56
20,2260,SOMANYCERA,EQ,11874,8773,73.88
20,2261,SOMICONVEY,EQ,17362,13640,78.56
20,2262,SONACOMS,EQ,1942954,973671,50.11
20,2263,SONAMAC,ST,18000,14000,77.78
20,2264,SONATSOFTW,EQ,336973,165816,49.21
20,2265,SONUINFRA,ST,6000,6000,100.00
20,2266,SOTL,EQ,19559,9651,49.34
20,2267,SOUTHBANK,EQ,14191077,7982847,56.25
20,2268,SOUTHWEST,EQ,15476,10192,65.86
20,2269,SPAL,EQ,32233,16420,50.94
20,2270,SPANDANA,EQ,1570085,720533,45.89
20,2271,SPARC,EQ,475473,274639,57.76
20,2272,SPCL,ST,33600,28200,83.93
20,2273,SPECIALITY,EQ,19686,10828,55.00
20,2274,SPECTRUM,SM,1500,1125,75.00
20,2275,SPECTSTM,ST,40800,40000,98.04
20,2276,SPENCERS,EQ,231967,134008,57.77
20,2277,SPIC,EQ,343065,140558,40.97
20,2278,SPLIL,EQ,11148,7189,64.49
20,2279,SPLPETRO,EQ,63401,39008,61.53
20,2280,SPORTKING,EQ,98195,43991,44.80
20,2281,SPPPOLY,ST,12000,12000,100.00
20,2282,SREEL,EQ,8214,6594,80.28
20,2283,SRF,EQ,420656,260934,62.03
20,2284,SRGHFL,EQ,5562,3204,57.61
20,2285,SRHHYPOLTD,EQ,18149,9304,51.26
20,2286,SRIVASAVI,SM,13000,13000,100.00
20,2287,SSDL,EQ,93709,49337,52.65
20,2288,SSEGL,SM,87000,53600,61.61
20,2289,SSFL,SM,21000,18500,88.10
20,2290,S&SPOWER,EQ,1933,1460,75.53
20,2291,SSWL,EQ,108244,48041,44.38
20,2292,STANLEY,EQ,63994,41767,65.27
20,2293,STAR,EQ,467480,312792,66.91
20,2294,STARCEMENT,EQ,186829,64826,34.70
20,2295,STARHEALTH,EQ,792495,471373,59.48
20,2296,STARPAPER,EQ,11973,6208,51.85
20,2297,STARTECK,EQ,8303,448,5.40
20,2298,STCINDIA,EQ,82388,18037,21.89
20,2299,STEELCAS,EQ,18744,13158,70.20
20,2300,STEELCITY,EQ,18264,10798,59.12
20,2301,STEELXIND,EQ,1279538,708766,55.39
20,2302,STEL,EQ,3470,2123,61.18
20,2303,STERTOOLS,EQ,61192,24939,40.76
20,2304,STLTECH,EQ,855496,406775,47.55
20,2305,STOVEKRAFT,EQ,394204,124485,31.58
20,2306,STYLAMIND,EQ,14857,6882,46.32
20,2307,STYLEBAAZA,EQ,281130,120411,42.83
20,2308,STYRENIX,EQ,13793,6537,47.39
20,2309,SUBEXLTD,EQ,3433130,1485449,43.27
20,2310,SUBROS,EQ,14944,7501,50.19
20,2311,SUDARSCHEM,EQ,60805,34276,56.37
20,2312,SUKHJITS,EQ,21964,12838,58.45
20,2313,SULA,EQ,223402,123380,55.23
20,2314,SUMICHEM,EQ,362201,273246,75.44
20,2315,SUMMITSEC,EQ,5600,2905,51.88
20,2316,SUNCLAY,EQ,17575,7681,43.70
20,2317,SUNDARAM,EQ,339013,283309,83.57
20,2318,SUNDARMFIN,EQ,149631,43345,28.97
20,2319,SUNDARMHLD,EQ,39800,17710,44.50
20,2320,SUNDRMFAST,EQ,151658,110063,72.57
20,2321,SUNLITE,SM,8400,8400,100.00
20,2322,SUNPHARMA,EQ,1341246,949982,70.83
20,2323,SUNREST,SM,6400,1600,25.00
20,2324,SUNTECK,EQ,232655,62218,26.74
20,2325,SUNTV,EQ,93694,25718,27.45
20,2326,SUPERHOUSE,EQ,1568,622,39.67
20,2327,SUPRAJIT,EQ,45523,24675,54.20
20,2328,SUPREMEIND,EQ,889323,393947,44.30
20,2329,SUPREMEPWR,ST,107500,102500,95.35
20,2330,SUPRIYA,EQ,245333,82973,33.82
20,2331,SURAJEST,EQ,98173,61174,62.31
20,2332,SURAKSHA,EQ,40651,22015,54.16
20,2333,SURANASOL,EQ,130442,71316,54.67
20,2334,SURANAT&P,EQ,386081,244249,63.26
20,2335,SURANI,ST,4600,4600,100.00
20,2336,SURYALAXMI,EQ,17538,13780,78.57
20,2337,SURYAROSNI,EQ,261277,108825,41.65
20,2338,SURYODAY,EQ,270047,143287,53.06
20,2339,SUTLEJTEX,EQ,67165,27676,41.21
20,2340,SUVEN,EQ,332139,148575,44.73
20,2341,SUVENPHAR,EQ,376800,334637,88.81
20,2342,SUVIDHAA,EQ,459130,289406,63.03
20,2343,SUYOG,EQ,34933,22096,63.25
20,2344,SUZLON,EQ,49547406,22674212,45.76
20,2345,SWANENERGY,EQ,4211724,1377339,32.70
20,2346,SWARAJ,SM,8000,7500,93.75
20,2347,SWARAJENG,EQ,54314,19202,35.35
20,2348,SWASTIK,SM,31200,12000,38.46
20,2349,SWELECTES,EQ,15923,7125,44.75
20,2350,SWIGGY,EQ,6636117,2848036,42.92
20,2351,SWSOLAR,EQ,5948303,2665977,44.82
20,2352,SYLVANPLY,SM,2000,2000,100.00
20,2353,SYMPHONY,EQ,95333,31630,33.18
20,2354,SYNCOMF,EQ,1637250,888313,54.26
20,2355,SYNGENE,EQ,304549,144213,47.35
20,2356,SYNOPTICS,SM,18600,15000,80.65
20,2357,SYRMA,EQ,455710,165086,36.23
20,2358,SYSTANGO,SM,35200,18400,52.27
20,2359,TAC,ST,2800,2800,100.00
20,2360,TAINWALCHM,EQ,5641,3527,62.52
20,2361,TAJGVK,EQ,240109,97872,40.76
20,2362,TAKE,EQ,206544,136790,66.23
20,2363,TALBROAUTO,EQ,39796,20030,50.33
20,2364,TANLA,EQ,619934,338639,54.63
20,2365,TARC,EQ,230949,105763,45.79
20,2366,TARMAT,EQ,21027,14541,69.15
20,2367,TARSONS,EQ,41317,17324,41.93
20,2368,TASTYBITE,EQ,7826,2799,35.77
20,2369,TATACHEM,EQ,1122721,625285,55.69
20,2370,TATACOMM,EQ,146076,55132,37.74
20,2371,TATACONSUM,EQ,702848,337058,47.96
20,2372,TATAELXSI,EQ,91944,38424,41.79
20,2373,TATAGOLD,EQ,3906180,2804427,71.79
20,2374,TATAINVEST,EQ,19333,7403,38.29
20,2375,TATAMOTORS,EQ,9956101,4873913,48.95
20,2376,TATAPOWER,EQ,3436674,1112117,32.36
20,2377,TATASTEEL,EQ,20571916,8299727,40.34
20,2378,TATATECH,EQ,600235,311681,51.93
20,2379,TATSILV,EQ,593194,466711,78.68
20,2380,TATVA,EQ,11582,6826,58.94
20,2381,TBI,SM,37200,36600,98.39
20,2382,TBOTEK,EQ,216922,184248,84.94
20,2383,TBZ,EQ,220586,79860,36.20
20,2384,TCHF30,NB,50,50,100.00
20,2385,TCI,EQ,5739,1775,30.93
20,2386,TCIEXP,EQ,12853,6270,48.78
20,2387,TCL,SM,32800,22400,68.29
20,2388,TCLCONS,EQ,324355,229302,70.69
20,2389,TCPLPACK,EQ,10469,4094,39.11
20,2390,TCS,EQ,1287799,844130,65.55
20,2391,TDPOWERSYS,EQ,674054,252746,37.50
20,2392,TEAMLEASE,EQ,34942,32168,92.06
20,2393,TECH,EQ,3679,3080,83.72
20,2394,TECHERA,ST,68800,65600,95.35
20,2395,TECHLABS,ST,48125,32625,67.79
20,2396,TECHM,EQ,4856268,2436158,50.17
20,2397,TECHNOE,EQ,205834,63144,30.68
20,2398,TECILCHEM,EQ,8455,6836,80.85
20,2399,TEGA,EQ,12652,7871,62.21
20,2400,TEJASNET,EQ,2577551,372611,14.46
20,2401,TEXINFRA,EQ,246991,109464,44.32
20,2402,TEXMOPIPES,EQ,50404,37257,73.92
20,2403,TEXRAIL,EQ,1703244,436034,25.60
20,2404,TFCILTD,EQ,330380,174820,52.91
20,2405,TGBHOTELS,EQ,38811,25893,66.72
20,2406,TGL,ST,26800,25000,93.28
20,2407,THANGAMAYL,EQ,17856,7048,39.47
20,2408,THEINVEST,EQ,6507,3201,49.19
20,2409,THEJO,EQ,4475,3465,77.43
20,2410,THEMISMED,EQ,49470,27535,55.66
20,2411,THERMAX,EQ,103036,42850,41.59
20,2412,THESL,ST,12000,9000,75.00
20,2413,THOMASCOOK,EQ,572607,337487,58.94
20,2414,THYROCARE,EQ,55644,33286,59.82
20,2415,TI,EQ,656268,200107,30.49
20,2416,TIIL,EQ,3362,2462,73.23
20,2417,TIINDIA,EQ,239574,150842,62.96
20,2418,TIL,EQ,6026,4414,73.25
20,2419,TIMETECHNO,EQ,1030822,285164,27.66
20,2420,TIMKEN,EQ,13030,6913,53.05
20,2421,TIPSMUSIC,EQ,203540,92858,45.62
20,2422,TIRUMALCHM,EQ,247951,108362,43.70
20,2423,TIRUPATI,SM,4500,4500,100.00
20,2424,TITAGARH,EQ,1205584,239967,19.90
20,2425,TITAN,EQ,722342,369330,51.13
20,2426,TMB,EQ,53141,31016,58.37
20,2427,TNIDETF,EQ,15826,12322,77.86
20,2428,TNPETRO,EQ,220925,80041,36.23
20,2429,TNPL,EQ,302629,127472,42.12
20,2430,TOKYOPLAST,EQ,1940,1325,68.30
20,2431,TOLINS,EQ,66111,33951,51.35
20,2432,TOP100CASE,EQ,375547,320933,85.46
20,2433,TOP10ADD,EQ,62734,56148,89.50
20,2434,TORNTPHARM,EQ,187128,122629,65.53
20,2435,TORNTPOWER,EQ,276280,84127,30.45
20,2436,TOTAL,EQ,23723,16836,70.97
20,2437,TOUCHWOOD,EQ,1476,762,51.63
20,2438,TPLPLASTEH,EQ,147448,29508,20.01
20,2439,TRACXN,EQ,163409,78412,47.99
20,2440,TRANSRAILL,EQ,1863438,368937,19.80
20,2441,TRANSTEEL,ST,56000,50000,89.29
20,2442,TRANSWORLD,EQ,48580,26614,54.78
20,2443,TREJHARA,EQ,12243,5961,48.69
20,2444,TREL,EQ,158586,86440,54.51
20,2445,TRENT,EQ,909757,557267,61.25
20,2446,TRF,EQ,17139,9041,52.75
20,2447,TRIDENT,EQ,3838679,1094465,28.51
20,2448,TRIDHYA,SM,6000,6000,100.00
20,2449,TRIGYN,EQ,161564,107535,66.56
20,2450,TRITURBINE,EQ,1206750,166035,13.76
20,2451,TRIVENI,EQ,1359953,313724,23.07
20,2452,TROM,SM,13200,7800,59.09
20,2453,TRUST,SM,26400,19800,75.00
20,2454,TTKHLTCARE,EQ,2291,1832,79.97
20,2455,TTKPRESTIG,EQ,14920,4829,32.37
20,2456,TTML,EQ,86867431,6081238,7.00
20,2457,TUNWAL,SM,260000,194000,74.62
20,2458,TVSELECT,EQ,124327,29992,24.12
20,2459,TVSHLTD,EQ,1957,1064,54.37
20,2460,TVSMOTOR,EQ,684192,422759,61.79
20,2461,TVSSCS,EQ,231304,63637,27.51
20,2462,TVSSRICHAK,EQ,2441,1533,62.80
20,2463,TVTODAY,EQ,77545,36670,47.29
20,2464,UBL,EQ,932221,312649,33.54
20,2465,UCOBANK,EQ,8592601,2103611,24.48
20,2466,UDAICEMENT,EQ,448207,345914,77.18
20,2467,UDS,EQ,248861,85205,34.24
20,2468,UFLEX,EQ,29959,16614,55.46
20,2469,UFO,EQ,90059,55864,62.03
20,2470,UGARSUGAR,EQ,2351153,517198,22.00
20,2471,UGROCAP,EQ,130502,75384,57.76
20,2472,UHTL,ST,12000,8000,66.67
20,2473,UJJIVANSFB,EQ,3983568,2076869,52.14
20,2474,ULTRACEMCO,EQ,332061,208604,62.82
20,2475,UMA,SM,20000,16000,80.00
20,2476,UMAEXPORTS,EQ,432087,101697,23.54
20,2477,UMESLTD,EQ,21415,12620,58.93
20,2478,UNICHEMLAB,EQ,6229,2592,41.61
20,2479,UNIDT,EQ,10946,4001,36.55
20,2480,UNIECOM,EQ,254212,86752,34.13
20,2481,UNIENTER,EQ,17704,7151,40.39
20,2482,UNIHEALTH,SM,1000,1000,100.00
20,2483,UNIINFO,EQ,7751,4276,55.17
20,2484,UNILEX,SM,4800,4800,100.00
20,2485,UNIMECH,EQ,214291,58353,27.23
20,2486,UNIONBANK,EQ,12915935,6356877,49.22
20,2487,UNIPARTS,EQ,32904,22055,67.03
20,2488,UNITDSPR,EQ,1610101,1031054,64.04
20,2489,UNITEDTEA,EQ,2935,1921,65.45
20,2490,UNIVCABLES,EQ,45158,19457,43.09
20,2491,UNOMINDA,EQ,894653,473601,52.94
20,2492,UPL,EQ,812869,340820,41.93
20,2493,UPLPP,E1,699245,477918,68.35
20,2494,URAVIDEF,EQ,8444,6532,77.36
20,2495,URBAN,ST,5200,5200,100.00
20,2496,USASEEDS,SM,300,300,100.00
20,2497,USHAFIN,SM,4000,3200,80.00
20,2498,USHAMART,EQ,329904,108048,32.75
20,2499,USK,EQ,54451,31652,58.13
20,2500,UTIAMC,EQ,74872,29045,38.79
20,2501,UTIBANKETF,EQ,217616,148265,68.13
20,2502,UTINEXT50,EQ,64483,37500,58.15
20,2503,UTINIFTETF,EQ,20812,15494,74.45
20,2504,UTISENSETF,EQ,1281,960,74.94
20,2505,UTISXN50,EQ,3931,3473,88.35
20,2506,UTKARSHBNK,EQ,1318089,750110,56.91
20,2507,UTSSAV,ST,100800,90600,89.88
20,2508,UTTAMSUGAR,EQ,186424,59691,32.02
20,2509,UWCSL,ST,2000,2000,100.00
20,2510,UYFINCORP,EQ,475509,156127,32.83
20,2511,VADILALIND,EQ,6185,3763,60.84
20,2512,VAIBHAVGBL,EQ,261964,92949,35.48
20,2513,VAKRANGEE,EQ,5332132,2006027,37.62
20,2514,VAL30IETF,EQ,193803,116850,60.29
20,2515,VALIANTLAB,EQ,18351,8028,43.75
20,2516,VALIANTORG,EQ,27363,15851,57.93
20,2517,VARDHACRLC,EQ,23990,12884,53.71
20,2518,VARROC,EQ,78567,24384,31.04
20,2519,VASCONEQ,EQ,431122,191071,44.32
20,2520,VASWANI,EQ,545573,129075,23.66
20,2521,VBL,EQ,5206204,3150758,60.52
20,2522,VDEAL,SM,34800,33600,96.55
20,2523,VEDL,EQ,4806736,1975938,41.11
20,2524,VEDL,T0,1,1,100.00
20,2525,VEEDOL,EQ,8232,4081,49.57
20,2526,VELS,SM,3600,3600,100.00
20,2527,VENKEYS,EQ,10563,4509,42.69
20,2528,VENTIVE,EQ,232802,73319,31.49
20,2529,VENUSPIPES,EQ,70499,23037,32.68
20,2530,VENUSREM,EQ,11200,7161,63.94
20,2531,VERANDA,EQ,55834,34313,61.46
20,2532,VERITAAS,SM,2400,2400,100.00
20,2533,VERTOZ,EQ,1291707,791589,61.28
20,2534,VESUVIUS,EQ,5206,2315,44.47
20,2535,VETO,EQ,252371,128241,50.81
20,2536,VGUARD,EQ,302910,150131,49.56
20,2537,VHL,EQ,697,430,61.69
20,2538,VIDHIING,EQ,228450,53897,23.59
20,2539,VIESL,SM,77600,54400,70.10
20,2540,VIJAYA,EQ,381231,226670,59.46
20,2541,VIKASECO,EQ,2182955,1370449,62.78
20,2542,VIKASLIFE,EQ,2341362,1378723,58.89
20,2543,VILAS,ST,15750,12750,80.95
20,2544,VILINBIO,SM,180000,88000,48.89
20,2545,VIMTALABS,EQ,50855,20270,39.86
20,2546,VINATIORGA,EQ,10027,5047,50.33
20,2547,VINCOFE,EQ,128871,69598,54.01
20,2548,VINDHYATEL,EQ,8103,5289,65.27
20,2549,VINEETLAB,EQ,58747,34092,58.03
20,2550,VINSYS,SM,17500,16500,94.29
20,2551,VINYAS,ST,2000,2000,100.00
20,2552,VINYLINDIA,EQ,16895,11581,68.55
20,2553,VIPCLOTHNG,EQ,104789,70128,66.92
20,2554,VIPIND,EQ,298417,135254,45.32
20,2555,VIRINCHI,EQ,330830,212667,64.28
20,2556,VISAKAIND,EQ,111324,74353,66.79
20,2557,VISAMAN,SM,39000,39000,100.00
20,2558,VISHNU,EQ,202568,138988,68.61
20,2559,VISHNUINFR,SM,18000,17000,94.44
20,2560,VISHWARAJ,EQ,1307014,532834,40.77
20,2561,VISHWAS,SM,14400,14400,100.00
20,2562,VITAL,SM,7200,7200,100.00
20,2563,VIVIANA,ST,5500,4625,84.09
20,2564,VIVIDHA,EQ,470733,401725,85.34
20,2565,VLEGOV,EQ,615385,419663,68.20
20,2566,VLINFRA,ST,16500,12000,72.73
20,2567,VLSFINANCE,EQ,27084,10752,39.70
20,2568,VMARCIND,ST,47250,46500,98.41
20,2569,VMART,EQ,187884,60854,32.39
20,2570,VMM,EQ,16870634,6641250,39.37
20,2571,VOLTAMP,EQ,23741,13681,57.63
20,2572,VOLTAS,EQ,1419203,630443,44.42
20,2573,VPRPL,EQ,481874,153168,31.79
20,2574,VR,ST,5200,5200,100.00
20,2575,VRAJ,EQ,42250,21048,49.82
20,2576,VRLLOG,EQ,26808,15630,58.30
20,2577,VSSL,EQ,27576,14213,51.54
20,2578,VSTIND,EQ,501442,165287,32.96
20,2579,VSTL,EQ,6469,4347,67.20
20,2580,VSTTILLERS,EQ,2090,1186,56.75
20,2581,VTL,EQ,173858,48899,28.13
20,2582,WAAREEENER,EQ,543690,132696,24.41
20,2583,WABAG,EQ,150050,65858,43.89
20,2584,WALCHANNAG,EQ,452179,145239,32.12
20,2585,WALPAR,SM,2000,2000,100.00
20,2586,WCIL,EQ,182778,77855,42.60
20,2587,WEIZMANIND,EQ,22660,10156,44.82
20,2588,WEL,EQ,1221100,463305,37.94
20,2589,WELCORP,EQ,562680,321362,57.11
20,2590,WELENT,EQ,100697,43573,43.27
20,2591,WELINV,EQ,984,547,55.59
20,2592,WELSPUNLIV,EQ,925614,319167,34.48
20,2593,WENDT,EQ,144,74,51.39
20,2594,WESTLIFE,EQ,258006,98851,38.31
20,2595,WEWIN,EQ,18532,16726,90.25
20,2596,WHEELS,EQ,11295,7584,67.14
20,2597,WHIRLPOOL,EQ,74537,43212,57.97
20,2598,WILLAMAGOR,EQ,10299,8329,80.87
20,2599,WINDLAS,EQ,34653,17460,50.39
20,2600,WINDMACHIN,EQ,101860,60901,59.79
20,2601,WINNY,ST,1500,1500,100.00
20,2602,WINSOL,SM,10400,7600,73.08
20,2603,WIPRO,EQ,39380165,14224370,36.12
20,2604,WOCKPHARMA,EQ,215323,105909,49.19
20,2605,WOL3D,SM,2000,2000,100.00
20,2606,WOMANCART,ST,1600,1600,100.00
20,2607,WONDERLA,EQ,285971,64932,22.71
20,2608,WORTH,EQ,270930,86827,32.05
20,2609,WSI,EQ,59594,27288,45.79
20,2610,WSTCSTPAPR,EQ,50979,21169,41.52
20,2611,WTICAB,ST,17500,17000,97.14
20,2612,XCHANGING,EQ,67454,33588,49.79
20,2613,XELPMOC,EQ,8177,5417,66.25
20,2614,XPROINDIA,EQ,15832,7950,50.21
20,2615,XTGLOBAL,EQ,23327,13970,59.89
20,2616,YASHO,EQ,2157,1055,48.91
20,2617,YASHOPTICS,SM,32000,28800,90.00
20,2618,YATHARTH,EQ,1976536,1197251,60.57
20,2619,YATRA,EQ,110999,50326,45.34
20,2620,YCCL,SM,6000,6000,100.00
20,2621,YESBANK,EQ,108954125,27947650,25.65
20,2622,YUDIZ,SM,12800,9600,75.00
20,2623,YUKEN,EQ,10008,5850,58.45
20,2624,ZAGGLE,EQ,270163,137802,51.01
20,2625,ZEAL,SM,23400,18600,79.49
20,2626,ZEEL,EQ,7653484,4421216,57.77
20,2627,ZEELEARN,EQ,1803926,875694,48.54
20,2628,ZEEMEDIA,EQ,1204994,898065,74.53
20,2629,ZENITHDRUG,ST,5600,5600,100.00
20,2630,ZENITHEXPO,EQ,785,679,86.50
20,2631,ZENITHSTL,EQ,858801,400108,46.59
20,2632,ZENSARTECH,EQ,215132,72341,33.63
20,2633,ZENTEC,EQ,499579,213527,42.74
20,2634,ZFCVINDIA,EQ,11911,8186,68.73
20,2635,ZIMLAB,EQ,49153,25498,51.87
20,2636,ZODIAC,EQ,15542,7634,49.12
20,2637,ZODIACLOTH,EQ,9628,4222,43.85
20,2638,ZOMATO,EQ,102666319,42094753,41.00
20,2639,ZOTA,EQ,195430,26922,13.78
20,2640,ZTECH,ST,29700,29100,97.98
20,2641,ZUARI,EQ,449571,214961,47.81
20,2642,ZUARIIND,EQ,28580,15147,53.00
20,2643,ZYDUSLIFE,EQ,523731,243796,46.55
20,2644,ZYDUSWELL,EQ,8726,4799,55.00
