Security Wise Delivery Position - Compulsory Rolling Settlement
10,MTO,21012025,1185112525,0002612
Trade Date <21-JAN-2025>,Settlement Type <N>
Record Type,Sr No,Name of Security,Quantity Traded,Deliverable Quantity(gross across client level),% of Deliverable Quantity to Traded Quantity
20,1,1003IIFL29,NC,3,3,100.00
20,2,1003SCL30A,NV,35,35,100.00
20,3,1003SCL31,ZQ,50,50,100.00
20,4,1003SFIL28,NX,1,1,100.00
20,5,1015ECL29,NR,740,740,100.00
20,6,1015UCL26,N1,10,10,100.00
20,7,1018GS2026,GS,2517,2517,100.00
20,8,1025SCL34B,N1,10,10,100.00
20,9,1025UCL25,N8,4,4,100.00
20,10,1030SFIL26,NJ,20,20,100.00
20,11,1035UCL26,NA,10,10,100.00
20,12,1040UCL25,N4,50,50,100.00
20,13,1040UCL27B,N1,120,120,100.00
20,14,1050ISFL28,N5,8,7,87.50
20,15,105IIFL29,N7,581,461,79.35
20,16,1060ECL29,NS,325,274,84.31
20,17,1065NFL27,NC,202,202,100.00
20,18,10IFSL26,N7,10,10,100.00
20,19,10IIFL28,N4,16,16,100.00
20,20,10IIFL28A,NE,391,374,95.65
20,21,10ISFL26,N3,82,82,100.00
20,22,10NIDO26,N6,400,400,100.00
20,23,119VCCL26,N0,1,1,100.00
20,24,11UCL26,NC,13,13,100.00
20,25,12VCCL27,N0,1,1,100.00
20,26,182D010525,TB,100,100,100.00
20,27,182D050625,TB,600,500,83.33
20,28,182D150525,TB,2000,2000,100.00
20,29,182D200225,TB,100,100,100.00
20,30,182D270625,TB,100,100,100.00
20,31,20MICRONS,EQ,399496,144018,36.05
20,32,360ONE,EQ,316825,152715,48.20
20,33,364D110425,TB,2000,2000,100.00
20,34,364D161025,TB,200,200,100.00
20,35,364D231025,TB,1900,1900,100.00
20,36,3IINFOLTD,EQ,831316,353374,42.51
20,37,3MINDIA,EQ,8185,4305,52.60
20,38,563GS2026,GS,2,1,50.00
20,39,574GS2026,GS,4,2,50.00
20,40,5PAISA,EQ,24872,12324,49.55
20,41,622GS2035,GS,2,2,100.00
20,42,63MOONS,EQ,283975,149407,52.61
20,43,654GS2032,GS,1975,1955,98.99
20,44,664GS2027,GS,100,100,100.00
20,45,667GS2035,GS,103,103,100.00
20,46,675GS2029,GS,200,200,100.00
20,47,676GS2061,GS,14,13,92.86
20,48,679GS2034A,GS,2,2,100.00
20,49,68GS2060,GS,151,151,100.00
20,50,692GS2039,GS,100,100,100.00
20,51,698GR2054,GS,200,200,100.00
20,52,702GS2031,GS,1001,1000,99.90
20,53,704GS2029,GS,100,100,100.00
20,54,706GS2028,GS,801,801,100.00
20,55,709GS2054,GS,300,300,100.00
20,56,709GS2074,GS,1520,1520,100.00
20,57,710GS2029,GS,20351,18350,90.17
20,58,717GS2030,GS,10302,10001,97.08
20,59,718GS2037,GS,1860,1360,73.12
20,60,719GS2060,GS,3,3,100.00
20,61,71GS2034,GS,200,200,100.00
20,62,725GS2063,GS,3215,2951,91.79
20,63,726GS2032,GS,150,150,100.00
20,64,727GS2026,GS,2,1,50.00
20,65,728IRFC30,NG,101,101,100.00
20,66,732GS2030,GS,2500,2400,96.00
20,67,732IRFC25,NI,274,274,100.00
20,68,733GS2026,GS,1400,1400,100.00
20,69,734GS2064,GS,5358,4358,81.34
20,70,734IRFC28,N4,1,1,100.00
20,71,736GS2052,GS,403,400,99.26
20,72,736NTPC25D,NB,50,50,100.00
20,73,737GS2028,GS,18075,18075,100.00
20,74,737NTPC35C,NA,4,4,100.00
20,75,738GS2027,GS,103679,97075,93.63
20,76,739NHAI26,N8,2208,1208,54.71
20,77,73GS2053,GS,6150,6150,100.00
20,78,741GS2036,GS,11002,6002,54.55
20,79,744JK53,SG,500,500,100.00
20,80,746GS2073,GS,6851,6851,100.00
20,81,74GS2062,GS,229,228,99.56
20,82,750IRFC35,NK,348,325,93.39
20,83,751HUDCO28,N5,5084,5084,100.00
20,84,753IRFC30,NJ,1117,721,64.55
20,85,754GS2036,GS,288102,269572,93.57
20,86,764HUDCO31,N8,50,50,100.00
20,87,764IRFC31,NO,1770,1443,81.53
20,88,764NABAR31,N2,1063,1010,95.01
20,89,769NHAI31,NE,10,9,90.00
20,90,76IGT26,ND,194,194,100.00
20,91,76NHAI31,NA,2497,1872,74.97
20,92,78ABFL33,N4,4,4,100.00
20,93,79NHIT40,N2,1166,1166,100.00
20,94,79NHIT47,N3,31,31,100.00
20,95,810IRFC27,N2,319,225,70.53
20,96,812REC27,NI,220,200,90.91
20,97,81TCHF28,N8,200,100,50.00
20,98,824GS2027,GS,472,472,100.00
20,99,828GS2032,GS,897,897,100.00
20,100,82HUDCO27,N2,1500,1500,100.00
20,101,830NHAI27,N2,1025,1000,97.56
20,102,830PFCL27,N5,6146,6096,99.19
20,103,833GS2026,GS,3186,2696,84.62
20,104,835IFL25,NV,892,500,56.05
20,105,842IIFL26,NL,982,780,79.43
20,106,843IHFL29,NC,118,100,84.75
20,107,847SCL25,Z2,25,25,100.00
20,108,848NTPC28,N2,3,3,100.00
20,109,849NTPC25,N7,305190,103976,34.07
20,110,862REC33,NA,15,15,100.00
20,111,865IFL28,NZ,59,59,100.00
20,112,865IHFL27,N1,50,50,100.00
20,113,865IIFL28,NS,112,112,100.00
20,114,865IRFC29,NA,1,1,100.00
20,115,865LTF26,NN,1,1,100.00
20,116,865TCAPS27,N8,50,50,100.00
20,117,867NHPC33,N3,1846,823,44.58
20,118,871REC28,N9,185,185,100.00
20,119,873NTPC28,N5,274,137,50.00
20,120,875IIFL26,NM,100,100,100.00
20,121,875PCHFL26,N8,100,100,100.00
20,122,875SFL27,ZF,15,15,100.00
20,123,880IREDA29,N5,300,300,100.00
20,124,885IHL26,N1,10,10,100.00
20,125,885MOFSL26,N0,38,20,52.63
20,126,886REC34,NG,68,68,100.00
20,127,888ERFL28,N5,5,5,100.00
20,128,888IRFC29,NE,64,64,100.00
20,129,888REC29,NF,200,200,100.00
20,130,891IIFCL34,N4,714,410,57.42
20,131,891NTPC33,N6,3528,1611,45.66
20,132,892PFCL33,N8,30,30,100.00
20,133,897GS2030,GS,6696,6696,100.00
20,134,897MOFSL29,N4,50,50,100.00
20,135,89IHFL29,N1,85,85,100.00
20,136,901HUDCO34,NE,381,296,77.69
20,137,901NHB34,N6,348,118,33.91
20,138,910TCAP28,NA,850,550,64.71
20,139,915SCL26,NE,3247,3247,100.00
20,140,916SCL25,ZW,5,5,100.00
20,141,91D060325,TB,700,500,71.43
20,142,91D280325,TB,300,300,100.00
20,143,91MOFSL27,N2,100,100,100.00
20,144,920PEL28,N2,128,100,78.13
20,145,925ERFL28,N6,1553,1553,100.00
20,146,925SCL25C,AR,10,10,100.00
20,147,92GS2030,GS,22109,22109,100.00
20,148,92SFIL28,ND,65,40,61.54
20,149,935MOFSL29,N5,50,50,100.00
20,150,935TSI34,N0,20,20,100.00
20,151,935TSIIC33,N0,6,6,100.00
20,152,93MOFSL34,N6,4,2,50.00
20,153,945IFSL25,N4,54,54,100.00
20,154,948SCL26A,NN,10,9,90.00
20,155,948SCL26I,AX,50,50,100.00
20,156,94IFCI25,NL,30,30,100.00
20,157,956AEL29,N6,95,95,100.00
20,158,957NIDO26,N5,31,31,100.00
20,159,960CAGL25,N3,4,4,100.00
20,160,960ISFL25,N1,1,1,100.00
20,161,965AEL27,N4,200,200,100.00
20,162,965SCL26Y,N1,24,20,83.33
20,163,96IIFL28,N5,302,302,100.00
20,164,96IIFL28A,NF,628,579,92.20
20,165,970CAGL28,ND,15,15,100.00
20,166,97MOFSL34,N7,40,40,100.00
20,167,97SFL26,Z9,10,10,100.00
20,168,97SFL28,YS,250,150,60.00
20,169,97SFL29,YZ,1162,1007,86.66
20,170,985ECL28,NK,919,919,100.00
20,171,985IIFL22,NC,500,500,100.00
20,172,98SFIL26,NU,50,50,100.00
20,173,990SCFL26,AJ,74,45,60.81
20,174,990SCL26,N7,157,157,100.00
20,175,990SCL26D,AH,26,26,100.00
20,176,99AEL29,N7,405,405,100.00
20,177,9MMFSML,N2,5,5,100.00
20,178,9SCL25,YM,99,99,100.00
20,179,AAATECH,EQ,16407,8876,54.10
20,180,AADHARHFC,EQ,556453,166330,29.89
20,181,AAKASH,EQ,1409204,649679,46.10
20,182,AARON,EQ,19309,7348,38.05
20,183,AARTIDRUGS,EQ,136976,54709,39.94
20,184,AARTIIND,EQ,8709687,2391252,27.46
20,185,AARTIPHARM,EQ,239328,100491,41.99
20,186,AARTISURF,EQ,4141,2476,59.79
20,187,AARVI,EQ,3826,1722,45.01
20,188,AATMAJ,SM,12000,10000,83.33
20,189,AAVAS,EQ,600256,367973,61.30
20,190,ABAN,EQ,81546,46874,57.48
20,191,ABB,EQ,337700,182511,54.05
20,192,ABBOTINDIA,EQ,9128,3902,42.75
20,193,ABCAPITAL,EQ,2495332,1174140,47.05
20,194,ABCOTS,ST,3500,2000,57.14
20,195,ABDL,EQ,282956,118270,41.80
20,196,ABFRL,EQ,2286924,906609,39.64
20,197,ABGSEC,EQ,10,10,100.00
20,198,ABHAPOWER,ST,32000,27200,85.00
20,199,ABINFRA,EQ,73794,7767,10.53
20,200,ABREL,EQ,252447,73615,29.16
20,201,ABSLAMC,EQ,136798,55024,40.22
20,202,ABSLBANETF,EQ,30983,27983,90.32
20,203,ABSLLIQUID,EQ,1064,917,86.18
20,204,ABSLNN50ET,EQ,28097,25017,89.04
20,205,ABSLPSE,EQ,405258,278424,68.70
20,206,ABSMARINE,SM,27500,19000,69.09
20,207,ACC,EQ,325340,93318,28.68
20,208,ACCELYA,EQ,6733,3390,50.35
20,209,ACCENTMIC,SM,12000,8500,70.83
20,210,ACCURACY,EQ,149443,102770,68.77
20,211,ACE,EQ,169513,57998,34.21
20,212,ACEINTEG,EQ,10103,5490,54.34
20,213,ACI,EQ,147083,91338,62.10
20,214,ACL,EQ,134178,61862,46.10
20,215,ACLGATI,EQ,224521,105557,47.01
20,216,ACMESOLAR,EQ,739340,384149,51.96
20,217,ADANIENSOL,EQ,3026174,828941,27.39
20,218,ADANIENT,EQ,1206512,448778,37.20
20,219,ADANIGREEN,EQ,1985986,450950,22.71
20,220,ADANIPORTS,EQ,3134022,1207290,38.52
20,221,ADANIPOWER,EQ,3947487,678926,17.20
20,222,ADFFOODS,EQ,158931,70790,44.54
20,223,ADL,EQ,5085,2140,42.08
20,224,ADORWELD,EQ,8622,3410,39.55
20,225,ADSL,EQ,467040,132028,28.27
20,226,ADVANIHOTR,EQ,24389,11493,47.12
20,227,ADVENZYMES,EQ,281179,228274,81.18
20,228,AEGISLOG,EQ,869416,230949,26.56
20,229,AEROFLEX,EQ,2077315,769345,37.04
20,230,AERON,SM,65000,40000,61.54
20,231,AESTHETIK,SM,44000,26000,59.09
20,232,AETHER,EQ,92026,30036,32.64
20,233,AFCONS,EQ,1013586,319558,31.53
20,234,AFFLE,EQ,165716,71428,43.10
20,235,AFFORDABLE,EQ,9943,6333,63.69
20,236,AFIL,EQ,314990,142046,45.10
20,237,AGARIND,EQ,12767,5861,45.91
20,238,AGARWALFT,SM,30000,27000,90.00
20,239,AGARWALTUF,SM,56400,39600,70.21
20,240,AGI,EQ,987228,239816,24.29
20,241,AGIIL,EQ,4239,2567,60.56
20,242,AGNI,SM,12500,7500,60.00
20,243,AGRITECH,EQ,7612,3229,42.42
20,244,AGROPHOS,EQ,34726,13552,39.03
20,245,AGSTRA,EQ,294991,120345,40.80
20,246,AGUL,SM,4000,4000,100.00
20,247,AHIMSA,ST,3000,3000,100.00
20,248,AHL,EQ,320976,218981,68.22
20,249,AHLADA,EQ,17265,11696,67.74
20,250,AHLEAST,EQ,50126,34969,69.76
20,251,AHLUCONT,EQ,113263,62431,55.12
20,252,AIAENG,EQ,42391,21862,51.57
20,253,AIIL,EQ,72270,27463,38.00
20,254,AILIMITED,ST,6000,6000,100.00
20,255,AIMTRON,SM,47200,37200,78.81
20,256,AIRAN,EQ,386345,154477,39.98
20,257,AIROLAM,EQ,5328,2246,42.15
20,258,AIRTELPP,E1,81276,58588,72.09
20,259,AJANTPHARM,EQ,66325,25825,38.94
20,260,AJMERA,EQ,73243,26926,36.76
20,261,AJOONI,EQ,554351,390396,70.42
20,262,AKANKSHA,ST,56000,43000,76.79
20,263,AKASH,EQ,4707,3345,71.06
20,264,AKG,EQ,12130,7824,64.50
20,265,AKIKO,SM,203200,86400,42.52
20,266,AKSHARCHEM,EQ,3967,2500,63.02
20,267,AKUMS,EQ,144609,47127,32.59
20,268,AKZOINDIA,EQ,13925,6113,43.90
20,269,ALANKIT,EQ,547229,309141,56.49
20,270,ALBERTDAVD,EQ,6178,3169,51.29
20,271,ALEMBICLTD,EQ,315826,150989,47.81
20,272,ALICON,EQ,25757,14592,56.65
20,273,ALIVUS,EQ,704866,191442,27.16
20,274,ALKALI,EQ,15651,8995,57.47
20,275,ALKEM,EQ,42800,20081,46.92
20,276,ALKYLAMINE,EQ,36575,10999,30.07
20,277,ALLCARGO,EQ,1506541,656107,43.55
20,278,ALLDIGI,EQ,39550,21222,53.66
20,279,ALLETEC,ST,16800,14800,88.10
20,280,ALOKINDS,EQ,5279028,1596744,30.25
20,281,ALPA,EQ,136823,64387,47.06
20,282,ALPEXSOLAR,SM,42400,28000,66.04
20,283,ALPHA,EQ,2220202,1748907,78.77
20,284,ALPHAETF,EQ,2129707,1473879,69.21
20,285,ALPHAGEO,EQ,16487,7769,47.12
20,286,ALPL30IETF,EQ,748700,418022,55.83
20,287,ALUWIND,SM,144000,114000,79.17
20,288,AMBER,EQ,656441,167398,25.50
20,289,AMBEY,SM,4000,4000,100.00
20,290,AMBICAAGAR,EQ,22384,6205,27.72
20,291,AMBIKCO,EQ,7121,3678,51.65
20,292,AMBUJACEM,EQ,2560552,760943,29.72
20,293,AMDIND,EQ,3559,1749,49.14
20,294,AMEYA,SM,1000,1000,100.00
20,295,AMIORG,EQ,256006,130021,50.79
20,296,AMJLAND,EQ,46185,21540,46.64
20,297,AMNPLST,EQ,413889,42983,10.39
20,298,AMRUTANJAN,EQ,15570,9798,62.93
20,299,ANANDRATHI,EQ,63164,30267,47.92
20,300,ANANTRAJ,EQ,1931163,579361,30.00
20,301,ANDHRAPAP,EQ,110528,40189,36.36
20,302,ANDHRSUGAR,EQ,109322,43191,39.51
20,303,ANGELONE,EQ,1096699,188429,17.18
20,304,ANIKINDS,EQ,20641,17772,86.10
20,305,ANLON,SM,4000,3200,80.00
20,306,ANMOL,EQ,77454,44228,57.10
20,307,ANNAPURNA,SM,29000,21000,72.41
20,308,ANTGRAPHIC,EQ,224326,205760,91.72
20,309,ANUHPHR,EQ,29341,13382,45.61
20,310,ANUP,EQ,22199,7011,31.58
20,311,ANURAS,EQ,44357,10313,23.25
20,312,ANYA,SM,4330000,1580000,36.49
20,313,APARINDS,EQ,72084,43640,60.54
20,314,APCL,EQ,8902,5138,57.72
20,315,APCOTEXIND,EQ,24967,17098,68.48
20,316,APEX,EQ,52060,18426,35.39
20,317,APEXECO,SM,126400,54400,43.04
20,318,APLAPOLLO,EQ,1333837,374129,28.05
20,319,APLLTD,EQ,98832,39204,39.67
20,320,APOLLO,EQ,21772584,4752084,21.83
20,321,APOLLOHOSP,EQ,799900,263567,32.95
20,322,APOLLOPIPE,EQ,268269,112900,42.08
20,323,APOLLOTYRE,EQ,1474758,507394,34.41
20,324,APOLSINHOT,EQ,2149,1597,74.31
20,325,APRAMEYA,ST,20000,20000,100.00
20,326,APS,SM,51250,35250,68.78
20,327,APTECHT,EQ,463387,120005,25.90
20,328,APTUS,EQ,229711,130200,56.68
20,329,ARABIAN,SM,12000,10000,83.33
20,330,ARCHIDPLY,EQ,60088,30957,51.52
20,331,ARCHIES,EQ,19937,15741,78.95
20,332,ARE&M,EQ,556879,306589,55.05
20,333,ARHAM,SM,15000,11000,73.33
20,334,ARIHANTACA,ST,800,800,100.00
20,335,ARIHANTCAP,EQ,329983,165140,50.05
20,336,ARIHANTSUP,EQ,71543,24343,34.03
20,337,ARISTO,ST,1600,1600,100.00
20,338,ARKADE,EQ,1744600,755529,43.31
20,339,ARMANFIN,EQ,74859,29843,39.87
20,340,AROGRANITE,EQ,8934,5674,63.51
20,341,ARROWGREEN,EQ,24147,14872,61.59
20,342,ARTEMISMED,EQ,156423,75767,48.44
20,343,ARVEE,EQ,609,446,73.23
20,344,ARVIND,EQ,357415,165759,46.38
20,345,ARVINDFASN,EQ,210518,115707,54.96
20,346,ARVINDPORT,ST,21000,19500,92.86
20,347,ARVSMART,EQ,29325,13980,47.67
20,348,ASAHIINDIA,EQ,39072,18536,47.44
20,349,ASAHISONG,EQ,1091,571,52.34
20,350,ASAL,EQ,11826,4010,33.91
20,351,ASALCBR,EQ,56507,25925,45.88
20,352,ASHALOG,ST,16000,14000,87.50
20,353,ASHAPURMIN,EQ,794059,350786,44.18
20,354,ASHIANA,EQ,110810,31979,28.86
20,355,ASHOKA,EQ,1306290,417961,32.00
20,356,ASHOKAMET,EQ,45059,34198,75.90
20,357,ASHOKLEY,EQ,5895218,2772734,47.03
20,358,ASIANENE,EQ,90664,57318,63.22
20,359,ASIANPAINT,EQ,1410331,612397,43.42
20,360,ASIANTILES,EQ,390633,189012,48.39
20,361,ASKAUTOLTD,EQ,168038,82389,49.03
20,362,ASLIND,SM,6000,6000,100.00
20,363,ASMS,EQ,1632438,780429,47.81
20,364,ASPINWALL,EQ,27298,19654,72.00
20,365,ASPIRE,ST,6000,6000,100.00
20,366,ASTEC,EQ,5036,2393,47.52
20,367,ASTERDM,EQ,401892,234821,58.43
20,368,ASTRAL,EQ,533853,292748,54.84
20,369,ASTRAMICRO,EQ,160158,84037,52.47
20,370,ASTRAZEN,EQ,6076,1364,22.45
20,371,ASTRON,EQ,28779,16800,58.38
20,372,ATAM,EQ,55584,29786,53.59
20,373,ATFL,EQ,16554,7884,47.63
20,374,ATGL,EQ,695062,178680,25.71
20,375,ATL,EQ,327512,184936,56.47
20,376,ATMASTCO,ST,38400,37600,97.92
20,377,ATUL,EQ,21548,6939,32.20
20,378,ATULAUTO,EQ,30933,15097,48.81
20,379,AUBANK,EQ,1339636,544626,40.65
20,380,AURDIS,ST,1250,1250,100.00
20,381,AURIONPRO,EQ,25508,13477,52.83
20,382,AUROIMPEX,SM,9600,8000,83.33
20,383,AUROPHARMA,EQ,456278,166567,36.51
20,384,AURUM,EQ,108632,53165,48.94
20,385,AURUMPP1,E1,2517,2375,94.36
20,386,AUSL,SM,12000,8000,66.67
20,387,AUTOAXLES,EQ,4918,3117,63.38
20,388,AUTOBEES,EQ,218715,102678,46.95
20,389,AUTOIETF,EQ,620719,240847,38.80
20,390,AUTOIND,EQ,51609,28321,54.88
20,391,AVADHSUGAR,EQ,117903,44392,37.65
20,392,AVALON,EQ,865563,273220,31.57
20,393,AVANTEL,EQ,3047044,750577,24.63
20,394,AVANTIFEED,EQ,206302,74426,36.08
20,395,AVIANSH,ST,18000,14000,77.78
20,396,AVL,EQ,73602,36755,49.94
20,397,AVPINFRA,ST,3200,3200,100.00
20,398,AVTNPL,EQ,113722,80197,70.52
20,399,AWFIS,EQ,120283,53623,44.58
20,400,AWHCL,EQ,69055,31869,46.15
20,401,AWL,EQ,3354228,1810664,53.98
20,402,AXISBANK,EQ,11894500,6639347,55.82
20,403,AXISBNKETF,EQ,1069,953,89.15
20,404,AXISBPSETF,EQ,31242,25869,82.80
20,405,AXISCETF,EQ,1716,1404,81.82
20,406,AXISGOLD,EQ,1190386,1141547,95.90
20,407,AXISHCETF,EQ,5258,3876,73.72
20,408,AXISILVER,EQ,16159,11022,68.21
20,409,AXISNIFTY,EQ,13010,12244,94.11
20,410,AXISTECETF,EQ,922,454,49.24
20,411,AXITA,EQ,5969502,2012176,33.71
20,412,AXSENSEX,EQ,4309,2569,59.62
20,413,AYMSYNTEX,EQ,189234,113192,59.82
20,414,AZAD,EQ,107561,43481,40.42
20,415,BABAFP,SM,11200,11200,100.00
20,416,BAHETI,ST,29250,27375,93.59
20,417,BAIDFIN,EQ,308627,134528,43.59
20,418,BAJAJ-AUTO,EQ,343149,197481,57.55
20,419,BAJAJCON,EQ,139263,64051,45.99
20,420,BAJAJELEC,EQ,75636,37055,48.99
20,421,BAJAJFINSV,EQ,2008953,547897,27.27
20,422,BAJAJHCARE,EQ,508401,175087,34.44
20,423,BAJAJHFL,EQ,6500213,2894575,44.53
20,424,BAJAJHIND,EQ,6191586,1751516,28.29
20,425,BAJAJHLDNG,EQ,20940,10178,48.61
20,426,BAJEL,EQ,152975,66597,43.53
20,427,BAJFINANCE,EQ,1003206,417321,41.60
20,428,BALAJEE,EQ,70667,38975,55.15
20,429,BALAMINES,EQ,53089,13865,26.12
20,430,BALAXI,EQ,27069,14054,51.92
20,431,BALCO,ST,6000,6000,100.00
20,432,BALKRISHNA,EQ,36889,14507,39.33
20,433,BALKRISIND,EQ,497006,108247,21.78
20,434,BALMLAWRIE,EQ,125969,60677,48.17
20,435,BALPHARMA,EQ,17870,7198,40.28
20,436,BALRAMCHIN,EQ,939428,298185,31.74
20,437,BALUFORGE,EQ,191839,113977,59.41
20,438,BANARISUG,EQ,2001,1510,75.46
20,439,BANCOINDIA,EQ,165987,83412,50.25
20,440,BANDHANBNK,EQ,4290551,1437614,33.51
20,441,BANKA,EQ,13523,6142,45.42
20,442,BANKBARODA,EQ,5923042,2042605,34.49
20,443,BANKBEES,EQ,905963,368267,40.65
20,444,BANKBETF,EQ,284384,61397,21.59
20,445,BANKETF,EQ,12174,6125,50.31
20,446,BANKETFADD,EQ,6024,5014,83.23
20,447,BANKIETF,EQ,420679,195572,46.49
20,448,BANKINDIA,EQ,3640500,1012001,27.80
20,449,BANKNIFTY1,EQ,467914,448865,95.93
20,450,BANKPSU,EQ,3800,2228,58.63
20,451,BANSALWIRE,EQ,55080,29737,53.99
20,452,BANSWRAS,EQ,30019,20195,67.27
20,453,BARBEQUE,EQ,165523,82636,49.92
20,454,BARFLEX,ST,80000,80000,100.00
20,455,BASF,EQ,35645,14719,41.29
20,456,BASILIC,ST,24300,22500,92.59
20,457,BASML,EQ,70933,41826,58.97
20,458,BATAINDIA,EQ,116474,39922,34.28
20,459,BAWEJA,SM,10400,7200,69.23
20,460,BAYERCROP,EQ,24565,13804,56.19
20,461,BBETF0432,EQ,4515,4506,99.80
20,462,BBL,EQ,9031,4559,50.48
20,463,BBNPNBETF,EQ,876,821,93.72
20,464,BBNPPGOLD,EQ,1693,1569,92.68
20,465,BBOX,EQ,355250,203590,57.31
20,466,BBTC,EQ,24101,8961,37.18
20,467,BBTCL,EQ,460,300,65.22
20,468,BCLIND,EQ,577456,270616,46.86
20,469,BCONCEPTS,EQ,32088,14052,43.79
20,470,BDL,EQ,1218981,381357,31.28
20,471,BEACON,SM,32000,22000,68.75
20,472,BEARDSELL,EQ,39278,13184,33.57
20,473,BECTORFOOD,EQ,125296,105348,84.08
20,474,BEDMUTHA,EQ,9218,6325,68.62
20,475,BEL,EQ,13020489,5351782,41.10
20,476,BEML,EQ,176993,59929,33.86
20,477,BEPL,EQ,356173,139029,39.03
20,478,BERGEPAINT,EQ,2398969,1309946,54.60
20,479,BESTAGRO,EQ,19188,11462,59.74
20,480,BETA,SM,2000,1500,75.00
20,481,BEWLTD,ST,85500,81000,94.74
20,482,BFINVEST,EQ,18834,9347,49.63
20,483,BFSI,EQ,8079405,7818037,96.77
20,484,BHAGCHEM,EQ,30921,15812,51.14
20,485,BHAGERIA,EQ,17385,7074,40.69
20,486,BHAGYANGR,EQ,23380,12716,54.39
20,487,BHANDARI,EQ,373023,145178,38.92
20,488,BHARATFORG,EQ,986443,579012,58.70
20,489,BHARATGEAR,EQ,11578,5544,47.88
20,490,BHARATRAS,EQ,1892,998,52.75
20,491,BHARATWIRE,EQ,66909,25839,38.62
20,492,BHARTIARTL,EQ,7958844,4732364,59.46
20,493,BHARTIHEXA,EQ,203750,112705,55.32
20,494,BHEL,EQ,8267629,2192499,26.52
20,495,BHINVIT,IV,49804,40986,82.29
20,496,BIGBLOC,EQ,136537,54581,39.98
20,497,BIKAJI,EQ,143585,74644,51.99
20,498,BIKEWO,SM,28000,28000,100.00
20,499,BINANIIND,EQ,14496,7053,48.65
20,500,BIOCON,EQ,4681084,1416006,30.25
20,501,BIOFILCHEM,EQ,17353,9943,57.30
20,502,BIRDYS,SM,1200,1200,100.00
20,503,BIRET,RR,584127,544213,93.17
20,504,BIRLACABLE,EQ,18071,11554,63.94
20,505,BIRLACORPN,EQ,46259,24948,53.93
20,506,BLACKBUCK,EQ,79621,38565,48.44
20,507,BLAL,EQ,45113,23564,52.23
20,508,BLBLIMITED,EQ,65878,42617,64.69
20,509,BLISSGVS,EQ,905083,316932,35.02
20,510,BLKASHYAP,EQ,283515,163018,57.50
20,511,BLS,EQ,23610951,1434038,6.07
20,512,BLSE,EQ,146708,54775,37.34
20,513,BLUEDART,EQ,6803,2261,33.24
20,514,BLUEJET,EQ,101938,54257,53.23
20,515,BLUEPEBBLE,SM,15600,10400,66.67
20,516,BLUESTARCO,EQ,255323,145199,56.87
20,517,BMETRICS,SM,6400,4800,75.00
20,518,BODALCHEM,EQ,136080,64691,47.54
20,519,BOMDYEING,EQ,924453,332141,35.93
20,520,BOROLTD,EQ,80235,46687,58.19
20,521,BOROSCI,EQ,30760,11933,38.79
20,522,BOSCHLTD,EQ,12806,4079,31.85
20,523,BOSS,ST,20000,20000,100.00
20,524,BPCL,EQ,15304149,3178403,20.77
20,525,BPL,EQ,125341,53601,42.76
20,526,BRACEPORT,ST,3200,3200,100.00
20,527,BRIGADE,EQ,112376,61264,54.52
20,528,BRITANNIA,EQ,377457,234188,62.04
20,529,BRNL,EQ,46226,23465,50.76
20,530,BSE,EQ,1390909,272611,19.60
20,531,BSE500IETF,EQ,194574,103592,53.24
20,532,BSHSL,EQ,17348,9585,55.25
20,533,BSL,EQ,19532,9124,46.71
20,534,BSLGOLDETF,EQ,134936,111142,82.37
20,535,BSLNIFTY,EQ,235477,187179,79.49
20,536,BSLSENETFG,EQ,3107,2298,73.96
20,537,BSOFT,EQ,884745,179158,20.25
20,538,BTML,EQ,262089,179142,68.35
20,539,BULKCORP,SM,12000,9600,80.00
20,540,BURNPUR,EQ,302716,136424,45.07
20,541,BUTTERFLY,EQ,3501,1685,48.13
20,542,BVCL,EQ,9822,4495,45.76
20,543,C2C,SM,149400,66600,44.58
20,544,CADSYS,ST,5000,4500,90.00
20,545,CAGL25A,N4,25,25,100.00
20,546,CALSOFT,EQ,737735,277411,37.60
20,547,CAMLINFINE,EQ,1057438,449190,42.48
20,548,CAMPUS,EQ,351260,116784,33.25
20,549,CAMS,EQ,392080,133813,34.13
20,550,CANARYS,SM,24000,16000,66.67
20,551,CANBK,EQ,12354313,3648673,29.53
20,552,CANFINHOME,EQ,825903,219243,26.55
20,553,CANTABIL,EQ,204387,71565,35.01
20,554,CAPACITE,EQ,507586,220158,43.37
20,555,CAPINVIT,IV,1240857,1132482,91.27
20,556,CAPITALSFB,EQ,37073,28751,77.55
20,557,CAPLIPOINT,EQ,78548,34598,44.05
20,558,CARBORUNIV,EQ,44740,21578,48.23
20,559,CAREERP,EQ,8306,4316,51.96
20,560,CARERATING,EQ,45032,24012,53.32
20,561,CARRARO,EQ,133688,33040,24.71
20,562,CARTRADE,EQ,292202,157931,54.05
20,563,CARYSIL,EQ,30331,14262,47.02
20,564,CASTROLIND,EQ,1928557,720044,37.34
20,565,CCHHL,EQ,29775,15644,52.54
20,566,CCL,EQ,222141,95503,42.99
20,567,CDSL,EQ,3591072,1456095,40.55
20,568,CEATLTD,EQ,76733,14942,19.47
20,569,CEIGALL,EQ,45361,23924,52.74
20,570,CELEBRITY,EQ,71879,44349,61.70
20,571,CELLECOR,SM,534000,354000,66.29
20,572,CELLO,EQ,103793,52158,50.25
20,573,CELLPOINT,SM,3600,2400,66.67
20,574,CENTENKA,EQ,15899,8197,51.56
20,575,CENTEXT,EQ,48484,31973,65.95
20,576,CENTRALBK,EQ,4711009,1242087,26.37
20,577,CENTRUM,EQ,131757,52811,40.08
20,578,CENTUM,EQ,8367,3497,41.80
20,579,CENTURYPLY,EQ,2256693,927280,41.09
20,580,CERA,EQ,4617,2068,44.79
20,581,CESC,EQ,5653435,2313475,40.92
20,582,CEWATER,EQ,455068,100429,22.07
20,583,CGCL,EQ,450220,50281,11.17
20,584,CGPOWER,EQ,2831678,1508054,53.26
20,585,CGRAPHICS,SM,39200,28800,73.47
20,586,CHALET,EQ,245674,109176,44.44
20,587,CHAMBLFERT,EQ,710253,98303,13.84
20,588,CHAVDA,SM,334000,223000,66.77
20,589,CHEMBOND,EQ,9234,5724,61.99
20,590,CHEMCON,EQ,17118,9261,54.10
20,591,CHEMFAB,EQ,4679,2180,46.59
20,592,CHEMPLASTS,EQ,34629,12649,36.53
20,593,CHENNPETRO,EQ,574683,190175,33.09
20,594,CHETANA,SM,14400,12800,88.89
20,595,CHEVIOT,EQ,1246,886,71.11
20,596,CHOICEIN,EQ,159127,79772,50.13
20,597,CHOLAFIN,EQ,1153732,659310,57.15
20,598,CHOLAHLDNG,EQ,225320,131779,58.49
20,599,CIEINDIA,EQ,77879,34693,44.55
20,600,CIFCZC26A,N3,1,1,100.00
20,601,CIFCZC28,NH,50,50,100.00
20,602,CIGNITITEC,EQ,113209,50373,44.50
20,603,CINEVISTA,EQ,42676,20544,48.14
20,604,CIPLA,EQ,820225,317452,38.70
20,605,CLEAN,EQ,77808,47365,60.87
20,606,CLEDUCATE,EQ,526884,363794,69.05
20,607,CLOUD,SZ,70000,66000,94.29
20,608,CLSEL,EQ,61141,21185,34.65
20,609,CLSL,SM,16000,8000,50.00
20,610,CMMIPL,SZ,3000,3000,100.00
20,611,CMNL,ST,6000,6000,100.00
20,612,CMSINFO,EQ,424166,285612,67.33
20,613,COALINDIA,EQ,20854879,16361570,78.45
20,614,COASTCORP,EQ,16945,9975,58.87
20,615,COCHINSHIP,EQ,683166,320893,46.97
20,616,COFORGE,EQ,476851,255575,53.60
20,617,COLPAL,EQ,385694,187483,48.61
20,618,COMMITTED,ST,6400,6400,100.00
20,619,COMMOIETF,EQ,57676,21958,38.07
20,620,COMPUSOFT,EQ,33478,18945,56.59
20,621,CONCOR,EQ,969720,448502,46.25
20,622,CONCORDBIO,EQ,348210,294929,84.70
20,623,CONFIPET,EQ,330161,134603,40.77
20,624,CONS,EQ,4952,4176,84.33
20,625,CONSOFINVT,EQ,4001,2180,54.49
20,626,CONSUMBEES,EQ,152408,109642,71.94
20,627,CONSUMER,EQ,479960,296217,61.72
20,628,CONSUMIETF,EQ,56602,19313,34.12
20,629,CONTI,ST,3333,3333,100.00
20,630,CONTROLPR,EQ,21775,12766,58.63
20,631,COOLCAPS,ST,7500,7500,100.00
20,632,CORALFINAC,EQ,22984,15513,67.49
20,633,CORDSCABLE,EQ,37256,17651,47.38
20,634,COROMANDEL,EQ,251105,139744,55.65
20,635,COSMOFIRST,EQ,82483,37363,45.30
20,636,COUNCODOS,EQ,140512,97192,69.17
20,637,CPSEETF,EQ,7614202,6357429,83.49
20,638,CRAFTSMAN,EQ,14519,5405,37.23
20,639,CRAYONS,SM,13000,8000,61.54
20,640,CREATIVE,EQ,10079,7114,70.58
20,641,CREDITACC,EQ,2112332,94545,4.48
20,642,CREST,EQ,13148,7774,59.13
20,643,CRISIL,EQ,35780,11186,31.26
20,644,CROMPTON,EQ,1091060,495241,45.39
20,645,CROWN,EQ,55453,24903,44.91
20,646,CSBBANK,EQ,188664,89926,47.66
20,647,CSLFINANCE,EQ,30881,18143,58.75
20,648,CTE,EQ,40570,28961,71.39
20,649,CUB,EQ,1358674,578531,42.58
20,650,CUBEXTUB,EQ,880477,283572,32.21
20,651,CUMMINSIND,EQ,403269,222819,55.25
20,652,CUPID,EQ,308820,141015,45.66
20,653,CYBERMEDIA,EQ,38853,18862,48.55
20,654,CYBERTECH,EQ,132785,76384,57.52
20,655,CYIENT,EQ,201800,65632,32.52
20,656,CYIENTDLM,EQ,377940,215553,57.03
20,657,DABUR,EQ,2258554,1187758,52.59
20,658,DALBHARAT,EQ,1374819,1022618,74.38
20,659,DALMIASUG,EQ,131489,46128,35.08
20,660,DAMCAPITAL,EQ,1648870,560020,33.96
20,661,DAMODARIND,EQ,4764,2937,61.65
20,662,DANGEE,EQ,91341,64600,70.72
20,663,DANISH,SM,79800,46200,57.89
20,664,DATAMATICS,EQ,179949,63062,35.04
20,665,DATAPATTNS,EQ,103497,33767,32.63
20,666,DAVANGERE,EQ,4249400,1677378,39.47
20,667,DBCORP,EQ,58062,27000,46.50
20,668,DBEIL,EQ,111537,48388,43.38
20,669,DBL,EQ,155429,51397,33.07
20,670,DBOL,EQ,86420,34449,39.86
20,671,DBREALTY,EQ,1979437,795796,40.20
20,672,DBSTOCKBRO,EQ,6079,2927,48.15
20,673,DCAL,EQ,395388,176407,44.62
20,674,DCBBANK,EQ,410478,130589,31.81
20,675,DCG,SM,28800,21600,75.00
20,676,DCI,EQ,7727,4367,56.52
20,677,DCM,EQ,47890,15343,32.04
20,678,DCMNVL,EQ,16549,14298,86.40
20,679,DCMSHRIRAM,EQ,45195,19116,42.30
20,680,DCMSRIND,EQ,70033,38932,55.59
20,681,DCW,EQ,937052,438122,46.76
20,682,DCXINDIA,EQ,756163,334905,44.29
20,683,DDEVPLSTIK,EQ,109643,64195,58.55
20,684,DECCANCE,EQ,16083,7663,47.65
20,685,DECCANTRAN,ST,26400,22800,86.36
20,686,DEEDEV,EQ,402537,97227,24.15
20,687,DEEM,SM,3000,2000,66.67
20,688,DEEPAKFERT,EQ,465455,140357,30.15
20,689,DEEPAKNTR,EQ,86692,24079,27.78
20,690,DEEPINDS,EQ,173143,65814,38.01
20,691,DELAPLEX,SM,2400,2400,100.00
20,692,DELHIVERY,EQ,2071541,1066223,51.47
20,693,DELTACORP,EQ,962649,425341,44.18
20,694,DELTAMAGNT,EQ,6808,4016,58.99
20,695,DELTIC,ST,125000,118000,94.40
20,696,DEN,EQ,716569,197020,27.49
20,697,DENEERS,ST,3000,3000,100.00
20,698,DENORA,EQ,5246,3200,61.00
20,699,DENTALKART,SM,9250,6750,72.97
20,700,DEVIT,EQ,855163,244029,28.54
20,701,DEVYANI,EQ,618313,200691,32.46
20,702,DHAMPURSUG,EQ,437095,124183,28.41
20,703,DHANI,EQ,4482051,1608117,35.88
20,704,DHANLAXMI,ST,68000,64000,94.12
20,705,DHANUKA,EQ,12914,6613,51.21
20,706,DHARIWAL,SM,7200,7200,100.00
20,707,DHARMAJ,EQ,38334,20237,52.79
20,708,DHRUV,EQ,12655,12655,100.00
20,709,DHTL,SM,2400,2400,100.00
20,710,DHUNINV,EQ,471,349,74.10
20,711,DIAMINESQ,EQ,2376,1527,64.27
20,712,DIAMONDYD,EQ,42669,27208,63.77
20,713,DICIND,EQ,1363,974,71.46
20,714,DIFFNKG,EQ,34407,24092,70.02
20,715,DIGIDRIVE,EQ,143949,118237,82.14
20,716,DIGIKORE,ST,3200,3200,100.00
20,717,DIGISPICE,EQ,39151,21598,55.17
20,718,DISHTV,EQ,6820591,2465763,36.15
20,719,DIVGIITTS,EQ,11732,8882,75.71
20,720,DIVISLAB,EQ,437884,234156,53.47
20,721,DIVOPPBEES,EQ,30076,18725,62.26
20,722,DIVYADHAN,SM,2000,2000,100.00
20,723,DIXON,EQ,2171945,672938,30.98
20,724,DKEGL,SM,3000,3000,100.00
20,725,DLF,EQ,2287256,808504,35.35
20,726,DLINKINDIA,EQ,51974,25374,48.82
20,727,DMART,EQ,211130,68652,32.52
20,728,DNAMEDIA,EQ,118153,66682,56.44
20,729,DODLA,EQ,25745,12985,50.44
20,730,DOLATALGO,EQ,185042,96723,52.27
20,731,DOLLAR,EQ,24251,14012,57.78
20,732,DOLLEX,SM,8000,8000,100.00
20,733,DOMS,EQ,60004,28293,47.15
20,734,DONEAR,EQ,78493,32849,41.85
20,735,DPABHUSHAN,EQ,8455,3707,43.84
20,736,DPEL,ST,58500,55500,94.87
20,737,DPSCLTD,EQ,129660,80594,62.16
20,738,DPWIRES,EQ,21425,12317,57.49
20,739,DRCSYSTEMS,EQ,121491,81259,66.88
20,740,DREAMFOLKS,EQ,123413,87207,70.66
20,741,DREDGECORP,EQ,18260,8403,46.02
20,742,DRONE,ST,20000,20000,100.00
20,743,DRREDDY,EQ,738787,365131,49.42
20,744,DSSL,EQ,35878,20094,56.01
20,745,DTIL,EQ,66408,18501,27.86
20,746,DUCOL,SM,20800,15200,73.08
20,747,DUCON,EQ,526442,343597,65.27
20,748,DUGLOBAL,SM,122500,67500,55.10
20,749,DURLAX,SM,78000,42000,53.85
20,750,DVL,EQ,8352,4218,50.50
20,751,DWARKESH,EQ,2349567,493760,21.01
20,752,DYCL,EQ,34298,19135,55.79
20,753,DYNAMATECH,EQ,5974,2330,39.00
20,754,DYNAMIC,ST,58500,55500,94.87
20,755,DYNPRO,EQ,5693,2634,46.27
20,756,EASEMYTRIP,EQ,42083737,10816534,25.70
20,757,EBANKNIFTY,EQ,3953,2767,70.00
20,758,EBBETF0425,EQ,1526,1484,97.25
20,759,EBBETF0430,EQ,5186,3176,61.24
20,760,EBBETF0431,EQ,103916,103684,99.78
20,761,EBBETF0433,EQ,14734,13639,92.57
20,762,ECAPINSURE,EQ,56026,51070,91.15
20,763,ECLERX,EQ,57906,33212,57.36
20,764,ECOSMOBLTY,EQ,607452,178838,29.44
20,765,EDELWEISS,EQ,2018061,836614,41.46
20,766,EFACTOR,ST,2400,2400,100.00
20,767,EFFWA,ST,28800,28400,98.61
20,768,EFORCE,SM,10800,6000,55.56
20,769,EGOLD,EQ,68176,67960,99.68
20,770,EICHERMOT,EQ,416551,240028,57.62
20,771,EIDPARRY,EQ,131939,52413,39.73
20,772,EIEL,EQ,2582460,660426,25.57
20,773,EIFFL,EQ,41966,26670,63.55
20,774,EIHAHOTELS,EQ,21768,11053,50.78
20,775,EIHOTEL,EQ,255119,158533,62.14
20,776,EIMCOELECO,EQ,64682,32726,50.60
20,777,EKC,EQ,570404,205081,35.95
20,778,ELDEHSG,EQ,185,150,81.08
20,779,ELECON,EQ,264937,168152,63.47
20,780,ELECTCAST,EQ,1506232,711037,47.21
20,781,ELGIEQUIP,EQ,80065,38500,48.09
20,782,ELIN,EQ,133119,54793,41.16
20,783,EMAMILTD,EQ,333276,191802,57.55
20,784,EMAMIPAP,EQ,13560,5682,41.90
20,785,EMBASSY,RR,357832,324714,90.74
20,786,EMBDL,EQ,26655124,9891714,37.11
20,787,EMCURE,EQ,36143,18445,51.03
20,788,EMIL,EQ,477191,260378,54.56
20,789,EMKAYTOOLS,SM,3300,2850,86.36
20,790,EMMBI,EQ,273869,60018,21.91
20,791,EMMIL,ST,4750,4750,100.00
20,792,EMSLIMITED,EQ,301538,86807,28.79
20,793,EMUDHRA,EQ,125030,47737,38.18
20,794,EMULTIMQ,EQ,110364,92014,83.37
20,795,ENDURANCE,EQ,130935,104497,79.81
20,796,ENFUSE,ST,15000,12600,84.00
20,797,ENGINERSIN,EQ,1349902,429644,31.83
20,798,ENIL,EQ,16028,8471,52.85
20,799,ENSER,ST,8000,8000,100.00
20,800,ENTERO,EQ,211108,190360,90.17
20,801,ENVIRO,SM,42000,30000,71.43
20,802,EPACK,EQ,590009,272532,46.19
20,803,EPIGRAL,EQ,34609,15925,46.01
20,804,EPL,EQ,1898178,559904,29.50
20,805,EQUAL50ADD,EQ,8148,5770,70.81
20,806,EQUITASBNK,EQ,3436140,1312117,38.19
20,807,ERIS,EQ,15656,5468,34.93
20,808,ESABINDIA,EQ,1288,625,48.52
20,809,ESAFSFB,EQ,365209,193353,52.94
20,810,ESCONET,ST,12400,12400,100.00
20,811,ESCORTS,EQ,221433,84591,38.20
20,812,ESFL,SM,80640,51480,63.84
20,813,ESG,EQ,6089,4864,79.88
20,814,ESILVER,EQ,3041,2730,89.77
20,815,ESPRIT,ST,88000,75200,85.45
20,816,ESTER,EQ,169441,75304,44.44
20,817,ETHOSLTD,EQ,19217,9286,48.32
20,818,ETML,SM,38400,32400,84.38
20,819,EUREKAFORB,EQ,122156,74338,60.85
20,820,EUROBOND,SM,10000,9000,90.00
20,821,EVEREADY,EQ,28953,12539,43.31
20,822,EVERESTIND,EQ,25935,15157,58.44
20,823,EVINDIA,EQ,472950,300944,63.63
20,824,EXCELINDUS,EQ,3818,2376,62.23
20,825,EXCELLENT,SM,1600,1600,100.00
20,826,EXICOM,EQ,243554,146223,60.04
20,827,EXIDEIND,EQ,2677761,1147865,42.87
20,828,EXPLEOSOL,EQ,3368,1830,54.33
20,829,EXXARO,EQ,732254,367303,50.16
20,830,FACT,EQ,1888351,147419,7.81
20,831,FAIRCHEMOR,EQ,37724,13758,36.47
20,832,FALCONTECH,SM,1200,1200,100.00
20,833,FAZE3Q,EQ,5138,2374,46.20
20,834,FCL,EQ,536495,206105,38.42
20,835,FCSSOFT,EQ,2101041,959535,45.67
20,836,FDC,EQ,69317,27416,39.55
20,837,FEDERALBNK,EQ,4833705,2283758,47.25
20,838,FEDFINA,EQ,332706,176745,53.12
20,839,FELIX,ST,15500,15500,100.00
20,840,FIBERWEB,EQ,100861,52143,51.70
20,841,FICRF3GP,MF,800,800,100.00
20,842,FIDEL,ST,1000,1000,100.00
20,843,FIEMIND,EQ,27966,14644,52.36
20,844,FILATEX,EQ,1409319,673395,47.78
20,845,FINCABLES,EQ,100886,32819,32.53
20,846,FINEORG,EQ,53906,14211,26.36
20,847,FINIETF,EQ,188861,146377,77.51
20,848,FINOPB,EQ,155100,49510,31.92
20,849,FINPIPE,EQ,1772980,476660,26.88
20,850,FIRSTCRY,EQ,496098,256740,51.75
20,851,FIVESTAR,EQ,319443,182135,57.02
20,852,FLAIR,EQ,31068,13711,44.13
20,853,FLUOROCHEM,EQ,67958,26006,38.27
20,854,FMCGIETF,EQ,614055,286416,46.64
20,855,FMGOETZE,EQ,30720,19280,62.76
20,856,FOCE,ST,1300,1300,100.00
20,857,FOCUS,EQ,157689,89472,56.74
20,858,FONEBOX,SM,4000,4000,100.00
20,859,FOODSIN,EQ,83944,46677,55.60
20,860,FORCAS,ST,4800,4800,100.00
20,861,FORCEMOT,EQ,18359,8491,46.25
20,862,FORGEAUTO,SM,12000,10800,90.00
20,863,FORTIS,EQ,1287598,810936,62.98
20,864,FOSECOIND,EQ,456,275,60.31
20,865,FRESHARA,ST,50400,50400,100.00
20,866,FROG,SM,130800,77600,59.33
20,867,FSL,EQ,3570375,1502598,42.09
20,868,FUSION,EQ,620123,215116,34.69
20,869,GABRIEL,EQ,95107,32367,34.03
20,870,GAEL,EQ,1150164,355847,30.94
20,871,GAIL,EQ,6654450,2860795,42.99
20,872,GAJANAND,ST,21000,21000,100.00
20,873,GALAPREC,EQ,57753,20395,35.31
20,874,GALAXYSURF,EQ,12877,5212,40.48
20,875,GALLANTT,EQ,22113,18174,82.19
20,876,GANDHAR,EQ,118251,51070,43.19
20,877,GANDHITUBE,EQ,2110,1009,47.82
20,878,GANECOS,EQ,38296,17208,44.93
20,879,GANESHBE,EQ,182092,96664,53.09
20,880,GANESHHOUC,EQ,440552,89389,20.29
20,881,GANESHIN,SM,56000,38400,68.57
20,882,GANGAFORGE,EQ,904373,248841,27.52
20,883,GANGESSECU,EQ,4231,3170,74.92
20,884,GARFIBRES,EQ,34631,15554,44.91
20,885,GARUDA,EQ,4528592,1013528,22.38
20,886,GATEWAY,EQ,316548,142878,45.14
20,887,GEECEE,EQ,12517,5772,46.11
20,888,GEEKAYWIRE,EQ,46165,28971,62.76
20,889,GENCON,EQ,48511,29679,61.18
20,890,GENESYS,EQ,230787,91674,39.72
20,891,GENSOL,EQ,76860,42481,55.27
20,892,GENUSPAPER,EQ,194979,104203,53.44
20,893,GENUSPOWER,EQ,394073,205512,52.15
20,894,GEOJITFSL,EQ,313848,188515,60.07
20,895,GEPIL,EQ,85304,42941,50.34
20,896,GESHIP,EQ,520019,230793,44.38
20,897,GFLLIMITED,EQ,52599,32302,61.41
20,898,GGBL,SM,38700,23100,59.69
20,899,GHCL,EQ,319913,102322,31.98
20,900,GHCLTEXTIL,EQ,111380,55135,49.50
20,901,GICHSGFIN,EQ,124278,40917,32.92
20,902,GICRE,EQ,1361279,413152,30.35
20,903,GILLETTE,EQ,57840,14305,24.73
20,904,GILT5YBEES,EQ,161788,142523,88.09
20,905,GINNIFILA,EQ,34782,16577,47.66
20,906,GIPCL,EQ,449894,268196,59.61
20,907,GKWLIMITED,EQ,339,93,27.43
20,908,GLAND,EQ,106481,61824,58.06
20,909,GLAXO,EQ,167412,73596,43.96
20,910,GLENMARK,EQ,272662,66811,24.50
20,911,GLOBAL,EQ,43288,24778,57.24
20,912,GLOBALPET,SM,1500,1500,100.00
20,913,GLOBE,EQ,2887112,2137621,74.04
20,914,GLOBUSSPR,EQ,520825,176353,33.86
20,915,GLOSTERLTD,EQ,2168,1807,83.35
20,916,GMBREW,EQ,20009,9295,46.45
20,917,GMDCLTD,EQ,1057330,239543,22.66
20,918,GMMPFAUDLR,EQ,35228,20841,59.16
20,919,GMRAIRPORT,EQ,10210742,4877967,47.77
20,920,GMRP&UI,EQ,2287129,987508,43.18
20,921,GNA,EQ,37070,20643,55.69
20,922,GNFC,EQ,306048,75182,24.57
20,923,GOACARBON,EQ,27688,10758,38.85
20,924,GOCLCORP,EQ,20752,11466,55.25
20,925,GOCOLORS,EQ,15940,8984,56.36
20,926,GODAVARIB,EQ,68087,27968,41.08
20,927,GODFRYPHLP,EQ,40367,17411,43.13
20,928,GODIGIT,EQ,752222,283566,37.70
20,929,GODREJAGRO,EQ,57046,23118,40.53
20,930,GODREJCP,EQ,1624667,1192317,73.39
20,931,GODREJIND,EQ,81787,32838,40.15
20,932,GODREJPROP,EQ,806390,443244,54.97
20,933,GOKEX,EQ,63724,34048,53.43
20,934,GOKULAGRO,EQ,108542,57955,53.39
20,935,GOLD1,EQ,283658,151322,53.35
20,936,GOLDBEES,EQ,7592915,5407378,71.22
20,937,GOLDCASE,EQ,876029,635544,72.55
20,938,GOLDETF,EQ,155110,124505,80.27
20,939,GOLDETFADD,EQ,43229,34704,80.28
20,940,GOLDIAM,EQ,1154314,531948,46.08
20,941,GOLDIETF,EQ,1090193,776173,71.20
20,942,GOLDSHARE,EQ,102665,73624,71.71
20,943,GOLDSTAR,SM,22500,22500,100.00
20,944,GOODLUCK,EQ,54280,25839,47.60
20,945,GOPAL,EQ,135803,67345,49.59
20,946,GOYALALUM,EQ,176904,118763,67.13
20,947,GOYALSALT,SM,11400,10200,89.47
20,948,GPECO,ST,17400,16800,96.55
20,949,GPIL,EQ,2612939,878576,33.62
20,950,GPPL,EQ,515240,247934,48.12
20,951,GPTHEALTH,EQ,50942,25570,50.19
20,952,GPTINFRA,EQ,72576,40396,55.66
20,953,GRANULES,EQ,1124246,374349,33.30
20,954,GRAPHISAD,ST,4800,4800,100.00
20,955,GRAPHITE,EQ,303150,109629,36.16
20,956,GRASIM,EQ,316019,134750,42.64
20,957,GRAVITA,EQ,174608,71660,41.04
20,958,GRCL,SM,1500,1000,66.67
20,959,GREAVESCOT,EQ,4556569,1034996,22.71
20,960,GREENCHEF,SM,8800,4000,45.45
20,961,GREENLAM,EQ,61920,14495,23.41
20,962,GREENPANEL,EQ,47332,22561,47.67
20,963,GREENPLY,EQ,52166,19926,38.20
20,964,GREENPOWER,EQ,3610124,1750079,48.48
20,965,GRINDWELL,EQ,14895,7672,51.51
20,966,GRINFRA,EQ,12547,4842,38.59
20,967,GRMOVER,EQ,211348,114191,54.03
20,968,GROBTEA,EQ,119,94,78.99
20,969,GROWWDEFNC,EQ,192854,110984,57.55
20,970,GROWWEV,EQ,348180,224699,64.54
20,971,GROWWGOLD,EQ,122937,46560,37.87
20,972,GROWWLIQID,EQ,1361616,1315821,96.64
20,973,GRPLTD,EQ,701,412,58.77
20,974,GRSE,EQ,723457,170527,23.57
20,975,GRWRHITECH,EQ,37824,11520,30.46
20,976,GSEC10IETF,EQ,41,40,97.56
20,977,GSEC10YEAR,EQ,5272,1790,33.95
20,978,GSEC5IETF,EQ,40130,101,0.25
20,979,GSFC,EQ,1431004,479317,33.50
20,980,GSLSU,EQ,45899,18504,40.31
20,981,GSMFOILS,ST,48000,46000,95.83
20,982,GSPL,EQ,1435432,1080491,75.27
20,983,GSS,EQ,24682,10952,44.37
20,984,GSTL,ST,3000,3000,100.00
20,985,GTL,EQ,700097,241726,34.53
20,986,GTLINFRA,EQ,51488351,14638043,28.43
20,987,GTPL,EQ,101672,22800,22.43
20,988,GUFICBIO,EQ,113560,48546,42.75
20,989,GUJALKALI,EQ,17419,5677,32.59
20,990,GUJAPOLLO,EQ,61237,31748,51.84
20,991,GUJGASLTD,EQ,475893,252418,53.04
20,992,GULFOILLUB,EQ,47688,23659,49.61
20,993,GULFPETRO,EQ,130312,41587,31.91
20,994,GULPOLY,EQ,343766,141998,41.31
20,995,GVPTECH,EQ,49051,35145,71.65
20,996,GVT&D,EQ,403786,314220,77.82
20,997,HAL,EQ,2319540,714189,30.79
20,998,HAPPSTMNDS,EQ,183957,82836,45.03
20,999,HAPPYFORGE,EQ,196119,184053,93.85
20,1000,HARIOMPIPE,EQ,46035,21412,46.51
20,1001,HARRMALAYA,EQ,32235,12698,39.39
20,1002,HARSHA,EQ,69398,39748,57.28
20,1003,HATHWAY,EQ,4157229,1289740,31.02
20,1004,HATSUN,EQ,41348,10231,24.74
20,1005,HAVELLS,EQ,1195387,862383,72.14
20,1006,HAVISHA,EQ,29715,27576,92.80
20,1007,HBLENGINE,EQ,1153220,415628,36.04
20,1008,HBSL,EQ,3499,2271,64.90
20,1009,HCC,EQ,19268693,6966220,36.15
20,1010,HCG,EQ,394176,174515,44.27
20,1011,HCL-INSYS,EQ,292761,191253,65.33
20,1012,HCLTECH,EQ,4005357,2386736,59.59
20,1013,HDFCAMC,EQ,410609,272230,66.30
20,1014,HDFCBANK,EQ,15579072,7211191,46.29
20,1015,HDFCBSE500,EQ,29624,27142,91.62
20,1016,HDFCGOLD,EQ,1010084,734743,72.74
20,1017,HDFCGROWTH,EQ,2769,1849,66.78
20,1018,HDFCLIFE,EQ,1820019,1089544,59.86
20,1019,HDFCLIQUID,EQ,8778,7355,83.79
20,1020,HDFCLOWVOL,EQ,4936,3584,72.61
20,1021,HDFCMID150,EQ,383753,264209,68.85
20,1022,HDFCMOMENT,EQ,496279,431853,87.02
20,1023,HDFCNEXT50,EQ,160002,143884,89.93
20,1024,HDFCNIF100,EQ,60121,57925,96.35
20,1025,HDFCNIFBAN,EQ,58979,54070,91.68
20,1026,HDFCNIFIT,EQ,7128,6483,90.95
20,1027,HDFCNIFTY,EQ,111911,68145,60.89
20,1028,HDFCPSUBK,EQ,17139,13106,76.47
20,1029,HDFCPVTBAN,EQ,349906,331979,94.88
20,1030,HDFCQUAL,EQ,8045,5044,62.70
20,1031,HDFCSENSEX,EQ,43953,33014,75.11
20,1032,HDFCSILVER,EQ,262548,139476,53.12
20,1033,HDFCSML250,EQ,672513,474985,70.63
20,1034,HDFCVALUE,EQ,7213,5574,77.28
20,1035,HEADSUP,EQ,13025,10167,78.06
20,1036,HEALTHADD,EQ,638,558,87.46
20,1037,HEALTHIETF,EQ,51723,23342,45.13
20,1038,HEALTHY,EQ,131225,96263,73.36
20,1039,HEG,EQ,537318,220582,41.05
20,1040,HEIDELBERG,EQ,137587,59101,42.96
20,1041,HEMIPROP,EQ,309918,163138,52.64
20,1042,HERANBA,EQ,38479,17699,46.00
20,1043,HERITGFOOD,EQ,404238,185442,45.87
20,1044,HEROMOTOCO,EQ,287082,133885,46.64
20,1045,HESTERBIO,EQ,1049,394,37.56
20,1046,HEUBACHIND,EQ,15213,12763,83.90
20,1047,HEXATRADEX,EQ,2571,1659,64.53
20,1048,HFCL,EQ,11164260,2860227,25.62
20,1049,HGINFRA,EQ,31446,11787,37.48
20,1050,HGS,EQ,17218,9130,53.03
20,1051,HIGREEN,ST,20000,20000,100.00
20,1052,HIKAL,EQ,296261,118474,39.99
20,1053,HIL,EQ,12296,5876,47.79
20,1054,HILTON,EQ,198505,109376,55.10
20,1055,HIMATSEIDE,EQ,952862,474679,49.82
20,1056,HINDALCO,EQ,3529837,1228342,34.80
20,1057,HINDCOMPOS,EQ,6008,2296,38.22
20,1058,HINDCOPPER,EQ,6521931,2080224,31.90
20,1059,HINDMOTORS,EQ,3903067,1058809,27.13
20,1060,HINDOILEXP,EQ,1463774,428631,29.28
20,1061,HINDPETRO,EQ,12344913,5456999,44.20
20,1062,HINDUNILVR,EQ,1842885,920725,49.96
20,1063,HINDWAREAP,EQ,88451,67963,76.84
20,1064,HINDZINC,EQ,1043422,458047,43.90
20,1065,HIRECT,EQ,16957,8751,51.61
20,1066,HISARMETAL,EQ,1960,1369,69.85
20,1067,HITECH,EQ,600056,290198,48.36
20,1068,HITECHCORP,EQ,14915,9061,60.75
20,1069,HLEGLAS,EQ,29885,11839,39.62
20,1070,HLVLTD,EQ,719115,290580,40.41
20,1071,HMAAGRO,EQ,133335,68473,51.35
20,1072,HMVL,EQ,15981,11839,74.08
20,1073,HNDFDS,EQ,66383,43878,66.10
20,1074,HNGSNGBEES,EQ,87455,58947,67.40
20,1075,HOACFOODS,ST,2250,2250,100.00
20,1076,HOLMARC,ST,42000,42000,100.00
20,1077,HOMEFIRST,EQ,298964,236869,79.23
20,1078,HOMESFY,SM,4500,4500,100.00
20,1079,HONASA,EQ,275548,146030,53.00
20,1080,HONAUT,EQ,1090,439,40.28
20,1081,HONDAPOWER,EQ,3897,1300,33.36
20,1082,HOVS,EQ,7017,5649,80.50
20,1083,HPAL,EQ,94044,47838,50.87
20,1084,HPIL,EQ,1752,802,45.78
20,1085,HPL,EQ,114719,50286,43.83
20,1086,HRHNEXT,ST,6000,6000,100.00
20,1087,HSCL,EQ,366996,148364,40.43
20,1088,HTMEDIA,EQ,271682,208440,76.72
20,1089,HUBTOWN,EQ,177010,121457,68.62
20,1090,HUDCO,EQ,5550987,1408623,25.38
20,1091,HUHTAMAKI,EQ,60165,40753,67.74
20,1092,HVAX,ST,1200,1200,100.00
20,1093,HYUNDAI,EQ,1036378,790142,76.24
20,1094,IBLFL,ST,4000,4000,100.00
20,1095,ICEMAKE,EQ,30222,19899,65.84
20,1096,ICICIB22,EQ,507738,389944,76.80
20,1097,ICICIBANK,EQ,20520898,12518909,61.01
20,1098,ICICIGI,EQ,1132137,720419,63.63
20,1099,ICICIPRULI,EQ,737092,285996,38.80
20,1100,ICIL,EQ,238963,95508,39.97
20,1101,ICRA,EQ,7065,6404,90.64
20,1102,IDBI,EQ,13614062,3116418,22.89
20,1103,IDEA,EQ,561246192,136234393,24.27
20,1104,IDEAFORGE,EQ,58590,24972,42.62
20,1105,IDEALTECHO,SM,8000,6000,75.00
20,1106,IDENTICAL,SM,182000,110000,60.44
20,1107,IDFCFIRSTB,EQ,18784143,6882846,36.64
20,1108,IDFNIFTYET,EQ,3152,2304,73.10
20,1109,IEML,SM,7500,6500,86.67
20,1110,IEX,EQ,3252863,1157422,35.58
20,1111,IFBAGRO,EQ,1591,1024,64.36
20,1112,IFBIND,EQ,26656,10942,41.05
20,1113,IFCI,EQ,11075811,2573632,23.24
20,1114,IFCIZC25,NM,6,6,100.00
20,1115,IFGLEXPOR,EQ,3045,1718,56.42
20,1116,IGARASHI,EQ,30213,14517,48.05
20,1117,IGIL,EQ,2831202,1561068,55.14
20,1118,IGL,EQ,1689852,505880,29.94
20,1119,IGPL,EQ,18293,7886,43.11
20,1120,IIFL,EQ,826878,349662,42.29
20,1121,IIFLCAPS,EQ,658195,437501,66.47
20,1122,IIFLZC25B,NW,300,300,100.00
20,1123,IIFLZC28A,NU,10,10,100.00
20,1124,IIFLZC28C,N6,76,0,0.00
20,1125,IKIO,EQ,95255,36976,38.82
20,1126,IKS,EQ,277868,190969,68.73
20,1127,IMAGICAA,EQ,740150,268762,36.31
20,1128,IMC1,N0,300,300,100.00
20,1129,IMC1,N1,268,261,97.39
20,1130,IMC1,N2,31,31,100.00
20,1131,IMFA,EQ,106365,53415,50.22
20,1132,IMPAL,EQ,1365,976,71.50
20,1133,INCREDIBLE,EQ,28060,21184,75.50
20,1134,INDBANK,EQ,41301,22627,54.79
20,1135,INDGN,EQ,453920,202979,44.72
20,1136,INDHOTEL,EQ,3343822,1707839,51.07
20,1137,INDIACEM,EQ,1524365,402768,26.42
20,1138,INDIAGLYCO,EQ,169862,65986,38.85
20,1139,INDIAMART,EQ,720483,271681,37.71
20,1140,INDIANB,EQ,1312324,663910,50.59
20,1141,INDIANHUME,EQ,36231,15974,44.09
20,1142,INDIASHLTR,EQ,222592,191119,85.86
20,1143,INDIGO,EQ,1419661,1058983,74.59
20,1144,INDIGOPNTS,EQ,42099,19101,45.37
20,1145,INDIGRID,IV,223182,183230,82.10
20,1146,INDNIPPON,EQ,5362,3202,59.72
20,1147,INDOAMIN,EQ,115700,57624,49.80
20,1148,INDOBORAX,EQ,44360,21558,48.60
20,1149,INDOCO,EQ,846105,134364,15.88
20,1150,INDOFARM,EQ,1129238,350398,31.03
20,1151,INDORAMA,EQ,87868,37635,42.83
20,1152,INDOSTAR,EQ,111190,59066,53.12
20,1153,INDOWIND,EQ,394339,178639,45.30
20,1154,INDRAMEDCO,EQ,197196,93093,47.21
20,1155,INDTERRAIN,EQ,23210,10642,45.85
20,1156,INDUSINDBK,EQ,3369291,1192517,35.39
20,1157,INDUSTOWER,EQ,5167716,2195370,42.48
20,1158,INFIBEAM,EQ,5510832,2630957,47.74
20,1159,INFINIUM,SM,7500,5500,73.33
20,1160,INFOBEAN,EQ,6760,3825,56.58
20,1161,INFOLLION,ST,7200,7200,100.00
20,1162,INFOMEDIA,EQ,11540,4716,40.87
20,1163,INFRABEES,EQ,10124,7207,71.19
20,1164,INFRAIETF,EQ,50118,28836,57.54
20,1165,INFY,EQ,7169109,3533749,49.29
20,1166,INGERRAND,EQ,9619,6419,66.73
20,1167,INM,SM,10200,10200,100.00
20,1168,INNOMET,SM,6000,3600,60.00
20,1169,INNOVACAP,EQ,46308,20757,44.82
20,1170,INNOVANA,EQ,11026,5281,47.90
20,1171,INOXGREEN,EQ,718318,279629,38.93
20,1172,INOXINDIA,EQ,82188,50233,61.12
20,1173,INOXWIND,EQ,5292119,2475221,46.77
20,1174,INSECTICID,EQ,80775,43385,53.71
20,1175,INSPIRE,SM,16000,10000,62.50
20,1176,INSPIRISYS,EQ,8640,6431,74.43
20,1177,INTELLECT,EQ,605414,128925,21.30
20,1178,INTENTECH,EQ,20158,11046,54.80
20,1179,INTERARCH,EQ,138157,43932,31.80
20,1180,INTLCONV,EQ,58644,28035,47.81
20,1181,INVENTURE,EQ,1919853,1025832,53.43
20,1182,IOB,EQ,6634740,1612158,24.30
20,1183,IOC,EQ,20272605,7263107,35.83
20,1184,IOLCP,EQ,224788,65400,29.09
20,1185,IONEXCHANG,EQ,129215,63539,49.17
20,1186,IPCALAB,EQ,265316,108616,40.94
20,1187,IPHL,ST,28800,27600,95.83
20,1188,IPL,EQ,104548,41737,39.92
20,1189,IPSL,ST,5500,5500,100.00
20,1190,IRB,EQ,11323593,3736883,33.00
20,1191,IRBINVIT,IV,251590,214759,85.36
20,1192,IRCON,EQ,6585779,1574050,23.90
20,1193,IRCTC,EQ,873078,255117,29.22
20,1194,IREDA,EQ,9153091,2468893,26.97
20,1195,IRFC,EQ,21897756,4760869,21.74
20,1196,IRISDOREME,EQ,75070,15124,20.15
20,1197,IRMENERGY,EQ,44214,22116,50.02
20,1198,ISEC,EQ,107941,42222,39.12
20,1199,ISFT,EQ,19102,14503,75.92
20,1200,ISGEC,EQ,73248,32371,44.19
20,1201,ISHAN,SM,528000,432000,81.82
20,1202,IT,EQ,34852,15858,45.50
20,1203,ITALIANE,SM,12000,12000,100.00
20,1204,ITBEES,EQ,2860833,1449358,50.66
20,1205,ITC,EQ,15686500,5853952,37.32
20,1206,ITDC,EQ,19112,8334,43.61
20,1207,ITDCEM,EQ,393173,185423,47.16
20,1208,ITETF,EQ,82825,55650,67.19
20,1209,ITETFADD,EQ,3031,1791,59.09
20,1210,ITIETF,EQ,1132575,570238,50.35
20,1211,IVC,EQ,136300,81805,60.02
20,1212,IVP,EQ,2957,1872,63.31
20,1213,IVZINGOLD,EQ,55,38,69.09
20,1214,IVZINNIFTY,EQ,51,51,100.00
20,1215,IWEL,EQ,2895,1524,52.64
20,1216,IXIGO,EQ,899760,432551,48.07
20,1217,JAGRAN,EQ,67031,38273,57.10
20,1218,JAGSNPHARM,EQ,114479,40008,34.95
20,1219,JAIBALAJI,EQ,224353,127294,56.74
20,1220,JAICORPLTD,EQ,1843195,592978,32.17
20,1221,JAIPURKURT,EQ,35463,11872,33.48
20,1222,JALAN,ST,153000,150000,98.04
20,1223,JAMNAAUTO,EQ,1277456,514228,40.25
20,1224,JASH,EQ,1724829,381673,22.13
20,1225,JAYAGROGN,EQ,5666,3657,64.54
20,1226,JAYBARMARU,EQ,50838,29031,57.10
20,1227,JAYBEE,ST,55000,49000,89.09
20,1228,JAYNECOIND,EQ,116719,60116,51.50
20,1229,JAYSREETEA,EQ,113268,48470,42.79
20,1230,JBCHEPHARM,EQ,114314,28837,25.23
20,1231,JBMA,EQ,494074,49407,10.00
20,1232,JCHAC,EQ,16073,11514,71.64
20,1233,JEYYAM,SM,26000,22000,84.62
20,1234,JFLLIFE,ST,6000,6000,100.00
20,1235,JGCHEM,EQ,111970,49316,44.04
20,1236,JHS,EQ,94421,52944,56.07
20,1237,JINDALPHOT,EQ,34068,16367,48.04
20,1238,JINDALPOLY,EQ,22066,9954,45.11
20,1239,JINDALSAW,EQ,922966,378207,40.98
20,1240,JINDALSTEL,EQ,813070,309842,38.11
20,1241,JINDRILL,EQ,199377,83587,41.92
20,1242,JINDWORLD,EQ,166663,45326,27.20
20,1243,JIOFIN,EQ,25289898,12991062,51.37
20,1244,JISLDVREQS,EQ,120842,63135,52.25
20,1245,JISLJALEQS,EQ,13819270,4811021,34.81
20,1246,JITFINFRA,EQ,32472,21734,66.93
20,1247,JIWANRAM,SM,168000,150000,89.29
20,1248,J&KBANK,EQ,4325783,1700919,39.32
20,1249,JKCEMENT,EQ,112251,33410,29.76
20,1250,JKIL,EQ,87605,32495,37.09
20,1251,JKLAKSHMI,EQ,90890,17532,19.29
20,1252,JKPAPER,EQ,303318,87465,28.84
20,1253,JKTYRE,EQ,218294,101260,46.39
20,1254,JLHL,EQ,33372,25179,75.45
20,1255,JMA,EQ,2333,1548,66.35
20,1256,JMFINANCIL,EQ,1987899,799886,40.24
20,1257,JNKINDIA,EQ,13813,6478,46.90
20,1258,JOCIL,EQ,3506,2581,73.62
20,1259,JPOLYINVST,EQ,6146,2281,37.11
20,1260,JPPOWER,EQ,24235352,7703611,31.79
20,1261,JSFB,EQ,349796,216747,61.96
20,1262,JSL,EQ,548196,295220,53.85
20,1263,JSLL,SM,10170,7110,69.91
20,1264,JSWENERGY,EQ,3125064,1868749,59.80
20,1265,JSWINFRA,EQ,1014023,374815,36.96
20,1266,JSWSTEEL,EQ,1474919,396867,26.91
20,1267,JTEKTINDIA,EQ,88671,42827,48.30
20,1268,JTLIND,EQ,2368217,1274639,53.82
20,1269,JUBLFOOD,EQ,1629983,686467,42.11
20,1270,JUBLINGREA,EQ,333150,110773,33.25
20,1271,JUBLPHARMA,EQ,202228,68353,33.80
20,1272,JUNIORBEES,EQ,697277,309142,44.34
20,1273,JUNIPER,EQ,46027,23868,51.86
20,1274,JUSTDIAL,EQ,310778,128487,41.34
20,1275,JWL,EQ,1499948,362368,24.16
20,1276,JYOTHYLAB,EQ,364668,138182,37.89
20,1277,JYOTICNC,EQ,259926,157090,60.44
20,1278,JYOTISTRUC,EQ,5650214,2603372,46.08
20,1279,K2INFRA,ST,13800,13800,100.00
20,1280,KABRAEXTRU,EQ,94825,41893,44.18
20,1281,KAJARIACER,EQ,105905,71152,67.18
20,1282,KAKATCEM,EQ,3528,1930,54.71
20,1283,KALAMANDIR,EQ,118964,75709,63.64
20,1284,KALANA,SM,6000,6000,100.00
20,1285,KALYANKJIL,EQ,30176134,5974368,19.80
20,1286,KAMATHOTEL,EQ,28726,14779,51.45
20,1287,KAMDHENU,EQ,3469395,1103221,31.80
20,1288,KANANIIND,EQ,257883,165869,64.32
20,1289,KANDARP,ST,8000,4000,50.00
20,1290,KANORICHEM,EQ,74535,33974,45.58
20,1291,KANPRPLA,EQ,6381,4500,70.52
20,1292,KANSAINER,EQ,196532,70520,35.88
20,1293,KAPSTON,EQ,2545,1623,63.77
20,1294,KARMAENG,EQ,3401,2234,65.69
20,1295,KARNIKA,ST,13600,12800,94.12
20,1296,KARURVYSYA,EQ,6028252,2786888,46.23
20,1297,KATARIA,ST,3600,3000,83.33
20,1298,KAUSHALYA,EQ,906,686,75.72
20,1299,KAYNES,EQ,885642,263916,29.80
20,1300,KBCGLOBAL,EQ,7678798,3284905,42.78
20,1301,KCEIL,ST,26500,23500,88.68
20,1302,KCK,ST,2500,2500,100.00
20,1303,KCP,EQ,265355,135080,50.91
20,1304,KCPSUGIND,EQ,208660,98974,47.43
20,1305,KDDL,EQ,9268,5358,57.81
20,1306,KDL,ST,23100,21150,91.56
20,1307,KEC,EQ,267465,102104,38.17
20,1308,KECL,EQ,65827,31186,47.38
20,1309,KEI,EQ,191973,87959,45.82
20,1310,KEL,SM,6000,4800,80.00
20,1311,KELLTONTEC,EQ,1883057,600045,31.87
20,1312,KESORAMIND,EQ,421868,167043,39.60
20,1313,KEYFINSERV,EQ,6340,3338,52.65
20,1314,KFINTECH,EQ,881448,483857,54.89
20,1315,KHADIM,EQ,5435,3801,69.94
20,1316,KHAICHEM,EQ,365030,130908,35.86
20,1317,KHAITANLTD,EQ,69521,23976,34.49
20,1318,KHANDSE,EQ,74205,25358,34.17
20,1319,KHFM,SM,7750,7750,100.00
20,1320,KICL,EQ,1081,521,48.20
20,1321,KILITCH,EQ,6402,3291,51.41
20,1322,KIMS,EQ,285537,139849,48.98
20,1323,KINGFA,EQ,23536,7055,29.98
20,1324,KIOCL,EQ,103808,33724,32.49
20,1325,KIRIINDUS,EQ,323729,181097,55.94
20,1326,KIRLOSBROS,EQ,94964,33309,35.08
20,1327,KIRLOSENG,EQ,232893,124288,53.37
20,1328,KIRLOSIND,EQ,1134,750,66.14
20,1329,KIRLPNU,EQ,91013,48009,52.75
20,1330,KKCL,EQ,17153,11119,64.82
20,1331,KLL,SM,19200,14400,75.00
20,1332,KMEW,EQ,9669,5761,59.58
20,1333,KMSUGAR,EQ,145367,64040,44.05
20,1334,KNAGRI,SM,10400,10000,96.15
20,1335,KNRCON,EQ,512678,195147,38.06
20,1336,KODYTECH,SM,20300,15000,73.89
20,1337,KOHINOOR,EQ,61815,27345,44.24
20,1338,KOKUYOCMLN,EQ,63907,50270,78.66
20,1339,KOLTEPATIL,EQ,498208,108912,21.86
20,1340,KONSTELEC,ST,13000,13000,100.00
20,1341,KONTOR,SM,7800,5400,69.23
20,1342,KORE,ST,7000,7000,100.00
20,1343,KOTAKBANK,EQ,4415663,2005109,45.41
20,1344,KOTARISUG,EQ,54475,26923,49.42
20,1345,KOTHARIPET,EQ,125166,39565,31.61
20,1346,KOTYARK,SM,12000,10000,83.33
20,1347,KPEL,EQ,133389,61842,46.36
20,1348,KPIGREEN,EQ,512490,287134,56.03
20,1349,KPIL,EQ,163552,87810,53.69
20,1350,KPITTECH,EQ,781994,371625,47.52
20,1351,KPRMILL,EQ,343027,163971,47.80
20,1352,KRBL,EQ,174380,62799,36.01
20,1353,KRISHANA,EQ,41169,26993,65.57
20,1354,KRISHCA,SM,2500,2500,100.00
20,1355,KRISHIVAL,SM,1000,1000,100.00
20,1356,KRISHNADEF,SM,62250,42750,68.67
20,1357,KRITINUT,EQ,51999,25407,48.86
20,1358,KRN,EQ,4420204,721438,16.32
20,1359,KRONOX,EQ,387818,147866,38.13
20,1360,KROSS,EQ,85794,45763,53.34
20,1361,KRSNAA,EQ,50823,24308,47.83
20,1362,KRYSTAL,EQ,45520,24080,52.90
20,1363,KSB,EQ,258002,228362,88.51
20,1364,KSCL,EQ,96372,38704,40.16
20,1365,KSL,EQ,77170,21136,27.39
20,1366,KSOLVES,EQ,31412,13110,41.74
20,1367,KTKBANK,EQ,1506316,784023,52.05
20,1368,KUANTUM,EQ,48499,28259,58.27
20,1369,LAGNAM,EQ,23256,10289,44.24
20,1370,LAKSHYA,SM,97600,63200,64.75
20,1371,LALPATHLAB,EQ,129691,58339,44.98
20,1372,LAMOSAIC,ST,40800,40200,98.53
20,1373,LANCORHOL,EQ,37066,20036,54.05
20,1374,LANDMARK,EQ,112574,72007,63.96
20,1375,LAOPALA,EQ,31442,13400,42.62
20,1376,LASA,EQ,68728,31128,45.29
20,1377,LATENTVIEW,EQ,147460,75021,50.88
20,1378,LAURUSLABS,EQ,1132012,303502,26.81
20,1379,LAWSIKHO,SM,21000,18500,88.10
20,1380,LAXMICOT,EQ,36596,18371,50.20
20,1381,LAXMIDENTL,EQ,6872833,1326386,19.30
20,1382,LEMERITE,ST,4800,4800,100.00
20,1383,LEMONTREE,EQ,2685587,1170677,43.59
20,1384,LEXUS,EQ,9595,7345,76.55
20,1385,LFIC,EQ,1474,1018,69.06
20,1386,LGBBROSLTD,EQ,23674,15529,65.60
20,1387,LIBAS,EQ,36894,23888,64.75
20,1388,LIBERTSHOE,EQ,7904,5544,70.14
20,1389,LICHSGFIN,EQ,592842,193201,32.59
20,1390,LICI,EQ,822668,267819,32.55
20,1391,LICMFGOLD,EQ,148,121,81.76
20,1392,LICNETFGSC,EQ,6698,4725,70.54
20,1393,LICNETFN50,EQ,882,547,62.02
20,1394,LICNETFSEN,EQ,88,53,60.23
20,1395,LICNFNHGP,EQ,321,259,80.69
20,1396,LICNMID100,EQ,9206,2953,32.08
20,1397,LIKHITHA,EQ,42685,21875,51.25
20,1398,LINC,EQ,39817,21602,54.25
20,1399,LINCOLN,EQ,44204,25810,58.39
20,1400,LINDEINDIA,EQ,41407,23469,56.68
20,1401,LIQUID,EQ,131284,42222,32.16
20,1402,LIQUID1,EQ,192935,177888,92.20
20,1403,LIQUIDADD,EQ,340118,222302,65.36
20,1404,LIQUIDBEES,EQ,2950936,2465195,83.54
20,1405,LIQUIDBETF,EQ,24012,19563,81.47
20,1406,LIQUIDCASE,EQ,4171049,2783147,66.73
20,1407,LIQUIDETF,EQ,253989,181531,71.47
20,1408,LIQUIDIETF,EQ,488044,378305,77.51
20,1409,LIQUIDPLUS,EQ,140282,140265,99.99
20,1410,LIQUIDSBI,EQ,6636,6635,99.98
20,1411,LIQUIDSHRI,EQ,2787,2548,91.42
20,1412,LLOYDS,SM,6000,4000,66.67
20,1413,LLOYDSENGG,EQ,7335159,2075331,28.29
20,1414,LLOYDSENT,EQ,8861247,3368918,38.02
20,1415,LLOYDSME,EQ,433503,159304,36.75
20,1416,LMW,EQ,819,407,49.69
20,1417,LODHA,EQ,1534096,594497,38.75
20,1418,LOKESHMACH,EQ,26397,14692,55.66
20,1419,LOTUSEYE,EQ,28932,18779,64.91
20,1420,LOVABLE,EQ,16161,10097,62.48
20,1421,LOWVOL,EQ,360,203,56.39
20,1422,LOWVOL1,EQ,369672,322660,87.28
20,1423,LOWVOLIETF,EQ,1483960,821454,55.36
20,1424,LRRPL,ST,3000,3000,100.00
20,1425,LT,EQ,2576596,1228188,47.67
20,1426,LTF,EQ,14675861,5042321,34.36
20,1427,LTFOODS,EQ,334630,152391,45.54
20,1428,LTGILTBEES,EQ,1302208,957237,73.51
20,1429,LTIM,EQ,157604,60820,38.59
20,1430,LTTS,EQ,220459,56461,25.61
20,1431,LUMAXIND,EQ,2836,1506,53.10
20,1432,LUMAXTECH,EQ,158447,61730,38.96
20,1433,LUPIN,EQ,433520,162284,37.43
20,1434,LUXIND,EQ,132649,46435,35.01
20,1435,LXCHEM,EQ,450549,170112,37.76
20,1436,LYKALABS,EQ,119888,42050,35.07
20,1437,LYPSAGEMS,EQ,21858,16988,77.72
20,1438,MACOBSTECH,SM,3200,3200,100.00
20,1439,MACPOWER,EQ,7148,4762,66.62
20,1440,MADHAV,EQ,11358,4018,35.38
20,1441,MADHAVBAUG,SM,400,400,100.00
20,1442,MADHUCON,EQ,15040,11186,74.38
20,1443,MADHUSUDAN,SM,12000,10000,83.33
20,1444,MADRASFERT,EQ,291625,65886,22.59
20,1445,MAFANG,EQ,146192,138699,94.87
20,1446,MAGADSUGAR,EQ,20359,10675,52.43
20,1447,MAGNUM,EQ,17140,10755,62.75
20,1448,MAHABANK,EQ,11114766,4138837,37.24
20,1449,MAHAPEXLTD,EQ,3524,1988,56.41
20,1450,MAHEPC,EQ,250994,108776,43.34
20,1451,MAHESHWARI,EQ,20658,12032,58.24
20,1452,MAHICKRA,SM,2250,2250,100.00
20,1453,MAHKTECH,EQ,1945653,1374145,70.63
20,1454,MAHLIFE,EQ,89273,36963,41.40
20,1455,MAHLOG,EQ,33526,15552,46.39
20,1456,MAHSCOOTER,EQ,4429,2258,50.98
20,1457,MAHSEAMLES,EQ,162734,57165,35.13
20,1458,MAITHANALL,EQ,33548,17401,51.87
20,1459,MAITREYA,ST,2800,2000,71.43
20,1460,MAKEINDIA,EQ,14487,13351,92.16
20,1461,MAL,SM,6400,4800,75.00
20,1462,MALLCOM,EQ,1231,832,67.59
20,1463,MALUPAPER,EQ,12552,6648,52.96
20,1464,MAMATA,EQ,686038,210271,30.65
20,1465,MANAKALUCO,EQ,32417,17205,53.07
20,1466,MANAKSIA,EQ,44852,28843,64.31
20,1467,MANAKSTEEL,EQ,52331,31718,60.61
20,1468,MANALIPETC,EQ,168093,84640,50.35
20,1469,MANAPPURAM,EQ,12582296,4511110,35.85
20,1470,MANBA,EQ,194524,93572,48.10
20,1471,MANCREDIT,EQ,28555,4595,16.09
20,1472,MANDEEP,SM,6000,4000,66.67
20,1473,MANGALAM,EQ,20763,14015,67.50
20,1474,MANGCHEFER,EQ,996308,313028,31.42
20,1475,MANGLMCEM,EQ,67316,42300,62.84
20,1476,MANINDS,EQ,135153,74934,55.44
20,1477,MANINFRA,EQ,1251069,378994,30.29
20,1478,MANKIND,EQ,360435,158681,44.02
20,1479,MANOMAY,EQ,12296,8874,72.17
20,1480,MANORAMA,EQ,87741,64955,74.03
20,1481,MANORG,EQ,11027,7543,68.40
20,1482,MANUGRAPH,EQ,614877,125109,20.35
20,1483,MANYAVAR,EQ,57855,28485,49.24
20,1484,MAPMYINDIA,EQ,59841,38197,63.83
20,1485,MARALOVER,EQ,384099,77308,20.13
20,1486,MARATHON,EQ,358527,178982,49.92
20,1487,MARCO,SM,49500,34500,69.70
20,1488,MARICO,EQ,2291644,1453321,63.42
20,1489,MARKSANS,EQ,828917,273438,32.99
20,1490,MARUTI,EQ,300038,97729,32.57
20,1491,MASFIN,EQ,165301,76029,45.99
20,1492,MASON,ST,15000,14000,93.33
20,1493,MASPTOP50,EQ,208862,144159,69.02
20,1494,MASTEK,EQ,64598,28775,44.54
20,1495,MASTERTR,EQ,17156,10058,58.63
20,1496,MATRIMONY,EQ,2938,2221,75.60
20,1497,MAWANASUG,EQ,83655,40755,48.72
20,1498,MAXESTATES,EQ,79199,43048,54.35
20,1499,MAXHEALTH,EQ,2450803,1523691,62.17
20,1500,MAXIND,EQ,18189,9242,50.81
20,1501,MAXPOSURE,SM,11000,11000,100.00
20,1502,MAYURUNIQ,EQ,23694,13321,56.22
20,1503,MAZDOCK,EQ,3319166,560680,16.89
20,1504,MBAPL,EQ,74745,33531,44.86
20,1505,MBLINFRA,EQ,127910,34753,27.17
20,1506,MCON,ST,12000,12000,100.00
20,1507,MCX,EQ,2045958,525714,25.70
20,1508,MDL,SM,33000,28000,84.85
20,1509,MEDANTA,EQ,2184111,486117,22.26
20,1510,MEDIASSIST,EQ,51515,26785,51.99
20,1511,MEDICAMEQ,EQ,10963,5214,47.56
20,1512,MEDICO,EQ,2496112,957212,38.35
20,1513,MEDIORG,ST,30000,20000,66.67
20,1514,MEDPLUS,EQ,195501,109871,56.20
20,1515,MEGASTAR,EQ,6942,3558,51.25
20,1516,MEGATHERM,SM,17200,10000,58.14
20,1517,MENONBE,EQ,16872,9671,57.32
20,1518,METAL,EQ,95552,70039,73.30
20,1519,METALIETF,EQ,8386693,6820760,81.33
20,1520,METROBRAND,EQ,72356,22132,30.59
20,1521,METROPOLIS,EQ,65224,20623,31.62
20,1522,MFSL,EQ,928917,694864,74.80
20,1523,MGEL,EQ,318499,169343,53.17
20,1524,MGL,EQ,366115,89960,24.57
20,1525,MHHL,ST,18000,18000,100.00
20,1526,MHRIL,EQ,51181,22370,43.71
20,1527,MICEL,EQ,199621,107680,53.94
20,1528,MICROPRO,SM,8000,8000,100.00
20,1529,MID150BEES,EQ,442550,279188,63.09
20,1530,MID150CASE,EQ,1164874,1022488,87.78
20,1531,MIDCAP,EQ,36296,16992,46.82
20,1532,MIDCAPETF,EQ,1559754,1362916,87.38
20,1533,MIDCAPIETF,EQ,1139959,775266,68.01
20,1534,MIDHANI,EQ,177735,67950,38.23
20,1535,MIDQ50ADD,EQ,1789,1408,78.70
20,1536,MIDSELIETF,EQ,391629,203065,51.85
20,1537,MIDSMALL,EQ,351233,254482,72.45
20,1538,MIEL,ST,6000,4000,66.67
20,1539,MINDACORP,EQ,684364,321563,46.99
20,1540,MINDSPACE,RR,193301,179178,92.69
20,1541,MINDTECK,EQ,20959,11967,57.10
20,1542,MIRCELECTR,EQ,1423234,636333,44.71
20,1543,MIRZAINT,EQ,71284,36829,51.67
20,1544,MITCON,EQ,45681,43887,96.07
20,1545,MITCONPP,E1,248,25,10.08
20,1546,MITTAL,EQ,3558658,1649372,46.35
20,1547,M&M,EQ,3381309,1533422,45.35
20,1548,M&MFIN,EQ,873853,362546,41.49
20,1549,M&MFIN,N3,50,50,100.00
20,1550,MMFL,EQ,21221,10523,49.59
20,1551,MMP,EQ,19252,13948,72.45
20,1552,MMTC,EQ,2934791,521280,17.76
20,1553,MNC,EQ,14906,12171,81.65
20,1554,MOBIKWIK,EQ,7921629,764471,9.65
20,1555,MODEFENCE,EQ,520708,309609,59.46
20,1556,MODIRUBBER,EQ,1241,588,47.38
20,1557,MODISONLTD,EQ,13408,8013,59.76
20,1558,MOGSEC,EQ,1568,1202,76.66
20,1559,MOHEALTH,EQ,78237,56455,72.16
20,1560,MOIL,EQ,1575586,570361,36.20
20,1561,MOKSH,EQ,198668,164386,82.74
20,1562,MOL,EQ,509493,206273,40.49
20,1563,MOLDTECH,EQ,63965,41716,65.22
20,1564,MOLDTKPAC,EQ,46249,29750,64.33
20,1565,MOLOWVOL,EQ,1224270,1223927,99.97
20,1566,MOM100,EQ,971270,340366,35.04
20,1567,MOM30IETF,EQ,3337870,2844505,85.22
20,1568,MOM50,EQ,9439,6620,70.13
20,1569,MOMENTUM,EQ,215240,202466,94.07
20,1570,MOMENTUM50,EQ,1469368,1369036,93.17
20,1571,MOMOMENTUM,EQ,338985,296707,87.53
20,1572,MON100,EQ,1009312,684005,67.77
20,1573,MONARCH,EQ,550673,220999,40.13
20,1574,MONIFTY500,EQ,285750,259804,90.92
20,1575,MONOPHARMA,SM,6000,6000,100.00
20,1576,MONQ50,EQ,172082,115276,66.99
20,1577,MONTECARLO,EQ,26771,14465,54.03
20,1578,MOQUALITY,EQ,390,335,85.90
20,1579,MOREALTY,EQ,408984,327582,80.10
20,1580,MOREPENLAB,EQ,4315580,1633906,37.86
20,1581,MOS,ST,155200,146800,94.59
20,1582,MOSMALL250,EQ,1503932,1108876,73.73
20,1583,MOTHERSON,EQ,6199418,2621831,42.29
20,1584,MOTILALOFS,EQ,4106030,1387481,33.79
20,1585,MOTISONS,EQ,1020231,603256,59.13
20,1586,MOTOGENFIN,EQ,111246,13051,11.73
20,1587,MOVALUE,EQ,480935,390120,81.12
20,1588,MOXSH,SM,3200,3200,100.00
20,1589,MPHASIS,EQ,322108,165888,51.50
20,1590,MPSLTD,EQ,4569,2083,45.59
20,1591,MRF,EQ,6999,2347,33.53
20,1592,MRO-TEK,EQ,24449,16556,67.72
20,1593,MRPL,EQ,2239313,499378,22.30
20,1594,MSPL,EQ,420657,267883,63.68
20,1595,MSTCLTD,EQ,144561,48758,33.73
20,1596,MSUMI,EQ,1786797,769568,43.07
20,1597,MTARTECH,EQ,53291,27710,52.00
20,1598,MTNL,EQ,5802120,1344409,23.17
20,1599,MUFIN,EQ,374815,226411,60.41
20,1600,MUFTI,EQ,110305,56371,51.10
20,1601,MUKANDLTD,EQ,77166,44489,57.65
20,1602,MUKKA,EQ,418756,151268,36.12
20,1603,MUKTAARTS,EQ,16356,10317,63.08
20,1604,MULTICAP,EQ,380974,311652,81.80
20,1605,MUNJALAU,EQ,251638,75059,29.83
20,1606,MUNJALSHOW,EQ,57214,21031,36.76
20,1607,MURUDCERA,EQ,40284,15372,38.16
20,1608,MUTHOOTCAP,EQ,18647,11093,59.49
20,1609,MUTHOOTFIN,EQ,212025,87698,41.36
20,1610,MUTHOOTMF,EQ,65114,29099,44.69
20,1611,MVGJL,EQ,189239,64190,33.92
20,1612,MVKAGRO,SM,10800,8400,77.78
20,1613,MWL,SM,1200,1200,100.00
20,1614,MYMUDRA,SM,12000,8400,70.00
20,1615,NACLIND,EQ,116231,47945,41.25
20,1616,NAGAFERT,EQ,648232,300143,46.30
20,1617,NAGREEKEXP,EQ,62019,30263,48.80
20,1618,NAHARCAP,EQ,8068,3729,46.22
20,1619,NAHARINDUS,EQ,5462,3089,56.55
20,1620,NAHARPOLY,EQ,9512,4967,52.22
20,1621,NAHARSPING,EQ,18888,11890,62.95
20,1622,NAMAN,ST,24000,21600,90.00
20,1623,NAM-INDIA,EQ,680207,304307,44.74
20,1624,NAMOEWASTE,ST,60800,59200,97.37
20,1625,NARMADA,EQ,940448,774218,82.32
20,1626,NATCOPHARM,EQ,238267,112472,47.20
20,1627,NATHBIOGEN,EQ,13497,8769,64.97
20,1628,NATIONALUM,EQ,9047054,2076632,22.95
20,1629,NAUKRI,EQ,404299,215132,53.21
20,1630,NAVA,EQ,167551,85340,50.93
20,1631,NAVINFLUOR,EQ,487645,264980,54.34
20,1632,NAVKARCORP,EQ,517723,240289,46.41
20,1633,NAVKARURB,EQ,2539118,932701,36.73
20,1634,NAVNETEDUL,EQ,110454,62984,57.02
20,1635,NAZARA,EQ,542462,237511,43.78
20,1636,NBCC,EQ,17470432,4628612,26.49
20,1637,NCC,EQ,3093278,1087504,35.16
20,1638,NCLIND,EQ,70662,36341,51.43
20,1639,NDL,EQ,1915976,1148896,59.96
20,1640,NDLVENTURE,EQ,6104,2671,43.76
20,1641,NDRAUTO,EQ,15004,6881,45.86
20,1642,NDTV,EQ,105527,38221,36.22
20,1643,NECCLTD,EQ,121540,54129,44.54
20,1644,NEELAM,ST,54000,42000,77.78
20,1645,NELCAST,EQ,32011,14479,45.23
20,1646,NELCO,EQ,92834,40662,43.80
20,1647,NEOGEN,EQ,19551,4695,24.01
20,1648,NEPHROCARE,SM,24000,18800,78.33
20,1649,NESCO,EQ,26860,12919,48.10
20,1650,NESTLEIND,EQ,764414,324393,42.44
20,1651,NETF,EQ,1890,1502,79.47
20,1652,NETWEB,EQ,487495,139190,28.55
20,1653,NETWORK18,EQ,3899520,2025833,51.95
20,1654,NEULANDLAB,EQ,30212,17365,57.48
20,1655,NEWGEN,EQ,3114164,833738,26.77
20,1656,NEWJAISA,SM,7500,4500,60.00
20,1657,NEXT50,EQ,28435,23762,83.57
20,1658,NEXT50IETF,EQ,1299609,969835,74.63
20,1659,NFL,EQ,4130209,1125509,27.25
20,1660,NGIL,EQ,89083,5653,6.35
20,1661,NGILPP1,E1,705,505,71.63
20,1662,NGLFINE,EQ,2456,1792,72.96
20,1663,NH,EQ,167742,98127,58.50
20,1664,NHPC,EQ,12375916,5190359,41.94
20,1665,NIACL,EQ,504716,166217,32.93
20,1666,NIDAN,SM,10000,9000,90.00
20,1667,NIF100BEES,EQ,26608,19277,72.45
20,1668,NIF100IETF,EQ,282310,108395,38.40
20,1669,NIF10GETF,EQ,1072,613,57.18
20,1670,NIF5GETF,EQ,2577,2447,94.96
20,1671,NIFITETF,EQ,215,196,91.16
20,1672,NIFMID150,EQ,1320,1168,88.48
20,1673,NIFTY1,EQ,227754,196989,86.49
20,1674,NIFTY50ADD,EQ,22642,17266,76.26
20,1675,NIFTYBEES,EQ,8501767,5163953,60.74
20,1676,NIFTYBETF,EQ,16812,11372,67.64
20,1677,NIFTYETF,EQ,1290949,1272074,98.54
20,1678,NIFTYIETF,EQ,567637,418856,73.79
20,1679,NIFTYQLITY,EQ,51354,36177,70.45
20,1680,NIITLTD,EQ,1757372,745784,42.44
20,1681,NIITMTS,EQ,49465,37537,75.89
20,1682,NILAINFRA,EQ,607303,292067,48.09
20,1683,NILKAMAL,EQ,3535,2486,70.33
20,1684,NINSYS,EQ,2148,1005,46.79
20,1685,NIPPOBATRY,EQ,1581,1322,83.62
20,1686,NIRAJISPAT,EQ,5,5,100.00
20,1687,NIRMAN,SM,22800,16800,73.68
20,1688,NITINSPIN,EQ,125030,61218,48.96
20,1689,NITIRAJ,EQ,2798,1986,70.98
20,1690,NIVABUPA,EQ,1067747,342958,32.12
20,1691,NLCINDIA,EQ,1784487,672112,37.66
20,1692,NMDC,EQ,32761209,14725606,44.95
20,1693,NMSTEEL,SM,33600,24000,71.43
20,1694,NOCIL,EQ,360324,152266,42.26
20,1695,NORTHARC,EQ,165046,82250,49.83
20,1696,NOVAAGRI,EQ,323990,96651,29.83
20,1697,NPBET,EQ,1917,1079,56.29
20,1698,NPST,SM,5700,3850,67.54
20,1699,NRAIL,EQ,3141,663,21.11
20,1700,NRBBEARING,EQ,120837,51484,42.61
20,1701,NSIL,EQ,10297,5008,48.64
20,1702,NSLNISP,EQ,1610555,604450,37.53
20,1703,NTPC,EQ,12774630,5485919,42.94
20,1704,NTPCGREEN,EQ,5049591,2272144,45.00
20,1705,NUCLEUS,EQ,17010,7436,43.72
20,1706,NURECA,EQ,150007,46815,31.21
20,1707,NUVAMA,EQ,112278,65315,58.17
20,1708,NUVOCO,EQ,60173,34263,56.94
20,1709,NV20,EQ,22544,11505,51.03
20,1710,NV20BEES,EQ,39031,30253,77.51
20,1711,NV20IETF,EQ,811585,453442,55.87
20,1712,NXST,RR,1031443,966363,93.69
20,1713,NYKAA,EQ,4526759,2376497,52.50
20,1714,OAL,EQ,20674,13477,65.19
20,1715,OBCL,EQ,13930,12534,89.98
20,1716,OBEROIRLTY,EQ,3905130,927690,23.76
20,1717,OBSCP,ST,4800,4800,100.00
20,1718,OCCL,EQ,6267,3403,54.30
20,1719,OCCLLTD,EQ,185347,125429,67.67
20,1720,OFSS,EQ,155630,48436,31.12
20,1721,OIL,EQ,2543729,653456,25.69
20,1722,OILIETF,EQ,1561262,1142496,73.18
20,1723,OLAELEC,EQ,27328395,6529609,23.89
20,1724,OLECTRA,EQ,350319,85913,24.52
20,1725,OLIL,SM,9600,9600,100.00
20,1726,OMAXAUTO,EQ,17576,8811,50.13
20,1727,OMAXE,EQ,153932,92381,60.01
20,1728,OMFURN,ST,7200,7200,100.00
20,1729,OMINFRAL,EQ,93150,41993,45.08
20,1730,ONDOOR,ST,900,900,100.00
20,1731,ONELIFECAP,EQ,4240,3222,75.99
20,1732,ONEPOINT,EQ,584029,241563,41.36
20,1733,ONGC,EQ,8989218,3488633,38.81
20,1734,ONMOBILE,EQ,468281,170828,36.48
20,1735,ONWARDTEC,EQ,1362499,360246,26.44
20,1736,ONYX,ST,22000,22000,100.00
20,1737,OPTIEMUS,EQ,94123,50176,53.31
20,1738,ORCHPHARMA,EQ,57152,16237,28.41
20,1739,ORIANA,SM,61200,38025,62.13
20,1740,ORICONENT,EQ,1382841,475540,34.39
20,1741,ORIENTALTL,EQ,193344,87118,45.06
20,1742,ORIENTBELL,EQ,25283,22656,89.61
20,1743,ORIENTCEM,EQ,241624,129387,53.55
20,1744,ORIENTCER,EQ,18454,9709,52.61
20,1745,ORIENTELEC,EQ,46127,24648,53.44
20,1746,ORIENTHOT,EQ,402138,293337,72.94
20,1747,ORIENTPPR,EQ,587237,216324,36.84
20,1748,ORIENTTECH,EQ,360021,205353,57.04
20,1749,ORISSAMINE,EQ,4129,1771,42.89
20,1750,ORTINGLOBE,EQ,5339,4308,80.69
20,1751,OSELDEVICE,ST,93600,84800,90.60
20,1752,OSWALAGRO,EQ,50256,40516,80.62
20,1753,OSWALGREEN,EQ,692529,206477,29.81
20,1754,OWAIS,SM,15500,9600,61.94
20,1755,PAGEIND,EQ,26933,14684,54.52
20,1756,PAISALO,EQ,1541141,691002,44.84
20,1757,PAKKA,EQ,108714,49587,45.61
20,1758,PALASHSECU,EQ,5236,3240,61.88
20,1759,PANACEABIO,EQ,244771,133393,54.50
20,1760,PANAMAPET,EQ,34895,22268,63.81
20,1761,PANSARI,EQ,25116,18563,73.91
20,1762,PARACABLES,EQ,751489,332649,44.27
20,1763,PARADEEP,EQ,19694922,4485274,22.77
20,1764,PARAGMILK,EQ,403331,276350,68.52
20,1765,PARAGON,ST,14400,12000,83.33
20,1766,PARAMOUNT,SM,1200,1200,100.00
20,1767,PARAS,EQ,136898,53130,38.81
20,1768,PARASPETRO,EQ,121149,95339,78.70
20,1769,PARIN,ST,3500,1500,42.86
20,1770,PARKHOTELS,EQ,235258,120818,51.36
20,1771,PARTYCRUS,SM,12000,9000,75.00
20,1772,PASHUPATI,ST,27600,27600,100.00
20,1773,PATANJALI,EQ,794952,313412,39.43
20,1774,PATELENG,EQ,3106021,1287230,41.44
20,1775,PATINTLOG,EQ,221545,107377,48.47
20,1776,PAVNAIND,EQ,17715,10400,58.71
20,1777,PAYTM,EQ,13656853,2404835,17.61
20,1778,PCBL,EQ,2314825,840065,36.29
20,1779,PCCL,SM,13600,10000,73.53
20,1780,PCJEWELLER,EQ,9984785,4708492,47.16
20,1781,PDMJEPAPER,EQ,213447,121500,56.92
20,1782,PDSL,EQ,71489,34952,48.89
20,1783,PEARLPOLY,EQ,22554,8826,39.13
20,1784,PEL,EQ,273007,64670,23.69
20,1785,PELATRO,ST,2400,2400,100.00
20,1786,PENIND,EQ,463351,233505,50.39
20,1787,PENINLAND,EQ,270273,142551,52.74
20,1788,PENTAGON,SM,17000,10000,58.82
20,1789,PERFECT,ST,3000,3000,100.00
20,1790,PERSISTENT,EQ,281341,129377,45.99
20,1791,PETRONET,EQ,2537897,954790,37.62
20,1792,PFC,EQ,5673560,2372005,41.81
20,1793,PFIZER,EQ,12861,5147,40.02
20,1794,PFOCUS,EQ,28091,16101,57.32
20,1795,PFS,EQ,524606,244143,46.54
20,1796,PGEL,EQ,1336935,703852,52.65
20,1797,PGHH,EQ,1436,754,52.51
20,1798,PGHL,EQ,6207,3581,57.69
20,1799,PGIL,EQ,200741,53768,26.78
20,1800,PGINVIT,IV,858104,669690,78.04
20,1801,PHANTOMFX,ST,23400,23400,100.00
20,1802,PHARMABEES,EQ,2396370,1239765,51.74
20,1803,PHOENIXLTD,EQ,613109,302601,49.36
20,1804,PHOGLOBAL,ST,16000,14000,87.50
20,1805,PIDILITIND,EQ,359612,209447,58.24
20,1806,PIIND,EQ,187358,110826,59.15
20,1807,PILANIINVS,EQ,4053,1419,35.01
20,1808,PILITA,EQ,341713,240323,70.33
20,1809,PITTIENG,EQ,28771,14849,51.61
20,1810,PIXTRANS,EQ,15555,8958,57.59
20,1811,PLASTIBLEN,EQ,11743,6300,53.65
20,1812,PLATIND,EQ,147555,75103,50.90
20,1813,PLAZACABLE,EQ,11358,8031,70.71
20,1814,PNB,EQ,21920285,5396921,24.62
20,1815,PNBGILTS,EQ,298609,122913,41.16
20,1816,PNBHOUSING,EQ,619377,243082,39.25
20,1817,PNC,EQ,5883,3111,52.88
20,1818,PNCINFRA,EQ,311745,108750,34.88
20,1819,PNGJL,EQ,347949,189239,54.39
20,1820,POCL,EQ,34931,22786,65.23
20,1821,PODDARMENT,EQ,3260,2057,63.10
20,1822,POKARNA,EQ,67450,24845,36.83
20,1823,POLICYBZR,EQ,1359132,697663,51.33
20,1824,POLYCAB,EQ,380639,120275,31.60
20,1825,POLYMED,EQ,82527,45123,54.68
20,1826,POLYPLEX,EQ,69983,31792,45.43
20,1827,POLYSIL,SM,2000,2000,100.00
20,1828,PONNIERODE,EQ,13587,8602,63.31
20,1829,POONAWALLA,EQ,4411476,672921,15.25
20,1830,POSITRON,ST,17700,16200,91.53
20,1831,POWERGRID,EQ,13911546,6609021,47.51
20,1832,POWERINDIA,EQ,46451,14609,31.45
20,1833,POWERMECH,EQ,57332,29011,50.60
20,1834,PPAP,EQ,10189,5335,52.36
20,1835,PPL,EQ,35097,17347,49.43
20,1836,PPLPHARMA,EQ,3425953,882262,25.75
20,1837,PPSL,SM,75000,60000,80.00
20,1838,PRAENG,EQ,112985,58204,51.51
20,1839,PRAJIND,EQ,760823,207378,27.26
20,1840,PRAKASH,EQ,1105726,490840,44.39
20,1841,PRAKASHSTL,EQ,254071,153609,60.46
20,1842,PRAMARA,SM,4000,3000,75.00
20,1843,PRANIK,SM,9600,9600,100.00
20,1844,PRATHAM,ST,11600,11600,100.00
20,1845,PRECAM,EQ,139059,55891,40.19
20,1846,PRECISION,ST,6000,6000,100.00
20,1847,PRECWIRE,EQ,392861,129353,32.93
20,1848,PREMEXPLN,EQ,53883,24802,46.03
20,1849,PREMIERENE,EQ,1158878,352150,30.39
20,1850,PREMIUM,SM,9000,9000,100.00
20,1851,PRESSTONIC,ST,6400,6400,100.00
20,1852,PRESTIGE,EQ,975343,588584,60.35
20,1853,PRICOLLTD,EQ,512758,170343,33.22
20,1854,PRIMESECU,EQ,92476,39454,42.66
20,1855,PRINCEPIPE,EQ,156935,56130,35.77
20,1856,PRITI,EQ,10875,6595,60.64
20,1857,PRITIKA,ST,2000,2000,100.00
20,1858,PRITIKAUTO,EQ,534286,260095,48.68
20,1859,PRIVISCL,EQ,19921,13281,66.67
20,1860,PRIZOR,ST,24800,24000,96.77
20,1861,PRLIND,SM,67000,46000,68.66
20,1862,PROLIFE,SM,3500,3000,85.71
20,1863,PROPEQUITY,SM,3000,3000,100.00
20,1864,PROV,SM,960,640,66.67
20,1865,PRSMJOHNSN,EQ,304218,96167,31.61
20,1866,PRUDENT,EQ,40858,26160,64.03
20,1867,PSB,EQ,853323,256589,30.07
20,1868,PSFL,SM,2000,2000,100.00
20,1869,PSPPROJECT,EQ,85793,66627,77.66
20,1870,PSUBANK,EQ,13133,7177,54.65
20,1871,PSUBANKADD,EQ,9660,4729,48.95
20,1872,PSUBNKBEES,EQ,1425283,758622,53.23
20,1873,PSUBNKIETF,EQ,96081,44081,45.88
20,1874,PTC,EQ,2024016,981545,48.49
20,1875,PTCIL,EQ,14623,8475,57.96
20,1876,PTL,EQ,63006,40200,63.80
20,1877,PULZ,ST,46000,46000,100.00
20,1878,PUNJABCHEM,EQ,2831,1773,62.63
20,1879,PURPLEUTED,SM,29000,22000,75.86
20,1880,PURVA,EQ,51738,28181,54.47
20,1881,PURVFLEXI,SM,3200,2400,75.00
20,1882,PVP,EQ,182815,101759,55.66
20,1883,PVRINOX,EQ,547665,241319,44.06
20,1884,PVSL,EQ,45278,31455,69.47
20,1885,PVTBANIETF,EQ,1964006,1511996,76.99
20,1886,PVTBANKADD,EQ,178025,107411,60.33
20,1887,PYRAMID,EQ,35119,16035,45.66
20,1888,QFIL,SM,4000,4000,100.00
20,1889,QGOLDHALF,EQ,64114,55989,87.33
20,1890,QMSMEDI,SM,10000,8000,80.00
20,1891,QNIFTY,EQ,860,454,52.79
20,1892,QUADFUTURE,EQ,3291252,357737,10.87
20,1893,QUADPRO,SM,192000,132000,68.75
20,1894,QUAL30IETF,EQ,364193,244046,67.01
20,1895,QUESS,EQ,99445,37006,37.21
20,1896,QUESTLAB,ST,118800,111600,93.94
20,1897,QUICKHEAL,EQ,34804,16423,47.19
20,1898,QUICKTOUCH,ST,16500,14500,87.88
20,1899,QVCEL,ST,9600,9600,100.00
20,1900,RACE,EQ,1248,944,75.64
20,1901,RACLGEAR,EQ,4545,2762,60.77
20,1902,RADHIKAJWE,EQ,3022381,1567212,51.85
20,1903,RADIANTCMS,EQ,89531,56970,63.63
20,1904,RADICO,EQ,155354,97224,62.58
20,1905,RADIOCITY,EQ,55362,44560,80.49
20,1906,RADIOCITY,P1,4991,4991,100.00
20,1907,RADIOWALLA,SM,1600,1600,100.00
20,1908,RAILTEL,EQ,1770717,562975,31.79
20,1909,RAIN,EQ,808633,289197,35.76
20,1910,RAINBOW,EQ,63604,35287,55.48
20,1911,RAJESHEXPO,EQ,327514,144431,44.10
20,1912,RAJINDLTD,SM,7500,6000,80.00
20,1913,RAJMET,EQ,389043,204028,52.44
20,1914,RAJPUTANA,SM,22000,13000,59.09
20,1915,RAJRATAN,EQ,8859,4118,46.48
20,1916,RAJSREESUG,EQ,58483,34159,58.41
20,1917,RALLIS,EQ,968287,501412,51.78
20,1918,RAMANEWS,EQ,43094,21881,50.78
20,1919,RAMAPHO,EQ,11121,5876,52.84
20,1920,RAMASTEEL,EQ,99000049,17481805,17.66
20,1921,RAMCOCEM,EQ,572948,287662,50.21
20,1922,RAMCOIND,EQ,96568,46328,47.97
20,1923,RAMCOSYS,EQ,40788,18417,45.15
20,1924,RAMKY,EQ,29537,17381,58.84
20,1925,RAMRAT,EQ,34723,16330,47.03
20,1926,RANASUG,EQ,183948,86818,47.20
20,1927,RANEENGINE,EQ,2642,1538,58.21
20,1928,RANEHOLDIN,EQ,11839,6079,51.35
20,1929,RAPPID,ST,19200,17400,90.63
20,1930,RATEGAIN,EQ,346714,136132,39.26
20,1931,RATNAMANI,EQ,33045,25907,78.40
20,1932,RATNAVEER,EQ,345260,136872,39.64
20,1933,RAYMOND,EQ,148559,44673,30.07
20,1934,RAYMONDLSL,EQ,368838,330222,89.53
20,1935,RBA,EQ,960170,434280,45.23
20,1936,RBL,EQ,3547,1670,47.08
20,1937,RBLBANK,EQ,12391031,2671246,21.56
20,1938,RBMINFRA,SM,16600,12200,73.49
20,1939,RBS,ST,12800,8000,62.50
20,1940,RBZJEWEL,EQ,142400,81076,56.94
20,1941,RCDL,SM,12000,9000,75.00
20,1942,RCF,EQ,4929063,825937,16.76
20,1943,RECLTD,EQ,5395660,1981696,36.73
20,1944,REDINGTON,EQ,4697410,1117972,23.80
20,1945,REDTAPE,EQ,29282,13976,47.73
20,1946,REFRACTORY,ST,8000,7000,87.50
20,1947,RELAXO,EQ,46139,21712,47.06
20,1948,RELCHEMQ,EQ,3959,3199,80.80
20,1949,RELIABLE,EQ,5677,3417,60.19
20,1950,RELIANCE,EQ,14562976,6749191,46.34
20,1951,RELIGARE,EQ,1413102,813542,57.57
20,1952,RELINFRA,EQ,3344638,2182561,65.26
20,1953,RELTD,EQ,58801,33318,56.66
20,1954,REMSONSIND,EQ,41543,28753,69.21
20,1955,REMUS,SM,1000,850,85.00
20,1956,RENUKA,EQ,6792325,1619729,23.85
20,1957,REPCOHOME,EQ,148404,86750,58.46
20,1958,REPRO,EQ,10268,3151,30.69
20,1959,RESPONIND,EQ,243340,136604,56.14
20,1960,RETAIL,EQ,14850,9919,66.79
20,1961,REXPIPES,SM,4000,4000,100.00
20,1962,RGL,EQ,1104952,448269,40.57
20,1963,RHIM,EQ,112250,78438,69.88
20,1964,RICOAUTO,EQ,376075,153751,40.88
20,1965,RIIL,EQ,199463,40997,20.55
20,1966,RILINFRA,SM,33800,26200,77.51
20,1967,RISHABH,EQ,34394,19046,55.38
20,1968,RITCO,EQ,66886,29603,44.26
20,1969,RITES,EQ,1141568,397890,34.85
20,1970,RITEZONE,SM,1600,1600,100.00
20,1971,RKDL,EQ,12014,9567,79.63
20,1972,RKEC,EQ,46109,31152,67.56
20,1973,RKFORGE,EQ,600785,190903,31.78
20,1974,RKSWAMY,EQ,32758,15386,46.97
20,1975,RMDRIP,ST,6500,6500,100.00
20,1976,RML,EQ,6026,3850,63.89
20,1977,RNFI,ST,45600,45600,100.00
20,1978,ROCKINGDCE,SM,19000,12000,63.16
20,1979,ROHLTD,EQ,28403,11698,41.19
20,1980,ROLEXRINGS,EQ,5926,2587,43.66
20,1981,ROML,EQ,6873,4755,69.18
20,1982,ROSSARI,EQ,49880,18278,36.64
20,1983,ROSSTECH,EQ,20739,12288,59.25
20,1984,ROTO,EQ,303572,62192,20.49
20,1985,ROUTE,EQ,24491,10428,42.58
20,1986,ROXHITECH,SM,60800,52800,86.84
20,1987,RPEL,EQ,433797,96019,22.13
20,1988,RPGLIFE,EQ,12811,8846,69.05
20,1989,RPOWER,EQ,11491641,5320994,46.30
20,1990,RPPL,EQ,70116,36334,51.82
20,1991,RPSGVENT,EQ,61438,35782,58.24
20,1992,RPTECH,EQ,108400,44275,40.84
20,1993,RRKABEL,EQ,147918,27096,18.32
20,1994,RSWM,EQ,28266,17442,61.71
20,1995,RSYSTEMS,EQ,63605,33345,52.43
20,1996,RTNINDIA,EQ,1327808,398292,30.00
20,1997,RTNPOWER,EQ,11597972,4710217,40.61
20,1998,RUBFILA,EQ,33341,24827,74.46
20,1999,RUBYMILLS,EQ,18361,11640,63.40
20,2000,RUCHINFRA,EQ,50857,33476,65.82
20,2001,RUCHIRA,EQ,14470,7950,54.94
20,2002,RULKA,ST,8700,8400,96.55
20,2003,RUPA,EQ,65698,36134,55.00
20,2004,RUSHIL,EQ,200592,109210,54.44
20,2005,RUSTOMJEE,EQ,22923,14773,64.45
20,2006,RVNL,EQ,7758398,1398827,18.03
20,2007,SAAKSHI,SM,14400,7800,54.17
20,2008,SABAR,ST,130000,110000,84.62
20,2009,SADBHAV,EQ,739105,374708,50.70
20,2010,SADBHIN,EQ,49766,37900,76.16
20,2011,SADHAV,SM,12000,9600,80.00
20,2012,SADHNANIQ,EQ,251387,135261,53.81
20,2013,SAFARI,EQ,18142,8135,44.84
20,2014,SAGARDEEP,EQ,188580,144671,76.72
20,2015,SAGCEM,EQ,28931,15095,52.18
20,2016,SAHAJ,SM,8000,8000,100.00
20,2017,SAHAJSOLAR,SM,14800,11600,78.38
20,2018,SAHANA,ST,22125,20625,93.22
20,2019,SAHASRA,SM,34400,27200,79.07
20,2020,SAHYADRI,EQ,4931,3221,65.32
20,2021,SAIFL,SM,4800,4000,83.33
20,2022,SAIL,EQ,17016648,5620689,33.03
20,2023,SAILIFE,EQ,496800,215247,43.33
20,2024,SAJHOTELS,ST,70000,68000,97.14
20,2025,SAKAR,EQ,7272,4854,66.75
20,2026,SAKHTISUG,EQ,189114,72040,38.09
20,2027,SAKSOFT,EQ,60777,30002,49.36
20,2028,SALASAR,EQ,4235690,1405699,33.19
20,2029,SALONA,EQ,885,398,44.97
20,2030,SALSTEEL,EQ,25684,18104,70.49
20,2031,SALZERELEC,EQ,154204,52567,34.09
20,2032,SAMHI,EQ,1163817,650594,55.90
20,2033,SAMMAANCAP,EQ,9664303,3839699,39.73
20,2034,SANATHAN,EQ,164416,88192,53.64
20,2035,SANDESH,EQ,569,395,69.42
20,2036,SANDHAR,EQ,74667,35165,47.10
20,2037,SANDUMA,EQ,73715,36915,50.08
20,2038,SANGAMIND,EQ,13358,6348,47.52
20,2039,SANGANI,ST,3000,3000,100.00
20,2040,SANGHIIND,EQ,437437,102023,23.32
20,2041,SANGHVIMOV,EQ,314918,193823,61.55
20,2042,SANGINITA,EQ,31560,25297,80.16
20,2043,SANOFI,EQ,22359,8983,40.18
20,2044,SANOFICONR,EQ,4077,2247,55.11
20,2045,SANSERA,EQ,118664,52239,44.02
20,2046,SANSTAR,EQ,191737,84865,44.26
20,2047,SAPPHIRE,EQ,82593,23703,28.70
20,2048,SARDAEN,EQ,468535,217717,46.47
20,2049,SAREGAMA,EQ,361541,90199,24.95
20,2050,SAROJA,SM,1600,1600,100.00
20,2051,SARTELE,SM,31500,21500,68.25
20,2052,SARVESHWAR,EQ,3089072,1389487,44.98
20,2053,SASKEN,EQ,11391,6455,56.67
20,2054,SASTASUNDR,EQ,21304,11440,53.70
20,2055,SATECH,ST,10000,10000,100.00
20,2056,SATIA,EQ,147807,77252,52.27
20,2057,SATIN,EQ,106897,45287,42.37
20,2058,SATINDLTD,EQ,484585,207164,42.75
20,2059,SATIPOLY,SM,3500,3000,85.71
20,2060,SATKARTAR,ST,748800,696000,92.95
20,2061,SAURASHCEM,EQ,72218,32757,45.36
20,2062,SBC,EQ,1876515,994888,53.02
20,2063,SBCL,EQ,76784,33781,43.99
20,2064,SBFC,EQ,1077871,468761,43.49
20,2065,SBGLP,EQ,274975,132557,48.21
20,2066,SBICARD,EQ,2834308,1518819,53.59
20,2067,SBIETFCON,EQ,10177,6965,68.44
20,2068,SBIETFIT,EQ,3201,1946,60.79
20,2069,SBIETFPB,EQ,12749,10754,84.35
20,2070,SBIETFQLTY,EQ,2031,1583,77.94
20,2071,SBILIFE,EQ,877160,412494,47.03
20,2072,SBIN,EQ,13751780,5552139,40.37
20,2073,SBINEQWETF,EQ,13168,11088,84.20
20,2074,SBISILVER,EQ,55687,49240,88.42
20,2075,SCHAEFFLER,EQ,70896,49379,69.65
20,2076,SCHAND,EQ,25680,13412,52.23
20,2077,SCHNEIDER,EQ,188330,55164,29.29
20,2078,SCI,EQ,1708484,536574,31.41
20,2079,SCILAL,EQ,1869430,635999,34.02
20,2080,SCL25B,BI,71,71,100.00
20,2081,SCLZC25F,Y5,73,73,100.00
20,2082,SCML,SM,2000,2000,100.00
20,2083,SCPL,EQ,8582,5566,64.86
20,2084,SDBL,EQ,1301828,423301,32.52
20,2085,SDL26BEES,EQ,11858,10440,88.04
20,2086,SDREAMS,SM,21000,13000,61.90
20,2087,SEAMECLTD,EQ,16022,9686,60.45
20,2088,SECMARK,EQ,908,838,92.29
20,2089,SECURKLOUD,EQ,41696,25854,62.01
20,2090,SEL,ST,200,200,100.00
20,2091,SELAN,EQ,36228,18892,52.15
20,2092,SELMC,EQ,33822,27445,81.15
20,2093,SENCO,EQ,165654,72361,43.68
20,2094,SENORES,EQ,314089,107440,34.21
20,2095,SENSEXADD,EQ,1699,1657,97.53
20,2096,SENSEXETF,EQ,24272,20995,86.50
20,2097,SENSEXIETF,EQ,21038,7101,33.75
20,2098,SEPC,EQ,5762972,2566219,44.53
20,2099,SEQUENT,EQ,838999,380303,45.33
20,2100,SERVICE,SM,6000,6000,100.00
20,2101,SERVOTECH,EQ,985595,443383,44.99
20,2102,SESHAPAPER,EQ,11787,6989,59.29
20,2103,SETF10GILT,EQ,26401,17428,66.01
20,2104,SETFGOLD,EQ,1817034,1151155,63.35
20,2105,SETFNIF50,EQ,1104176,880910,79.78
20,2106,SETFNIFBK,EQ,68433,42977,62.80
20,2107,SETFNN50,EQ,48066,40253,83.75
20,2108,SFL,EQ,55620,26815,48.21
20,2109,SFML,SM,51200,40000,78.13
20,2110,SGBAPR28I,GB,96,59,61.46
20,2111,SGBAUG27,GB,55,43,78.18
20,2112,SGBAUG28V,GB,1239,1163,93.87
20,2113,SGBAUG29V,GB,198,179,90.40
20,2114,SGBAUG30,GB,240,138,57.50
20,2115,SGBD29VIII,GB,41,38,92.68
20,2116,SGBDC27VII,GB,5,5,100.00
20,2117,SGBDE30III,GB,105,80,76.19
20,2118,SGBDE31III,GB,961,790,82.21
20,2119,SGBDEC25,GB,37,36,97.30
20,2120,SGBDEC26,GB,11,11,100.00
20,2121,SGBFEB29XI,GB,30,25,83.33
20,2122,SGBFEB32IV,GB,817,549,67.20
20,2123,SGBJ28VIII,GB,22,13,59.09
20,2124,SGBJAN29IX,GB,171,149,87.13
20,2125,SGBJAN29X,GB,52,42,80.77
20,2126,SGBJAN30IX,GB,7,7,100.00
20,2127,SGBJU29III,GB,40,39,97.50
20,2128,SGBJUL25,GB,53,30,56.60
20,2129,SGBJUL27,GB,9,9,100.00
20,2130,SGBJUL28IV,GB,1138,1087,95.52
20,2131,SGBJUL29IV,GB,401,385,96.01
20,2132,SGBJUN28,GB,110,72,65.45
20,2133,SGBJUN29II,GB,43,28,65.12
20,2134,SGBJUN30,GB,195,175,89.74
20,2135,SGBJUN31I,GB,405,266,65.68
20,2136,SGBMAR25,GB,29,25,86.21
20,2137,SGBMAR30X,GB,70,64,91.43
20,2138,SGBMAR31IV,GB,133,124,93.23
20,2139,SGBMAY25,GB,11,9,81.82
20,2140,SGBMAY26,GB,7,7,100.00
20,2141,SGBMAY28,GB,130,130,100.00
20,2142,SGBMAY29I,GB,491,350,71.28
20,2143,SGBMR29XII,GB,39,38,97.44
20,2144,SGBN28VIII,GB,34,25,73.53
20,2145,SGBNV29VII,GB,93,72,77.42
20,2146,SGBOC28VII,GB,15,14,93.33
20,2147,SGBOCT25IV,GB,35,35,100.00
20,2148,SGBSEP27,GB,109,60,55.05
20,2149,SGBSEP28VI,GB,225,225,100.00
20,2150,SGBSEP29VI,GB,31,31,100.00
20,2151,SGBSEP31II,GB,741,604,81.51
20,2152,SGL,EQ,14267,8626,60.46
20,2153,SGLTL,EQ,7001953,1148902,16.41
20,2154,SHAH,EQ,599966,393416,65.57
20,2155,SHALBY,EQ,29511,15128,51.26
20,2156,SHALPAINTS,EQ,69789,41629,59.65
20,2157,SHANKARA,EQ,22848,9854,43.13
20,2158,SHANTI,EQ,64094,39536,61.68
20,2159,SHANTIGEAR,EQ,12553,6570,52.34
20,2160,SHARDACROP,EQ,271319,81497,30.04
20,2161,SHARDAMOTR,EQ,15472,7285,47.09
20,2162,SHAREINDIA,EQ,329454,93594,28.41
20,2163,SHARIABEES,EQ,3187,2076,65.14
20,2164,SHEETAL,SM,74000,64000,86.49
20,2165,SHEMAROO,EQ,23049,17098,74.18
20,2166,SHERA,SM,15000,9000,60.00
20,2167,SHILPAMED,EQ,225011,111391,49.50
20,2168,SHIVALIK,EQ,71118,29386,41.32
20,2169,SHIVAMAUTO,EQ,89974,43162,47.97
20,2170,SHIVAMILLS,EQ,11059,7312,66.12
20,2171,SHIVATEX,EQ,797817,89985,11.28
20,2172,SHK,EQ,364072,211753,58.16
20,2173,SHOPERSTOP,EQ,78754,36682,46.58
20,2174,SHREDIGCEM,EQ,279953,113250,40.45
20,2175,SHREECEM,EQ,15268,6763,44.30
20,2176,SHREEKARNI,ST,9000,7200,80.00
20,2177,SHREEOSFM,SM,11000,8000,72.73
20,2178,SHREEPUSHK,EQ,17660,9677,54.80
20,2179,SHRENIK,EQ,846590,535667,63.27
20,2180,SHREYANIND,EQ,8122,5718,70.40
20,2181,SHRIPISTON,EQ,45688,22456,49.15
20,2182,SHRIRAMFIN,EQ,7753705,3967283,51.17
20,2183,SHRIRAMPPS,EQ,849326,403070,47.46
20,2184,SHRITECH,SM,14000,14000,100.00
20,2185,SHUBHLAXMI,ST,45000,45000,100.00
20,2186,SHUBHSHREE,ST,4800,4800,100.00
20,2187,SHYAMCENT,EQ,102153,71175,69.67
20,2188,SHYAMMETL,EQ,398041,83781,21.05
20,2189,SIDDHIKA,ST,1000,1000,100.00
20,2190,SIEMENS,EQ,206995,91295,44.10
20,2191,SIGACHI,EQ,1741328,797764,45.81
20,2192,SIGIND,EQ,17868,12369,69.22
20,2193,SIGMA,EQ,19685,1982,10.07
20,2194,SIGNATURE,EQ,619119,114422,18.48
20,2195,SIKKO,EQ,56859,33097,58.21
20,2196,SIL,EQ,29780,19237,64.60
20,2197,SILGO,EQ,72874,20736,28.45
20,2198,SILKFLEX,SM,2000,2000,100.00
20,2199,SILLYMONKS,EQ,437,345,78.95
20,2200,SILVER,EQ,56962,37947,66.62
20,2201,SILVER1,EQ,32227,25906,80.39
20,2202,SILVERADD,EQ,165095,113218,68.58
20,2203,SILVERBEES,EQ,4262782,3099744,72.72
20,2204,SILVERETF,EQ,43802,22854,52.18
20,2205,SILVERIETF,EQ,241918,202911,83.88
20,2206,SILVERTUC,EQ,10964,1952,17.80
20,2207,SILVRETF,EQ,10057,6295,62.59
20,2208,SINCLAIR,EQ,50668,15789,31.16
20,2209,SINDHUTRAD,EQ,1470644,688589,46.82
20,2210,SINTERCOM,EQ,29701,25102,84.52
20,2211,SIRCA,EQ,117622,60144,51.13
20,2212,SIS,EQ,22820,13780,60.39
20,2213,SIYSIL,EQ,137307,54221,39.49
20,2214,SJLOGISTIC,SM,18000,11500,63.89
20,2215,SJS,EQ,122400,60574,49.49
20,2216,SJVN,EQ,6200896,1600176,25.81
20,2217,SKFINDIA,EQ,12892,5700,44.21
20,2218,SKIPPER,EQ,532243,197252,37.06
20,2219,SKMEGGPROD,EQ,34376,17981,52.31
20,2220,SKP,SM,18000,15000,83.33
20,2221,SLONE,ST,1600,1600,100.00
20,2222,SMALLCAP,EQ,1191567,788089,66.14
20,2223,SMCGLOBAL,EQ,69578,39444,56.69
20,2224,SMLISUZU,EQ,20547,6943,33.79
20,2225,SMLT,EQ,35935,16440,45.75
20,2226,SMSPHARMA,EQ,65211,31081,47.66
20,2227,SMVD,SM,4040,4040,100.00
20,2228,SNOWMAN,EQ,240105,107937,44.95
20,2229,SOBHA,EQ,122731,36108,29.42
20,2230,SOLARA,EQ,83511,41772,50.02
20,2231,SOLARAPP,E1,3889,3562,91.59
20,2232,SOLARINDS,EQ,51492,26232,50.94
20,2233,SOLEX,SM,12125,7375,60.82
20,2234,SOMANYCERA,EQ,19003,12302,64.74
20,2235,SOMICONVEY,EQ,12061,2887,23.94
20,2236,SONACOMS,EQ,2016643,1375830,68.22
20,2237,SONAMAC,ST,8000,7000,87.50
20,2238,SONATSOFTW,EQ,327329,204286,62.41
20,2239,SONUINFRA,ST,3000,3000,100.00
20,2240,SOTL,EQ,32180,16809,52.23
20,2241,SOUTHBANK,EQ,25706235,7766741,30.21
20,2242,SOUTHWEST,EQ,24034,14835,61.73
20,2243,SPAL,EQ,10532,4976,47.25
20,2244,SPANDANA,EQ,1119281,498998,44.58
20,2245,SPARC,EQ,606305,301658,49.75
20,2246,SPCL,ST,38400,35400,92.19
20,2247,SPECIALITY,EQ,24933,14626,58.66
20,2248,SPECTRUM,SM,3375,3125,92.59
20,2249,SPECTSTM,ST,4000,4000,100.00
20,2250,SPENCERS,EQ,204104,87906,43.07
20,2251,SPIC,EQ,715107,332898,46.55
20,2252,SPLIL,EQ,27373,15384,56.20
20,2253,SPLPETRO,EQ,60531,44285,73.16
20,2254,SPORTKING,EQ,58401,30448,52.14
20,2255,SPPPOLY,ST,4000,4000,100.00
20,2256,SREEL,EQ,8475,6130,72.33
20,2257,SRF,EQ,337461,157793,46.76
20,2258,SRGHFL,EQ,3223,2162,67.08
20,2259,SRHHYPOLTD,EQ,22711,11649,51.29
20,2260,SRIVASAVI,SM,7000,5000,71.43
20,2261,SSDL,EQ,54801,36195,66.05
20,2262,SSEGL,SM,72800,46000,63.19
20,2263,SSFL,SM,11000,11000,100.00
20,2264,S&SPOWER,EQ,2612,1830,70.06
20,2265,SSWL,EQ,142674,67934,47.61
20,2266,STANLEY,EQ,61769,39337,63.68
20,2267,STAR,EQ,624108,392675,62.92
20,2268,STARCEMENT,EQ,797536,333050,41.76
20,2269,STARHEALTH,EQ,733630,388381,52.94
20,2270,STARPAPER,EQ,11369,6985,61.44
20,2271,STARTECK,EQ,10934,1339,12.25
20,2272,STCINDIA,EQ,125211,37175,29.69
20,2273,STEELCAS,EQ,7215,3564,49.40
20,2274,STEELCITY,EQ,30818,16091,52.21
20,2275,STEELXIND,EQ,1002093,506418,50.54
20,2276,STEL,EQ,4309,2858,66.33
20,2277,STERTOOLS,EQ,78195,36549,46.74
20,2278,STLTECH,EQ,812263,441557,54.36
20,2279,STOVEKRAFT,EQ,229862,84371,36.71
20,2280,STYLAMIND,EQ,17198,7301,42.45
20,2281,STYLEBAAZA,EQ,226479,84342,37.24
20,2282,STYRENIX,EQ,85393,67416,78.95
20,2283,SUBEXLTD,EQ,3635715,2034215,55.95
20,2284,SUBROS,EQ,21250,12671,59.63
20,2285,SUDARSCHEM,EQ,127122,78155,61.48
20,2286,SUKHJITS,EQ,4339,2848,65.64
20,2287,SULA,EQ,157536,97471,61.87
20,2288,SUMICHEM,EQ,122836,35959,29.27
20,2289,SUMMITSEC,EQ,6855,4036,58.88
20,2290,SUNCLAY,EQ,7265,3482,47.93
20,2291,SUNDARAM,EQ,330486,242873,73.49
20,2292,SUNDARMFIN,EQ,58302,17699,30.36
20,2293,SUNDARMHLD,EQ,86921,43926,50.54
20,2294,SUNDRMFAST,EQ,49771,26048,52.34
20,2295,SUNLITE,SM,25200,16800,66.67
20,2296,SUNPHARMA,EQ,2489267,1151538,46.26
20,2297,SUNREST,SM,8000,6400,80.00
20,2298,SUNTECK,EQ,6797389,746543,10.98
20,2299,SUNTV,EQ,229527,35686,15.55
20,2300,SUPERHOUSE,EQ,1042,745,71.50
20,2301,SUPRAJIT,EQ,68381,37490,54.83
20,2302,SUPREMEIND,EQ,581392,297608,51.19
20,2303,SUPREMEPWR,ST,44500,42500,95.51
20,2304,SUPRIYA,EQ,163879,53835,32.85
20,2305,SURAJEST,EQ,83256,68150,81.86
20,2306,SURAKSHA,EQ,89652,42714,47.64
20,2307,SURANASOL,EQ,86781,50059,57.68
20,2308,SURANAT&P,EQ,161266,89646,55.59
20,2309,SURANI,ST,2800,2800,100.00
20,2310,SURYALAXMI,EQ,12281,8243,67.12
20,2311,SURYAROSNI,EQ,490252,219096,44.69
20,2312,SURYODAY,EQ,155378,86283,55.53
20,2313,SUTLEJTEX,EQ,48052,20835,43.36
20,2314,SUVEN,EQ,426556,238930,56.01
20,2315,SUVENPHAR,EQ,258037,156076,60.49
20,2316,SUVIDHAA,EQ,327886,174830,53.32
20,2317,SUYOG,EQ,15311,8237,53.80
20,2318,SUZLON,EQ,33972001,18298919,53.86
20,2319,SWANENERGY,EQ,2514460,669927,26.64
20,2320,SWARAJ,SM,31000,27500,88.71
20,2321,SWARAJENG,EQ,34111,14343,42.05
20,2322,SWASTIK,SM,15600,8400,53.85
20,2323,SWELECTES,EQ,25168,11439,45.45
20,2324,SWIGGY,EQ,19799027,5654714,28.56
20,2325,SWSOLAR,EQ,3748308,1272546,33.95
20,2326,SYLVANPLY,SM,4000,4000,100.00
20,2327,SYMPHONY,EQ,42032,19652,46.75
20,2328,SYNCOMF,EQ,1747514,869791,49.77
20,2329,SYNGENE,EQ,577550,221895,38.42
20,2330,SYNOPTICS,SM,21600,20400,94.44
20,2331,SYRMA,EQ,1420611,617866,43.49
20,2332,SYSTANGO,SM,14400,9200,63.89
20,2333,TAC,ST,5400,5400,100.00
20,2334,TAINWALCHM,EQ,293968,49725,16.92
20,2335,TAJGVK,EQ,204108,79840,39.12
20,2336,TAKE,EQ,129371,72732,56.22
20,2337,TALBROAUTO,EQ,45257,22565,49.86
20,2338,TANLA,EQ,12103994,598539,4.94
20,2339,TARC,EQ,365114,187216,51.28
20,2340,TARMAT,EQ,49611,31661,63.82
20,2341,TARSONS,EQ,23459,15230,64.92
20,2342,TASTYBITE,EQ,3458,1383,39.99
20,2343,TATACHEM,EQ,792769,304421,38.40
20,2344,TATACOMM,EQ,195763,63425,32.40
20,2345,TATACONSUM,EQ,2281022,900388,39.47
20,2346,TATAELXSI,EQ,87671,27662,31.55
20,2347,TATAGOLD,EQ,4038455,2804895,69.45
20,2348,TATAINVEST,EQ,22925,9436,41.16
20,2349,TATAMOTORS,EQ,11657178,3076408,26.39
20,2350,TATAPOWER,EQ,5074789,1255699,24.74
20,2351,TATASTEEL,EQ,32238213,11330959,35.15
20,2352,TATATECH,EQ,1296074,370584,28.59
20,2353,TATSILV,EQ,701706,554898,79.08
20,2354,TATVA,EQ,10091,5108,50.62
20,2355,TBI,SM,7200,6000,83.33
20,2356,TBOTEK,EQ,42903,19450,45.33
20,2357,TBZ,EQ,167610,93482,55.77
20,2358,TCI,EQ,5842,2219,37.98
20,2359,TCIEXP,EQ,9521,4358,45.77
20,2360,TCL,SM,13600,8800,64.71
20,2361,TCLCONS,EQ,441233,211013,47.82
20,2362,TCPLPACK,EQ,3874,1367,35.29
20,2363,TCS,EQ,1971591,799046,40.53
20,2364,TDPOWERSYS,EQ,502225,243362,48.46
20,2365,TEAMLEASE,EQ,5552,2325,41.88
20,2366,TECH,EQ,4209,2518,59.82
20,2367,TECHERA,ST,51200,46400,90.63
20,2368,TECHLABS,ST,59000,46500,78.81
20,2369,TECHM,EQ,2500061,1083648,43.34
20,2370,TECHNOE,EQ,69104,29820,43.15
20,2371,TECILCHEM,EQ,3163,2037,64.40
20,2372,TEGA,EQ,14736,7105,48.22
20,2373,TEJASNET,EQ,809188,283063,34.98
20,2374,TEXINFRA,EQ,260447,139908,53.72
20,2375,TEXMOPIPES,EQ,19035,8761,46.03
20,2376,TEXRAIL,EQ,2525518,945469,37.44
20,2377,TFCILTD,EQ,572328,260402,45.50
20,2378,TGBHOTELS,EQ,34397,19107,55.55
20,2379,TGL,ST,23000,20600,89.57
20,2380,THANGAMAYL,EQ,13480,7365,54.64
20,2381,THEINVEST,EQ,10287,5123,49.80
20,2382,THEJO,EQ,8643,5819,67.33
20,2383,THEMISMED,EQ,91006,40690,44.71
20,2384,THERMAX,EQ,115594,77065,66.67
20,2385,THESL,ST,3000,3000,100.00
20,2386,THOMASCOOK,EQ,816598,555524,68.03
20,2387,THYROCARE,EQ,68207,32240,47.27
20,2388,TI,EQ,1445426,353651,24.47
20,2389,TIIL,EQ,14474,10140,70.06
20,2390,TIINDIA,EQ,104395,51471,49.30
20,2391,TIL,EQ,12643,8865,70.12
20,2392,TIMETECHNO,EQ,957079,317448,33.17
20,2393,TIMKEN,EQ,217250,163770,75.38
20,2394,TIPSMUSIC,EQ,166290,62573,37.63
20,2395,TIRUMALCHM,EQ,255234,126899,49.72
20,2396,TIRUPATI,SM,7500,7250,96.67
20,2397,TITAGARH,EQ,1008117,254332,25.23
20,2398,TITAN,EQ,1016047,289402,28.48
20,2399,TMB,EQ,49097,26316,53.60
20,2400,TNIDETF,EQ,65576,58384,89.03
20,2401,TNPETRO,EQ,180022,99645,55.35
20,2402,TNPL,EQ,195715,89075,45.51
20,2403,TOKYOPLAST,EQ,3235,2007,62.04
20,2404,TOLINS,EQ,85821,42452,49.47
20,2405,TOP100CASE,EQ,792221,684162,86.36
20,2406,TOP10ADD,EQ,269995,248680,92.11
20,2407,TORNTPHARM,EQ,306619,184513,60.18
20,2408,TORNTPOWER,EQ,292099,127483,43.64
20,2409,TOTAL,EQ,15860,11245,70.90
20,2410,TOUCHWOOD,EQ,1143,583,51.01
20,2411,TPLPLASTEH,EQ,150793,33344,22.11
20,2412,TRACXN,EQ,124726,73306,58.77
20,2413,TRANSRAILL,EQ,1650924,427712,25.91
20,2414,TRANSTEEL,ST,168000,166000,98.81
20,2415,TRANSWORLD,EQ,50560,24579,48.61
20,2416,TREJHARA,EQ,8714,5345,61.34
20,2417,TREL,EQ,231429,134265,58.02
20,2418,TRENT,EQ,1553225,734654,47.30
20,2419,TRF,EQ,11409,6283,55.07
20,2420,TRIDENT,EQ,4086491,1167694,28.57
20,2421,TRIDHYA,SM,18000,18000,100.00
20,2422,TRIGYN,EQ,64180,35997,56.09
20,2423,TRITURBINE,EQ,530882,144512,27.22
20,2424,TRIVENI,EQ,454048,164699,36.27
20,2425,TROM,SM,9600,6000,62.50
20,2426,TRUST,SM,28200,23400,82.98
20,2427,TTKHLTCARE,EQ,2619,1693,64.64
20,2428,TTKPRESTIG,EQ,12653,5084,40.18
20,2429,TTML,EQ,18558306,2711438,14.61
20,2430,TUNWAL,SM,132000,102000,77.27
20,2431,TVSELECT,EQ,71418,18975,26.57
20,2432,TVSHLTD,EQ,7788,3990,51.23
20,2433,TVSMOTOR,EQ,687145,356518,51.88
20,2434,TVSSCS,EQ,182902,66733,36.49
20,2435,TVSSRICHAK,EQ,1907,1458,76.46
20,2436,TVTODAY,EQ,101872,51300,50.36
20,2437,UBL,EQ,482072,166191,34.47
20,2438,UCL,SM,2000,2000,100.00
20,2439,UCOBANK,EQ,12740420,1855008,14.56
20,2440,UDAICEMENT,EQ,232407,117961,50.76
20,2441,UDS,EQ,139782,74764,53.49
20,2442,UFLEX,EQ,51103,28158,55.10
20,2443,UFO,EQ,25699,14056,54.69
20,2444,UGARSUGAR,EQ,756268,265440,35.10
20,2445,UGROCAP,EQ,281684,84701,30.07
20,2446,UHTL,ST,18000,14000,77.78
20,2447,UJJIVANSFB,EQ,5547998,2828572,50.98
20,2448,ULTRACEMCO,EQ,593842,234705,39.52
20,2449,UMA,SM,16000,16000,100.00
20,2450,UMAEXPORTS,EQ,483524,105390,21.80
20,2451,UMESLTD,EQ,17068,12574,73.67
20,2452,UNICHEMLAB,EQ,8283,2634,31.80
20,2453,UNIDT,EQ,40977,32636,79.64
20,2454,UNIECOM,EQ,282627,120300,42.56
20,2455,UNIENTER,EQ,4486,2204,49.13
20,2456,UNIINFO,EQ,6552,3546,54.12
20,2457,UNIMECH,EQ,313948,61046,19.44
20,2458,UNIONBANK,EQ,8077443,3114279,38.56
20,2459,UNIPARTS,EQ,36812,21879,59.43
20,2460,UNITDSPR,EQ,562153,322365,57.34
20,2461,UNITEDTEA,EQ,9273,3792,40.89
20,2462,UNIVCABLES,EQ,51395,19148,37.26
20,2463,UNOMINDA,EQ,1404118,748194,53.29
20,2464,UPL,EQ,1708101,406467,23.80
20,2465,UPLPP,E1,237243,161442,68.05
20,2466,URAVIDEF,EQ,47979,21993,45.84
20,2467,URBAN,ST,5200,4800,92.31
20,2468,USASEEDS,SM,300,300,100.00
20,2469,USHAFIN,SM,6400,5600,87.50
20,2470,USHAMART,EQ,507336,241613,47.62
20,2471,USK,EQ,67257,29227,43.46
20,2472,UTIAMC,EQ,39892,15554,38.99
20,2473,UTIBANKETF,EQ,254321,131167,51.58
20,2474,UTINEXT50,EQ,192302,166755,86.72
20,2475,UTINIFTETF,EQ,88018,81456,92.54
20,2476,UTISENSETF,EQ,3227,2799,86.74
20,2477,UTISXN50,EQ,2042,1894,92.75
20,2478,UTKARSHBNK,EQ,1343744,647913,48.22
20,2479,UTSSAV,ST,71400,69000,96.64
20,2480,UTTAMSUGAR,EQ,101842,39750,39.03
20,2481,UYFINCORP,EQ,156350,114858,73.46
20,2482,VADILALIND,EQ,8072,5337,66.12
20,2483,VAIBHAVGBL,EQ,423865,219598,51.81
20,2484,VAKRANGEE,EQ,8422123,3707766,44.02
20,2485,VAL30IETF,EQ,59625,30670,51.44
20,2486,VALIANTLAB,EQ,43040,26897,62.49
20,2487,VALIANTORG,EQ,23323,14278,61.22
20,2488,VARDHACRLC,EQ,19448,12538,64.47
20,2489,VARROC,EQ,141421,54452,38.50
20,2490,VASCONEQ,EQ,554511,262385,47.32
20,2491,VASWANI,EQ,86338,44571,51.62
20,2492,VBL,EQ,7011598,3667983,52.31
20,2493,VDEAL,SM,52800,36000,68.18
20,2494,VEDL,EQ,7353985,2819234,38.34
20,2495,VEEDOL,EQ,8156,3583,43.93
20,2496,VEEKAYEM,ST,500,500,100.00
20,2497,VELS,SM,2400,2400,100.00
20,2498,VENKEYS,EQ,32594,13694,42.01
20,2499,VENTIVE,EQ,173619,74263,42.77
20,2500,VENUSPIPES,EQ,103381,44630,43.17
20,2501,VENUSREM,EQ,142719,34729,24.33
20,2502,VERANDA,EQ,66059,34288,51.91
20,2503,VERITAAS,SM,3600,2400,66.67
20,2504,VERTEXPLUS,SM,1200,1200,100.00
20,2505,VERTOZ,EQ,2418707,954318,39.46
20,2506,VESUVIUS,EQ,7967,4306,54.05
20,2507,VETO,EQ,83369,46681,55.99
20,2508,VGUARD,EQ,500346,193558,38.68
20,2509,VHL,EQ,1099,689,62.69
20,2510,VIDHIING,EQ,95112,22621,23.78
20,2511,VIESL,SM,42400,28000,66.04
20,2512,VIJAYA,EQ,196554,84698,43.09
20,2513,VIKASECO,EQ,3889299,2177372,55.98
20,2514,VIKASLIFE,EQ,3415124,2017274,59.07
20,2515,VILAS,ST,18750,17000,90.67
20,2516,VILINBIO,SM,8000,8000,100.00
20,2517,VIMTALABS,EQ,192644,74594,38.72
20,2518,VINATIORGA,EQ,121657,37654,30.95
20,2519,VINCOFE,EQ,172400,92107,53.43
20,2520,VINDHYATEL,EQ,8063,5433,67.38
20,2521,VINEETLAB,EQ,22549,14418,63.94
20,2522,VINSYS,SM,9000,7000,77.78
20,2523,VINYAS,ST,51800,51800,100.00
20,2524,VINYLINDIA,EQ,10631,6427,60.46
20,2525,VIPCLOTHNG,EQ,84711,46995,55.48
20,2526,VIPIND,EQ,297270,151369,50.92
20,2527,VIRINCHI,EQ,231657,141931,61.27
20,2528,VISAKAIND,EQ,132704,57447,43.29
20,2529,VISHNU,EQ,99575,56233,56.47
20,2530,VISHNUINFR,SM,231000,175500,75.97
20,2531,VISHWARAJ,EQ,963265,403686,41.91
20,2532,VISHWAS,SM,6400,6400,100.00
20,2533,VITAL,SM,1200,1200,100.00
20,2534,VIVIANA,ST,4000,3875,96.88
20,2535,VIVIDHA,EQ,328945,266985,81.16
20,2536,VLEGOV,EQ,410832,176385,42.93
20,2537,VLINFRA,ST,21000,18000,85.71
20,2538,VLSFINANCE,EQ,12998,6084,46.81
20,2539,VMARCIND,ST,25750,24000,93.20
20,2540,VMART,EQ,60013,28096,46.82
20,2541,VMM,EQ,21925089,8847221,40.35
20,2542,VOLTAMP,EQ,28992,13656,47.10
20,2543,VOLTAS,EQ,722888,261713,36.20
20,2544,VPRPL,EQ,552520,200728,36.33
20,2545,VRAJ,EQ,52287,22446,42.93
20,2546,VRLLOG,EQ,81185,35781,44.07
20,2547,VSSL,EQ,16598,8099,48.80
20,2548,VSTIND,EQ,331698,144427,43.54
20,2549,VSTL,EQ,13737,8597,62.58
20,2550,VSTTILLERS,EQ,2727,1710,62.71
20,2551,VTL,EQ,171255,58777,34.32
20,2552,WAAREEENER,EQ,1216649,267100,21.95
20,2553,WABAG,EQ,218220,85949,39.39
20,2554,WALCHANNAG,EQ,275384,135801,49.31
20,2555,WALPAR,SM,8000,6000,75.00
20,2556,WCIL,EQ,116187,51280,44.14
20,2557,WEIZMANIND,EQ,5307,2605,49.09
20,2558,WEL,EQ,618339,189395,30.63
20,2559,WELCORP,EQ,1004920,436809,43.47
20,2560,WELENT,EQ,309212,180480,58.37
20,2561,WELINV,EQ,573,338,58.99
20,2562,WELSPUNLIV,EQ,804652,282349,35.09
20,2563,WENDT,EQ,526,282,53.61
20,2564,WESTLIFE,EQ,42726,17753,41.55
20,2565,WEWIN,EQ,14867,10104,67.96
20,2566,WHEELS,EQ,28396,13661,48.11
20,2567,WHIRLPOOL,EQ,69443,29842,42.97
20,2568,WILLAMAGOR,EQ,7219,5254,72.78
20,2569,WINDLAS,EQ,24934,13475,54.04
20,2570,WINDMACHIN,EQ,64083,32699,51.03
20,2571,WINSOL,SM,14400,10000,69.44
20,2572,WIPRO,EQ,15619474,6143034,39.33
20,2573,WOCKPHARMA,EQ,217418,113856,52.37
20,2574,WOL3D,SM,12000,11000,91.67
20,2575,WOMANCART,ST,1600,1600,100.00
20,2576,WONDERLA,EQ,48992,16440,33.56
20,2577,WORTH,EQ,53789,30654,56.99
20,2578,WSI,EQ,37073,17103,46.13
20,2579,WSTCSTPAPR,EQ,31151,15056,48.33
20,2580,WTICAB,ST,16000,14500,90.63
20,2581,XCHANGING,EQ,96959,41690,43.00
20,2582,XELPMOC,EQ,24256,14941,61.60
20,2583,XPROINDIA,EQ,11504,6358,55.27
20,2584,XTGLOBAL,EQ,43983,18032,41.00
20,2585,YASHO,EQ,25016,10311,41.22
20,2586,YASHOPTICS,SM,17600,12800,72.73
20,2587,YATHARTH,EQ,2149932,1147553,53.38
20,2588,YATRA,EQ,152025,78060,51.35
20,2589,YESBANK,EQ,88040986,24201235,27.49
20,2590,YUDIZ,SM,3200,3200,100.00
20,2591,YUKEN,EQ,9774,6779,69.36
20,2592,ZAGGLE,EQ,435694,215114,49.37
20,2593,ZEAL,SM,18600,11400,61.29
20,2594,ZEEL,EQ,8758744,3136669,35.81
20,2595,ZEELEARN,EQ,612588,344887,56.30
20,2596,ZEEMEDIA,EQ,1373693,752448,54.78
20,2597,ZENITHDRUG,ST,11200,11200,100.00
20,2598,ZENITHEXPO,EQ,209,209,100.00
20,2599,ZENITHSTL,EQ,222917,134254,60.23
20,2600,ZENSARTECH,EQ,363183,163872,45.12
20,2601,ZENTEC,EQ,392981,168288,42.82
20,2602,ZFCVINDIA,EQ,7370,4817,65.36
20,2603,ZIMLAB,EQ,19289,10450,54.18
20,2604,ZODIAC,EQ,21548,11725,54.41
20,2605,ZODIACLOTH,EQ,9132,2616,28.65
20,2606,ZOMATO,EQ,308217731,124647676,40.44
20,2607,ZOTA,EQ,201268,41546,20.64
20,2608,ZTECH,ST,11700,11700,100.00
20,2609,ZUARI,EQ,363547,163945,45.10
20,2610,ZUARIIND,EQ,39906,19840,49.72
20,2611,ZYDUSLIFE,EQ,389512,162764,41.79
20,2612,ZYDUSWELL,EQ,13034,6268,48.09
