Security Wise Delivery Position - Compulsory Rolling Settlement
10,MTO,10012025,1204506367,0002637
Trade Date <10-JAN-2025>,Settlement Type <N>
Record Type,Sr No,Name of Security,Quantity Traded,Deliverable Quantity(gross across client level),% of Deliverable Quantity to Traded Quantity
20,1,0MOFSL26,N1,5,5,100.00
20,2,1003ISFL28,N4,61,61,100.00
20,3,1003SFIL28,NX,116,116,100.00
20,4,1015ECL29,NR,57,57,100.00
20,5,1015UCL26,N1,30,30,100.00
20,6,1018GS2026,GS,5000,5000,100.00
20,7,1025UCL26A,N1,5,5,100.00
20,8,1030SFIL26,NJ,380,380,100.00
20,9,1030SFIL28,NM,105,105,100.00
20,10,1035UCL26,NA,126,116,92.06
20,11,1040UCL27B,N1,24,24,100.00
20,12,1050IIFL29,ND,50,25,50.00
20,13,1050NFL26,N7,120,120,100.00
20,14,1050UCL25,N7,10,10,100.00
20,15,105IIFL29,N7,107,107,100.00
20,16,1060ECL29,NS,329,301,91.49
20,17,1065NFL27,NC,401,401,100.00
20,18,1075NFL25,N6,2,2,100.00
20,19,10CAGL27,N5,20,20,100.00
20,20,10IIFL28,N4,433,415,95.84
20,21,10IIFL28A,NE,25,25,100.00
20,22,10IIFL29,N6,20,20,100.00
20,23,10ISFL26,N3,25,25,100.00
20,24,10NFL25,N9,1,1,100.00
20,25,10NIDO26,N6,410,410,100.00
20,26,1119NFL27,ND,10,10,100.00
20,27,11UCL26,NC,15,15,100.00
20,28,182D030725,TB,1000,1000,100.00
20,29,182D040425,TB,100,100,100.00
20,30,182D060325,TB,100,100,100.00
20,31,182D100425,TB,100,100,100.00
20,32,182D120625,TB,100,100,100.00
20,33,182D130325,TB,700,700,100.00
20,34,182D270225,TB,1000,1000,100.00
20,35,360ONE,EQ,291345,127872,43.89
20,36,364D031025,TB,15300,15300,100.00
20,37,364D060225,TB,100,100,100.00
20,38,364D060325,TB,100,100,100.00
20,39,364D061125,TB,100,100,100.00
20,40,364D100725,TB,100,100,100.00
20,41,364D130225,TB,400,400,100.00
20,42,364D150525,TB,100,100,100.00
20,43,364D180725,TB,1100,1100,100.00
20,44,364D210825,TB,200,200,100.00
20,45,364D280825,TB,800,800,100.00
20,46,364D310725,TB,600,600,100.00
20,47,3IINFOLTD,EQ,642538,326686,50.84
20,48,3MINDIA,EQ,5342,2096,39.24
20,49,515GS2025,GS,84,43,51.19
20,50,574GS2026,GS,3909,3909,100.00
20,51,5PAISA,EQ,27457,14083,51.29
20,52,63MOONS,EQ,274377,115052,41.93
20,53,667GS2035,GS,10000,10000,100.00
20,54,667GS2050,GS,1192,1000,83.89
20,55,676GS2061,GS,9600,8550,89.06
20,56,679GS2034,GS,300,300,100.00
20,57,68GS2060,GS,756,756,100.00
20,58,692GS2039,GS,100,100,100.00
20,59,695GS2061,GS,3129,2609,83.38
20,60,699GS2026,GS,41802,30402,72.73
20,61,699GS2051,GS,204,204,100.00
20,62,702GS2027,GS,13375,13375,100.00
20,63,702GS2031,GS,1990,1990,100.00
20,64,704GS2029,GS,3000,3000,100.00
20,65,706GS2028,GS,9001,7523,83.58
20,66,709GS2054,GS,200,200,100.00
20,67,709GS2074,GS,100,100,100.00
20,68,710GS2029,GS,19726,15447,78.31
20,69,717GS2030,GS,411,231,56.20
20,70,718GS2033,GS,200,200,100.00
20,71,718GS2037,GS,39101,39101,100.00
20,72,719GS2060,GS,502,502,100.00
20,73,71GS2034,GS,3051,2781,91.15
20,74,723GS2039,GS,1400,1400,100.00
20,75,725GS2063,GS,36913,36913,100.00
20,76,726GS2032,GS,1009,1009,100.00
20,77,729IRFC26,NN,30,30,100.00
20,78,729NHAI26,NC,773,493,63.78
20,79,732GS2030,GS,7700,7700,100.00
20,80,732IRFC25,NI,62,62,100.00
20,81,733GS2026,GS,23615,17313,73.31
20,82,734GS2064,GS,2051,2050,99.95
20,83,734IRFC28,N4,3,3,100.00
20,84,737GS2028,GS,10601,10601,100.00
20,85,737NTPC35C,NA,56,56,100.00
20,86,738GS2027,GS,44243,44243,100.00
20,87,738REC27TF,N2,425,425,100.00
20,88,73GS2053,GS,41905,41905,100.00
20,89,741GS2036,GS,38501,38501,100.00
20,90,743REC35,NH,100,100,100.00
20,91,746GS2073,GS,4000,4000,100.00
20,92,74GS2062,GS,58,58,100.00
20,93,751HUDCO28,N5,1,1,100.00
20,94,753IRFC30,NJ,240,240,100.00
20,95,754GS2036,GS,670879,619789,92.38
20,96,762NTPC35F,ND,146,146,100.00
20,97,764HUDCO31,N8,178,178,100.00
20,98,764IRFC31,NO,1905,1605,84.25
20,99,764NABAR31,N2,1375,1000,72.73
20,100,769HUDCO31,N9,12,12,100.00
20,101,769NHAI31,NE,1,1,100.00
20,102,76IGT26,ND,406,403,99.26
20,103,76NHAI31,NA,134,115,85.82
20,104,774IREDA31,N7,72,72,100.00
20,105,77TS38,SG,100,100,100.00
20,106,797IGT31,NL,256,231,90.23
20,107,79NHIT35,N1,831,780,93.86
20,108,79NHIT40,N2,1526,873,57.21
20,109,79NHIT47,N3,1516,765,50.46
20,110,810IRFC27,N2,4457,4447,99.78
20,111,81ABFL33,N5,250,250,100.00
20,112,820IIFL27,N9,10,10,100.00
20,113,824GS2027,GS,5,5,100.00
20,114,826GS2027,GS,25,25,100.00
20,115,828GS2032,GS,1,1,100.00
20,116,829PFL29,N6,9,9,100.00
20,117,82HUDCO27,N2,2837,1792,63.17
20,118,82IGT31,NJ,901,900,99.89
20,119,830NHAI27,N2,5737,5733,99.93
20,120,830PFCL27,N5,25,25,100.00
20,121,832GS2032,GS,102,102,100.00
20,122,833GS2026,GS,4,4,100.00
20,123,842IIFL26,NL,788,788,100.00
20,124,843IHFL29,NC,1965,1965,100.00
20,125,849NTPC25,N7,172354,140204,81.35
20,126,84CIFCL28,NA,125,125,100.00
20,127,84TCHF28,NA,6,6,100.00
20,128,85PFL26A,N7,20,20,100.00
20,129,863IRFC29,NC,4,4,100.00
20,130,865IFL28,NZ,658,658,100.00
20,131,865IIFL28,NS,645,645,100.00
20,132,865IRFC29,NA,1,1,100.00
20,133,865LTF26,NN,233,190,81.55
20,134,865TCAPS27,N8,10,10,100.00
20,135,871REC28,N9,1410,1410,100.00
20,136,875NHAI29,N6,858,449,52.33
20,137,876HUDCO28,ND,15,15,100.00
20,138,879NHPC28,N5,1400,1300,92.86
20,139,87LTF27,NH,1,1,100.00
20,140,885MOFSL26,N0,117,117,100.00
20,141,888ERFL28,N5,115,90,78.26
20,142,888IRFC29,NE,250,250,100.00
20,143,888REC29,NF,442,442,100.00
20,144,891IIFCL34,N4,70,70,100.00
20,145,891NTPC33,N6,1283,684,53.31
20,146,892PFCL33,N8,167,167,100.00
20,147,893NHB29,N6,8,8,100.00
20,148,897GS2030,GS,200,200,100.00
20,149,897MOFSL29,N4,130,130,100.00
20,150,901HUDCO34,NE,356,291,81.74
20,151,901NHB34,N6,776,498,64.18
20,152,903SFL28,YI,240,120,50.00
20,153,905LTF27,NF,395,224,56.71
20,154,905PEL26,N1,1,1,100.00
20,155,910CAGL25,N7,140,140,100.00
20,156,910TCAP28,NA,11,11,100.00
20,157,915SCL26,NE,192,192,100.00
20,158,915SCL27A,ZL,9,9,100.00
20,159,916SCL25,ZW,2,2,100.00
20,160,91SFL27,ZI,80,80,100.00
20,161,925ERFL28,N6,400,400,100.00
20,162,925IHFL25D,N6,294,294,100.00
20,163,925SCL26F,N1,10,10,100.00
20,164,92GS2030,GS,7042,7040,99.97
20,165,932AEL27,N3,1,1,100.00
20,166,935LTF29,N5,109,109,100.00
20,167,948SCL26,N9,20,20,100.00
20,168,94IFCI25,NL,134,134,100.00
20,169,94SFL28,YL,695,450,64.75
20,170,955SCL25,ZU,288,288,100.00
20,171,956AEL29,N6,163,98,60.12
20,172,957ISFL26,N2,518,518,100.00
20,173,957NIDO26,N5,10,10,100.00
20,174,960IIFLS26,N9,30,30,100.00
20,175,960ISFL25,N1,27,27,100.00
20,176,965AEL27,N4,87,87,100.00
20,177,965SCFL25,AB,10,10,100.00
20,178,965SCL25B,Y1,26,26,100.00
20,179,965SCL26,YO,21,21,100.00
20,180,965SCL26Y,N1,10,10,100.00
20,181,96IIFL28,N5,1317,1316,99.92
20,182,96IIFL28A,NF,2417,2258,93.42
20,183,96SFIL24A,NB,46,46,100.00
20,184,970CAGL28,ND,341,341,100.00
20,185,97MOFSL34,N7,140,140,100.00
20,186,97SFL26,Z9,216,200,92.59
20,187,97SFL28,YS,9,9,100.00
20,188,980IFSL25,N5,128,88,68.75
20,189,980SCL33D,YG,68,68,100.00
20,190,985ECL28,NK,545,400,73.39
20,191,985IIFL22,NC,360,360,100.00
20,192,990SCL26,N7,11,11,100.00
20,193,990SCL27,YT,50,50,100.00
20,194,99AEL29,N7,90,90,100.00
20,195,99SCL27V,N1,10,10,100.00
20,196,9IIFL28,Y0,100,100,100.00
20,197,9MMFSML,N2,600,500,83.33
20,198,9PCHFL31A,NA,47,28,59.57
20,199,9SCL25,YM,1032,1032,100.00
20,200,9SCL26BA,NA,10,10,100.00
20,201,AAATECH,EQ,25717,15774,61.34
20,202,AADHARHFC,EQ,1383406,277738,20.08
20,203,AAKASH,EQ,99462,71914,72.30
20,204,AARON,EQ,16144,3360,20.81
20,205,AARTIDRUGS,EQ,102306,45888,44.85
20,206,AARTIIND,EQ,6109270,774933,12.68
20,207,AARTIPHARM,EQ,393235,134463,34.19
20,208,AARTISURF,EQ,8906,5599,62.87
20,209,AARTISURF,P1,5,5,100.00
20,210,AARVI,EQ,7979,5419,67.92
20,211,AATMAJ,SM,4000,4000,100.00
20,212,AAVAS,EQ,540349,445017,82.36
20,213,ABAN,EQ,103232,71111,68.88
20,214,ABB,EQ,259956,121072,46.57
20,215,ABBOTINDIA,EQ,7476,3029,40.52
20,216,ABCAPITAL,EQ,3750653,1407929,37.54
20,217,ABCOTS,ST,19000,12500,65.79
20,218,ABDL,EQ,632130,369704,58.49
20,219,ABFRL,EQ,5736918,2200440,38.36
20,220,ABGSEC,EQ,81,30,37.04
20,221,ABHAPOWER,ST,115200,105600,91.67
20,222,ABREL,EQ,585143,360764,61.65
20,223,ABSLAMC,EQ,360388,185640,51.51
20,224,ABSLBANETF,EQ,11901,10268,86.28
20,225,ABSLLIQUID,EQ,1603,1226,76.48
20,226,ABSLNN50ET,EQ,23320,16504,70.77
20,227,ABSLPSE,EQ,410884,345967,84.20
20,228,ABSMARINE,SM,106000,82000,77.36
20,229,ACC,EQ,266316,110556,41.51
20,230,ACCELYA,EQ,46842,41900,89.45
20,231,ACCENTMIC,SM,41500,34000,81.93
20,232,ACCURACY,EQ,206348,129231,62.63
20,233,ACE,EQ,225138,75147,33.38
20,234,ACEINTEG,EQ,19021,10173,53.48
20,235,ACI,EQ,139393,64021,45.93
20,236,ACL,EQ,57679,32481,56.31
20,237,ACLGATI,EQ,515371,303009,58.79
20,238,ACMESOLAR,EQ,283147,128262,45.30
20,239,ADANIENSOL,EQ,1204613,251565,20.88
20,240,ADANIENT,EQ,1418808,460111,32.43
20,241,ADANIGREEN,EQ,2096676,570124,27.19
20,242,ADANIPORTS,EQ,1902237,626568,32.94
20,243,ADANIPOWER,EQ,3638409,1056245,29.03
20,244,ADFFOODS,EQ,228445,83676,36.63
20,245,ADL,EQ,504,427,84.72
20,246,ADORWELD,EQ,10664,7334,68.77
20,247,ADROITPP1,X1,146821,130799,89.09
20,248,ADSL,EQ,344076,171519,49.85
20,249,ADVANIHOTR,EQ,41831,22048,52.71
20,250,ADVENZYMES,EQ,217041,138330,63.73
20,251,AEGISLOG,EQ,5727585,343430,6.00
20,252,AEROFLEX,EQ,751360,324386,43.17
20,253,AERON,SM,95000,53000,55.79
20,254,AESTHETIK,SM,28000,16000,57.14
20,255,AETHER,EQ,48592,24600,50.63
20,256,AFCONS,EQ,1284265,525462,40.92
20,257,AFFLE,EQ,241233,111188,46.09
20,258,AFFORDABLE,EQ,10768,7451,69.20
20,259,AFIL,EQ,285811,183269,64.12
20,260,AGARIND,EQ,25777,15309,59.39
20,261,AGARWALFT,SM,1500,1500,100.00
20,262,AGARWALTUF,SM,20400,15600,76.47
20,263,AGI,EQ,170067,68338,40.18
20,264,AGIIL,EQ,9066,5751,63.43
20,265,AGNI,SM,27500,12500,45.45
20,266,AGRITECH,EQ,12763,6441,50.47
20,267,AGROPHOS,EQ,45392,22599,49.79
20,268,AGSTRA,EQ,682327,335776,49.21
20,269,AGUL,SM,2000,2000,100.00
20,270,AHIMSA,ST,3000,3000,100.00
20,271,AHL,EQ,277233,172485,62.22
20,272,AHLADA,EQ,39888,21079,52.85
20,273,AHLEAST,EQ,21683,10538,48.60
20,274,AHLUCONT,EQ,93681,55003,58.71
20,275,AIAENG,EQ,14154,6320,44.65
20,276,AIIL,EQ,90923,27812,30.59
20,277,AIMTRON,ST,69600,59600,85.63
20,278,AIRAN,EQ,306115,140568,45.92
20,279,AIROLAM,EQ,10651,3058,28.71
20,280,AIRTELPP,E1,354785,343468,96.81
20,281,AJANTPHARM,EQ,138816,74224,53.47
20,282,AJMERA,EQ,98695,58012,58.78
20,283,AJOONI,EQ,905330,631409,69.74
20,284,AKANKSHA,ST,12000,12000,100.00
20,285,AKASH,EQ,22308,12227,54.81
20,286,AKG,EQ,37842,29243,77.28
20,287,AKIKO,SM,11200,8000,71.43
20,288,AKSHARCHEM,EQ,4733,2744,57.98
20,289,AKUMS,EQ,466097,198940,42.68
20,290,AKZOINDIA,EQ,36334,13672,37.63
20,291,ALANKIT,EQ,658235,296373,45.03
20,292,ALBERTDAVD,EQ,17210,8405,48.84
20,293,ALEMBICLTD,EQ,547918,238454,43.52
20,294,ALICON,EQ,61443,32081,52.21
20,295,ALKALI,EQ,12329,7636,61.94
20,296,ALKEM,EQ,116794,66121,56.61
20,297,ALKYLAMINE,EQ,185411,37058,19.99
20,298,ALLCARGO,EQ,2345532,1208767,51.53
20,299,ALLDIGI,EQ,16776,7651,45.61
20,300,ALLETEC,ST,21200,18000,84.91
20,301,ALOKINDS,EQ,6505817,1793030,27.56
20,302,ALPA,EQ,119480,65956,55.20
20,303,ALPEXSOLAR,SM,122200,66000,54.01
20,304,ALPHA,EQ,2213905,1907753,86.17
20,305,ALPHAETF,EQ,1161004,796321,68.59
20,306,ALPHAGEO,EQ,23750,10436,43.94
20,307,ALPL30IETF,EQ,3394663,2045689,60.26
20,308,ALUWIND,SM,6000,6000,100.00
20,309,AMBANIORGO,ST,1000,1000,100.00
20,310,AMBER,EQ,1051880,184855,17.57
20,311,AMBEY,SM,100000,72000,72.00
20,312,AMBICAAGAR,EQ,45076,10021,22.23
20,313,AMBIKCO,EQ,8096,4004,49.46
20,314,AMBUJACEM,EQ,1984355,1138466,57.37
20,315,AMDIND,EQ,18811,14434,76.73
20,316,AMEYA,ST,18000,16000,88.89
20,317,AMIABLE,SM,4800,4800,100.00
20,318,AMIORG,EQ,450402,149443,33.18
20,319,AMJLAND,EQ,96304,47323,49.14
20,320,AMNPLST,EQ,30640,13574,44.30
20,321,AMRUTANJAN,EQ,6075,4199,69.12
20,322,ANANDRATHI,EQ,539645,70336,13.03
20,323,ANANTRAJ,EQ,2547175,808159,31.73
20,324,ANDHRAPAP,EQ,141276,65863,46.62
20,325,ANDHRSUGAR,EQ,98284,50354,51.23
20,326,ANGELONE,EQ,1308452,225629,17.24
20,327,ANLON,SM,4800,4000,83.33
20,328,ANMOL,EQ,55872,37372,66.89
20,329,ANNAPURNA,SM,153000,108750,71.08
20,330,ANTGRAPHIC,EQ,380074,310147,81.60
20,331,ANUHPHR,EQ,31667,13390,42.28
20,332,ANUP,EQ,81027,45080,55.64
20,333,ANURAS,EQ,108521,35071,32.32
20,334,ANYA,ST,750000,710000,94.67
20,335,APARINDS,EQ,83731,29089,34.74
20,336,APCL,EQ,10096,7622,75.50
20,337,APCOTEXIND,EQ,34639,25048,72.31
20,338,APEX,EQ,74083,34557,46.65
20,339,APEXECO,SM,201600,102400,50.79
20,340,APLAPOLLO,EQ,416710,289254,69.41
20,341,APLLTD,EQ,134021,66066,49.30
20,342,APOLLO,EQ,7965769,3144741,39.48
20,343,APOLLOHOSP,EQ,185381,95300,51.41
20,344,APOLLOPIPE,EQ,16263,8167,50.22
20,345,APOLLOTYRE,EQ,3414077,1784856,52.28
20,346,APOLSINHOT,EQ,1141,749,65.64
20,347,APRAMEYA,ST,26000,26000,100.00
20,348,APS,ST,36750,21500,58.50
20,349,APTECHT,EQ,88075,36342,41.26
20,350,APTUS,EQ,365756,205397,56.16
20,351,ARABIAN,SM,10000,8000,80.00
20,352,ARCHIDPLY,EQ,14034,7161,51.03
20,353,ARCHIES,EQ,47320,22125,46.76
20,354,ARE&M,EQ,885331,457424,51.67
20,355,ARHAM,SM,16000,13000,81.25
20,356,ARIHANTACA,ST,2400,2400,100.00
20,357,ARIHANTCAP,EQ,636577,344701,54.15
20,358,ARIHANTSUP,EQ,71279,26409,37.05
20,359,ARISTO,ST,1600,1600,100.00
20,360,ARKADE,EQ,2854435,1096986,38.43
20,361,ARMANFIN,EQ,26788,15484,57.80
20,362,AROGRANITE,EQ,10478,7276,69.44
20,363,ARROWGREEN,EQ,76705,47355,61.74
20,364,ARTEMISMED,EQ,129825,57713,44.45
20,365,ARVEE,EQ,1614,678,42.01
20,366,ARVIND,EQ,320092,105580,32.98
20,367,ARVINDFASN,EQ,393544,189431,48.13
20,368,ARVINDPORT,ST,9000,9000,100.00
20,369,ARVSMART,EQ,55254,30036,54.36
20,370,ASAHIINDIA,EQ,74822,25798,34.48
20,371,ASAHISONG,EQ,12852,8350,64.97
20,372,ASAL,EQ,30205,8344,27.62
20,373,ASALCBR,EQ,51427,28675,55.76
20,374,ASHALOG,ST,19000,17000,89.47
20,375,ASHAPURMIN,EQ,652051,306199,46.96
20,376,ASHIANA,EQ,235526,118672,50.39
20,377,ASHOKA,EQ,2743698,824531,30.05
20,378,ASHOKLEY,EQ,8011343,4411093,55.06
20,379,ASIANENE,EQ,252727,104320,41.28
20,380,ASIANPAINT,EQ,1214382,826263,68.04
20,381,ASIANTILES,EQ,477123,238830,50.06
20,382,ASKAUTOLTD,EQ,263902,148588,56.30
20,383,ASLIND,SM,2000,2000,100.00
20,384,ASMS,EQ,501305,372043,74.21
20,385,ASPINWALL,EQ,15018,8778,58.45
20,386,ASPIRE,ST,14000,10000,71.43
20,387,ASTEC,EQ,20760,7859,37.86
20,388,ASTERDM,EQ,716896,396422,55.30
20,389,ASTRAL,EQ,517164,238647,46.15
20,390,ASTRAMICRO,EQ,154867,91207,58.89
20,391,ASTRAZEN,EQ,20927,3343,15.97
20,392,ASTRON,EQ,51994,40196,77.31
20,393,ATAM,EQ,34689,20353,58.67
20,394,ATFL,EQ,17862,10592,59.30
20,395,ATGL,EQ,1768986,185957,10.51
20,396,ATL,EQ,390096,212294,54.42
20,397,ATLASCYCLE,EQ,32204,31429,97.59
20,398,ATMASTCO,ST,30400,30400,100.00
20,399,ATUL,EQ,22966,6818,29.69
20,400,ATULAUTO,EQ,33852,16376,48.38
20,401,AUBANK,EQ,4737367,3130593,66.08
20,402,AURDIS,ST,4375,4375,100.00
20,403,AURIONPRO,EQ,55872,28903,51.73
20,404,AUROIMPEX,SM,3200,3200,100.00
20,405,AUROPHARMA,EQ,2358646,1364521,57.85
20,406,AURUM,EQ,114532,63516,55.46
20,407,AURUMPP1,E1,3815,3347,87.73
20,408,AUSL,SM,8000,4000,50.00
20,409,AUTOAXLES,EQ,6313,4442,70.36
20,410,AUTOBEES,EQ,326227,225223,69.04
20,411,AUTOIETF,EQ,669278,196396,29.34
20,412,AUTOIND,EQ,59584,31420,52.73
20,413,AVADHSUGAR,EQ,38949,20891,53.64
20,414,AVALON,EQ,766359,364357,47.54
20,415,AVANTEL,EQ,690691,358170,51.86
20,416,AVANTIFEED,EQ,346330,94942,27.41
20,417,AVG,EQ,48793,21452,43.97
20,418,AVIANSH,ST,14000,14000,100.00
20,419,AVL,EQ,171525,117820,68.69
20,420,AVPINFRA,ST,6400,6400,100.00
20,421,AVTNPL,EQ,65612,36112,55.04
20,422,AWFIS,EQ,414255,196417,47.41
20,423,AWHCL,EQ,377556,80032,21.20
20,424,AWL,EQ,17146054,8969230,52.31
20,425,AXISBANK,EQ,5612886,3682930,65.62
20,426,AXISBNKETF,EQ,945,837,88.57
20,427,AXISBPSETF,EQ,22670,18741,82.67
20,428,AXISCETF,EQ,14933,12488,83.63
20,429,AXISGOLD,EQ,262394,195910,74.66
20,430,AXISHCETF,EQ,8774,6679,76.12
20,431,AXISILVER,EQ,23701,16878,71.21
20,432,AXISNIFTY,EQ,7346,6577,89.53
20,433,AXISTECETF,EQ,4559,3675,80.61
20,434,AXITA,EQ,3221982,725567,22.52
20,435,AXSENSEX,EQ,1528,1362,89.14
20,436,AYMSYNTEX,EQ,73879,46367,62.76
20,437,AZAD,EQ,123724,54479,44.03
20,438,BABAFP,SM,1600,1600,100.00
20,439,BAHETI,ST,1875,1875,100.00
20,440,BAIDFIN,EQ,2106112,670697,31.85
20,441,BAJAJ-AUTO,EQ,350859,167488,47.74
20,442,BAJAJCON,EQ,296034,158744,53.62
20,443,BAJAJELEC,EQ,10473,3090,29.50
20,444,BAJAJFINSV,EQ,1467079,596027,40.63
20,445,BAJAJHCARE,EQ,627898,139420,22.20
20,446,BAJAJHFL,EQ,8943538,3859794,43.16
20,447,BAJAJHIND,EQ,5532985,2289472,41.38
20,448,BAJAJHLDNG,EQ,42116,17307,41.09
20,449,BAJEL,EQ,204291,88800,43.47
20,450,BAJFINANCE,EQ,808963,406741,50.28
20,451,BALAJEE,EQ,636750,196081,30.79
20,452,BALAMINES,EQ,335824,36621,10.90
20,453,BALAXI,EQ,29190,21317,73.03
20,454,BALCO,ST,4800,4800,100.00
20,455,BALKRISHNA,EQ,25821,14291,55.35
20,456,BALKRISIND,EQ,150365,76825,51.09
20,457,BALMLAWRIE,EQ,163665,63826,39.00
20,458,BALRAMCHIN,EQ,490891,261380,53.25
20,459,BALUFORGE,EQ,617604,303712,49.18
20,460,BANARISUG,EQ,1023,836,81.72
20,461,BANCOINDIA,EQ,159713,67102,42.01
20,462,BANDHANBNK,EQ,13133570,5302552,40.37
20,463,BANKA,EQ,9697,6279,64.75
20,464,BANKBARODA,EQ,8065484,3025288,37.51
20,465,BANKBEES,EQ,1327214,797869,60.12
20,466,BANKBETF,EQ,11070,9202,83.13
20,467,BANKETF,EQ,6482,4677,72.15
20,468,BANKETFADD,EQ,8318,6435,77.36
20,469,BANKIETF,EQ,3852361,2698406,70.05
20,470,BANKINDIA,EQ,10132531,3823737,37.74
20,471,BANKNIFTY1,EQ,143403,139870,97.54
20,472,BANKPSU,EQ,909938,900955,99.01
20,473,BANSALWIRE,EQ,66126,32481,49.12
20,474,BANSWRAS,EQ,37429,20677,55.24
20,475,BARBEQUE,EQ,58250,32546,55.87
20,476,BASF,EQ,21739,6136,28.23
20,477,BASILIC,ST,6600,6600,100.00
20,478,BASML,EQ,157290,86452,54.96
20,479,BATAINDIA,EQ,279113,100303,35.94
20,480,BAWEJA,SM,9600,6400,66.67
20,481,BAYERCROP,EQ,31983,16332,51.06
20,482,BBETF0432,EQ,989,843,85.24
20,483,BBL,EQ,57550,33645,58.46
20,484,BBNPNBETF,EQ,2372,1314,55.40
20,485,BBNPPGOLD,EQ,449,270,60.13
20,486,BBOX,EQ,203649,109676,53.86
20,487,BBTC,EQ,47159,16807,35.64
20,488,BBTCL,EQ,4347,1485,34.16
20,489,BCLIND,EQ,690456,362034,52.43
20,490,BCONCEPTS,EQ,38551,23177,60.12
20,491,BDL,EQ,613966,299253,48.74
20,492,BEACON,SM,39000,30000,76.92
20,493,BEARDSELL,EQ,96899,64130,66.18
20,494,BECTORFOOD,EQ,53920,31966,59.28
20,495,BEDMUTHA,EQ,18909,8461,44.75
20,496,BEL,EQ,15317565,7173861,46.83
20,497,BEML,EQ,256133,135318,52.83
20,498,BEPL,EQ,525292,233294,44.41
20,499,BERGEPAINT,EQ,472058,160541,34.01
20,500,BESTAGRO,EQ,32027,14910,46.55
20,501,BETA,SM,3400,2000,58.82
20,502,BEWLTD,ST,20500,15500,75.61
20,503,BFINVEST,EQ,28535,14305,50.13
20,504,BFSI,EQ,91308,72385,79.28
20,505,BHAGCHEM,EQ,255884,106280,41.53
20,506,BHAGYANGR,EQ,31828,19198,60.32
20,507,BHANDARI,EQ,650894,354851,54.52
20,508,BHARATFORG,EQ,868167,526513,60.65
20,509,BHARATGEAR,EQ,21811,10547,48.36
20,510,BHARATRAS,EQ,3186,1570,49.28
20,511,BHARATWIRE,EQ,68533,31593,46.10
20,512,BHARTIARTL,EQ,4145892,2814853,67.89
20,513,BHARTIHEXA,EQ,114394,50027,43.73
20,514,BHEL,EQ,20791872,8819666,42.42
20,515,BHINVIT,IV,29731,25128,84.52
20,516,BIGBLOC,EQ,162004,63188,39.00
20,517,BIKAJI,EQ,284438,145588,51.18
20,518,BIKEWO,SM,16000,10000,62.50
20,519,BINANIIND,EQ,3822,2622,68.60
20,520,BIOCON,EQ,2223573,743434,33.43
20,521,BIOFILCHEM,EQ,24413,11973,49.04
20,522,BIRDYS,SM,4800,4800,100.00
20,523,BIRET,RR,251508,221848,88.21
20,524,BIRLACABLE,EQ,30406,14502,47.69
20,525,BIRLACORPN,EQ,52090,25002,48.00
20,526,BLACKBUCK,EQ,123230,63511,51.54
20,527,BLAL,EQ,92549,52230,56.43
20,528,BLBLIMITED,EQ,152757,61181,40.05
20,529,BLISSGVS,EQ,702337,221508,31.54
20,530,BLKASHYAP,EQ,302899,148478,49.02
20,531,BLS,EQ,3276401,897737,27.40
20,532,BLSE,EQ,219554,93055,42.38
20,533,BLUEDART,EQ,17309,5145,29.72
20,534,BLUEJET,EQ,198481,73441,37.00
20,535,BLUEPEBBLE,SM,4400,3600,81.82
20,536,BLUESTARCO,EQ,281057,78302,27.86
20,537,BMETRICS,SM,10400,8800,84.62
20,538,BODALCHEM,EQ,169599,100988,59.55
20,539,BOMDYEING,EQ,1208518,372667,30.84
20,540,BOROLTD,EQ,191700,85915,44.82
20,541,BOROSCI,EQ,99327,53328,53.69
20,542,BOSCHLTD,EQ,31884,19509,61.19
20,543,BPCL,EQ,9073218,4093668,45.12
20,544,BPL,EQ,254056,86697,34.13
20,545,BRACEPORT,ST,14400,12800,88.89
20,546,BRIGADE,EQ,180929,131597,72.73
20,547,BRITANNIA,EQ,305669,183585,60.06
20,548,BRNL,EQ,21622,12570,58.14
20,549,BSE,EQ,1308509,335868,25.67
20,550,BSE500IETF,EQ,121781,108382,89.00
20,551,BSHSL,EQ,7234,4716,65.19
20,552,BSL,EQ,45323,19469,42.96
20,553,BSLGOLDETF,EQ,17620,9805,55.65
20,554,BSLNIFTY,EQ,9574931,9402114,98.20
20,555,BSLSENETFG,EQ,3256,1640,50.37
20,556,BSOFT,EQ,2483031,531037,21.39
20,557,BTML,EQ,954072,429476,45.02
20,558,BURNPUR,EQ,131109,80139,61.12
20,559,BUTTERFLY,EQ,9148,5003,54.69
20,560,BVCL,EQ,17133,10240,59.77
20,561,C2C,SM,316800,181800,57.39
20,562,CADSYS,ST,3000,3000,100.00
20,563,CAGL27,NC,960,550,57.29
20,564,CALSOFT,EQ,440373,243590,55.31
20,565,CAMLINFINE,EQ,1407914,393924,27.98
20,566,CAMPUS,EQ,601859,220268,36.60
20,567,CAMS,EQ,268747,102260,38.05
20,568,CANARYS,SM,44000,28000,63.64
20,569,CANBK,EQ,26563443,14273917,53.74
20,570,CANFINHOME,EQ,457544,178723,39.06
20,571,CANTABIL,EQ,302110,129053,42.72
20,572,CAPACITE,EQ,725563,265775,36.63
20,573,CAPITALSFB,EQ,50529,34860,68.99
20,574,CAPLIPOINT,EQ,161508,53991,33.43
20,575,CARBORUNIV,EQ,47265,26203,55.44
20,576,CAREERP,EQ,10027,4308,42.96
20,577,CARERATING,EQ,57203,31835,55.65
20,578,CARRARO,EQ,223847,104975,46.90
20,579,CARTRADE,EQ,535797,183659,34.28
20,580,CARYSIL,EQ,91849,26065,28.38
20,581,CASTROLIND,EQ,2621364,922340,35.19
20,582,CCHHL,EQ,115110,80606,70.03
20,583,CCL,EQ,251103,126161,50.24
20,584,CDSL,EQ,3222381,1182651,36.70
20,585,CEATLTD,EQ,96208,37467,38.94
20,586,CEIGALL,EQ,173142,95196,54.98
20,587,CELEBRITY,EQ,158903,109577,68.96
20,588,CELLECOR,SM,315000,294000,93.33
20,589,CELLO,EQ,145396,95569,65.73
20,590,CELLPOINT,SM,6000,4800,80.00
20,591,CENTENKA,EQ,23742,10540,44.39
20,592,CENTEXT,EQ,165522,104097,62.89
20,593,CENTRALBK,EQ,4071493,1286049,31.59
20,594,CENTRUM,EQ,360436,170118,47.20
20,595,CENTUM,EQ,18638,9371,50.28
20,596,CENTURYPLY,EQ,112505,25831,22.96
20,597,CERA,EQ,15276,7408,48.49
20,598,CESC,EQ,10421244,2812458,26.99
20,599,CEWATER,EQ,263246,85227,32.38
20,600,CGCL,EQ,557433,33286,5.97
20,601,CGPOWER,EQ,2087043,932863,44.70
20,602,CGRAPHICS,SM,80000,53600,67.00
20,603,CHALET,EQ,460769,209418,45.45
20,604,CHAMBLFERT,EQ,1059015,291827,27.56
20,605,CHAVDA,SM,49000,35000,71.43
20,606,CHEMBOND,EQ,18132,9881,54.49
20,607,CHEMCON,EQ,30655,17246,56.26
20,608,CHEMFAB,EQ,7900,5047,63.89
20,609,CHEMPLASTS,EQ,57327,22833,39.83
20,610,CHENNPETRO,EQ,632783,178238,28.17
20,611,CHETANA,SM,57600,36800,63.89
20,612,CHEVIOT,EQ,2055,1568,76.30
20,613,CHOICEIN,EQ,208017,87237,41.94
20,614,CHOLAFIN,EQ,2116766,1303152,61.56
20,615,CHOLAHLDNG,EQ,117110,44836,38.29
20,616,CIEINDIA,EQ,90729,51134,56.36
20,617,CIFCZC25,ND,171,171,100.00
20,618,CIGNITITEC,EQ,124273,42609,34.29
20,619,CINEVISTA,EQ,36285,25333,69.82
20,620,CIPLA,EQ,930723,466730,50.15
20,621,CLEAN,EQ,101624,50104,49.30
20,622,CLEDUCATE,EQ,139005,67529,48.58
20,623,CLOUD,SZ,83000,80000,96.39
20,624,CLSEL,EQ,83930,29442,35.08
20,625,CLSL,SM,30000,26000,86.67
20,626,CMMIPL,SZ,87000,87000,100.00
20,627,CMNL,ST,6000,6000,100.00
20,628,CMRSL,SM,2400,2400,100.00
20,629,CMSINFO,EQ,275319,135699,49.29
20,630,COALINDIA,EQ,4893721,1958750,40.03
20,631,COASTCORP,EQ,20659,9550,46.23
20,632,COCHINSHIP,EQ,394615,182243,46.18
20,633,COFORGE,EQ,625205,328290,52.51
20,634,COLPAL,EQ,498339,289732,58.14
20,635,COMMITTED,ST,27200,27200,100.00
20,636,COMMOIETF,EQ,92056,67601,73.43
20,637,COMPUSOFT,EQ,239813,81759,34.09
20,638,CONCOR,EQ,1650853,998358,60.48
20,639,CONCORDBIO,EQ,129599,53853,41.55
20,640,CONFIPET,EQ,562501,273905,48.69
20,641,CONS,EQ,2176,1378,63.33
20,642,CONSOFINVT,EQ,10554,6106,57.85
20,643,CONSUMBEES,EQ,75209,45590,60.62
20,644,CONSUMER,EQ,283814,270192,95.20
20,645,CONSUMIETF,EQ,35821,11682,32.61
20,646,CONTI,ST,3333,3333,100.00
20,647,CONTROLPR,EQ,24362,8394,34.46
20,648,COOLCAPS,ST,31500,29250,92.86
20,649,CORALFINAC,EQ,257737,84898,32.94
20,650,CORDSCABLE,EQ,59092,29849,50.51
20,651,COROMANDEL,EQ,342073,188534,55.12
20,652,COSMOFIRST,EQ,212409,71543,33.68
20,653,COUNCODOS,EQ,131286,74401,56.67
20,654,CPS,ST,1800,1800,100.00
20,655,CPSEETF,EQ,1997918,950790,47.59
20,656,CRAFTSMAN,EQ,62113,49912,80.36
20,657,CRAYONS,SM,23000,20000,86.96
20,658,CREATIVE,EQ,25251,13155,52.10
20,659,CREDITACC,EQ,1029308,154240,14.98
20,660,CREST,EQ,10372,6616,63.79
20,661,CRISIL,EQ,78317,21177,27.04
20,662,CROMPTON,EQ,1129682,542781,48.05
20,663,CROWN,EQ,27298,18357,67.25
20,664,CSBBANK,EQ,352036,131391,37.32
20,665,CSLFINANCE,EQ,80154,63337,79.02
20,666,CTE,EQ,18736,11162,59.58
20,667,CUB,EQ,1655335,833516,50.35
20,668,CUBEXTUB,EQ,456786,171000,37.44
20,669,CUMMINSIND,EQ,632659,381224,60.26
20,670,CUPID,EQ,625351,362237,57.93
20,671,CYBERMEDIA,EQ,19605,12191,62.18
20,672,CYIENT,EQ,237399,96843,40.79
20,673,CYIENTDLM,EQ,155428,63685,40.97
20,674,DABUR,EQ,2316135,1123335,48.50
20,675,DALBHARAT,EQ,388362,257591,66.33
20,676,DALMIASUG,EQ,55808,23462,42.04
20,677,DAMCAPITAL,EQ,2733205,735806,26.92
20,678,DAMODARIND,EQ,13991,6375,45.57
20,679,DANGEE,EQ,173016,124892,72.19
20,680,DANISH,SM,117300,51000,43.48
20,681,DATAMATICS,EQ,192406,74192,38.56
20,682,DATAPATTNS,EQ,123898,42144,34.02
20,683,DAVANGERE,EQ,1360972,710825,52.23
20,684,DBCORP,EQ,96183,47163,49.03
20,685,DBEIL,EQ,338861,135157,39.89
20,686,DBL,EQ,388340,269343,69.36
20,687,DBOL,EQ,164590,80273,48.77
20,688,DBREALTY,EQ,1892224,724747,38.30
20,689,DBSTOCKBRO,EQ,18019,7598,42.17
20,690,DCAL,EQ,820005,263885,32.18
20,691,DCBBANK,EQ,843095,363330,43.09
20,692,DCG,SM,50400,33600,66.67
20,693,DCI,EQ,15612,7857,50.33
20,694,DCM,EQ,59410,33621,56.59
20,695,DCMNVL,EQ,23952,22984,95.96
20,696,DCMSHRIRAM,EQ,72162,58747,81.41
20,697,DCMSRIND,EQ,109188,73349,67.18
20,698,DCW,EQ,1223832,537401,43.91
20,699,DCXINDIA,EQ,874059,362187,41.44
20,700,DECCANCE,EQ,20890,12500,59.84
20,701,DECCANTRAN,ST,9600,9600,100.00
20,702,DEEDEV,EQ,176678,96618,54.69
20,703,DEEPAKFERT,EQ,622596,217071,34.87
20,704,DEEPAKNTR,EQ,196812,90879,46.18
20,705,DEEPINDS,EQ,194266,81020,41.71
20,706,DELAPLEX,SM,13800,12000,86.96
20,707,DELHIVERY,EQ,1235334,412583,33.40
20,708,DELTACORP,EQ,25887735,2898247,11.20
20,709,DELTAMAGNT,EQ,16623,9108,54.79
20,710,DEN,EQ,780349,294452,37.73
20,711,DENEERS,ST,1800,1800,100.00
20,712,DENORA,EQ,20923,14501,69.31
20,713,DENTALKART,SM,18000,12500,69.44
20,714,DEVIT,EQ,501238,132801,26.49
20,715,DEVYANI,EQ,1675563,489793,29.23
20,716,DHAMPURSUG,EQ,245428,100901,41.11
20,717,DHANI,EQ,6607907,2695433,40.79
20,718,DHANLAXMI,ST,22000,22000,100.00
20,719,DHANUKA,EQ,15280,4754,31.11
20,720,DHARMAJ,EQ,33219,17919,53.94
20,721,DHRUV,EQ,9907,6758,68.21
20,722,DHTL,ST,2400,2400,100.00
20,723,DHUNINV,EQ,797,365,45.80
20,724,DIAMINESQ,EQ,8007,6393,79.84
20,725,DIAMONDYD,EQ,80743,34675,42.94
20,726,DICIND,EQ,3753,3020,80.47
20,727,DIFFNKG,EQ,57398,33422,58.23
20,728,DIGIDRIVE,EQ,54895,26775,48.77
20,729,DIGIKORE,ST,5000,5000,100.00
20,730,DIGISPICE,EQ,124955,83824,67.08
20,731,DISHTV,EQ,26476108,10582845,39.97
20,732,DIVGIITTS,EQ,10111,6038,59.72
20,733,DIVISLAB,EQ,384413,232717,60.54
20,734,DIVOPPBEES,EQ,50473,27599,54.68
20,735,DIVYADHAN,SM,118000,118000,100.00
20,736,DIXON,EQ,376805,144742,38.41
20,737,DLF,EQ,4994931,2361834,47.28
20,738,DLINKINDIA,EQ,146188,52263,35.75
20,739,DMART,EQ,902001,452553,50.17
20,740,DNAMEDIA,EQ,1150885,659593,57.31
20,741,DODLA,EQ,23029,10763,46.74
20,742,DOLATALGO,EQ,607936,330588,54.38
20,743,DOLLAR,EQ,79017,37653,47.65
20,744,DOLLEX,SM,8000,8000,100.00
20,745,DOMS,EQ,188665,90294,47.86
20,746,DONEAR,EQ,333564,162279,48.65
20,747,DPABHUSHAN,EQ,17129,6192,36.15
20,748,DPEL,ST,28500,28500,100.00
20,749,DPSCLTD,EQ,122269,98189,80.31
20,750,DPWIRES,EQ,6589,3297,50.04
20,751,DRCSYSTEMS,EQ,189627,108486,57.21
20,752,DREAMFOLKS,EQ,87740,34359,39.16
20,753,DREDGECORP,EQ,22535,11687,51.86
20,754,DRL,SM,12000,12000,100.00
20,755,DRONE,ST,3000,3000,100.00
20,756,DRREDDY,EQ,1582776,830703,52.48
20,757,DRSDILIP,ST,2400,2400,100.00
20,758,DSSL,EQ,62471,30914,49.49
20,759,DTIL,EQ,11494,5916,51.47
20,760,DTL,SM,7200,6000,83.33
20,761,DUCOL,SM,11200,6400,57.14
20,762,DUCON,EQ,938018,489447,52.18
20,763,DUGLOBAL,SM,7500,5000,66.67
20,764,DURLAX,SM,12000,8000,66.67
20,765,DVL,EQ,20961,11465,54.70
20,766,DWARKESH,EQ,1033433,484084,46.84
20,767,DYCL,EQ,64522,38427,59.56
20,768,DYNAMATECH,EQ,8139,3733,45.87
20,769,DYNAMIC,ST,27000,20500,75.93
20,770,DYNPRO,EQ,15780,9088,57.59
20,771,EASEMYTRIP,EQ,27600756,6649528,24.09
20,772,EBANKNIFTY,EQ,2716,1448,53.31
20,773,EBBETF0425,EQ,9279,9251,99.70
20,774,EBBETF0430,EQ,13847,11552,83.43
20,775,EBBETF0431,EQ,9144,7215,78.90
20,776,EBBETF0433,EQ,6182,6157,99.60
20,777,ECAPINSURE,EQ,27694,17888,64.59
20,778,ECLERX,EQ,69628,30685,44.07
20,779,ECOSMOBLTY,EQ,96175,43888,45.63
20,780,EDELWEISS,EQ,2873569,1463495,50.93
20,781,EFACTOR,ST,8000,7200,90.00
20,782,EFFWA,ST,24000,23600,98.33
20,783,EFORCE,SM,49200,48000,97.56
20,784,EGOLD,EQ,103188,100630,97.52
20,785,EICHERMOT,EQ,316803,158556,50.05
20,786,EIDPARRY,EQ,204231,87436,42.81
20,787,EIEL,EQ,4979631,929428,18.66
20,788,EIFFL,EQ,21670,16128,74.43
20,789,EIHAHOTELS,EQ,43560,18213,41.81
20,790,EIHOTEL,EQ,712290,333807,46.86
20,791,EIMCOELECO,EQ,12312,9086,73.80
20,792,EKC,EQ,750241,246599,32.87
20,793,ELDEHSG,EQ,3731,2275,60.98
20,794,ELECON,EQ,383567,211088,55.03
20,795,ELECTCAST,EQ,1533185,745269,48.61
20,796,ELGIEQUIP,EQ,88112,48921,55.52
20,797,ELIN,EQ,229650,95713,41.68
20,798,EMAMILTD,EQ,438778,240277,54.76
20,799,EMAMIPAP,EQ,31097,16884,54.29
20,800,EMBASSY,RR,610881,574218,94.00
20,801,EMBDL,EQ,14684583,3911428,26.64
20,802,EMCURE,EQ,67882,39734,58.53
20,803,EMIL,EQ,363129,198877,54.77
20,804,EMKAYTOOLS,SM,203700,201900,99.12
20,805,EMMBI,EQ,174238,61368,35.22
20,806,EMMIL,ST,1500,1500,100.00
20,807,EMSLIMITED,EQ,389966,119489,30.64
20,808,EMUDHRA,EQ,211521,67462,31.89
20,809,EMULTIMQ,EQ,78896,69895,88.59
20,810,ENDURANCE,EQ,45109,22996,50.98
20,811,ENFUSE,ST,4800,4200,87.50
20,812,ENGINERSIN,EQ,2395516,875953,36.57
20,813,ENIL,EQ,32418,16716,51.56
20,814,ENSER,ST,17000,17000,100.00
20,815,ENTERO,EQ,24976,10301,41.24
20,816,ENVIRO,SM,80000,46000,57.50
20,817,EPACK,EQ,1634441,785297,48.05
20,818,EPIGRAL,EQ,55938,24364,43.56
20,819,EPL,EQ,620499,206110,33.22
20,820,EQUAL50ADD,EQ,5081,3910,76.95
20,821,EQUITASBNK,EQ,3878378,1919405,49.49
20,822,ERIS,EQ,77040,43000,55.82
20,823,ESABINDIA,EQ,3452,1644,47.62
20,824,ESAFSFB,EQ,468963,283648,60.48
20,825,ESCONET,ST,39600,37600,94.95
20,826,ESCORTS,EQ,243845,116039,47.59
20,827,ESFL,ST,195120,184680,94.65
20,828,ESG,EQ,321995,309173,96.02
20,829,ESILVER,EQ,129871,127558,98.22
20,830,ESPRIT,ST,105600,86400,81.82
20,831,ESTER,EQ,614061,220919,35.98
20,832,ETHOSLTD,EQ,69275,41902,60.49
20,833,ETML,SM,182400,164400,90.13
20,834,EUREKAFORB,EQ,209368,136699,65.29
20,835,EUROBOND,SM,9000,7000,77.78
20,836,EVEREADY,EQ,175620,140153,79.80
20,837,EVERESTIND,EQ,25202,9759,38.72
20,838,EVINDIA,EQ,526251,353449,67.16
20,839,EXCELINDUS,EQ,13955,5573,39.94
20,840,EXICOM,EQ,1306835,462331,35.38
20,841,EXIDEIND,EQ,3238458,1579591,48.78
20,842,EXPLEOSOL,EQ,18823,11608,61.67
20,843,EXXARO,EQ,676280,279399,41.31
20,844,FACT,EQ,283927,56604,19.94
20,845,FAIRCHEMOR,EQ,16316,7423,45.50
20,846,FALCONTECH,SM,3600,3600,100.00
20,847,FAZE3Q,EQ,13829,10886,78.72
20,848,FCL,EQ,308322,137126,44.47
20,849,FCSSOFT,EQ,2962571,1606150,54.21
20,850,FDC,EQ,104365,50424,48.32
20,851,FEDERALBNK,EQ,7899382,3295703,41.72
20,852,FEDFINA,EQ,370955,187487,50.54
20,853,FELIX,ST,31000,31000,100.00
20,854,FIBERWEB,EQ,144026,64968,45.11
20,855,FICRF3GP,MF,400,400,100.00
20,856,FIDEL,ST,15000,14000,93.33
20,857,FIEMIND,EQ,37697,20538,54.48
20,858,FILATEX,EQ,1116787,371623,33.28
20,859,FINCABLES,EQ,126181,54473,43.17
20,860,FINEORG,EQ,13876,6780,48.86
20,861,FINIETF,EQ,125103,88922,71.08
20,862,FINOPB,EQ,66292,37784,57.00
20,863,FINPIPE,EQ,1148990,248645,21.64
20,864,FIRSTCRY,EQ,1201463,954861,79.47
20,865,FIVESTAR,EQ,347568,94784,27.27
20,866,FLAIR,EQ,387339,210374,54.31
20,867,FLUOROCHEM,EQ,81397,23553,28.94
20,868,FMCGIETF,EQ,993179,551889,55.57
20,869,FMGOETZE,EQ,61887,35326,57.08
20,870,FOCUS,EQ,329553,192919,58.54
20,871,FONEBOX,SM,6000,4000,66.67
20,872,FOODSIN,EQ,55019,35890,65.23
20,873,FORCAS,ST,4800,4800,100.00
20,874,FORCEMOT,EQ,21847,8324,38.10
20,875,FORGEAUTO,SM,33600,18000,53.57
20,876,FORTIS,EQ,1532883,849515,55.42
20,877,FOSECOIND,EQ,1982,826,41.68
20,878,FRESHARA,ST,43200,42000,97.22
20,879,FROG,SM,21600,14000,64.81
20,880,FSL,EQ,13828399,1299820,9.40
20,881,FUSION,EQ,282177,105829,37.50
20,882,GABRIEL,EQ,271080,116122,42.84
20,883,GAEL,EQ,636848,261624,41.08
20,884,GAIL,EQ,11987426,5592087,46.65
20,885,GAJANAND,ST,12000,9000,75.00
20,886,GALAPREC,EQ,108605,45014,41.45
20,887,GALAXYSURF,EQ,7622,3673,48.19
20,888,GALLANTT,EQ,14606,8778,60.10
20,889,GANDHAR,EQ,206028,104817,50.88
20,890,GANDHITUBE,EQ,3856,2287,59.31
20,891,GANECOS,EQ,169146,82444,48.74
20,892,GANESHBE,EQ,142259,91098,64.04
20,893,GANESHHOUC,EQ,207968,87710,42.17
20,894,GANESHIN,SM,230400,132800,57.64
20,895,GANGAFORGE,EQ,1144268,398053,34.79
20,896,GANGESSECU,EQ,19653,11003,55.99
20,897,GARFIBRES,EQ,106589,56964,53.44
20,898,GARUDA,EQ,2178965,547481,25.13
20,899,GATEWAY,EQ,1173498,608310,51.84
20,900,GEECEE,EQ,10721,6122,57.10
20,901,GEEKAYWIRE,EQ,79048,50282,63.61
20,902,GENCON,EQ,55533,30402,54.75
20,903,GENESYS,EQ,374489,119903,32.02
20,904,GENSOL,EQ,112958,55517,49.15
20,905,GENUSPAPER,EQ,128426,81354,63.35
20,906,GENUSPOWER,EQ,768378,457525,59.54
20,907,GEOJITFSL,EQ,465903,233650,50.15
20,908,GEPIL,EQ,113850,49247,43.26
20,909,GESHIP,EQ,317549,154588,48.68
20,910,GFLLIMITED,EQ,148244,85666,57.79
20,911,GGBL,SM,72000,48000,66.67
20,912,GHCL,EQ,245139,118262,48.24
20,913,GHCLTEXTIL,EQ,194629,109162,56.09
20,914,GICHSGFIN,EQ,170649,68702,40.26
20,915,GICL,ST,73500,63000,85.71
20,916,GICRE,EQ,2268906,570584,25.15
20,917,GILLETTE,EQ,25254,14193,56.20
20,918,GILT5YBEES,EQ,326060,180487,55.35
20,919,GINNIFILA,EQ,150749,82714,54.87
20,920,GIPCL,EQ,914497,480954,52.59
20,921,GKWLIMITED,EQ,662,433,65.41
20,922,GLAND,EQ,368580,268130,72.75
20,923,GLAXO,EQ,89191,51777,58.05
20,924,GLENMARK,EQ,233851,73769,31.55
20,925,GLOBAL,EQ,53330,32335,60.63
20,926,GLOBE,EQ,1041811,744610,71.47
20,927,GLOBUSSPR,EQ,82064,43052,52.46
20,928,GLOSTERLTD,EQ,1120,469,41.88
20,929,GLS,EQ,55352,26494,47.86
20,930,GMBREW,EQ,41422,19262,46.50
20,931,GMDCLTD,EQ,897750,376614,41.95
20,932,GMMPFAUDLR,EQ,514402,81193,15.78
20,933,GMRAIRPORT,EQ,11314699,6043052,53.41
20,934,GMRP&UI,EQ,1614994,951521,58.92
20,935,GNA,EQ,270255,53248,19.70
20,936,GNFC,EQ,750549,292417,38.96
20,937,GOACARBON,EQ,24466,11834,48.37
20,938,GOCLCORP,EQ,26530,13941,52.55
20,939,GOCOLORS,EQ,17144,7365,42.96
20,940,GODAVARIB,EQ,235059,165833,70.55
20,941,GODFRYPHLP,EQ,57874,16922,29.24
20,942,GODIGIT,EQ,306377,95547,31.19
20,943,GODREJAGRO,EQ,86353,50709,58.72
20,944,GODREJCP,EQ,823035,523805,63.64
20,945,GODREJIND,EQ,79017,41463,52.47
20,946,GODREJPROP,EQ,559640,206053,36.82
20,947,GOKEX,EQ,241604,70221,29.06
20,948,GOKULAGRO,EQ,140890,72638,51.56
20,949,GOLD1,EQ,1048213,936710,89.36
20,950,GOLDBEES,EQ,12772160,9915679,77.64
20,951,GOLDCASE,EQ,1654061,1533104,92.69
20,952,GOLDETF,EQ,673671,635867,94.39
20,953,GOLDETFADD,EQ,24434,22497,92.07
20,954,GOLDIAM,EQ,1552173,454916,29.31
20,955,GOLDIETF,EQ,1455268,1146772,78.80
20,956,GOLDSHARE,EQ,221250,202770,91.65
20,957,GOLDSTAR,SM,56250,33750,60.00
20,958,GOODLUCK,EQ,132852,71885,54.11
20,959,GOPAL,EQ,237279,145373,61.27
20,960,GOYALALUM,EQ,180608,112909,62.52
20,961,GOYALSALT,SM,38400,28200,73.44
20,962,GPECO,ST,16200,16200,100.00
20,963,GPIL,EQ,1547067,530760,34.31
20,964,GPPL,EQ,904726,412080,45.55
20,965,GPTHEALTH,EQ,131298,65938,50.22
20,966,GPTINFRA,EQ,162696,107569,66.12
20,967,GRANULES,EQ,1009605,370819,36.73
20,968,GRAPHITE,EQ,705945,302049,42.79
20,969,GRASIM,EQ,413994,224356,54.19
20,970,GRAVITA,EQ,163283,69937,42.83
20,971,GRCL,ST,2000,1750,87.50
20,972,GREAVESCOT,EQ,4184327,1377804,32.93
20,973,GREENCHEF,SM,20000,16000,80.00
20,974,GREENLAM,EQ,16408,5865,35.74
20,975,GREENPANEL,EQ,64158,30763,47.95
20,976,GREENPLY,EQ,131926,43764,33.17
20,977,GREENPOWER,EQ,4399449,2223329,50.54
20,978,GRINDWELL,EQ,30977,12425,40.11
20,979,GRINFRA,EQ,20279,7396,36.47
20,980,GRMOVER,EQ,69872,28470,40.75
20,981,GROBTEA,EQ,756,502,66.40
20,982,GROWWDEFNC,EQ,145222,115386,79.45
20,983,GROWWEV,EQ,559877,376372,67.22
20,984,GROWWGOLD,EQ,110299,49746,45.10
20,985,GROWWLIQID,EQ,204926,158527,77.36
20,986,GRPLTD,EQ,1648,1267,76.88
20,987,GRSE,EQ,412641,139999,33.93
20,988,GRWRHITECH,EQ,321345,136471,42.47
20,989,GSEC10ABSL,EQ,103,101,98.06
20,990,GSEC10IETF,EQ,1786,1041,58.29
20,991,GSEC10YEAR,EQ,716,666,93.02
20,992,GSEC5IETF,EQ,417,417,100.00
20,993,GSFC,EQ,1291681,494203,38.26
20,994,GSLSU,EQ,171202,86147,50.32
20,995,GSMFOILS,ST,36000,36000,100.00
20,996,GSPL,EQ,338305,161527,47.75
20,997,GSS,EQ,49670,35468,71.41
20,998,GSTL,ST,39000,38000,97.44
20,999,GTL,EQ,578768,293373,50.69
20,1000,GTLINFRA,EQ,43775637,18298799,41.80
20,1001,GTPL,EQ,522473,127892,24.48
20,1002,GUFICBIO,EQ,114477,57801,50.49
20,1003,GUJALKALI,EQ,44380,17214,38.79
20,1004,GUJAPOLLO,EQ,21342,14707,68.91
20,1005,GUJGASLTD,EQ,436665,185499,42.48
20,1006,GULFOILLUB,EQ,81989,39132,47.73
20,1007,GULFPETRO,EQ,190280,95352,50.11
20,1008,GULPOLY,EQ,57809,30773,53.23
20,1009,GVPTECH,EQ,45779,30216,66.00
20,1010,HAL,EQ,1321248,588652,44.55
20,1011,HAPPSTMNDS,EQ,325317,106978,32.88
20,1012,HAPPYFORGE,EQ,22916,10957,47.81
20,1013,HARDWYN,EQ,1187935,547258,46.07
20,1014,HARIOMPIPE,EQ,160698,68564,42.67
20,1015,HARRMALAYA,EQ,120327,72501,60.25
20,1016,HARSHA,EQ,50060,15368,30.70
20,1017,HATHWAY,EQ,3647399,1272096,34.88
20,1018,HATSUN,EQ,58316,49191,84.35
20,1019,HAVELLS,EQ,936502,532257,56.83
20,1020,HAVISHA,EQ,43944,31069,70.70
20,1021,HBLENGINE,EQ,1717952,717231,41.75
20,1022,HBSL,EQ,13047,7462,57.19
20,1023,HCC,EQ,26816326,8491558,31.67
20,1024,HCG,EQ,106937,50773,47.48
20,1025,HCL-INSYS,EQ,210200,170841,81.28
20,1026,HCLTECH,EQ,4802079,2676052,55.73
20,1027,HDFCAMC,EQ,473532,275388,58.16
20,1028,HDFCBANK,EQ,8726640,6098530,69.88
20,1029,HDFCBSE500,EQ,19301,12040,62.38
20,1030,HDFCGOLD,EQ,1411852,1186605,84.05
20,1031,HDFCGROWTH,EQ,8555,5901,68.98
20,1032,HDFCLIFE,EQ,1966939,1072561,54.53
20,1033,HDFCLIQUID,EQ,19715,17590,89.22
20,1034,HDFCLOWVOL,EQ,7027,4910,69.87
20,1035,HDFCMID150,EQ,317372,211724,66.71
20,1036,HDFCMOMENT,EQ,254158,159418,62.72
20,1037,HDFCNEXT50,EQ,181824,135678,74.62
20,1038,HDFCNIF100,EQ,59777,47031,78.68
20,1039,HDFCNIFBAN,EQ,52426,41814,79.76
20,1040,HDFCNIFIT,EQ,136986,24492,17.88
20,1041,HDFCNIFTY,EQ,78158,61158,78.25
20,1042,HDFCPSUBK,EQ,68519,65012,94.88
20,1043,HDFCPVTBAN,EQ,314260,281482,89.57
20,1044,HDFCQUAL,EQ,8252,4890,59.26
20,1045,HDFCSENSEX,EQ,54490,32882,60.35
20,1046,HDFCSILVER,EQ,456978,274168,60.00
20,1047,HDFCSML250,EQ,1082376,783703,72.41
20,1048,HDFCVALUE,EQ,2458,1779,72.38
20,1049,HEADSUP,EQ,17629,13070,74.14
20,1050,HEALTHADD,EQ,1991,314,15.77
20,1051,HEALTHIETF,EQ,106525,46885,44.01
20,1052,HEALTHY,EQ,341462,279886,81.97
20,1053,HEG,EQ,626284,247019,39.44
20,1054,HEIDELBERG,EQ,148292,72411,48.83
20,1055,HEMIPROP,EQ,461501,216609,46.94
20,1056,HERANBA,EQ,69216,32301,46.67
20,1057,HERITGFOOD,EQ,246194,119595,48.58
20,1058,HEROMOTOCO,EQ,355269,184906,52.05
20,1059,HESTERBIO,EQ,4817,2650,55.01
20,1060,HEUBACHIND,EQ,58604,40519,69.14
20,1061,HEXATRADEX,EQ,5071,3107,61.27
20,1062,HFCL,EQ,13688166,3971767,29.02
20,1063,HGINFRA,EQ,63959,31668,49.51
20,1064,HGS,EQ,18327,12082,65.92
20,1065,HIGREEN,ST,29600,29600,100.00
20,1066,HIKAL,EQ,284870,107072,37.59
20,1067,HIL,EQ,9627,6805,70.69
20,1068,HILTON,EQ,416080,191846,46.11
20,1069,HIMATSEIDE,EQ,1529279,594755,38.89
20,1070,HINDALCO,EQ,10613705,7088732,66.79
20,1071,HINDCOMPOS,EQ,10992,5045,45.90
20,1072,HINDCOPPER,EQ,4667934,1829572,39.19
20,1073,HINDMOTORS,EQ,583052,243390,41.74
20,1074,HINDOILEXP,EQ,648494,305900,47.17
20,1075,HINDPETRO,EQ,3504508,1337914,38.18
20,1076,HINDUNILVR,EQ,1651911,1040182,62.97
20,1077,HINDWAREAP,EQ,82271,43886,53.34
20,1078,HINDZINC,EQ,910052,398672,43.81
20,1079,HIRECT,EQ,31142,15812,50.77
20,1080,HISARMETAL,EQ,17931,11612,64.76
20,1081,HITECH,EQ,615359,325151,52.84
20,1082,HITECHCORP,EQ,12062,5762,47.77
20,1083,HLEGLAS,EQ,55242,22728,41.14
20,1084,HLVLTD,EQ,1075534,537191,49.95
20,1085,HMAAGRO,EQ,227446,126573,55.65
20,1086,HMVL,EQ,67898,40514,59.67
20,1087,HNDFDS,EQ,52228,31836,60.96
20,1088,HNGSNGBEES,EQ,100909,74780,74.11
20,1089,HOACFOODS,ST,750,750,100.00
20,1090,HOLMARC,ST,15000,10500,70.00
20,1091,HOMEFIRST,EQ,153328,76948,50.19
20,1092,HOMESFY,SM,300,300,100.00
20,1093,HONASA,EQ,853747,531283,62.23
20,1094,HONAUT,EQ,4222,2188,51.82
20,1095,HONDAPOWER,EQ,4970,1680,33.80
20,1096,HOVS,EQ,30148,11140,36.95
20,1097,HPAL,EQ,101315,54987,54.27
20,1098,HPIL,EQ,10495,4046,38.55
20,1099,HPL,EQ,302270,124479,41.18
20,1100,HRHNEXT,ST,3000,3000,100.00
20,1101,HSCL,EQ,1202128,462437,38.47
20,1102,HTMEDIA,EQ,153156,77075,50.32
20,1103,HUDCO,EQ,7397017,1878410,25.39
20,1104,HUHTAMAKI,EQ,53559,26884,50.20
20,1105,HVAX,ST,6000,5700,95.00
20,1106,HYUNDAI,EQ,543447,381708,70.24
20,1107,IBLFL,ST,12000,12000,100.00
20,1108,ICEMAKE,EQ,24793,12291,49.57
20,1109,ICICIB22,EQ,859545,627274,72.98
20,1110,ICICIBANK,EQ,7854524,5635376,71.75
20,1111,ICICIGI,EQ,501354,318644,63.56
20,1112,ICICIPRULI,EQ,997606,695506,69.72
20,1113,ICIL,EQ,326572,170966,52.35
20,1114,ICRA,EQ,7106,3053,42.96
20,1115,IDBI,EQ,10253570,4055270,39.55
20,1116,IDEA,EQ,321647638,68555417,21.31
20,1117,IDEAFORGE,EQ,95964,45055,46.95
20,1118,IDEALTECHO,SM,6000,6000,100.00
20,1119,IDENTICAL,SM,414000,234000,56.52
20,1120,IDFCFIRSTB,EQ,19780398,9424695,47.65
20,1121,IDFNIFTYET,EQ,915,752,82.19
20,1122,IEML,SM,11000,8000,72.73
20,1123,IEX,EQ,3624984,1172615,32.35
20,1124,IFBAGRO,EQ,2718,1364,50.18
20,1125,IFBIND,EQ,44143,21539,48.79
20,1126,IFCI,EQ,8352006,2668591,31.95
20,1127,IFGLEXPOR,EQ,28776,17915,62.26
20,1128,IGARASHI,EQ,52898,21302,40.27
20,1129,IGIL,EQ,3433709,992572,28.91
20,1130,IGL,EQ,5582271,696628,12.48
20,1131,IGPL,EQ,21282,9667,45.42
20,1132,IIFL,EQ,1417314,562178,39.67
20,1133,IIFLCAPS,EQ,452078,285068,63.06
20,1134,IIFLZC25,ND,50,50,100.00
20,1135,IIFLZC26,NN,137,5,3.65
20,1136,IIFLZC26A,NR,200,200,100.00
20,1137,IIFLZC28,NG,18,18,100.00
20,1138,IIFLZC28A,NU,249,219,87.95
20,1139,IIFLZC28B,Y1,451,451,100.00
20,1140,IIFLZC28C,N6,264,264,100.00
20,1141,IKIO,EQ,120484,69937,58.05
20,1142,IKS,EQ,258233,104761,40.57
20,1143,IMAGICAA,EQ,801575,435093,54.28
20,1144,IMC1,N0,928,472,50.86
20,1145,IMC1,N1,669,467,69.81
20,1146,IMC1,N2,839,466,55.54
20,1147,IMC1,N3,913,498,54.55
20,1148,IMFA,EQ,84350,42037,49.84
20,1149,IMPAL,EQ,1876,1097,58.48
20,1150,INCREDIBLE,EQ,13951,5601,40.15
20,1151,INDBANK,EQ,44901,28978,64.54
20,1152,INDGN,EQ,849068,413515,48.70
20,1153,INDHOTEL,EQ,2813197,1630894,57.97
20,1154,INDIACEM,EQ,592431,424115,71.59
20,1155,INDIAGLYCO,EQ,302205,134325,44.45
20,1156,INDIAMART,EQ,214208,128708,60.09
20,1157,INDIANB,EQ,2425062,1242352,51.23
20,1158,INDIANHUME,EQ,48931,23861,48.76
20,1159,INDIASHLTR,EQ,83665,41741,49.89
20,1160,INDIGO,EQ,772259,539362,69.84
20,1161,INDIGOPNTS,EQ,50458,26033,51.59
20,1162,INDIGRID,IV,471492,430761,91.36
20,1163,INDNIPPON,EQ,16413,12473,75.99
20,1164,INDOAMIN,EQ,408097,117870,28.88
20,1165,INDOBORAX,EQ,64535,34606,53.62
20,1166,INDOCO,EQ,149487,108853,72.82
20,1167,INDOFARM,EQ,2813860,659320,23.43
20,1168,INDORAMA,EQ,552130,425186,77.01
20,1169,INDOSTAR,EQ,169437,73377,43.31
20,1170,INDOWIND,EQ,511265,244012,47.73
20,1171,INDRAMEDCO,EQ,529982,226806,42.80
20,1172,INDTERRAIN,EQ,227671,123579,54.28
20,1173,INDUSINDBK,EQ,5611356,2124517,37.86
20,1174,INDUSTOWER,EQ,6603060,3561121,53.93
20,1175,INFIBEAM,EQ,10105702,4812553,47.62
20,1176,INFINIUM,ST,1500,1000,66.67
20,1177,INFOBEAN,EQ,14581,7927,54.37
20,1178,INFOLLION,ST,32800,31200,95.12
20,1179,INFOMEDIA,EQ,27427,22620,82.47
20,1180,INFRABEES,EQ,12097,6809,56.29
20,1181,INFRAIETF,EQ,213139,95540,44.83
20,1182,INFY,EQ,8036913,4825704,60.04
20,1183,INGERRAND,EQ,23375,13110,56.09
20,1184,INM,SM,1800,1800,100.00
20,1185,INNOMET,SM,15600,14400,92.31
20,1186,INNOVACAP,EQ,108555,46996,43.29
20,1187,INNOVANA,EQ,4780,3029,63.37
20,1188,INOXGREEN,EQ,1210293,475839,39.32
20,1189,INOXINDIA,EQ,75207,36019,47.89
20,1190,INOXWIND,EQ,10512404,4733106,45.02
20,1191,INSECTICID,EQ,33158,14508,43.75
20,1192,INSPIRE,SM,12000,10000,83.33
20,1193,INSPIRISYS,EQ,10614,6741,63.51
20,1194,INTELLECT,EQ,1255081,172673,13.76
20,1195,INTENTECH,EQ,58157,38214,65.71
20,1196,INTERARCH,EQ,423219,149383,35.30
20,1197,INTLCONV,EQ,147853,82684,55.92
20,1198,INVENTURE,EQ,3290740,2006788,60.98
20,1199,IOB,EQ,5333888,1663716,31.19
20,1200,IOC,EQ,12948066,6154098,47.53
20,1201,IOLCP,EQ,309165,116204,37.59
20,1202,IONEXCHANG,EQ,211673,96531,45.60
20,1203,IPCALAB,EQ,359313,127288,35.43
20,1204,IPHL,ST,26400,24000,90.91
20,1205,IPL,EQ,147338,64132,43.53
20,1206,IPSL,ST,2500,2000,80.00
20,1207,IRB,EQ,22593857,7118557,31.51
20,1208,IRBINVIT,IV,196159,177372,90.42
20,1209,IRCON,EQ,5549670,1900848,34.25
20,1210,IRCTC,EQ,6281464,840797,13.39
20,1211,IREDA,EQ,39003840,7390618,18.95
20,1212,IRFC,EQ,21705766,7466477,34.40
20,1213,IRISDOREME,EQ,85836,19928,23.22
20,1214,IRMENERGY,EQ,76380,40650,53.22
20,1215,ISEC,EQ,94925,38428,40.48
20,1216,ISFT,EQ,27240,12403,45.53
20,1217,ISGEC,EQ,68237,37494,54.95
20,1218,ISHAN,ST,336000,288000,85.71
20,1219,IT,EQ,107105,42645,39.82
20,1220,ITALIANE,ST,4000,4000,100.00
20,1221,ITBEES,EQ,7797177,4179477,53.60
20,1222,ITC,EQ,9145729,5811680,63.55
20,1223,ITDC,EQ,81107,22814,28.13
20,1224,ITDCEM,EQ,584849,344627,58.93
20,1225,ITETF,EQ,148321,106234,71.62
20,1226,ITETFADD,EQ,34845,30080,86.33
20,1227,ITI,EQ,39381394,1620871,4.12
20,1228,ITIETF,EQ,2259236,761793,33.72
20,1229,IVC,EQ,458264,329760,71.96
20,1230,IVP,EQ,9754,6395,65.56
20,1231,IVZINGOLD,EQ,82,33,40.24
20,1232,IVZINNIFTY,EQ,16,15,93.75
20,1233,IWEL,EQ,18031,11410,63.28
20,1234,IXIGO,EQ,891862,386838,43.37
20,1235,JAGRAN,EQ,266298,176732,66.37
20,1236,JAGSNPHARM,EQ,210119,102059,48.57
20,1237,JAIBALAJI,EQ,150801,82507,54.71
20,1238,JAICORPLTD,EQ,2396210,1010747,42.18
20,1239,JAINAM,ST,2000,2000,100.00
20,1240,JAIPURKURT,EQ,46996,21019,44.73
20,1241,JALAN,ST,123000,123000,100.00
20,1242,JAMNAAUTO,EQ,667172,328243,49.20
20,1243,JASH,EQ,289788,111397,38.44
20,1244,JAYAGROGN,EQ,5850,4046,69.16
20,1245,JAYBARMARU,EQ,85707,43081,50.27
20,1246,JAYBEE,ST,107000,101000,94.39
20,1247,JAYNECOIND,EQ,176338,93360,52.94
20,1248,JAYSREETEA,EQ,133910,65793,49.13
20,1249,JBCHEPHARM,EQ,129069,66248,51.33
20,1250,JBMA,EQ,66791,25435,38.08
20,1251,JCHAC,EQ,23355,14985,64.16
20,1252,JEYYAM,SM,160000,106000,66.25
20,1253,JGCHEM,EQ,105382,42004,39.86
20,1254,JHS,EQ,160897,86991,54.07
20,1255,JINDALPHOT,EQ,27097,14130,52.15
20,1256,JINDALPOLY,EQ,91163,40657,44.60
20,1257,JINDALSAW,EQ,1123162,460406,40.99
20,1258,JINDALSTEL,EQ,965180,373284,38.68
20,1259,JINDRILL,EQ,76569,41861,54.67
20,1260,JINDWORLD,EQ,250469,88982,35.53
20,1261,JIOFIN,EQ,13906821,7539476,54.21
20,1262,JISLDVREQS,EQ,31291,15132,48.36
20,1263,JISLJALEQS,EQ,6266289,2059738,32.87
20,1264,JITFINFRA,EQ,122781,78702,64.10
20,1265,JIWANRAM,SM,66000,48000,72.73
20,1266,J&KBANK,EQ,3068689,1481464,48.28
20,1267,JKCEMENT,EQ,167007,78307,46.89
20,1268,JKIL,EQ,174900,86889,49.68
20,1269,JKLAKSHMI,EQ,117748,67869,57.64
20,1270,JKPAPER,EQ,287180,127877,44.53
20,1271,JKTYRE,EQ,239617,107313,44.79
20,1272,JLHL,EQ,23709,14766,62.28
20,1273,JMA,EQ,5514,3796,68.84
20,1274,JMFINANCIL,EQ,2272949,788358,34.68
20,1275,JNKINDIA,EQ,18966,11523,60.76
20,1276,JOCIL,EQ,4061,2170,53.44
20,1277,JPOLYINVST,EQ,9079,4581,50.46
20,1278,JPPOWER,EQ,39220898,17189856,43.83
20,1279,JSFB,EQ,101633,51923,51.09
20,1280,JSL,EQ,767759,419596,54.65
20,1281,JSLL,SM,10800,7740,71.67
20,1282,JSWENERGY,EQ,4671536,2437169,52.17
20,1283,JSWINFRA,EQ,1807693,776845,42.97
20,1284,JSWSTEEL,EQ,1614629,527002,32.64
20,1285,JTEKTINDIA,EQ,176661,95763,54.21
20,1286,JTLIND,EQ,1990383,1084754,54.50
20,1287,JUBLFOOD,EQ,1635295,867233,53.03
20,1288,JUBLINGREA,EQ,626902,261510,41.71
20,1289,JUBLPHARMA,EQ,158772,73071,46.02
20,1290,JUNIORBEES,EQ,587849,381714,64.93
20,1291,JUNIPER,EQ,197613,120233,60.84
20,1292,JUSTDIAL,EQ,379055,100311,26.46
20,1293,JWL,EQ,1047265,461578,44.07
20,1294,JYOTHYLAB,EQ,720540,423445,58.77
20,1295,JYOTICNC,EQ,218665,98563,45.07
20,1296,JYOTISTRUC,EQ,12783037,5707053,44.65
20,1297,K2INFRA,ST,32400,29400,90.74
20,1298,KABRAEXTRU,EQ,130631,58665,44.91
20,1299,KAJARIACER,EQ,201108,136328,67.79
20,1300,KAKATCEM,EQ,5479,3627,66.20
20,1301,KALAMANDIR,EQ,187515,109787,58.55
20,1302,KALANA,SM,210000,132000,62.86
20,1303,KALYANKJIL,EQ,11749415,2628721,22.37
20,1304,KAMATHOTEL,EQ,48305,25589,52.97
20,1305,KAMDHENU,EQ,3489474,1063048,30.46
20,1306,KANANIIND,EQ,219435,161458,73.58
20,1307,KANDARP,ST,80000,80000,100.00
20,1308,KANORICHEM,EQ,19697,8437,42.83
20,1309,KANPRPLA,EQ,15791,8354,52.90
20,1310,KANSAINER,EQ,680430,585578,86.06
20,1311,KAPSTON,EQ,4596,2713,59.03
20,1312,KARMAENG,EQ,17694,8032,45.39
20,1313,KARNIKA,ST,400,400,100.00
20,1314,KARURVYSYA,EQ,1392080,669849,48.12
20,1315,KATARIA,SM,12000,10200,85.00
20,1316,KAUSHALYA,EQ,946,504,53.28
20,1317,KAYNES,EQ,658657,173907,26.40
20,1318,KBCGLOBAL,EQ,22606736,8511926,37.65
20,1319,KCEIL,ST,61000,56000,91.80
20,1320,KCK,ST,10000,10000,100.00
20,1321,KCP,EQ,327739,162772,49.67
20,1322,KCPSUGIND,EQ,175866,78250,44.49
20,1323,KDDL,EQ,9660,4600,47.62
20,1324,KDL,ST,8400,7950,94.64
20,1325,KEC,EQ,718140,340113,47.36
20,1326,KECL,EQ,111212,55899,50.26
20,1327,KEI,EQ,209091,137456,65.74
20,1328,KEL,ST,2400,2400,100.00
20,1329,KELLTONTEC,EQ,2739582,738384,26.95
20,1330,KESORAMIND,EQ,440705,188913,42.87
20,1331,KFINTECH,EQ,797487,416846,52.27
20,1332,KHADIM,EQ,11960,8882,74.26
20,1333,KHAICHEM,EQ,133034,56001,42.10
20,1334,KHAITANLTD,EQ,1978,1375,69.51
20,1335,KHANDSE,EQ,14606,4822,33.01
20,1336,KICL,EQ,2956,1690,57.17
20,1337,KILITCH,EQ,14136,9439,66.77
20,1338,KIMS,EQ,376388,187402,49.79
20,1339,KINGFA,EQ,27655,8475,30.65
20,1340,KIOCL,EQ,319292,65922,20.65
20,1341,KIRIINDUS,EQ,308977,158904,51.43
20,1342,KIRLOSBROS,EQ,137046,35778,26.11
20,1343,KIRLOSENG,EQ,291088,189213,65.00
20,1344,KIRLOSIND,EQ,941,566,60.15
20,1345,KIRLPNU,EQ,76198,37967,49.83
20,1346,KKCL,EQ,37886,13126,34.65
20,1347,KLL,SM,64800,37600,58.02
20,1348,KMEW,EQ,25867,16957,65.55
20,1349,KMSUGAR,EQ,176826,106627,60.30
20,1350,KNAGRI,ST,1265200,1261200,99.68
20,1351,KNRCON,EQ,816180,288830,35.39
20,1352,KODYTECH,SM,7500,5500,73.33
20,1353,KOHINOOR,EQ,120658,61368,50.86
20,1354,KOKUYOCMLN,EQ,60114,32805,54.57
20,1355,KOLTEPATIL,EQ,142652,77874,54.59
20,1356,KONSTELEC,ST,7000,7000,100.00
20,1357,KONTOR,ST,10800,10200,94.44
20,1358,KORE,ST,1750,1750,100.00
20,1359,KOTAKBANK,EQ,3502618,2466219,70.41
20,1360,KOTARISUG,EQ,41472,20718,49.96
20,1361,KOTHARIPET,EQ,77269,37080,47.99
20,1362,KOTYARK,SM,23000,15400,66.96
20,1363,KPEL,EQ,405209,220927,54.52
20,1364,KPIGREEN,EQ,1051753,458726,43.62
20,1365,KPIL,EQ,601672,495861,82.41
20,1366,KPITTECH,EQ,1963609,870417,44.33
20,1367,KPRMILL,EQ,151808,58907,38.80
20,1368,KRBL,EQ,263342,113188,42.98
20,1369,KRISHANA,EQ,16301,10826,66.41
20,1370,KRISHCA,SM,24500,19000,77.55
20,1371,KRISHNADEF,ST,46500,41750,89.78
20,1372,KRITINUT,EQ,45569,23430,51.42
20,1373,KRN,EQ,440803,152199,34.53
20,1374,KRONOX,EQ,177116,61371,34.65
20,1375,KROSS,EQ,529441,186772,35.28
20,1376,KRSNAA,EQ,126012,63843,50.66
20,1377,KRYSTAL,EQ,33952,18006,53.03
20,1378,KSB,EQ,67922,35542,52.33
20,1379,KSCL,EQ,80500,45393,56.39
20,1380,KSHITIJPOL,EQ,437803,365160,83.41
20,1381,KSL,EQ,101949,58646,57.52
20,1382,KSOLVES,EQ,16371,8745,53.42
20,1383,KTKBANK,EQ,1127883,644757,57.17
20,1384,KTL,ST,12000,12000,100.00
20,1385,KUANTUM,EQ,78082,45446,58.20
20,1386,LAGNAM,EQ,22603,7180,31.77
20,1387,LAKSHYA,SM,84000,56800,67.62
20,1388,LALPATHLAB,EQ,153991,75241,48.86
20,1389,LAMOSAIC,ST,3600,3600,100.00
20,1390,LANCORHOL,EQ,163246,79585,48.75
20,1391,LANDMARK,EQ,35499,18584,52.35
20,1392,LAOPALA,EQ,48672,22832,46.91
20,1393,LASA,EQ,67076,26317,39.23
20,1394,LATENTVIEW,EQ,343199,151843,44.24
20,1395,LAURUSLABS,EQ,2159660,787899,36.48
20,1396,LAWSIKHO,SM,93500,57500,61.50
20,1397,LAXMICOT,EQ,60635,24622,40.61
20,1398,LEMERITE,ST,27200,15200,55.88
20,1399,LEMONTREE,EQ,2628142,866283,32.96
20,1400,LEXUS,EQ,29557,20587,69.65
20,1401,LFIC,EQ,6510,1608,24.70
20,1402,LGBBROSLTD,EQ,11380,5381,47.28
20,1403,LIBAS,EQ,81443,59301,72.81
20,1404,LIBERTSHOE,EQ,8421,4930,58.54
20,1405,LICHSGFIN,EQ,1291287,672094,52.05
20,1406,LICI,EQ,1098164,431814,39.32
20,1407,LICMFGOLD,EQ,286,208,72.73
20,1408,LICNETFGSC,EQ,18424,17833,96.79
20,1409,LICNETFN50,EQ,78944,78894,99.94
20,1410,LICNETFSEN,EQ,146,80,54.79
20,1411,LICNFNHGP,EQ,1111,560,50.41
20,1412,LICNMID100,EQ,4176,2172,52.01
20,1413,LIKHITHA,EQ,96157,47966,49.88
20,1414,LINC,EQ,52508,26485,50.44
20,1415,LINCOLN,EQ,55225,22374,40.51
20,1416,LINDEINDIA,EQ,40439,17436,43.12
20,1417,LIQUID,EQ,245513,109599,44.64
20,1418,LIQUID1,EQ,575657,527436,91.62
20,1419,LIQUIDADD,EQ,1295470,1025515,79.16
20,1420,LIQUIDBEES,EQ,2643186,1952932,73.89
20,1421,LIQUIDBETF,EQ,811991,808885,99.62
20,1422,LIQUIDCASE,EQ,5178564,4405115,85.06
20,1423,LIQUIDETF,EQ,232087,199280,85.86
20,1424,LIQUIDIETF,EQ,566202,466176,82.33
20,1425,LIQUIDPLUS,EQ,2338,2138,91.45
20,1426,LIQUIDSBI,EQ,7716,2524,32.71
20,1427,LIQUIDSHRI,EQ,10216,10115,99.01
20,1428,LLOYDS,SM,31000,9000,29.03
20,1429,LLOYDSENGG,EQ,7200467,2213219,30.74
20,1430,LLOYDSENT,EQ,2113209,1006456,47.63
20,1431,LLOYDSME,EQ,1224904,315041,25.72
20,1432,LMW,EQ,3435,2464,71.73
20,1433,LODHA,EQ,789698,382173,48.39
20,1434,LOKESHMACH,EQ,63411,38587,60.85
20,1435,LOTUSEYE,EQ,17413,9427,54.14
20,1436,LOVABLE,EQ,20352,9880,48.55
20,1437,LOWVOL,EQ,5654,5606,99.15
20,1438,LOWVOL1,EQ,735856,727912,98.92
20,1439,LOWVOLIETF,EQ,2843223,2444089,85.96
20,1440,LRRPL,ST,10500,10500,100.00
20,1441,LT,EQ,1794238,1161297,64.72
20,1442,LTF,EQ,5763292,1649994,28.63
20,1443,LTFOODS,EQ,1162553,524071,45.08
20,1444,LTGILTBEES,EQ,2503697,1861909,74.37
20,1445,LTIM,EQ,1095351,324853,29.66
20,1446,LTTS,EQ,254564,104273,40.96
20,1447,LUMAXIND,EQ,7235,5384,74.42
20,1448,LUMAXTECH,EQ,111828,46103,41.23
20,1449,LUPIN,EQ,689347,307912,44.67
20,1450,LUXIND,EQ,65957,29931,45.38
20,1451,LXCHEM,EQ,972971,482206,49.56
20,1452,LYKALABS,EQ,157217,64973,41.33
20,1453,LYPSAGEMS,EQ,55424,31928,57.61
20,1454,MACOBSTECH,SM,84000,63200,75.24
20,1455,MACPOWER,EQ,14327,7789,54.37
20,1456,MADHAV,EQ,48207,21951,45.53
20,1457,MADHAVBAUG,SM,3600,3200,88.89
20,1458,MADHUCON,EQ,20619,14933,72.42
20,1459,MADHUSUDAN,SM,13000,12000,92.31
20,1460,MADRASFERT,EQ,200571,57173,28.51
20,1461,MAFANG,EQ,124263,124102,99.87
20,1462,MAGADSUGAR,EQ,8743,4276,48.91
20,1463,MAGNUM,EQ,27590,16712,60.57
20,1464,MAGSON,SM,48000,48000,100.00
20,1465,MAHABANK,EQ,13606862,4249812,31.23
20,1466,MAHAPEXLTD,EQ,6998,4707,67.26
20,1467,MAHEPC,EQ,48614,26398,54.30
20,1468,MAHESHWARI,EQ,61881,43476,70.26
20,1469,MAHICKRA,SM,18000,16500,91.67
20,1470,MAHKTECH,EQ,761984,649441,85.23
20,1471,MAHLIFE,EQ,185525,99678,53.73
20,1472,MAHLOG,EQ,103057,49549,48.08
20,1473,MAHSCOOTER,EQ,2839,1405,49.49
20,1474,MAHSEAMLES,EQ,331296,163443,49.33
20,1475,MAITHANALL,EQ,61432,35156,57.23
20,1476,MAITREYA,ST,7600,6800,89.47
20,1477,MAKEINDIA,EQ,15441,9418,60.99
20,1478,MAKS,SM,3000,3000,100.00
20,1479,MAL,SM,17600,9600,54.55
20,1480,MALLCOM,EQ,4736,2437,51.46
20,1481,MALUPAPER,EQ,24246,16194,66.79
20,1482,MAMATA,EQ,881281,314493,35.69
20,1483,MANAKALUCO,EQ,32090,15819,49.30
20,1484,MANAKSIA,EQ,44715,30114,67.35
20,1485,MANAKSTEEL,EQ,37972,24344,64.11
20,1486,MANALIPETC,EQ,341411,176790,51.78
20,1487,MANAPPURAM,EQ,16739143,3721924,22.23
20,1488,MANBA,EQ,307943,95317,30.95
20,1489,MANCREDIT,EQ,42539,18406,43.27
20,1490,MANDEEP,SM,40000,34000,85.00
20,1491,MANGALAM,EQ,20370,11680,57.34
20,1492,MANGCHEFER,EQ,295243,179254,60.71
20,1493,MANGLMCEM,EQ,152849,90465,59.19
20,1494,MANINDS,EQ,303204,119700,39.48
20,1495,MANINFRA,EQ,1811172,549779,30.35
20,1496,MANKIND,EQ,410380,232686,56.70
20,1497,MANOMAY,EQ,11539,6510,56.42
20,1498,MANORAMA,EQ,40889,29006,70.94
20,1499,MANORG,EQ,4441,3582,80.66
20,1500,MANUGRAPH,EQ,16640,13487,81.05
20,1501,MANYAVAR,EQ,198924,143083,71.93
20,1502,MAPMYINDIA,EQ,93785,56673,60.43
20,1503,MARALOVER,EQ,107815,27220,25.25
20,1504,MARATHON,EQ,253229,145706,57.54
20,1505,MARCO,SM,28500,24000,84.21
20,1506,MARICO,EQ,3578086,1725756,48.23
20,1507,MARINETRAN,ST,4000,4000,100.00
20,1508,MARKSANS,EQ,1799554,895938,49.79
20,1509,MARUTI,EQ,218246,107782,49.39
20,1510,MASFIN,EQ,78634,43804,55.71
20,1511,MASON,ST,37000,37000,100.00
20,1512,MASPTOP50,EQ,48922,48808,99.77
20,1513,MASTEK,EQ,101946,37815,37.09
20,1514,MASTER,ST,4000,3500,87.50
20,1515,MASTERTR,EQ,21040,12223,58.09
20,1516,MATRIMONY,EQ,13229,6351,48.01
20,1517,MAWANASUG,EQ,94428,58803,62.27
20,1518,MAXESTATES,EQ,179844,97213,54.05
20,1519,MAXHEALTH,EQ,1033126,585135,56.64
20,1520,MAXIND,EQ,41581,23168,55.72
20,1521,MAXPOSURE,SM,23000,18000,78.26
20,1522,MAYURUNIQ,EQ,35901,20596,57.37
20,1523,MAZDA,EQ,651497,40314,6.19
20,1524,MAZDOCK,EQ,1622550,371332,22.89
20,1525,MBAPL,EQ,21730,14058,64.69
20,1526,MBLINFRA,EQ,120778,48520,40.17
20,1527,MCON,ST,1000,1000,100.00
20,1528,MCX,EQ,267025,125725,47.08
20,1529,MEDANTA,EQ,213795,136248,63.73
20,1530,MEDIASSIST,EQ,107294,49289,45.94
20,1531,MEDICAMEQ,EQ,18677,9405,50.36
20,1532,MEDICO,EQ,1761311,579737,32.92
20,1533,MEDIORG,ST,4000,4000,100.00
20,1534,MEDPLUS,EQ,118948,72155,60.66
20,1535,MEGASTAR,EQ,20273,11189,55.19
20,1536,MEGATHERM,SM,33200,19200,57.83
20,1537,MENONBE,EQ,25485,14525,56.99
20,1538,METAL,EQ,187404,166278,88.73
20,1539,METALIETF,EQ,2959716,1705347,57.62
20,1540,METROBRAND,EQ,146493,103804,70.86
20,1541,METROPOLIS,EQ,218941,97202,44.40
20,1542,MFSL,EQ,213365,124139,58.18
20,1543,MGEL,EQ,1377088,435278,31.61
20,1544,MGL,EQ,1858084,394252,21.22
20,1545,MHHL,SM,49500,39000,78.79
20,1546,MHRIL,EQ,71332,29662,41.58
20,1547,MICEL,EQ,403037,234318,58.14
20,1548,MICROPRO,SM,24000,22400,93.33
20,1549,MID150BEES,EQ,685934,477135,69.56
20,1550,MID150CASE,EQ,412755,319819,77.48
20,1551,MIDCAP,EQ,23096,13933,60.33
20,1552,MIDCAPETF,EQ,1678500,1181635,70.40
20,1553,MIDCAPIETF,EQ,1218029,484727,39.80
20,1554,MIDHANI,EQ,182739,69692,38.14
20,1555,MIDQ50ADD,EQ,4332,3384,78.12
20,1556,MIDSELIETF,EQ,455770,227996,50.02
20,1557,MIDSMALL,EQ,390857,240145,61.44
20,1558,MIEL,ST,14000,12000,85.71
20,1559,MILTON,SM,4400,4400,100.00
20,1560,MINDACORP,EQ,438759,191313,43.60
20,1561,MINDSPACE,RR,432592,420616,97.23
20,1562,MINDTECK,EQ,57663,31369,54.40
20,1563,MIRCELECTR,EQ,548978,325393,59.27
20,1564,MIRZAINT,EQ,130074,78708,60.51
20,1565,MITCON,EQ,9827,6878,69.99
20,1566,MITCONPP,E1,2048,1593,77.78
20,1567,MITTAL,EQ,6288397,2812346,44.72
20,1568,M&M,EQ,2341303,1432928,61.20
20,1569,M&MFIN,EQ,3317232,1717946,51.79
20,1570,MMFL,EQ,39647,18335,46.25
20,1571,MMP,EQ,18612,12913,69.38
20,1572,MMTC,EQ,3098559,769643,24.84
20,1573,MNC,EQ,40078,26549,66.24
20,1574,MOBIKWIK,EQ,12519650,822875,6.57
20,1575,MODEFENCE,EQ,477758,346784,72.59
20,1576,MODIRUBBER,EQ,2811,2687,95.59
20,1577,MODISONLTD,EQ,53494,30582,57.17
20,1578,MOGSEC,EQ,1388,1262,90.92
20,1579,MOHEALTH,EQ,301667,252341,83.65
20,1580,MOIL,EQ,6652177,1054038,15.85
20,1581,MOKSH,EQ,179612,128215,71.38
20,1582,MOL,EQ,1170414,385775,32.96
20,1583,MOLDTECH,EQ,57794,35401,61.25
20,1584,MOLDTKPAC,EQ,76810,54847,71.41
20,1585,MOLOWVOL,EQ,14008,12839,91.65
20,1586,MOM100,EQ,647408,434281,67.08
20,1587,MOM30IETF,EQ,1662401,1049432,63.13
20,1588,MOM50,EQ,7951,4697,59.07
20,1589,MOMENTUM,EQ,168317,133584,79.36
20,1590,MOMENTUM50,EQ,1026099,838743,81.74
20,1591,MOMOMENTUM,EQ,119177,108788,91.28
20,1592,MON100,EQ,654734,457127,69.82
20,1593,MONARCH,EQ,118623,58303,49.15
20,1594,MONIFTY500,EQ,367151,263779,71.84
20,1595,MONOPHARMA,SM,8000,6000,75.00
20,1596,MONQ50,EQ,115326,76464,66.30
20,1597,MONTECARLO,EQ,36550,18155,49.67
20,1598,MOQUALITY,EQ,1883,568,30.16
20,1599,MOREALTY,EQ,246082,185627,75.43
20,1600,MOREPENLAB,EQ,6043054,2065106,34.17
20,1601,MOS,ST,20800,20000,96.15
20,1602,MOSMALL250,EQ,1016112,920072,90.55
20,1603,MOTHERSON,EQ,14057069,8064316,57.37
20,1604,MOTILALOFS,EQ,1774395,655549,36.94
20,1605,MOTISONS,EQ,1806661,1005406,55.65
20,1606,MOTOGENFIN,EQ,18095,11165,61.70
20,1607,MOVALUE,EQ,119174,83659,70.20
20,1608,MPHASIS,EQ,1295966,864603,66.71
20,1609,MPSLTD,EQ,11822,6697,56.65
20,1610,MRF,EQ,5619,1820,32.39
20,1611,MRO-TEK,EQ,5651,3771,66.73
20,1612,MRPL,EQ,1831332,598708,32.69
20,1613,MSPL,EQ,935951,615539,65.77
20,1614,MSTCLTD,EQ,207651,66556,32.05
20,1615,MSUMI,EQ,10793766,8217399,76.13
20,1616,MTARTECH,EQ,113058,56069,49.59
20,1617,MTNL,EQ,2525178,887483,35.15
20,1618,MUFIN,EQ,153688,84888,55.23
20,1619,MUFTI,EQ,175856,95985,54.58
20,1620,MUKANDLTD,EQ,108590,80373,74.02
20,1621,MUKKA,EQ,468729,190837,40.71
20,1622,MUKTAARTS,EQ,41134,25541,62.09
20,1623,MULTICAP,EQ,333388,194130,58.23
20,1624,MUNJALAU,EQ,126625,57539,45.44
20,1625,MUNJALSHOW,EQ,44276,24849,56.12
20,1626,MURUDCERA,EQ,66976,35223,52.59
20,1627,MUTHOOTCAP,EQ,219696,44442,20.23
20,1628,MUTHOOTFIN,EQ,434479,269943,62.13
20,1629,MUTHOOTMF,EQ,152887,92859,60.74
20,1630,MVGJL,EQ,362007,139089,38.42
20,1631,MVKAGRO,SM,9600,8400,87.50
20,1632,MWL,SM,6000,3600,60.00
20,1633,MYMUDRA,SM,13200,7200,54.55
20,1634,NACLIND,EQ,1311971,486632,37.09
20,1635,NAGAFERT,EQ,834763,509572,61.04
20,1636,NAHARCAP,EQ,9963,4932,49.50
20,1637,NAHARINDUS,EQ,66758,33073,49.54
20,1638,NAHARPOLY,EQ,23968,14079,58.74
20,1639,NAHARSPING,EQ,71231,38790,54.46
20,1640,NAMAN,ST,5600,5600,100.00
20,1641,NAM-INDIA,EQ,1074873,584713,54.40
20,1642,NAMOEWASTE,ST,32000,28800,90.00
20,1643,NARMADA,EQ,177868,102754,57.77
20,1644,NATCOPHARM,EQ,587204,301527,51.35
20,1645,NATHBIOGEN,EQ,17432,10158,58.27
20,1646,NATIONALUM,EQ,14984187,5533889,36.93
20,1647,NAUKRI,EQ,408517,240800,58.94
20,1648,NAVA,EQ,117073,56011,47.84
20,1649,NAVINFLUOR,EQ,784351,177361,22.61
20,1650,NAVKARCORP,EQ,920762,355355,38.59
20,1651,NAVNETEDUL,EQ,113186,61502,54.34
20,1652,NAZARA,EQ,1201979,176661,14.70
20,1653,NBCC,EQ,8007873,3173790,39.63
20,1654,NCC,EQ,3423043,1534271,44.82
20,1655,NCLIND,EQ,74665,31807,42.60
20,1656,NDL,EQ,4224142,2778119,65.77
20,1657,NDLVENTURE,EQ,9600,4821,50.22
20,1658,NDRAUTO,EQ,73499,26474,36.02
20,1659,NDTV,EQ,87112,41806,47.99
20,1660,NECCLTD,EQ,1083759,247386,22.83
20,1661,NEELAM,ST,24000,24000,100.00
20,1662,NELCAST,EQ,47587,23822,50.06
20,1663,NELCO,EQ,103395,39540,38.24
20,1664,NEOGEN,EQ,45842,15278,33.33
20,1665,NEPHROCARE,ST,7600,7600,100.00
20,1666,NESCO,EQ,79144,32290,40.80
20,1667,NESTLEIND,EQ,809854,458987,56.68
20,1668,NETF,EQ,2186,1882,86.09
20,1669,NETWEB,EQ,221094,91750,41.50
20,1670,NETWORK18,EQ,5885374,2967661,50.42
20,1671,NEULANDLAB,EQ,29626,11846,39.99
20,1672,NEWGEN,EQ,340805,116977,34.32
20,1673,NEWJAISA,SM,43500,25500,58.62
20,1674,NEXT50,EQ,30884,19853,64.28
20,1675,NEXT50IETF,EQ,1849700,895444,48.41
20,1676,NFL,EQ,1786881,517021,28.93
20,1677,NGIL,EQ,91360,6262,6.85
20,1678,NGILPP1,E1,1355,1354,99.93
20,1679,NGLFINE,EQ,3428,2123,61.93
20,1680,NH,EQ,266928,113460,42.51
20,1681,NHIT,IV,200000,200000,100.00
20,1682,NHPC,EQ,17780157,6936209,39.01
20,1683,NIACL,EQ,709513,197655,27.86
20,1684,NIDAN,SM,8000,7000,87.50
20,1685,NIDOZC26,N7,95,95,100.00
20,1686,NIF100BEES,EQ,42720,23817,55.75
20,1687,NIF100IETF,EQ,160471,71411,44.50
20,1688,NIF10GETF,EQ,4,3,75.00
20,1689,NIF5GETF,EQ,57,57,100.00
20,1690,NIFITETF,EQ,4282,4176,97.52
20,1691,NIFMID150,EQ,3651,2875,78.75
20,1692,NIFTY1,EQ,70864,42699,60.25
20,1693,NIFTY50ADD,EQ,11199,8368,74.72
20,1694,NIFTYBEES,EQ,4496919,2943953,65.47
20,1695,NIFTYBETF,EQ,3671,2471,67.31
20,1696,NIFTYETF,EQ,107574,64352,59.82
20,1697,NIFTYIETF,EQ,481029,255699,53.16
20,1698,NIFTYQLITY,EQ,50808,36072,71.00
20,1699,NIITLTD,EQ,1135796,375704,33.08
20,1700,NIITMTS,EQ,113999,86759,76.11
20,1701,NILAINFRA,EQ,1500588,721669,48.09
20,1702,NILKAMAL,EQ,3281,2322,70.77
20,1703,NINSYS,EQ,8772,4805,54.78
20,1704,NIPPOBATRY,EQ,3378,2145,63.50
20,1705,NIRMAN,ST,60000,49200,82.00
20,1706,NITINSPIN,EQ,114274,57139,50.00
20,1707,NITIRAJ,EQ,5289,4511,85.29
20,1708,NIVABUPA,EQ,1021599,398935,39.05
20,1709,NLCINDIA,EQ,1540203,440602,28.61
20,1710,NMDC,EQ,16248992,7056112,43.42
20,1711,NMSTEEL,SM,126400,67200,53.16
20,1712,NOCIL,EQ,365990,201827,55.15
20,1713,NORTHARC,EQ,285635,169390,59.30
20,1714,NOVAAGRI,EQ,249627,112929,45.24
20,1715,NPBET,EQ,1206,1205,99.92
20,1716,NPST,SM,16750,11300,67.46
20,1717,NRAIL,EQ,5270,2584,49.03
20,1718,NRBBEARING,EQ,121931,54294,44.53
20,1719,NSIL,EQ,22061,9277,42.05
20,1720,NSLNISP,EQ,3887431,1530239,39.36
20,1721,NTPC,EQ,15941143,10607390,66.54
20,1722,NTPCGREEN,EQ,18669068,9294256,49.78
20,1723,NUCLEUS,EQ,14605,6988,47.85
20,1724,NURECA,EQ,1550568,323119,20.84
20,1725,NUVAMA,EQ,167537,108361,64.68
20,1726,NUVOCO,EQ,404651,331029,81.81
20,1727,NV20,EQ,22608,14561,64.41
20,1728,NV20BEES,EQ,50314,40067,79.63
20,1729,NV20IETF,EQ,958793,717077,74.79
20,1730,NXST,RR,511352,446239,87.27
20,1731,NYKAA,EQ,3475881,1410058,40.57
20,1732,OAL,EQ,34672,15753,45.43
20,1733,OBCL,EQ,21572,15598,72.31
20,1734,OBEROIRLTY,EQ,716902,360211,50.25
20,1735,OBSCP,ST,8400,8400,100.00
20,1736,OCCL,EQ,24949,13046,52.29
20,1737,OCCLLTD,EQ,297065,154069,51.86
20,1738,OFSS,EQ,96024,28399,29.57
20,1739,OIL,EQ,3609946,1030813,28.55
20,1740,OILIETF,EQ,950455,502934,52.92
20,1741,OLAELEC,EQ,38606186,8728384,22.61
20,1742,OLECTRA,EQ,365478,174030,47.62
20,1743,OLIL,SM,19200,19200,100.00
20,1744,OMAXAUTO,EQ,14949,8172,54.67
20,1745,OMAXE,EQ,269711,171821,63.71
20,1746,OMFURN,ST,81600,81600,100.00
20,1747,OMINFRAL,EQ,143979,72630,50.44
20,1748,ONDOOR,ST,5100,5100,100.00
20,1749,ONELIFECAP,EQ,14632,10566,72.21
20,1750,ONEPOINT,EQ,1110234,514633,46.35
20,1751,ONGC,EQ,13053552,3478780,26.65
20,1752,ONMOBILE,EQ,880151,160564,18.24
20,1753,ONWARDTEC,EQ,24287,14055,57.87
20,1754,ONYX,ST,112000,98000,87.50
20,1755,OPTIEMUS,EQ,191110,106117,55.53
20,1756,ORCHPHARMA,EQ,63383,30568,48.23
20,1757,ORIANA,SM,97125,52500,54.05
20,1758,ORICONENT,EQ,866769,499359,57.61
20,1759,ORIENTALTL,EQ,238374,92468,38.79
20,1760,ORIENTBELL,EQ,8767,6598,75.26
20,1761,ORIENTCEM,EQ,429876,300197,69.83
20,1762,ORIENTCER,EQ,78114,30157,38.61
20,1763,ORIENTELEC,EQ,149571,69131,46.22
20,1764,ORIENTHOT,EQ,189606,82009,43.25
20,1765,ORIENTPPR,EQ,1143022,512744,44.86
20,1766,ORIENTTECH,EQ,1507544,349419,23.18
20,1767,ORISSAMINE,EQ,6436,3075,47.78
20,1768,ORTINGLOBE,EQ,10168,8419,82.80
20,1769,OSELDEVICE,ST,72800,61600,84.62
20,1770,OSWALAGRO,EQ,34836,27413,78.69
20,1771,OSWALGREEN,EQ,560666,155049,27.65
20,1772,OWAIS,SM,16300,11500,70.55
20,1773,PAGEIND,EQ,12810,5403,42.18
20,1774,PAISALO,EQ,1054694,477116,45.24
20,1775,PAKKA,EQ,102875,49004,47.63
20,1776,PALASHSECU,EQ,12615,6350,50.34
20,1777,PANACEABIO,EQ,153852,74927,48.70
20,1778,PANAMAPET,EQ,51950,32286,62.15
20,1779,PANSARI,EQ,1531,325,21.23
20,1780,PAR,EQ,51704,24095,46.60
20,1781,PARACABLES,EQ,2244763,902909,40.22
20,1782,PARADEEP,EQ,4881717,1560335,31.96
20,1783,PARAGMILK,EQ,614779,394997,64.25
20,1784,PARAGON,ST,18000,15600,86.67
20,1785,PARAMATRIX,SM,62400,50400,80.77
20,1786,PARAMOUNT,SM,3600,3600,100.00
20,1787,PARAS,EQ,205473,70155,34.14
20,1788,PARASPETRO,EQ,267169,197818,74.04
20,1789,PARIN,ST,5500,5500,100.00
20,1790,PARKHOTELS,EQ,934895,443943,47.49
20,1791,PARTYCRUS,SM,7000,7000,100.00
20,1792,PASHUPATI,ST,29400,29400,100.00
20,1793,PATANJALI,EQ,646918,243161,37.59
20,1794,PATELENG,EQ,4981056,2231174,44.79
20,1795,PATINTLOG,EQ,246593,94589,38.36
20,1796,PAYTM,EQ,12081084,4182498,34.62
20,1797,PCBL,EQ,3756255,1503901,40.04
20,1798,PCCL,SM,40400,30400,75.25
20,1799,PCJEWELLER,EQ,13155364,8018001,60.95
20,1800,PDMJEPAPER,EQ,458343,185973,40.58
20,1801,PDSL,EQ,85805,49055,57.17
20,1802,PEARLPOLY,EQ,30290,17752,58.61
20,1803,PEL,EQ,810525,358675,44.25
20,1804,PELATRO,ST,600,600,100.00
20,1805,PENIND,EQ,1034185,442692,42.81
20,1806,PENINLAND,EQ,527047,264055,50.10
20,1807,PENTAGON,SM,10000,6000,60.00
20,1808,PERFECT,ST,27000,24000,88.89
20,1809,PERSISTENT,EQ,705635,315856,44.76
20,1810,PETRONET,EQ,1683179,822568,48.87
20,1811,PFC,EQ,9418630,3722403,39.52
20,1812,PFIZER,EQ,12922,5074,39.27
20,1813,PFOCUS,EQ,41755,24744,59.26
20,1814,PFS,EQ,1567832,894866,57.08
20,1815,PGEL,EQ,1823919,963970,52.85
20,1816,PGHH,EQ,2319,762,32.86
20,1817,PGHL,EQ,14522,7153,49.26
20,1818,PGIL,EQ,107595,49033,45.57
20,1819,PGINVIT,IV,1632124,1400091,85.78
20,1820,PHANTOMFX,ST,14700,13800,93.88
20,1821,PHARMABEES,EQ,5774160,3591102,62.19
20,1822,PHOENIXLTD,EQ,1363536,587688,43.10
20,1823,PHOGLOBAL,ST,38000,38000,100.00
20,1824,PIDILITIND,EQ,195673,125662,64.22
20,1825,PIIND,EQ,315893,180412,57.11
20,1826,PILANIINVS,EQ,4782,2580,53.95
20,1827,PILITA,EQ,86825,61298,70.60
20,1828,PITTIENG,EQ,108311,44765,41.33
20,1829,PIXTRANS,EQ,36880,17641,47.83
20,1830,PLASTIBLEN,EQ,6031,3701,61.37
20,1831,PLATIND,EQ,446113,225143,50.47
20,1832,PLAZACABLE,EQ,47068,29139,61.91
20,1833,PNB,EQ,32253243,10974754,34.03
20,1834,PNBGILTS,EQ,382976,207525,54.19
20,1835,PNBHOUSING,EQ,1138903,529843,46.52
20,1836,PNC,EQ,63785,28273,44.33
20,1837,PNCINFRA,EQ,457959,173868,37.97
20,1838,PNGJL,EQ,502811,240205,47.77
20,1839,POCL,EQ,87569,66836,76.32
20,1840,PODDARMENT,EQ,2258,1439,63.73
20,1841,POKARNA,EQ,173635,55844,32.16
20,1842,POLICYBZR,EQ,1279770,659556,51.54
20,1843,POLYCAB,EQ,177818,54465,30.63
20,1844,POLYMED,EQ,79456,38389,48.31
20,1845,POLYPLEX,EQ,217256,72566,33.40
20,1846,PONNIERODE,EQ,23946,14605,60.99
20,1847,POONAWALLA,EQ,1790508,723242,40.39
20,1848,POSITRON,ST,13800,13500,97.83
20,1849,POWERGRID,EQ,6540783,3551048,54.29
20,1850,POWERINDIA,EQ,42080,13076,31.07
20,1851,POWERMECH,EQ,74747,30316,40.56
20,1852,PPAP,EQ,14538,7522,51.74
20,1853,PPL,EQ,128203,58935,45.97
20,1854,PPLPHARMA,EQ,10003146,4863683,48.62
20,1855,PPSL,SM,141000,99000,70.21
20,1856,PRAENG,EQ,57633,40558,70.37
20,1857,PRAJIND,EQ,839624,347525,41.39
20,1858,PRAKASH,EQ,924587,513389,55.53
20,1859,PRAKASHSTL,EQ,463545,235946,50.90
20,1860,PRAMARA,SM,3000,2000,66.67
20,1861,PRANIK,SM,59200,40000,67.57
20,1862,PRATHAM,ST,22400,22400,100.00
20,1863,PRECAM,EQ,319089,144497,45.28
20,1864,PRECISION,ST,36000,34000,94.44
20,1865,PRECWIRE,EQ,468390,193934,41.40
20,1866,PREMEXPLN,EQ,127928,52736,41.22
20,1867,PREMIERENE,EQ,2187068,664426,30.38
20,1868,PRESSTONIC,ST,6400,6400,100.00
20,1869,PRESTIGE,EQ,557750,230237,41.28
20,1870,PRICOLLTD,EQ,475451,236533,49.75
20,1871,PRIMESECU,EQ,183971,130479,70.92
20,1872,PRINCEPIPE,EQ,125772,51729,41.13
20,1873,PRITI,EQ,47766,31214,65.35
20,1874,PRITIKA,ST,1000,1000,100.00
20,1875,PRITIKAUTO,EQ,210001,117365,55.89
20,1876,PRIVISCL,EQ,30004,17173,57.24
20,1877,PRIZOR,ST,24000,24000,100.00
20,1878,PRLIND,SM,181000,118000,65.19
20,1879,PROLIFE,SM,2000,2000,100.00
20,1880,PROPEQUITY,SM,2400,1200,50.00
20,1881,PROV,SM,1120,1040,92.86
20,1882,PRSMJOHNSN,EQ,205995,89455,43.43
20,1883,PRUDENT,EQ,28627,17453,60.97
20,1884,PSB,EQ,552510,237165,42.93
20,1885,PSFL,SM,20000,14000,70.00
20,1886,PSPPROJECT,EQ,62676,38021,60.66
20,1887,PSUBANK,EQ,19068,12574,65.94
20,1888,PSUBANKADD,EQ,97857,78170,79.88
20,1889,PSUBNKBEES,EQ,2997790,1838706,61.34
20,1890,PSUBNKIETF,EQ,451385,218508,48.41
20,1891,PTC,EQ,1932885,894899,46.30
20,1892,PTCIL,EQ,31317,11860,37.87
20,1893,PTL,EQ,52798,29310,55.51
20,1894,PULZ,ST,10000,10000,100.00
20,1895,PUNJABCHEM,EQ,2737,1271,46.44
20,1896,PURPLEUTED,SM,27000,22000,81.48
20,1897,PURVA,EQ,65483,23284,35.56
20,1898,PURVFLEXI,SM,14400,12800,88.89
20,1899,PVP,EQ,329678,172937,52.46
20,1900,PVRINOX,EQ,753420,244624,32.47
20,1901,PVSL,EQ,79788,55263,69.26
20,1902,PVTBANIETF,EQ,3742426,2106881,56.30
20,1903,PVTBANKADD,EQ,75088,66367,88.39
20,1904,PYRAMID,EQ,59386,27931,47.03
20,1905,QGOLDHALF,EQ,23270,21416,92.03
20,1906,QMSMEDI,SM,7000,7000,100.00
20,1907,QNIFTY,EQ,1546,700,45.28
20,1908,QUADPRO,SM,24000,24000,100.00
20,1909,QUAL30IETF,EQ,266347,69989,26.28
20,1910,QUESS,EQ,282699,108702,38.45
20,1911,QUESTLAB,ST,22800,19200,84.21
20,1912,QUICKHEAL,EQ,310253,225112,72.56
20,1913,QUICKTOUCH,ST,6000,5000,83.33
20,1914,QVCEL,ST,22400,22400,100.00
20,1915,RACE,EQ,6491,4147,63.89
20,1916,RACLGEAR,EQ,5590,4086,73.09
20,1917,RADHIKAJWE,EQ,221481,118804,53.64
20,1918,RADIANTCMS,EQ,230021,195605,85.04
20,1919,RADICO,EQ,157884,79839,50.57
20,1920,RADIOCITY,EQ,126089,85639,67.92
20,1921,RADIOCITY,P1,328,320,97.56
20,1922,RAILTEL,EQ,1449461,463545,31.98
20,1923,RAIN,EQ,1838453,851225,46.30
20,1924,RAINBOW,EQ,114872,52209,45.45
20,1925,RAJESHEXPO,EQ,325534,120189,36.92
20,1926,RAJINDLTD,SM,25500,16500,64.71
20,1927,RAJMET,EQ,999018,593057,59.36
20,1928,RAJPUTANA,SM,22000,15000,68.18
20,1929,RAJRATAN,EQ,54145,33977,62.75
20,1930,RAJSREESUG,EQ,60437,37460,61.98
20,1931,RALLIS,EQ,281736,142777,50.68
20,1932,RAMANEWS,EQ,68615,41687,60.75
20,1933,RAMAPHO,EQ,92937,41171,44.30
20,1934,RAMASTEEL,EQ,8191455,2966916,36.22
20,1935,RAMCOCEM,EQ,429514,213249,49.65
20,1936,RAMCOIND,EQ,171245,64702,37.78
20,1937,RAMCOSYS,EQ,83310,41839,50.22
20,1938,RAMKY,EQ,37054,16458,44.42
20,1939,RAMRAT,EQ,18795,10088,53.67
20,1940,RANASUG,EQ,438252,234385,53.48
20,1941,RANEENGINE,EQ,4967,3142,63.26
20,1942,RANEHOLDIN,EQ,13311,6084,45.71
20,1943,RAPPID,ST,48000,46200,96.25
20,1944,RATEGAIN,EQ,152819,106093,69.42
20,1945,RATNAMANI,EQ,8872,3552,40.04
20,1946,RATNAVEER,EQ,216839,113898,52.53
20,1947,RAYMOND,EQ,224222,73781,32.91
20,1948,RAYMONDLSL,EQ,66225,41297,62.36
20,1949,RBA,EQ,1440452,829095,57.56
20,1950,RBL,EQ,4147,2341,56.45
20,1951,RBLBANK,EQ,6723542,1839896,27.36
20,1952,RBMINFRA,ST,45000,38800,86.22
20,1953,RBS,ST,19200,19200,100.00
20,1954,RBZJEWEL,EQ,416537,189068,45.39
20,1955,RCDL,SM,18000,9000,50.00
20,1956,RCF,EQ,2599535,674217,25.94
20,1957,RECLTD,EQ,14067540,5643348,40.12
20,1958,REDINGTON,EQ,2245115,1024821,45.65
20,1959,REDTAPE,EQ,146935,87206,59.35
20,1960,REFEX,EQ,227504,113202,49.76
20,1961,REFRACTORY,ST,11000,10000,90.91
20,1962,RELAXO,EQ,53124,24101,45.37
20,1963,RELCHEMQ,EQ,3150,1187,37.68
20,1964,RELIABLE,EQ,4615,3335,72.26
20,1965,RELIANCE,EQ,8120332,5157757,63.52
20,1966,RELIGARE,EQ,2629447,1353042,51.46
20,1967,RELINFRA,EQ,3438608,1626611,47.30
20,1968,RELTD,EQ,152348,74717,49.04
20,1969,REMSONSIND,EQ,34080,20406,59.88
20,1970,REMUS,SM,1600,1000,62.50
20,1971,RENUKA,EQ,4455116,1525332,34.24
20,1972,REPCOHOME,EQ,150635,74779,49.64
20,1973,REPRO,EQ,18253,10127,55.48
20,1974,RESPONIND,EQ,212323,81820,38.54
20,1975,RETAIL,EQ,9208,4253,46.19
20,1976,REXPIPES,SM,4000,4000,100.00
20,1977,RGL,EQ,2059742,963312,46.77
20,1978,RHIM,EQ,208575,92367,44.28
20,1979,RICHA,SM,12000,12000,100.00
20,1980,RICOAUTO,EQ,622275,276682,44.46
20,1981,RIIL,EQ,211961,69821,32.94
20,1982,RILINFRA,ST,135800,122100,89.91
20,1983,RISHABH,EQ,32404,20721,63.95
20,1984,RITCO,EQ,43730,17754,40.60
20,1985,RITES,EQ,1070707,369654,34.52
20,1986,RKEC,EQ,71064,42960,60.45
20,1987,RKFORGE,EQ,19290089,769337,3.99
20,1988,RKSWAMY,EQ,50714,28806,56.80
20,1989,RMDRIP,ST,2500,2500,100.00
20,1990,RML,EQ,7487,4646,62.05
20,1991,RNFI,ST,172800,158400,91.67
20,1992,ROCKINGDCE,SM,43500,26500,60.92
20,1993,ROHLTD,EQ,60904,29709,48.78
20,1994,ROLEXRINGS,EQ,11176,4711,42.15
20,1995,ROML,EQ,14715,11264,76.55
20,1996,ROSSARI,EQ,96684,36900,38.17
20,1997,ROSSTECH,EQ,18504,11358,61.38
20,1998,ROTO,EQ,136275,74272,54.50
20,1999,ROUTE,EQ,74616,29820,39.96
20,2000,ROXHITECH,SM,56000,41600,74.29
20,2001,RPEL,EQ,46501,19870,42.73
20,2002,RPGLIFE,EQ,9734,4819,49.51
20,2003,RPOWER,EQ,37685704,18573992,49.29
20,2004,RPPL,EQ,56469,35236,62.40
20,2005,RPSGVENT,EQ,94076,32353,34.39
20,2006,RPTECH,EQ,224897,117556,52.27
20,2007,RRKABEL,EQ,71554,37896,52.96
20,2008,RSWM,EQ,39965,23758,59.45
20,2009,RSYSTEMS,EQ,94712,59934,63.28
20,2010,RTNINDIA,EQ,2552069,1074991,42.12
20,2011,RTNPOWER,EQ,16544811,8950424,54.10
20,2012,RUBFILA,EQ,37126,22219,59.85
20,2013,RUBYMILLS,EQ,29414,14194,48.26
20,2014,RUCHINFRA,EQ,178171,135538,76.07
20,2015,RUCHIRA,EQ,42521,18448,43.39
20,2016,RULKA,SM,21300,11100,52.11
20,2017,RUPA,EQ,118118,60581,51.29
20,2018,RUSHIL,EQ,327827,161612,49.30
20,2019,RUSTOMJEE,EQ,36921,23417,63.42
20,2020,RVNL,EQ,4129451,1505469,36.46
20,2021,SAAKSHI,SM,17400,12600,72.41
20,2022,SABAR,ST,5000,5000,100.00
20,2023,SADBHAV,EQ,705223,317036,44.96
20,2024,SADBHIN,EQ,340309,211279,62.08
20,2025,SADHAV,SM,25200,15600,61.90
20,2026,SADHNANIQ,EQ,689572,486058,70.49
20,2027,SAFARI,EQ,44220,33637,76.07
20,2028,SAGARDEEP,EQ,9720,4832,49.71
20,2029,SAGCEM,EQ,25268,13594,53.80
20,2030,SAHAJSOLAR,ST,26200,23200,88.55
20,2031,SAHANA,ST,14125,14000,99.12
20,2032,SAHASRA,SM,91600,63200,69.00
20,2033,SAHYADRI,EQ,4814,3639,75.59
20,2034,SAIFL,SM,20800,18400,88.46
20,2035,SAIL,EQ,18718493,5073509,27.10
20,2036,SAILIFE,EQ,687304,329200,47.90
20,2037,SAJHOTELS,SM,4000,4000,100.00
20,2038,SAKAR,EQ,15297,9604,62.78
20,2039,SAKHTISUG,EQ,177428,106416,59.98
20,2040,SAKSOFT,EQ,166674,83821,50.29
20,2041,SALASAR,EQ,8477248,3521346,41.54
20,2042,SALONA,EQ,19011,4689,24.66
20,2043,SALSTEEL,EQ,53383,32923,61.67
20,2044,SALZERELEC,EQ,160019,82385,51.48
20,2045,SAMHI,EQ,2464456,1313821,53.31
20,2046,SAMMAANCAP,EQ,5374255,2758753,51.33
20,2047,SANATHAN,EQ,420457,231821,55.14
20,2048,SANDESH,EQ,654,517,79.05
20,2049,SANDHAR,EQ,81895,36659,44.76
20,2050,SANDUMA,EQ,133447,77620,58.17
20,2051,SANGAMIND,EQ,18826,9306,49.43
20,2052,SANGANI,ST,6000,3000,50.00
20,2053,SANGHIIND,EQ,506714,235647,46.50
20,2054,SANGHVIMOV,EQ,599193,306770,51.20
20,2055,SANGINITA,EQ,57493,31037,53.98
20,2056,SANOFI,EQ,8168,5671,69.43
20,2057,SANOFICONR,EQ,2386,1467,61.48
20,2058,SANSERA,EQ,71542,36841,51.50
20,2059,SANSTAR,EQ,415106,204704,49.31
20,2060,SAPPHIRE,EQ,215196,55390,25.74
20,2061,SARDAEN,EQ,325200,146375,45.01
20,2062,SAREGAMA,EQ,1267280,165921,13.09
20,2063,SARTELE,SM,150500,76000,50.50
20,2064,SARVESHWAR,EQ,4574838,2199475,48.08
20,2065,SASKEN,EQ,12875,8588,66.70
20,2066,SASTASUNDR,EQ,56238,37113,65.99
20,2067,SATECH,ST,52000,44000,84.62
20,2068,SATIA,EQ,204026,117368,57.53
20,2069,SATIN,EQ,188649,91655,48.58
20,2070,SATINDLTD,EQ,243680,134264,55.10
20,2071,SATIPOLY,SM,500,500,100.00
20,2072,SAURASHCEM,EQ,113632,62245,54.78
20,2073,SBC,EQ,2190583,966596,44.13
20,2074,SBCL,EQ,95153,60035,63.09
20,2075,SBFC,EQ,1800695,719482,39.96
20,2076,SBGLP,EQ,180102,82220,45.65
20,2077,SBICARD,EQ,1156720,535393,46.29
20,2078,SBIETFCON,EQ,8815,3198,36.28
20,2079,SBIETFIT,EQ,8723,6099,69.92
20,2080,SBIETFPB,EQ,18183,17052,93.78
20,2081,SBIETFQLTY,EQ,2434,1656,68.04
20,2082,SBILIFE,EQ,1124758,684160,60.83
20,2083,SBIN,EQ,11779296,5262715,44.68
20,2084,SBINEQWETF,EQ,19918,15966,80.16
20,2085,SBISILVER,EQ,102026,77713,76.17
20,2086,SCHAEFFLER,EQ,33150,16741,50.50
20,2087,SCHAND,EQ,39012,20225,51.84
20,2088,SCHNEIDER,EQ,152670,65098,42.64
20,2089,SCI,EQ,1440228,563181,39.10
20,2090,SCILAL,EQ,598339,275227,46.00
20,2091,SCLZC26,NB,13,13,100.00
20,2092,SCLZC26B,AY,20,20,100.00
20,2093,SCLZC26E,NP,200,100,50.00
20,2094,SCML,SM,4000,4000,100.00
20,2095,SDBL,EQ,838541,334112,39.84
20,2096,SDL26BEES,EQ,747,162,21.69
20,2097,SDREAMS,SM,6000,5000,83.33
20,2098,SEAMECLTD,EQ,18463,8156,44.17
20,2099,SECMARK,EQ,849,622,73.26
20,2100,SECURKLOUD,EQ,13771,9003,65.38
20,2101,SEL,ST,6800,6200,91.18
20,2102,SELAN,EQ,28347,15301,53.98
20,2103,SELMC,EQ,32003,27292,85.28
20,2104,SENCO,EQ,580944,289210,49.78
20,2105,SENORES,EQ,684025,248544,36.34
20,2106,SENSEXADD,EQ,3349,3110,92.86
20,2107,SENSEXETF,EQ,11460,9389,81.93
20,2108,SENSEXIETF,EQ,13294,4907,36.91
20,2109,SEPC,EQ,8739245,3101472,35.49
20,2110,SEQUENT,EQ,451054,239971,53.20
20,2111,SERVICE,SM,10000,6000,60.00
20,2112,SERVOTECH,EQ,1244389,600967,48.29
20,2113,SESHAPAPER,EQ,29410,15528,52.80
20,2114,SETF10GILT,EQ,19954,14482,72.58
20,2115,SETFGOLD,EQ,2272900,1834622,80.72
20,2116,SETFNIF50,EQ,776323,695038,89.53
20,2117,SETFNIFBK,EQ,150081,114591,76.35
20,2118,SETFNN50,EQ,70375,60361,85.77
20,2119,SFIL25,NS,5,5,100.00
20,2120,SFL,EQ,110253,47512,43.09
20,2121,SFML,SM,81600,54400,66.67
20,2122,SGBAPR28I,GB,238,196,82.35
20,2123,SGBAUG27,GB,22,15,68.18
20,2124,SGBAUG28V,GB,1309,1189,90.83
20,2125,SGBAUG29V,GB,295,177,60.00
20,2126,SGBAUG30,GB,273,187,68.50
20,2127,SGBD29VIII,GB,113,106,93.81
20,2128,SGBDC27VII,GB,27,27,100.00
20,2129,SGBDE30III,GB,110,86,78.18
20,2130,SGBDE31III,GB,1976,1737,87.90
20,2131,SGBFEB27,GB,16,12,75.00
20,2132,SGBFEB29XI,GB,13,12,92.31
20,2133,SGBFEB32IV,GB,1944,1314,67.59
20,2134,SGBJ28VIII,GB,6,6,100.00
20,2135,SGBJAN27,GB,16,16,100.00
20,2136,SGBJAN29IX,GB,295,208,70.51
20,2137,SGBJAN29X,GB,72,61,84.72
20,2138,SGBJAN30IX,GB,142,117,82.39
20,2139,SGBJU29III,GB,33,24,72.73
20,2140,SGBJUL25,GB,125,125,100.00
20,2141,SGBJUL27,GB,2,2,100.00
20,2142,SGBJUL28IV,GB,394,384,97.46
20,2143,SGBJUL29IV,GB,227,172,75.77
20,2144,SGBJUN27,GB,2,2,100.00
20,2145,SGBJUN28,GB,193,104,53.89
20,2146,SGBJUN29II,GB,109,103,94.50
20,2147,SGBJUN30,GB,70,69,98.57
20,2148,SGBJUN31I,GB,387,302,78.04
20,2149,SGBMAR25,GB,53,53,100.00
20,2150,SGBMAR28X,GB,8,8,100.00
20,2151,SGBMAR30X,GB,94,79,84.04
20,2152,SGBMAR31IV,GB,290,222,76.55
20,2153,SGBMAY25,GB,21,20,95.24
20,2154,SGBMAY26,GB,1,1,100.00
20,2155,SGBMAY28,GB,40,29,72.50
20,2156,SGBMAY29I,GB,529,480,90.74
20,2157,SGBMR29XII,GB,305,221,72.46
20,2158,SGBN28VIII,GB,355,345,97.18
20,2159,SGBNOV25,GB,1,1,100.00
20,2160,SGBNOV258,GB,30,30,100.00
20,2161,SGBNOV25VI,GB,4,4,100.00
20,2162,SGBNOV26,GB,4,4,100.00
20,2163,SGBNV29VII,GB,78,51,65.38
20,2164,SGBOC28VII,GB,96,62,64.58
20,2165,SGBOCT25IV,GB,3,3,100.00
20,2166,SGBOCT26,GB,1,1,100.00
20,2167,SGBOCT27,GB,55,55,100.00
20,2168,SGBOCT27VI,GB,5,4,80.00
20,2169,SGBSEP28VI,GB,1338,1221,91.26
20,2170,SGBSEP29VI,GB,236,180,76.27
20,2171,SGBSEP31II,GB,1432,1230,85.89
20,2172,SGL,EQ,35979,19870,55.23
20,2173,SHAH,EQ,2449624,1137603,46.44
20,2174,SHALBY,EQ,76497,39923,52.19
20,2175,SHALPAINTS,EQ,274923,151232,55.01
20,2176,SHANKARA,EQ,68668,38910,56.66
20,2177,SHANTI,EQ,213187,49751,23.34
20,2178,SHANTIGEAR,EQ,19742,12112,61.35
20,2179,SHARDACROP,EQ,197057,70785,35.92
20,2180,SHARDAMOTR,EQ,37256,13884,37.27
20,2181,SHAREINDIA,EQ,513678,205823,40.07
20,2182,SHARIABEES,EQ,4162,2651,63.70
20,2183,SHEETAL,SM,36000,22000,61.11
20,2184,SHEMAROO,EQ,22539,17016,75.50
20,2185,SHERA,SM,18000,14000,77.78
20,2186,SHIGAN,SM,3000,3000,100.00
20,2187,SHILPAMED,EQ,407406,156755,38.48
20,2188,SHIVALIK,EQ,40261,17150,42.60
20,2189,SHIVAMAUTO,EQ,162778,69692,42.81
20,2190,SHIVAMILLS,EQ,13861,5802,41.86
20,2191,SHIVATEX,EQ,21604,9756,45.16
20,2192,SHIVAUM,ST,60000,60000,100.00
20,2193,SHK,EQ,222060,94524,42.57
20,2194,SHOPERSTOP,EQ,72630,25506,35.12
20,2195,SHREDIGCEM,EQ,161411,94105,58.30
20,2196,SHREECEM,EQ,29569,15862,53.64
20,2197,SHREEKARNI,SM,55500,47400,85.41
20,2198,SHREEOSFM,SM,23000,17000,73.91
20,2199,SHREEPUSHK,EQ,65819,26243,39.87
20,2200,SHRENIK,EQ,958999,616039,64.24
20,2201,SHREYANIND,EQ,10243,7490,73.12
20,2202,SHRIPISTON,EQ,47327,27698,58.52
20,2203,SHRIRAMFIN,EQ,5999299,2426615,40.45
20,2204,SHRIRAMPPS,EQ,972460,424142,43.62
20,2205,SHRITECH,SM,58000,40000,68.97
20,2206,SHUBHLAXMI,ST,19000,19000,100.00
20,2207,SHUBHSHREE,ST,14400,14400,100.00
20,2208,SHYAMCENT,EQ,112623,60135,53.39
20,2209,SHYAMMETL,EQ,1188582,282147,23.74
20,2210,SIDDHIKA,SM,1000,1000,100.00
20,2211,SIEMENS,EQ,378323,191403,50.59
20,2212,SIGACHI,EQ,1520635,569011,37.42
20,2213,SIGIND,EQ,43115,26115,60.57
20,2214,SIGMA,EQ,25210,2846,11.29
20,2215,SIGNATURE,EQ,610460,72691,11.91
20,2216,SIGNORIA,SM,2000,2000,100.00
20,2217,SIKKO,EQ,46682,32221,69.02
20,2218,SIL,EQ,47640,28607,60.05
20,2219,SILGO,EQ,71389,25344,35.50
20,2220,SILKFLEX,ST,18000,18000,100.00
20,2221,SILLYMONKS,EQ,9312,5986,64.28
20,2222,SILVER,EQ,175959,112862,64.14
20,2223,SILVER1,EQ,96755,89900,92.92
20,2224,SILVERADD,EQ,20241,16983,83.90
20,2225,SILVERBEES,EQ,8610434,6466287,75.10
20,2226,SILVERETF,EQ,133980,102099,76.20
20,2227,SILVERIETF,EQ,1585440,1352857,85.33
20,2228,SILVERTUC,EQ,11641,1835,15.76
20,2229,SILVRETF,EQ,12406,11667,94.04
20,2230,SINCLAIR,EQ,101484,47651,46.95
20,2231,SINDHUTRAD,EQ,3121472,1116749,35.78
20,2232,SINTERCOM,EQ,12060,8856,73.43
20,2233,SIRCA,EQ,184796,117552,63.61
20,2234,SIS,EQ,17151,9612,56.04
20,2235,SIYSIL,EQ,298346,85162,28.54
20,2236,SJLOGISTIC,ST,28000,26750,95.54
20,2237,SJS,EQ,129701,71494,55.12
20,2238,SJVN,EQ,8282410,2615805,31.58
20,2239,SKFINDIA,EQ,13093,8195,62.59
20,2240,SKIPPER,EQ,808349,348602,43.13
20,2241,SKMEGGPROD,EQ,33825,17286,51.10
20,2242,SKP,SM,14500,11000,75.86
20,2243,SLONE,ST,8000,8000,100.00
20,2244,SMALLCAP,EQ,2558096,1582724,61.87
20,2245,SMCGLOBAL,EQ,169377,109229,64.49
20,2246,SMLISUZU,EQ,6268,3149,50.24
20,2247,SMLT,EQ,14961,8037,53.72
20,2248,SMSPHARMA,EQ,105999,41819,39.45
20,2249,SMVD,SM,4040,4040,100.00
20,2250,SNOWMAN,EQ,382832,160223,41.85
20,2251,SOBHA,EQ,329735,115743,35.10
20,2252,SOLARA,EQ,110209,55328,50.20
20,2253,SOLARAPP,E1,1398,1208,86.41
20,2254,SOLARINDS,EQ,53076,29049,54.73
20,2255,SOLEX,SM,19125,10875,56.86
20,2256,SOMANYCERA,EQ,10019,5258,52.48
20,2257,SOMICONVEY,EQ,35857,22764,63.49
20,2258,SONACOMS,EQ,1772445,914675,51.61
20,2259,SONAMAC,ST,13000,11000,84.62
20,2260,SONATSOFTW,EQ,349274,178184,51.02
20,2261,SONUINFRA,ST,117000,111000,94.87
20,2262,SOTL,EQ,97291,66946,68.81
20,2263,SOUTHBANK,EQ,20296932,12144301,59.83
20,2264,SOUTHWEST,EQ,103505,71523,69.10
20,2265,SPAL,EQ,27494,17806,64.76
20,2266,SPANDANA,EQ,3016790,881418,29.22
20,2267,SPARC,EQ,501859,192637,38.38
20,2268,SPCL,ST,55800,50400,90.32
20,2269,SPECIALITY,EQ,142560,82345,57.76
20,2270,SPECTRUM,SM,6750,5125,75.93
20,2271,SPECTSTM,ST,16800,16800,100.00
20,2272,SPENCERS,EQ,152218,46262,30.39
20,2273,SPIC,EQ,446149,199562,44.73
20,2274,SPLIL,EQ,36434,22257,61.09
20,2275,SPLPETRO,EQ,42173,20631,48.92
20,2276,SPORTKING,EQ,154277,72286,46.85
20,2277,SPPPOLY,ST,16000,16000,100.00
20,2278,SREEL,EQ,4679,2685,57.38
20,2279,SRF,EQ,2152573,542154,25.19
20,2280,SRGHFL,EQ,3271,2137,65.33
20,2281,SRHHYPOLTD,EQ,43227,15670,36.25
20,2282,SRIVASAVI,SM,20000,14000,70.00
20,2283,SSDL,EQ,59751,27571,46.14
20,2284,SSEGL,ST,27200,24200,88.97
20,2285,SSFL,ST,20000,16500,82.50
20,2286,SSWL,EQ,180848,84736,46.85
20,2287,STANLEY,EQ,82945,46378,55.91
20,2288,STAR,EQ,276114,155379,56.27
20,2289,STARCEMENT,EQ,669670,265255,39.61
20,2290,STARHEALTH,EQ,427443,248908,58.23
20,2291,STARPAPER,EQ,13565,6678,49.23
20,2292,STARTECK,EQ,10302,967,9.39
20,2293,STCINDIA,EQ,145219,53444,36.80
20,2294,STEELCAS,EQ,31766,16020,50.43
20,2295,STEELCITY,EQ,31902,17112,53.64
20,2296,STEELXIND,EQ,1132845,643178,56.78
20,2297,STEL,EQ,16202,5494,33.91
20,2298,STERTOOLS,EQ,155463,59588,38.33
20,2299,STLTECH,EQ,1590476,667151,41.95
20,2300,STOVEKRAFT,EQ,211876,41298,19.49
20,2301,STYLAMIND,EQ,29751,16401,55.13
20,2302,STYLEBAAZA,EQ,117170,47355,40.42
20,2303,STYRENIX,EQ,94008,49284,52.43
20,2304,SUBEXLTD,EQ,3575921,1675573,46.86
20,2305,SUBROS,EQ,80148,25068,31.28
20,2306,SUDARSCHEM,EQ,375770,303429,80.75
20,2307,SUKHJITS,EQ,6804,3418,50.24
20,2308,SULA,EQ,208671,102204,48.98
20,2309,SUMICHEM,EQ,662488,356278,53.78
20,2310,SUMMITSEC,EQ,19384,10495,54.14
20,2311,SUNCLAY,EQ,34019,24684,72.56
20,2312,SUNDARAM,EQ,1333169,941155,70.60
20,2313,SUNDARMFIN,EQ,1076052,146470,13.61
20,2314,SUNDARMHLD,EQ,106729,46707,43.76
20,2315,SUNDRMFAST,EQ,36989,19939,53.91
20,2316,SUNPHARMA,EQ,857827,426079,49.67
20,2317,SUNREST,SM,11200,1600,14.29
20,2318,SUNTECK,EQ,228573,119383,52.23
20,2319,SUNTV,EQ,513581,226610,44.12
20,2320,SUPERHOUSE,EQ,5525,2904,52.56
20,2321,SUPRAJIT,EQ,98992,54260,54.81
20,2322,SUPREMEIND,EQ,89914,40224,44.74
20,2323,SUPREMEPWR,ST,44000,39500,89.77
20,2324,SUPRIYA,EQ,374613,184065,49.13
20,2325,SURAJEST,EQ,77049,38659,50.17
20,2326,SURAKSHA,EQ,128287,60499,47.16
20,2327,SURANASOL,EQ,163105,93333,57.22
20,2328,SURANAT&P,EQ,243997,142210,58.28
20,2329,SURANI,ST,400,400,100.00
20,2330,SURYALAXMI,EQ,26172,12684,48.46
20,2331,SURYAROSNI,EQ,1128612,277366,24.58
20,2332,SURYODAY,EQ,204517,127858,62.52
20,2333,SUTLEJTEX,EQ,120863,54233,44.87
20,2334,SUVEN,EQ,412681,160238,38.83
20,2335,SUVENPHAR,EQ,194760,127356,65.39
20,2336,SUVIDHAA,EQ,1023280,497809,48.65
20,2337,SUYOG,EQ,44287,21537,48.63
20,2338,SUZLON,EQ,64397011,33252127,51.64
20,2339,SWANENERGY,EQ,2430855,665174,27.36
20,2340,SWARAJ,ST,19000,17500,92.11
20,2341,SWARAJENG,EQ,5774,3163,54.78
20,2342,SWASTIK,SM,88800,61200,68.92
20,2343,SWELECTES,EQ,30405,16778,55.18
20,2344,SWIGGY,EQ,5638811,2276262,40.37
20,2345,SWSOLAR,EQ,2788774,642655,23.04
20,2346,SYLVANPLY,SM,16000,10000,62.50
20,2347,SYMPHONY,EQ,110588,39721,35.92
20,2348,SYNCOMF,EQ,3053380,1900799,62.25
20,2349,SYNGENE,EQ,695283,238239,34.27
20,2350,SYNOPTICS,SM,29400,16200,55.10
20,2351,SYRMA,EQ,2400940,739755,30.81
20,2352,SYSTANGO,SM,23600,18000,76.27
20,2353,TAC,ST,5200,5200,100.00
20,2354,TAINWALCHM,EQ,3981,2388,59.98
20,2355,TAJGVK,EQ,417215,159914,38.33
20,2356,TAKE,EQ,96462,63505,65.83
20,2357,TALBROAUTO,EQ,130408,59472,45.60
20,2358,TANLA,EQ,760594,219083,28.80
20,2359,TAPIFRUIT,SM,750,750,100.00
20,2360,TARACHAND,EQ,299522,188021,62.77
20,2361,TARC,EQ,523089,219385,41.94
20,2362,TARMAT,EQ,33749,23102,68.45
20,2363,TARSONS,EQ,542294,522017,96.26
20,2364,TASTYBITE,EQ,1810,916,50.61
20,2365,TATACHEM,EQ,1867534,868167,46.49
20,2366,TATACOMM,EQ,370084,171061,46.22
20,2367,TATACONSUM,EQ,1443387,742331,51.43
20,2368,TATAELXSI,EQ,1431569,359208,25.09
20,2369,TATAGOLD,EQ,4631535,2574663,55.59
20,2370,TATAINVEST,EQ,43252,15559,35.97
20,2371,TATAMOTORS,EQ,11144005,2369387,21.26
20,2372,TATAPOWER,EQ,9579404,3838018,40.07
20,2373,TATASTEEL,EQ,34855510,16762199,48.09
20,2374,TATATECH,EQ,1850032,922182,49.85
20,2375,TATSILV,EQ,1092129,970959,88.91
20,2376,TATVA,EQ,16277,9101,55.91
20,2377,TBI,ST,18000,17400,96.67
20,2378,TBOTEK,EQ,173529,78817,45.42
20,2379,TBZ,EQ,577297,254097,44.01
20,2380,TCHF30,NB,202,151,74.75
20,2381,TCI,EQ,51736,26052,50.36
20,2382,TCIEXP,EQ,46301,27655,59.73
20,2383,TCL,SM,42400,36000,84.91
20,2384,TCLCONS,EQ,146421,84107,57.44
20,2385,TCPLPACK,EQ,7179,3906,54.41
20,2386,TCS,EQ,7894300,2978124,37.72
20,2387,TDPOWERSYS,EQ,512301,219891,42.92
20,2388,TEAMLEASE,EQ,12454,6677,53.61
20,2389,TECH,EQ,30414,17404,57.22
20,2390,TECHERA,ST,16000,16000,100.00
20,2391,TECHLABS,ST,73625,56375,76.57
20,2392,TECHM,EQ,2208899,621609,28.14
20,2393,TECHNOE,EQ,317879,125447,39.46
20,2394,TECILCHEM,EQ,7537,6512,86.40
20,2395,TEGA,EQ,48540,30086,61.98
20,2396,TEJASNET,EQ,620969,234727,37.80
20,2397,TEXINFRA,EQ,718888,261626,36.39
20,2398,TEXMOPIPES,EQ,31945,17758,55.59
20,2399,TEXRAIL,EQ,1813287,688386,37.96
20,2400,TFCILTD,EQ,403497,171472,42.50
20,2401,TGBHOTELS,EQ,26001,15740,60.54
20,2402,TGL,ST,20200,16800,83.17
20,2403,THANGAMAYL,EQ,15878,8388,52.83
20,2404,THEINVEST,EQ,44967,40760,90.64
20,2405,THEJO,EQ,4498,3061,68.05
20,2406,THEMISMED,EQ,118070,57115,48.37
20,2407,THERMAX,EQ,152546,97767,64.09
20,2408,THOMASCOOK,EQ,542791,291940,53.78
20,2409,THYROCARE,EQ,86755,35901,41.38
20,2410,TI,EQ,1251335,454171,36.29
20,2411,TIIL,EQ,34812,27398,78.70
20,2412,TIINDIA,EQ,117121,65388,55.83
20,2413,TIMESCAN,SM,6000,6000,100.00
20,2414,TIMETECHNO,EQ,866572,378088,43.63
20,2415,TIMKEN,EQ,29799,14992,50.31
20,2416,TIPSMUSIC,EQ,292893,142351,48.60
20,2417,TIRUMALCHM,EQ,286912,128469,44.78
20,2418,TITAGARH,EQ,2236341,731820,32.72
20,2419,TITAN,EQ,570060,272314,47.77
20,2420,TMB,EQ,73860,39149,53.00
20,2421,TNIDETF,EQ,63238,46954,74.25
20,2422,TNPETRO,EQ,88855,57870,65.13
20,2423,TNPL,EQ,458701,223339,48.69
20,2424,TOKYOPLAST,EQ,5563,2809,50.49
20,2425,TOLINS,EQ,142125,64604,45.46
20,2426,TOP100CASE,EQ,1078747,973696,90.26
20,2427,TOP10ADD,EQ,37265,25871,69.42
20,2428,TORNTPHARM,EQ,142606,67630,47.42
20,2429,TORNTPOWER,EQ,521333,216381,41.51
20,2430,TOTAL,EQ,33599,7952,23.67
20,2431,TOUCHWOOD,EQ,1788,281,15.72
20,2432,TPLPLASTEH,EQ,183057,53112,29.01
20,2433,TRACXN,EQ,342790,226504,66.08
20,2434,TRANSRAILL,EQ,4661606,815793,17.50
20,2435,TRANSTEEL,ST,78000,74000,94.87
20,2436,TRANSWIND,ST,4000,4000,100.00
20,2437,TRANSWORLD,EQ,57749,33784,58.50
20,2438,TREJHARA,EQ,30853,17951,58.18
20,2439,TREL,EQ,326360,175483,53.77
20,2440,TRENT,EQ,768200,401917,52.32
20,2441,TRF,EQ,17421,10662,61.20
20,2442,TRIDENT,EQ,5937411,2123798,35.77
20,2443,TRIDHYA,SM,9000,9000,100.00
20,2444,TRIGYN,EQ,81152,46454,57.24
20,2445,TRITURBINE,EQ,603934,206011,34.11
20,2446,TRIVENI,EQ,561078,189566,33.79
20,2447,TROM,SM,25200,15600,61.90
20,2448,TRUST,SM,99600,60600,60.84
20,2449,TTKHLTCARE,EQ,5430,4458,82.10
20,2450,TTKPRESTIG,EQ,9567,4686,48.98
20,2451,TTML,EQ,4925593,1323686,26.87
20,2452,TUNWAL,SM,178000,104000,58.43
20,2453,TVSELECT,EQ,43868,15324,34.93
20,2454,TVSHLTD,EQ,7127,2919,40.96
20,2455,TVSMOTOR,EQ,638304,342238,53.62
20,2456,TVSSCS,EQ,346252,167779,48.46
20,2457,TVSSRICHAK,EQ,3446,1959,56.85
20,2458,TVTODAY,EQ,156815,65112,41.52
20,2459,UBL,EQ,123973,49468,39.90
20,2460,UCL,SM,8000,6000,75.00
20,2461,UCOBANK,EQ,3750249,1173094,31.28
20,2462,UDAICEMENT,EQ,397245,256529,64.58
20,2463,UDS,EQ,315393,157342,49.89
20,2464,UFLEX,EQ,61139,38736,63.36
20,2465,UFO,EQ,87946,44789,50.93
20,2466,UGARSUGAR,EQ,238436,104797,43.95
20,2467,UGROCAP,EQ,398809,269324,67.53
20,2468,UHTL,ST,40000,38000,95.00
20,2469,UJJIVANSFB,EQ,8928611,3775689,42.29
20,2470,ULTRACEMCO,EQ,228618,126647,55.40
20,2471,UMA,SM,40000,24000,60.00
20,2472,UMAEXPORTS,EQ,178000,151583,85.16
20,2473,UMESLTD,EQ,22754,16625,73.06
20,2474,UNICHEMLAB,EQ,27175,10089,37.13
20,2475,UNIDT,EQ,16539,9246,55.90
20,2476,UNIECOM,EQ,472629,216479,45.80
20,2477,UNIENTER,EQ,9234,4748,51.42
20,2478,UNIHEALTH,SM,7000,7000,100.00
20,2479,UNIINFO,EQ,11321,8481,74.91
20,2480,UNILEX,SM,3200,3200,100.00
20,2481,UNIMECH,EQ,653560,184387,28.21
20,2482,UNIONBANK,EQ,19105349,7967378,41.70
20,2483,UNIPARTS,EQ,91860,71748,78.11
20,2484,UNITDSPR,EQ,402378,223384,55.52
20,2485,UNITEDTEA,EQ,16288,9969,61.20
20,2486,UNIVASTU,EQ,30613,12283,40.12
20,2487,UNIVCABLES,EQ,132201,73051,55.26
20,2488,UNOMINDA,EQ,849726,415794,48.93
20,2489,UPL,EQ,1992839,666114,33.43
20,2490,UPLPP,E1,235796,151554,64.27
20,2491,URAVI,EQ,1211,1061,87.61
20,2492,URBAN,ST,13600,13200,97.06
20,2493,USASEEDS,SM,600,600,100.00
20,2494,USHAFIN,SM,12800,11200,87.50
20,2495,USHAMART,EQ,466865,219244,46.96
20,2496,USK,EQ,205208,106752,52.02
20,2497,UTIAMC,EQ,243965,135914,55.71
20,2498,UTIBANKETF,EQ,110183,103536,93.97
20,2499,UTINEXT50,EQ,182732,118021,64.59
20,2500,UTINIFTETF,EQ,17664,16995,96.21
20,2501,UTISENSETF,EQ,2167,1649,76.10
20,2502,UTISXN50,EQ,6159,4162,67.58
20,2503,UTKARSHBNK,EQ,2639060,1202413,45.56
20,2504,UTSSAV,ST,106200,102600,96.61
20,2505,UTTAMSUGAR,EQ,50772,22741,44.79
20,2506,UYFINCORP,EQ,185453,85924,46.33
20,2507,VADILALIND,EQ,11538,7659,66.38
20,2508,VAIBHAVGBL,EQ,1166786,463681,39.74
20,2509,VAKRANGEE,EQ,36456143,10775134,29.56
20,2510,VAL30IETF,EQ,237820,135011,56.77
20,2511,VALIANTLAB,EQ,60299,37357,61.95
20,2512,VALIANTORG,EQ,14452,7440,51.48
20,2513,VARDHACRLC,EQ,29828,18420,61.75
20,2514,VARROC,EQ,436563,141564,32.43
20,2515,VASCONEQ,EQ,465020,228786,49.20
20,2516,VASWANI,EQ,68383,33341,48.76
20,2517,VBL,EQ,3654621,2224029,60.86
20,2518,VDEAL,SM,6000,6000,100.00
20,2519,VEDL,EQ,6250604,2450568,39.21
20,2520,VEEDOL,EQ,12165,6509,53.51
20,2521,VELS,SM,1200,1200,100.00
20,2522,VENKEYS,EQ,36264,23273,64.18
20,2523,VENTIVE,EQ,658346,381299,57.92
20,2524,VENUSPIPES,EQ,62801,32785,52.20
20,2525,VENUSREM,EQ,20464,9835,48.06
20,2526,VERANDA,EQ,88892,51923,58.41
20,2527,VERTOZ,EQ,1521516,816428,53.66
20,2528,VESUVIUS,EQ,24211,13875,57.31
20,2529,VGUARD,EQ,234712,89710,38.22
20,2530,VHL,EQ,4771,2624,55.00
20,2531,VIAZ,SM,62000,58000,93.55
20,2532,VIDHIING,EQ,48327,27369,56.63
20,2533,VIESL,SM,61600,38400,62.34
20,2534,VIJAYA,EQ,650974,139752,21.47
20,2535,VIKASECO,EQ,3973530,2557275,64.36
20,2536,VIKASLIFE,EQ,4335992,2321956,53.55
20,2537,VILAS,ST,26000,22500,86.54
20,2538,VILINBIO,SM,28000,20000,71.43
20,2539,VIMTALABS,EQ,48519,20701,42.67
20,2540,VINATIORGA,EQ,41578,16109,38.74
20,2541,VINCOFE,EQ,849544,700507,82.46
20,2542,VINDHYATEL,EQ,16330,8355,51.16
20,2543,VINEETLAB,EQ,41161,18953,46.05
20,2544,VINSYS,SM,53500,48000,89.72
20,2545,VINYAS,ST,6200,6200,100.00
20,2546,VINYLINDIA,EQ,16380,8883,54.23
20,2547,VIPCLOTHNG,EQ,151161,67577,44.71
20,2548,VIPIND,EQ,241896,107790,44.56
20,2549,VIRINCHI,EQ,193274,111002,57.43
20,2550,VISAKAIND,EQ,542253,235370,43.41
20,2551,VISAMAN,SM,3000,3000,100.00
20,2552,VISHNU,EQ,111237,54258,48.78
20,2553,VISHNUINFR,ST,54000,49500,91.67
20,2554,VISHWARAJ,EQ,932093,381865,40.97
20,2555,VISHWAS,SM,24000,22400,93.33
20,2556,VITAL,SM,25200,22800,90.48
20,2557,VIVIANA,ST,7500,7375,98.33
20,2558,VIVIDHA,EQ,1173980,618990,52.73
20,2559,VLEGOV,EQ,746187,369671,49.54
20,2560,VLINFRA,ST,7500,7500,100.00
20,2561,VLSFINANCE,EQ,77081,45660,59.24
20,2562,VMARCIND,ST,21750,21500,98.85
20,2563,VMART,EQ,31528,17994,57.07
20,2564,VMM,EQ,24824477,8305314,33.46
20,2565,VOLTAMP,EQ,59543,30861,51.83
20,2566,VOLTAS,EQ,668906,297165,44.43
20,2567,VPRPL,EQ,1326035,519561,39.18
20,2568,VR,ST,1600,1600,100.00
20,2569,VRAJ,EQ,209954,58149,27.70
20,2570,VRLLOG,EQ,99788,65957,66.10
20,2571,VSSL,EQ,53429,34758,65.05
20,2572,VSTIND,EQ,198197,107806,54.39
20,2573,VSTL,EQ,32457,27118,83.55
20,2574,VSTTILLERS,EQ,5326,3654,68.61
20,2575,VTL,EQ,147149,66137,44.95
20,2576,WAAREEENER,EQ,1258932,324008,25.74
20,2577,WABAG,EQ,469846,172981,36.82
20,2578,WALCHANNAG,EQ,314898,124859,39.65
20,2579,WCIL,EQ,433140,235004,54.26
20,2580,WEIZMANIND,EQ,7172,3946,55.02
20,2581,WEL,EQ,358470,96816,27.01
20,2582,WELCORP,EQ,490182,214183,43.69
20,2583,WELENT,EQ,235519,106190,45.09
20,2584,WELINV,EQ,1525,1243,81.51
20,2585,WELSPUNLIV,EQ,1295915,587769,45.36
20,2586,WENDT,EQ,280,153,54.64
20,2587,WESTLIFE,EQ,80532,64706,80.35
20,2588,WEWIN,EQ,5841,3457,59.19
20,2589,WHEELS,EQ,27689,15108,54.56
20,2590,WHIRLPOOL,EQ,176872,124610,70.45
20,2591,WILLAMAGOR,EQ,14278,7449,52.17
20,2592,WINDLAS,EQ,87446,48172,55.09
20,2593,WINDMACHIN,EQ,148832,83198,55.90
20,2594,WINNY,ST,3000,3000,100.00
20,2595,WINSOL,SM,39600,26800,67.68
20,2596,WIPRO,EQ,19505556,6505263,33.35
20,2597,WOCKPHARMA,EQ,379283,162452,42.83
20,2598,WOL3D,SM,1000,1000,100.00
20,2599,WOMANCART,ST,4000,4000,100.00
20,2600,WONDERLA,EQ,36113,14833,41.07
20,2601,WORTH,EQ,69130,37173,53.77
20,2602,WSI,EQ,125312,51247,40.90
20,2603,WSTCSTPAPR,EQ,187990,67619,35.97
20,2604,WTICAB,ST,22000,21500,97.73
20,2605,XCHANGING,EQ,211619,106486,50.32
20,2606,XELPMOC,EQ,20038,12963,64.69
20,2607,XPROINDIA,EQ,23219,12463,53.68
20,2608,XTGLOBAL,EQ,83573,40206,48.11
20,2609,YASHO,EQ,8277,4577,55.30
20,2610,YASHOPTICS,SM,35200,22400,63.64
20,2611,YATHARTH,EQ,617039,396762,64.30
20,2612,YATRA,EQ,170515,64741,37.97
20,2613,YCCL,SM,6000,6000,100.00
20,2614,YESBANK,EQ,100828645,33909334,33.63
20,2615,YUDIZ,SM,1600,1600,100.00
20,2616,YUKEN,EQ,19425,7062,36.36
20,2617,ZAGGLE,EQ,570737,282366,49.47
20,2618,ZEAL,SM,17400,12000,68.97
20,2619,ZEEL,EQ,9149763,2803342,30.64
20,2620,ZEELEARN,EQ,888897,457365,51.45
20,2621,ZEEMEDIA,EQ,4117741,2306088,56.00
20,2622,ZENITHDRUG,ST,76000,70400,92.63
20,2623,ZENITHEXPO,EQ,199,157,78.89
20,2624,ZENITHSTL,EQ,166243,129161,77.69
20,2625,ZENSARTECH,EQ,742716,242835,32.70
20,2626,ZENTEC,EQ,424181,170664,40.23
20,2627,ZFCVINDIA,EQ,6969,4289,61.54
20,2628,ZIMLAB,EQ,73412,44532,60.66
20,2629,ZODIAC,EQ,14360,8656,60.28
20,2630,ZODIACLOTH,EQ,19919,10165,51.03
20,2631,ZOMATO,EQ,53817888,23270388,43.24
20,2632,ZOTA,EQ,505861,102890,20.34
20,2633,ZTECH,ST,5700,5700,100.00
20,2634,ZUARI,EQ,257211,126735,49.27
20,2635,ZUARIIND,EQ,40227,19961,49.62
20,2636,ZYDUSLIFE,EQ,2314182,1181342,51.05
20,2637,ZYDUSWELL,EQ,11837,5599,47.30
