Security Wise Delivery Position - Compulsory Rolling Settlement
10,MTO,07022025,1093738835,0002631
Trade Date <07-FEB-2025>,Settlement Type <N>
Record Type,Sr No,Name of Security,Quantity Traded,Deliverable Quantity(gross across client level),% of Deliverable Quantity to Traded Quantity
20,1,0MOFSL26,N1,35,35,100.00
20,2,0MOFSL27,N3,20,10,50.00
20,3,1003ISFL28,N4,1000,1000,100.00
20,4,1015ECL29,NR,154,154,100.00
20,5,1018GS2026,GS,3400,3400,100.00
20,6,1025SCL34,Z8,20,20,100.00
20,7,1025SFIL26,NT,10,10,100.00
20,8,1040NFL26,NA,1,1,100.00
20,9,1049DLS25A,Y5,7,7,100.00
20,10,1050ISFL28,N5,88,88,100.00
20,11,1050UCL25,N7,1,1,100.00
20,12,105IIFL29,N7,150,150,100.00
20,13,1060ECL29,NS,98,98,100.00
20,14,1065NFL27,NC,443,443,100.00
20,15,10IIFL28A,NE,132,132,100.00
20,16,10IIFL29,N6,31,31,100.00
20,17,10NFL25,N9,502,497,99.00
20,18,10NIDO26,N6,5,5,100.00
20,19,10SCL30A,BV,30,0,0.00
20,20,11DLSL25A,Y3,1,1,100.00
20,21,11UCL26,NC,1,1,100.00
20,22,20MICRONS,EQ,148596,96000,64.60
20,23,360ONE,EQ,644115,406588,63.12
20,24,364D040925,TB,2700,2700,100.00
20,25,364D110425,TB,15000,15000,100.00
20,26,364D130225,TB,1400,700,50.00
20,27,364D131125,TB,50000,50000,100.00
20,28,364D211125,TB,19500,19500,100.00
20,29,364D270225,TB,2300,2300,100.00
20,30,3IINFOLTD,EQ,613425,351710,57.34
20,31,3MINDIA,EQ,14235,6680,46.93
20,32,563GS2026,GS,100,100,100.00
20,33,574GS2026,GS,267,257,96.25
20,34,5PAISA,EQ,19089,6069,31.79
20,35,63MOONS,EQ,117598,60109,51.11
20,36,654GS2032,GS,8252,8252,100.00
20,37,664GS2027,GS,100,100,100.00
20,38,675GS2029,GS,500,500,100.00
20,39,676GS2061,GS,100,100,100.00
20,40,679GS2031,GS,400,400,100.00
20,41,679GS2034A,GS,60,60,100.00
20,42,695GS2061,GS,2548,2548,100.00
20,43,699GS2051,GS,2500,2500,100.00
20,44,702GS2027,GS,298,199,66.78
20,45,704IRFC28,N6,2000,1000,50.00
20,46,706GS2028,GS,3,2,66.67
20,47,709GS2054,GS,25935,25935,100.00
20,48,709GS2074,GS,2125,2125,100.00
20,49,710GS2029,GS,4351,4351,100.00
20,50,711NTPC25A,N8,4,2,50.00
20,51,716GS2050,GS,100,100,100.00
20,52,717GS2030,GS,490,490,100.00
20,53,718GS2033,GS,3688,3688,100.00
20,54,718GS2037,GS,5110,5110,100.00
20,55,719GS2060,GS,410,410,100.00
20,56,725GS2063,GS,155843,105051,67.41
20,57,726GS2032,GS,960,960,100.00
20,58,726GS2033,GS,4,2,50.00
20,59,732GS2030,GS,190,190,100.00
20,60,733GS2026,GS,12030,11000,91.44
20,61,734GS2064,GS,2953,2853,96.61
20,62,734IRFC28,N4,1100,1100,100.00
20,63,736GS2052,GS,1202,1202,100.00
20,64,736NTPC25D,NB,51,51,100.00
20,65,738GS2027,GS,547508,547008,99.91
20,66,738REC27TF,N2,1001,1001,100.00
20,67,739NHAI26,N8,2353,2353,100.00
20,68,739NHAI31A,ND,627,334,53.27
20,69,73GS2053,GS,1000,1000,100.00
20,70,740IIFCL33,N1,5084,5046,99.25
20,71,741GS2036,GS,401,401,100.00
20,72,746GS2073,GS,30,30,100.00
20,73,74GS2062,GS,6,3,50.00
20,74,751HUDCO28,N5,2093,2093,100.00
20,75,753IRFC30,NJ,3000,3000,100.00
20,76,754GS2036,GS,320178,306078,95.60
20,77,757GS2033,GS,2000,2000,100.00
20,78,760PFCL35,N3,139,139,100.00
20,79,762NTPC35F,ND,157,157,100.00
20,80,764HUDCO31,N8,1,1,100.00
20,81,764IRFC31,NO,1000,1000,100.00
20,82,764NABAR31,N2,3,1,33.33
20,83,766GJ30A,SG,100,100,100.00
20,84,769NHAI31,NE,885,885,100.00
20,85,76NHAI31,NA,1500,1500,100.00
20,86,771AP31,SG,4800,4800,100.00
20,87,78ABFL33,N4,1,1,100.00
20,88,795GS2032,GS,3059,3059,100.00
20,89,79NHIT35,N1,8,8,100.00
20,90,79NHIT40,N2,732,732,100.00
20,91,79NHIT47,N3,1199,1199,100.00
20,92,810IRFC27,N2,4291,4180,97.41
20,93,81TCHF28,N8,72,72,100.00
20,94,820IIFL27,N9,70,70,100.00
20,95,82IGT31,NJ,600,600,100.00
20,96,830NHAI27,N2,4357,4157,95.41
20,97,830PFCL27,N5,1221,1221,100.00
20,98,833GS2026,GS,1,1,100.00
20,99,83GS2040,GS,2000,2000,100.00
20,100,842IIFL26,NL,2740,2490,90.88
20,101,843IHFL29,NC,116,111,95.69
20,102,849NTPC25,N7,267048,166875,62.49
20,103,84CIFCL28,NA,15,15,100.00
20,104,84TCHF28,NA,1,1,100.00
20,105,85PFL26A,N7,1,1,100.00
20,106,865IFL28,NZ,11,11,100.00
20,107,865IIFL28,NS,699,699,100.00
20,108,865IRFC29,NA,1501,1401,93.34
20,109,865LTF26,NN,333,333,100.00
20,110,865TCAPS27,N8,14,14,100.00
20,111,866IIFC34B,N3,3500,3500,100.00
20,112,871REC28,N9,1495,1225,81.94
20,113,872MMFSL26,N1,40,40,100.00
20,114,873NTPC28,N5,50,50,100.00
20,115,875IIFL26,NM,147,147,100.00
20,116,875NHAI29,N6,1837,1285,69.95
20,117,876HUDCO28,ND,25,25,100.00
20,118,87LTF27,NH,3,3,100.00
20,119,880IREDA29,N5,1000,1000,100.00
20,120,885TCAPS29,NC,145,125,86.21
20,121,888IHFL25F,NC,110,110,100.00
20,122,888IRFC29,NE,1150,1150,100.00
20,123,888REC29,NF,137,137,100.00
20,124,889SCFL27,YC,6,6,100.00
20,125,88SCL25,ZG,100,100,100.00
20,126,890SFIL23A,NZ,16,15,93.75
20,127,891IIFCL34,N4,501,501,100.00
20,128,891NTPC33,N6,278,278,100.00
20,129,892NHPC33,N6,510,510,100.00
20,130,892PFCL33,N8,2086,1720,82.45
20,131,893NHB29,N6,222,192,86.49
20,132,897GS2030,GS,1441,1441,100.00
20,133,898LTF29,N7,384,275,71.61
20,134,901HUDCO34,NE,1014,1010,99.61
20,135,901NHB34,N6,255,205,80.39
20,136,903SFL28,YI,13,13,100.00
20,137,905SC24B,Z9,10,10,100.00
20,138,910TCAP28,NA,125,110,88.00
20,139,916SCL25,ZW,40,40,100.00
20,140,91D030425,TB,6700,5900,88.06
20,141,91D060325,TB,200,200,100.00
20,142,91D130225,TB,51000,51000,100.00
20,143,921ISFL25,N0,5,5,100.00
20,144,925ERFL28,N6,170,170,100.00
20,145,925SCL26F,N1,10,10,100.00
20,146,925SCL28C,BS,14,14,100.00
20,147,92GS2030,GS,1003,1000,99.70
20,148,930SFL28,YP,2,2,100.00
20,149,935LTF29,N5,200,200,100.00
20,150,943ECL28,NJ,1078,868,80.52
20,151,948SCL26A,NN,1,1,100.00
20,152,955SCL27A,ZJ,20,20,100.00
20,153,956AEL29,N6,13,13,100.00
20,154,957ISFL26,N2,343,343,100.00
20,155,965AEL27,N4,110,110,100.00
20,156,965IHFL25D,N7,66,66,100.00
20,157,965SCL25A,NF,2,2,100.00
20,158,965SCL26F,N1,10,10,100.00
20,159,965SCL26Y,N1,10,10,100.00
20,160,96IIFL28,N5,868,687,79.15
20,161,96IIFL28A,NF,1902,1809,95.11
20,162,96SFIL24A,NB,50,50,100.00
20,163,971SCL28I,BC,10,10,100.00
20,164,985ECL28,NK,120,120,100.00
20,165,985IIFL22,NC,500,500,100.00
20,166,990SCL27,YT,2,2,100.00
20,167,99AEL29,N7,253,253,100.00
20,168,9ICCL23A,N0,33,33,100.00
20,169,9IIFL28,Y0,55,55,100.00
20,170,9MMFSML,N2,85,57,67.06
20,171,9SCL26BA,NA,330,330,100.00
20,172,AAATECH,EQ,8139,3431,42.16
20,173,AADHARHFC,EQ,2693439,495866,18.41
20,174,AAKASH,EQ,78673,59274,75.34
20,175,AAREYDRUGS,EQ,11764,8385,71.28
20,176,AARON,EQ,9616,5237,54.46
20,177,AARTIDRUGS,EQ,112204,35497,31.64
20,178,AARTIIND,EQ,928326,212355,22.88
20,179,AARTIPHARM,EQ,6199098,1076888,17.37
20,180,AARTISURF,EQ,12570,7887,62.74
20,181,AARVI,EQ,2604,1777,68.24
20,182,AATMAJ,SM,20000,18000,90.00
20,183,AAVAS,EQ,191243,92086,48.15
20,184,ABAN,EQ,92170,51645,56.03
20,185,ABB,EQ,284417,93853,33.00
20,186,ABBOTINDIA,EQ,32928,6735,20.45
20,187,ABCAPITAL,EQ,3474325,766443,22.06
20,188,ABCOTS,ST,17500,16000,91.43
20,189,ABDL,EQ,211874,108632,51.27
20,190,ABFRL,EQ,823885,250266,30.38
20,191,ABGSEC,EQ,23,23,100.00
20,192,ABHAPOWER,ST,14400,12800,88.89
20,193,ABINFRA,EQ,99568,22892,22.99
20,194,ABREL,EQ,80549,39273,48.76
20,195,ABSLAMC,EQ,160042,61819,38.63
20,196,ABSLBANETF,EQ,502226,486095,96.79
20,197,ABSLLIQUID,EQ,5158,5036,97.63
20,198,ABSLNN50ET,EQ,11122,8212,73.84
20,199,ABSLPSE,EQ,384071,230295,59.96
20,200,ABSMARINE,ST,38000,35500,93.42
20,201,ACC,EQ,191149,66322,34.70
20,202,ACCELYA,EQ,9341,5357,57.35
20,203,ACCENTMIC,SM,11000,7500,68.18
20,204,ACCURACY,EQ,258187,99672,38.60
20,205,ACE,EQ,179379,65899,36.74
20,206,ACEINTEG,EQ,28447,6655,23.39
20,207,ACI,EQ,346740,65868,19.00
20,208,ACL,EQ,13086,7831,59.84
20,209,ACLGATI,EQ,333399,126314,37.89
20,210,ACMESOLAR,EQ,1707606,1205333,70.59
20,211,ADANIENSOL,EQ,771037,153220,19.87
20,212,ADANIENT,EQ,892900,259627,29.08
20,213,ADANIGREEN,EQ,1238324,249919,20.18
20,214,ADANIPORTS,EQ,4079540,2215950,54.32
20,215,ADANIPOWER,EQ,4385362,1579382,36.01
20,216,ADFFOODS,EQ,52231,28613,54.78
20,217,ADL,EQ,2183,647,29.64
20,218,ADORWELD,EQ,7453,5223,70.08
20,219,ADSL,EQ,1044154,239097,22.90
20,220,ADVANIHOTR,EQ,24669,13596,55.11
20,221,ADVENZYMES,EQ,138515,86521,62.46
20,222,AEGISLOG,EQ,2065579,172564,8.35
20,223,AEROFLEX,EQ,1267917,376368,29.68
20,224,AERON,SM,33000,26000,78.79
20,225,AESTHETIK,SM,22000,18000,81.82
20,226,AETHER,EQ,25593,13294,51.94
20,227,AFCONS,EQ,3075154,1812282,58.93
20,228,AFFLE,EQ,301008,135407,44.98
20,229,AFFORDABLE,EQ,3597,2134,59.33
20,230,AFIL,EQ,74878,46798,62.50
20,231,AGARIND,EQ,13433,8295,61.75
20,232,AGARWALEYE,EQ,2451596,1127793,46.00
20,233,AGARWALFT,SM,18000,13500,75.00
20,234,AGARWALTUF,SM,21600,18000,83.33
20,235,AGI,EQ,126103,52604,41.72
20,236,AGIIL,EQ,25458,11109,43.64
20,237,AGNI,SM,7500,7500,100.00
20,238,AGRITECH,EQ,9141,3817,41.76
20,239,AGROPHOS,EQ,76205,33004,43.31
20,240,AHIMSA,ST,3000,3000,100.00
20,241,AHLADA,EQ,8133,4351,53.50
20,242,AHLEAST,EQ,3886,3149,81.03
20,243,AHLUCONT,EQ,68890,51723,75.08
20,244,AIAENG,EQ,42595,14018,32.91
20,245,AIIL,EQ,94557,24131,25.52
20,246,AILIMITED,ST,6000,6000,100.00
20,247,AIMTRON,SM,23200,17200,74.14
20,248,AIRAN,EQ,108017,65626,60.76
20,249,AIROLAM,EQ,423,203,47.99
20,250,AIRTELPP,E1,363018,307243,84.64
20,251,AISL,SM,600,600,100.00
20,252,AJANTPHARM,EQ,127892,41661,32.58
20,253,AJMERA,EQ,48803,18882,38.69
20,254,AJOONI,EQ,281332,200816,71.38
20,255,AKANKSHA,ST,10000,8000,80.00
20,256,AKASH,EQ,6084,3403,55.93
20,257,AKG,EQ,21217,16703,78.72
20,258,AKIKO,SM,1600,1600,100.00
20,259,AKSHARCHEM,EQ,1293,617,47.72
20,260,AKUMS,EQ,206185,90309,43.80
20,261,AKZOINDIA,EQ,29487,7604,25.79
20,262,ALANKIT,EQ,200708,101345,50.49
20,263,ALBERTDAVD,EQ,6718,4285,63.78
20,264,ALEMBICLTD,EQ,430597,184362,42.82
20,265,ALICON,EQ,6852,3368,49.15
20,266,ALIVUS,EQ,67940,33421,49.19
20,267,ALKALI,EQ,7727,6754,87.41
20,268,ALKEM,EQ,328414,60558,18.44
20,269,ALKYLAMINE,EQ,26602,8684,32.64
20,270,ALLCARGO,EQ,2352524,1300888,55.30
20,271,ALLDIGI,EQ,12814,9934,77.52
20,272,ALLETEC,ST,12400,9600,77.42
20,273,ALOKINDS,EQ,2620588,1127655,43.03
20,274,ALPA,EQ,14662,8820,60.16
20,275,ALPEXSOLAR,SM,139200,82600,59.34
20,276,ALPHA,EQ,914846,477416,52.19
20,277,ALPHAETF,EQ,342650,258972,75.58
20,278,ALPHAGEO,EQ,4354,2667,61.25
20,279,ALPL30IETF,EQ,316804,137767,43.49
20,280,ALUWIND,SM,12000,10500,87.50
20,281,AMBER,EQ,290723,58558,20.14
20,282,AMBEY,SM,2000,2000,100.00
20,283,AMBICAAGAR,EQ,47367,27003,57.01
20,284,AMBIKCO,EQ,3887,1986,51.09
20,285,AMBUJACEM,EQ,2084329,1060486,50.88
20,286,AMDIND,EQ,8816,6453,73.20
20,287,AMEYA,SM,4000,4000,100.00
20,288,AMIABLE,SM,1600,1600,100.00
20,289,AMIORG,EQ,154170,60534,39.26
20,290,AMJLAND,EQ,32439,17587,54.22
20,291,AMNPLST,EQ,8414,4119,48.95
20,292,AMRUTANJAN,EQ,8733,4074,46.65
20,293,ANANDRATHI,EQ,57338,33929,59.17
20,294,ANANTRAJ,EQ,3020669,1011212,33.48
20,295,ANDHRAPAP,EQ,272085,107703,39.58
20,296,ANDHRSUGAR,EQ,106605,46252,43.39
20,297,ANGELONE,EQ,730037,104746,14.35
20,298,ANIKINDS,EQ,53977,25193,46.67
20,299,ANLON,SM,3600,2800,77.78
20,300,ANMOL,EQ,57110,30570,53.53
20,301,ANNAPURNA,SM,37500,25000,66.67
20,302,ANTGRAPHIC,EQ,174728,138520,79.28
20,303,ANUHPHR,EQ,17687,9628,54.44
20,304,ANUP,EQ,15818,7421,46.91
20,305,ANURAS,EQ,59814,14879,24.88
20,306,ANYA,SM,420000,370000,88.10
20,307,APARINDS,EQ,119776,69883,58.34
20,308,APCL,EQ,3840,2928,76.25
20,309,APCOTEXIND,EQ,17311,11243,64.95
20,310,APEX,EQ,45070,20293,45.03
20,311,APEXECO,SM,3200,1600,50.00
20,312,APLAPOLLO,EQ,596679,299422,50.18
20,313,APLLTD,EQ,191641,79816,41.65
20,314,APOLLO,EQ,9268652,1787637,19.29
20,315,APOLLOHOSP,EQ,259335,130890,50.47
20,316,APOLLOPIPE,EQ,31084,19730,63.47
20,317,APOLLOTYRE,EQ,5953396,1965854,33.02
20,318,APOLSINHOT,EQ,1106,597,53.98
20,319,APRAMEYA,ST,6000,4000,66.67
20,320,APS,SM,86750,50750,58.50
20,321,APTECHT,EQ,54634,27452,50.25
20,322,APTUS,EQ,1311775,995029,75.85
20,323,ARABIAN,SM,4000,4000,100.00
20,324,ARCHIDPLY,EQ,8789,2724,30.99
20,325,ARCHIES,EQ,39664,23408,59.02
20,326,ARE&M,EQ,334282,143422,42.90
20,327,ARHAM,SM,11000,11000,100.00
20,328,ARIHANTCAP,EQ,178888,88738,49.61
20,329,ARIHANTSUP,EQ,100339,23474,23.39
20,330,ARISTO,ST,9600,9600,100.00
20,331,ARKADE,EQ,498944,145701,29.20
20,332,ARMANFIN,EQ,29611,16678,56.32
20,333,AROGRANITE,EQ,3243,2564,79.06
20,334,ARROWGREEN,EQ,24238,13406,55.31
20,335,ARTEMISMED,EQ,120866,61682,51.03
20,336,ARVEE,EQ,63,63,100.00
20,337,ARVIND,EQ,564604,252181,44.67
20,338,ARVINDFASN,EQ,408713,215524,52.73
20,339,ARVINDPORT,ST,3000,3000,100.00
20,340,ARVSMART,EQ,26104,14885,57.02
20,341,ASAHIINDIA,EQ,25989,7243,27.87
20,342,ASAHISONG,EQ,12198,9888,81.06
20,343,ASAL,EQ,19843,9587,48.31
20,344,ASALCBR,EQ,36545,17585,48.12
20,345,ASHALOG,ST,4000,4000,100.00
20,346,ASHAPURMIN,EQ,358917,175185,48.81
20,347,ASHIANA,EQ,49481,24733,49.98
20,348,ASHIMASYN,EQ,890583,353092,39.65
20,349,ASHOKA,EQ,1123231,449388,40.01
20,350,ASHOKAMET,EQ,26573,18644,70.16
20,351,ASHOKLEY,EQ,3938948,1127347,28.62
20,352,ASIANENE,EQ,45220,18544,41.01
20,353,ASIANPAINT,EQ,1336756,811833,60.73
20,354,ASIANTILES,EQ,220169,82765,37.59
20,355,ASKAUTOLTD,EQ,95212,56159,58.98
20,356,ASMS,EQ,402590,157321,39.08
20,357,ASPINWALL,EQ,77965,36195,46.42
20,358,ASPIRE,ST,24000,20000,83.33
20,359,ASTEC,EQ,22754,15138,66.53
20,360,ASTERDM,EQ,336574,180679,53.68
20,361,ASTRAL,EQ,182807,69758,38.16
20,362,ASTRAMICRO,EQ,778021,333074,42.81
20,363,ASTRAZEN,EQ,5989,1863,31.11
20,364,ASTRON,EQ,43712,30736,70.31
20,365,ATAM,EQ,16486,9820,59.57
20,366,ATFL,EQ,21836,12667,58.01
20,367,ATGL,EQ,412870,122698,29.72
20,368,ATL,EQ,156850,76367,48.69
20,369,ATMASTCO,ST,13600,13600,100.00
20,370,ATUL,EQ,44609,21577,48.37
20,371,ATULAUTO,EQ,28475,11409,40.07
20,372,AUBANK,EQ,3491670,1738405,49.79
20,373,AURDIS,ST,3125,1875,60.00
20,374,AURIONPRO,EQ,33292,22622,67.95
20,375,AUROIMPEX,SM,27200,16000,58.82
20,376,AUROPHARMA,EQ,1233173,320415,25.98
20,377,AURUM,EQ,237609,65341,27.50
20,378,AURUMPP1,E1,3096,2313,74.71
20,379,AUSL,SM,86000,82000,95.35
20,380,AUTOAXLES,EQ,15648,7909,50.54
20,381,AUTOBEES,EQ,113334,50903,44.91
20,382,AUTOIETF,EQ,217243,84156,38.74
20,383,AUTOIND,EQ,128636,77683,60.39
20,384,AVADHSUGAR,EQ,37643,20732,55.08
20,385,AVALON,EQ,777883,324902,41.77
20,386,AVANTEL,EQ,317441,110363,34.77
20,387,AVANTIFEED,EQ,451686,131899,29.20
20,388,AVIANSH,ST,28000,24000,85.71
20,389,AVL,EQ,303191,238678,78.72
20,390,AVPINFRA,ST,66400,66400,100.00
20,391,AVTNPL,EQ,54851,34190,62.33
20,392,AWFIS,EQ,83099,51723,62.24
20,393,AWHCL,EQ,56530,28741,50.84
20,394,AWL,EQ,931733,432423,46.41
20,395,AXISBANK,EQ,8638651,5867527,67.92
20,396,AXISBNKETF,EQ,192,139,72.40
20,397,AXISBPSETF,EQ,759317,707258,93.14
20,398,AXISCETF,EQ,559,425,76.03
20,399,AXISGOLD,EQ,289777,214545,74.04
20,400,AXISHCETF,EQ,1567,1081,68.99
20,401,AXISILVER,EQ,24748,20599,83.24
20,402,AXISNIFTY,EQ,3280,2431,74.12
20,403,AXISTECETF,EQ,74622,51390,68.87
20,404,AXITA,EQ,3039301,675117,22.21
20,405,AXSENSEX,EQ,692,456,65.90
20,406,AYMSYNTEX,EQ,60089,32734,54.48
20,407,AZAD,EQ,366607,91970,25.09
20,408,BABAFP,SM,3200,3200,100.00
20,409,BAHETI,SM,22125,14250,64.41
20,410,BAIDFIN,EQ,242890,145863,60.05
20,411,BAJAJ-AUTO,EQ,244178,121437,49.73
20,412,BAJAJCON,EQ,282026,124874,44.28
20,413,BAJAJELEC,EQ,23942,9702,40.52
20,414,BAJAJFINSV,EQ,1748940,782048,44.72
20,415,BAJAJHCARE,EQ,393396,160272,40.74
20,416,BAJAJHFL,EQ,13721364,4919600,35.85
20,417,BAJAJHIND,EQ,3500930,1543453,44.09
20,418,BAJAJHLDNG,EQ,167122,143640,85.95
20,419,BAJEL,EQ,175686,63107,35.92
20,420,BAJFINANCE,EQ,966540,361668,37.42
20,421,BALAJEE,EQ,152273,61108,40.13
20,422,BALAMINES,EQ,38239,11106,29.04
20,423,BALAXI,EQ,17445,10258,58.80
20,424,BALCO,ST,1200,1200,100.00
20,425,BALKRISHNA,EQ,22306,13902,62.32
20,426,BALKRISIND,EQ,102316,36002,35.19
20,427,BALMLAWRIE,EQ,129615,58363,45.03
20,428,BALPHARMA,EQ,4765,2201,46.19
20,429,BALRAMCHIN,EQ,1162962,245784,21.13
20,430,BALUFORGE,EQ,3205258,497687,15.53
20,431,BANARISUG,EQ,1056,889,84.19
20,432,BANCOINDIA,EQ,161581,81826,50.64
20,433,BANDHANBNK,EQ,5769334,1472632,25.53
20,434,BANKA,EQ,14075,7095,50.41
20,435,BANKBARODA,EQ,9557681,2519064,26.36
20,436,BANKBEES,EQ,1009078,439324,43.54
20,437,BANKBETF,EQ,3879,2954,76.15
20,438,BANKETF,EQ,10805,6745,62.42
20,439,BANKETFADD,EQ,5525,5188,93.90
20,440,BANKIETF,EQ,1121039,766768,68.40
20,441,BANKINDIA,EQ,13415003,5152383,38.41
20,442,BANKNIFTY1,EQ,96290,86245,89.57
20,443,BANKPSU,EQ,5615,4203,74.85
20,444,BANSALWIRE,EQ,30790,13396,43.51
20,445,BANSWRAS,EQ,47731,28151,58.98
20,446,BARBEQUE,EQ,253672,120499,47.50
20,447,BARFLEX,SM,62000,32000,51.61
20,448,BASF,EQ,26882,12891,47.95
20,449,BASILIC,ST,21300,19200,90.14
20,450,BASML,EQ,24080,13633,56.62
20,451,BATAINDIA,EQ,86962,29917,34.40
20,452,BAWEJA,SM,12800,9600,75.00
20,453,BAYERCROP,EQ,7892,3710,47.01
20,454,BBETF0432,EQ,9545,8828,92.49
20,455,BBL,EQ,69195,26822,38.76
20,456,BBNPNBETF,EQ,140,105,75.00
20,457,BBNPPGOLD,EQ,730,705,96.58
20,458,BBOX,EQ,124192,66685,53.70
20,459,BBTC,EQ,21598,7058,32.68
20,460,BBTCL,EQ,12442,6221,50.00
20,461,BCLIND,EQ,368686,171412,46.49
20,462,BCONCEPTS,EQ,17066,11367,66.61
20,463,BDL,EQ,812573,142135,17.49
20,464,BEACON,SM,5000,5000,100.00
20,465,BEARDSELL,EQ,19882,12193,61.33
20,466,BECTORFOOD,EQ,90605,48928,54.00
20,467,BEDMUTHA,EQ,3705,2749,74.20
20,468,BEL,EQ,26682639,13996528,52.46
20,469,BEML,EQ,401143,109741,27.36
20,470,BEPL,EQ,415241,203789,49.08
20,471,BERGEPAINT,EQ,373233,148983,39.92
20,472,BESTAGRO,EQ,99677,48687,48.84
20,473,BETA,SM,2800,2300,82.14
20,474,BEWLTD,ST,8000,7500,93.75
20,475,BFINVEST,EQ,12887,5697,44.21
20,476,BFSI,EQ,343554,262601,76.44
20,477,BFUTILITIE,EQ,40634,16667,41.02
20,478,BHAGCHEM,EQ,59623,35333,59.26
20,479,BHAGERIA,EQ,69225,31002,44.78
20,480,BHAGYANGR,EQ,29633,14168,47.81
20,481,BHANDARI,EQ,205945,128913,62.60
20,482,BHARATFORG,EQ,1231822,739907,60.07
20,483,BHARATGEAR,EQ,5268,3559,67.56
20,484,BHARATRAS,EQ,740,364,49.19
20,485,BHARATWIRE,EQ,106845,60713,56.82
20,486,BHARTIARTL,EQ,14873255,5728231,38.51
20,487,BHARTIHEXA,EQ,5772310,1208066,20.93
20,488,BHEL,EQ,7630722,1390729,18.23
20,489,BIGBLOC,EQ,102733,41924,40.81
20,490,BIKAJI,EQ,3651025,953942,26.13
20,491,BIKEWO,SM,12000,10000,83.33
20,492,BINANIIND,EQ,12692,10268,80.90
20,493,BIOCON,EQ,2413427,655681,27.17
20,494,BIOFILCHEM,EQ,5578,3455,61.94
20,495,BIRDYS,SM,1200,1200,100.00
20,496,BIRET,RR,62796,55716,88.73
20,497,BIRLACABLE,EQ,13062,6077,46.52
20,498,BIRLACORPN,EQ,136421,88630,64.97
20,499,BLACKBUCK,EQ,43096,43096,100.00
20,500,BLAL,EQ,43574,19728,45.27
20,501,BLBLIMITED,EQ,37438,17777,47.48
20,502,BLISSGVS,EQ,419812,126427,30.12
20,503,BLKASHYAP,EQ,690656,487855,70.64
20,504,BLS,EQ,1235633,304099,24.61
20,505,BLSE,EQ,82537,33266,40.30
20,506,BLUEDART,EQ,40332,10083,25.00
20,507,BLUEJET,EQ,428269,285911,66.76
20,508,BLUEPEBBLE,SM,800,800,100.00
20,509,BLUESTARCO,EQ,608756,142181,23.36
20,510,BMETRICS,SM,7200,6400,88.89
20,511,BODALCHEM,EQ,98904,55195,55.81
20,512,BOMDYEING,EQ,644194,177510,27.56
20,513,BOROLTD,EQ,146855,78193,53.25
20,514,BOROSCI,EQ,58253,46648,80.08
20,515,BOSCHLTD,EQ,17579,8358,47.55
20,516,BOSS,ST,4000,4000,100.00
20,517,BPCL,EQ,6557480,3519782,53.68
20,518,BPL,EQ,51006,25262,49.53
20,519,BRACEPORT,ST,62400,62400,100.00
20,520,BRIGADE,EQ,177852,114567,64.42
20,521,BRITANNIA,EQ,701024,213027,30.39
20,522,BRNL,EQ,47669,32911,69.04
20,523,BSE,EQ,2679040,501833,18.73
20,524,BSE500IETF,EQ,89207,77131,86.46
20,525,BSHSL,EQ,34769,14291,41.10
20,526,BSL,EQ,9418,5222,55.45
20,527,BSLGOLDETF,EQ,137743,126198,91.62
20,528,BSLNIFTY,EQ,205257,92563,45.10
20,529,BSLSENETFG,EQ,1086,754,69.43
20,530,BSOFT,EQ,880023,322265,36.62
20,531,BUTTERFLY,EQ,46084,19457,42.22
20,532,BVCL,EQ,14274,9128,63.95
20,533,C2C,SM,74400,51000,68.55
20,534,CADSYS,ST,3000,3000,100.00
20,535,CAMLINFINE,EQ,1272604,551934,43.37
20,536,CAMPUS,EQ,352691,134828,38.23
20,537,CAMS,EQ,554924,192396,34.67
20,538,CANARYS,SM,28000,24000,85.71
20,539,CANBK,EQ,18697525,5946103,31.80
20,540,CANFINHOME,EQ,428131,129566,30.26
20,541,CANTABIL,EQ,449898,215700,47.94
20,542,CAPACITE,EQ,394025,168877,42.86
20,543,CAPINVIT,IV,182680,173021,94.71
20,544,CAPITALSFB,EQ,413149,346542,83.88
20,545,CAPLIPOINT,EQ,143161,45438,31.74
20,546,CAPTRUST,EQ,8992,3912,43.51
20,547,CARBORUNIV,EQ,89504,54009,60.34
20,548,CAREERP,EQ,2112,1138,53.88
20,549,CARERATING,EQ,45199,22151,49.01
20,550,CARRARO,EQ,537694,316623,58.89
20,551,CARTRADE,EQ,276877,137230,49.56
20,552,CARYSIL,EQ,30175,16480,54.61
20,553,CASTROLIND,EQ,17731571,2842431,16.03
20,554,CBAZAAR,SM,64000,56000,87.50
20,555,CCHHL,EQ,29549,19726,66.76
20,556,CCL,EQ,256354,114364,44.61
20,557,CDSL,EQ,2767119,852054,30.79
20,558,CEATLTD,EQ,63992,22163,34.63
20,559,CEIGALL,EQ,88942,47511,53.42
20,560,CELEBRITY,EQ,46921,32864,70.04
20,561,CELLECOR,SM,555000,504000,90.81
20,562,CELLO,EQ,70039,30950,44.19
20,563,CELLPOINT,SM,3600,3600,100.00
20,564,CENTENKA,EQ,19300,10824,56.08
20,565,CENTEXT,EQ,82881,43102,52.00
20,566,CENTRALBK,EQ,3721145,1122220,30.16
20,567,CENTRUM,EQ,301881,147241,48.77
20,568,CENTUM,EQ,8421,4539,53.90
20,569,CENTURYPLY,EQ,811039,381557,47.05
20,570,CERA,EQ,5906,2332,39.49
20,571,CESC,EQ,4211982,1889743,44.87
20,572,CEWATER,EQ,432915,45750,10.57
20,573,CGCL,EQ,102551,40602,39.59
20,574,CGPOWER,EQ,1384156,550711,39.79
20,575,CGRAPHICS,SM,8800,6400,72.73
20,576,CHALET,EQ,298499,142582,47.77
20,577,CHAMBLFERT,EQ,10079785,1957967,19.42
20,578,CHAVDA,SM,50000,29000,58.00
20,579,CHEMBOND,EQ,10344,8167,78.95
20,580,CHEMCON,EQ,17147,7780,45.37
20,581,CHEMFAB,EQ,2904,1482,51.03
20,582,CHEMPLASTS,EQ,54373,24339,44.76
20,583,CHENNPETRO,EQ,251815,87857,34.89
20,584,CHETANA,SM,8000,8000,100.00
20,585,CHEVIOT,EQ,1748,1089,62.30
20,586,CHOICEIN,EQ,721351,189273,26.24
20,587,CHOLAFIN,EQ,1906955,1008019,52.86
20,588,CHOLAHLDNG,EQ,336002,256103,76.22
20,589,CIEINDIA,EQ,62862,28462,45.28
20,590,CIGNITITEC,EQ,79803,37995,47.61
20,591,CINEVISTA,EQ,34595,20477,59.19
20,592,CIPLA,EQ,1445335,808026,55.91
20,593,CLEAN,EQ,56762,25490,44.91
20,594,CLEDUCATE,EQ,148349,68990,46.51
20,595,CLOUD,SZ,109000,90000,82.57
20,596,CLSEL,EQ,33122,17404,52.55
20,597,CLSL,SM,10000,6000,60.00
20,598,CMMIPL,SZ,12000,12000,100.00
20,599,CMNL,SM,10500,4500,42.86
20,600,CMSINFO,EQ,385463,189493,49.16
20,601,COALINDIA,EQ,3006598,1050504,34.94
20,602,COASTCORP,EQ,14679,7671,52.26
20,603,COCHINSHIP,EQ,929762,335023,36.03
20,604,COFORGE,EQ,301753,187854,62.25
20,605,COLPAL,EQ,397504,230991,58.11
20,606,COMMITTED,ST,38400,38400,100.00
20,607,COMMOIETF,EQ,40506,19550,48.26
20,608,COMPUSOFT,EQ,18389,11902,64.72
20,609,CONCOR,EQ,643176,199588,31.03
20,610,CONCORDBIO,EQ,65795,37702,57.30
20,611,CONFIPET,EQ,178903,87725,49.03
20,612,CONS,EQ,2489,2054,82.52
20,613,CONSOFINVT,EQ,7601,4054,53.34
20,614,CONSUMBEES,EQ,160270,76213,47.55
20,615,CONSUMER,EQ,144142,136727,94.86
20,616,CONSUMIETF,EQ,52089,28389,54.50
20,617,CONTROLPR,EQ,8033,5403,67.26
20,618,COOLCAPS,ST,1500,1500,100.00
20,619,CORALFINAC,EQ,2858,2054,71.87
20,620,CORDSCABLE,EQ,29116,14930,51.28
20,621,COROMANDEL,EQ,585615,338744,57.84
20,622,COSMOFIRST,EQ,56062,35029,62.48
20,623,COUNCODOS,EQ,61887,40143,64.86
20,624,CPS,ST,1800,1800,100.00
20,625,CPSEETF,EQ,1385084,582013,42.02
20,626,CRAFTSMAN,EQ,54344,27798,51.15
20,627,CRAYONS,SM,9000,6000,66.67
20,628,CREATIVE,EQ,6182,3105,50.23
20,629,CREATIVEYE,EQ,230188,81173,35.26
20,630,CREDITACC,EQ,724749,110184,15.20
20,631,CREST,EQ,20796,19522,93.87
20,632,CRISIL,EQ,24354,8708,35.76
20,633,CROMPTON,EQ,802225,365207,45.52
20,634,CROWN,EQ,10520,7029,66.82
20,635,CSBBANK,EQ,157502,70768,44.93
20,636,CSLFINANCE,EQ,31887,12485,39.15
20,637,CTE,EQ,19324,13172,68.16
20,638,CUB,EQ,1111568,484548,43.59
20,639,CUMMINSIND,EQ,1103565,412482,37.38
20,640,CUPID,EQ,343704,105565,30.71
20,641,CYBERMEDIA,EQ,10978,5679,51.73
20,642,CYBERTECH,EQ,48239,19864,41.18
20,643,CYIENT,EQ,322877,149690,46.36
20,644,CYIENTDLM,EQ,534662,283199,52.97
20,645,DABUR,EQ,2097013,1313198,62.62
20,646,DALBHARAT,EQ,306565,189948,61.96
20,647,DALMIASUG,EQ,34836,16118,46.27
20,648,DAMCAPITAL,EQ,1026216,291671,28.42
20,649,DAMODARIND,EQ,6976,3416,48.97
20,650,DANGEE,EQ,54137,32064,59.23
20,651,DANISH,SM,45900,20400,44.44
20,652,DATAMATICS,EQ,478128,116629,24.39
20,653,DATAPATTNS,EQ,137946,49527,35.90
20,654,DAVANGERE,EQ,1098424,584714,53.23
20,655,DBCORP,EQ,263867,159815,60.57
20,656,DBEIL,EQ,103507,43727,42.25
20,657,DBL,EQ,122928,38725,31.50
20,658,DBOL,EQ,570877,327485,57.37
20,659,DBREALTY,EQ,1283440,602746,46.96
20,660,DBSTOCKBRO,EQ,12777,10812,84.62
20,661,DCAL,EQ,258777,89771,34.69
20,662,DCBBANK,EQ,1552279,743976,47.93
20,663,DCG,SM,48000,32400,67.50
20,664,DCI,EQ,11127,6102,54.84
20,665,DCM,EQ,13408,7262,54.16
20,666,DCMNVL,EQ,11581,5724,49.43
20,667,DCMSHRIRAM,EQ,27552,8327,30.22
20,668,DCMSRIND,EQ,28012,14625,52.21
20,669,DCW,EQ,801708,245933,30.68
20,670,DCXINDIA,EQ,794265,327129,41.19
20,671,DDEVPLSTIK,EQ,28413,15563,54.77
20,672,DECCANCE,EQ,15010,9361,62.37
20,673,DECCANTRAN,ST,18000,18000,100.00
20,674,DEEDEV,EQ,55505,29648,53.42
20,675,DEEM,SM,1000,1000,100.00
20,676,DEEPAKFERT,EQ,473148,238258,50.36
20,677,DEEPAKNTR,EQ,161113,42500,26.38
20,678,DEEPINDS,EQ,392099,129489,33.02
20,679,DELAPLEX,SM,8400,4200,50.00
20,680,DELHIVERY,EQ,5745752,2684436,46.72
20,681,DELTACORP,EQ,791479,336962,42.57
20,682,DELTAMAGNT,EQ,5389,3353,62.22
20,683,DELTIC,SM,42000,37000,88.10
20,684,DEN,EQ,420499,162065,38.54
20,685,DENEERS,ST,20400,20400,100.00
20,686,DENORA,EQ,9363,4191,44.76
20,687,DENTALKART,SM,26000,22250,85.58
20,688,DEVIT,EQ,113658,40820,35.91
20,689,DEVYANI,EQ,1355219,770650,56.87
20,690,DHAMPURSUG,EQ,124491,60737,48.79
20,691,DHANI,EQ,4614190,3287060,71.24
20,692,DHANLAXMI,ST,4000,4000,100.00
20,693,DHANUKA,EQ,36361,18672,51.35
20,694,DHARMAJ,EQ,29157,16974,58.22
20,695,DHTL,SM,800,800,100.00
20,696,DHUNINV,EQ,485,279,57.53
20,697,DIAMINESQ,EQ,12375,10196,82.39
20,698,DIAMONDYD,EQ,31476,19019,60.42
20,699,DICIND,EQ,1913,1607,84.00
20,700,DIFFNKG,EQ,439612,114492,26.04
20,701,DIGIDRIVE,EQ,20597,11906,57.80
20,702,DIGIKORE,ST,4400,3800,86.36
20,703,DIGISPICE,EQ,98754,50435,51.07
20,704,DISHTV,EQ,3971120,1512777,38.09
20,705,DIVGIITTS,EQ,7031,4670,66.42
20,706,DIVISLAB,EQ,153029,76035,49.69
20,707,DIVOPPBEES,EQ,69498,39487,56.82
20,708,DIVYADHAN,ST,4000,4000,100.00
20,709,DIXON,EQ,306015,85348,27.89
20,710,DKEGL,SM,1500,1500,100.00
20,711,DLF,EQ,4167198,1815837,43.57
20,712,DLINKINDIA,EQ,87666,45114,51.46
20,713,DMART,EQ,301644,146781,48.66
20,714,DNAMEDIA,EQ,87873,51158,58.22
20,715,DODLA,EQ,30143,13805,45.80
20,716,DOLATALGO,EQ,155345,79003,50.86
20,717,DOLLAR,EQ,31495,18486,58.70
20,718,DOLLEX,SM,16000,12000,75.00
20,719,DOLPHIN,EQ,40361,23368,57.90
20,720,DOMS,EQ,90261,31978,35.43
20,721,DONEAR,EQ,66329,28452,42.90
20,722,DPABHUSHAN,EQ,104680,33483,31.99
20,723,DPSCLTD,EQ,95813,71781,74.92
20,724,DPWIRES,EQ,10009,5866,58.61
20,725,DRCSYSTEMS,EQ,335303,128102,38.20
20,726,DREAMFOLKS,EQ,80078,50662,63.27
20,727,DREDGECORP,EQ,17362,8913,51.34
20,728,DRL,ST,24000,24000,100.00
20,729,DRONE,ST,9500,9500,100.00
20,730,DRREDDY,EQ,1236992,781898,63.21
20,731,DSSL,EQ,32411,15125,46.67
20,732,DTIL,EQ,19898,15190,76.34
20,733,DTL,SM,1200,1200,100.00
20,734,DUCOL,SM,4000,3200,80.00
20,735,DUCON,EQ,1083688,699677,64.56
20,736,DUGLOBAL,SM,92500,57500,62.16
20,737,DURLAX,SM,18000,8000,44.44
20,738,DVL,EQ,28264,17787,62.93
20,739,DWARKESH,EQ,520316,226643,43.56
20,740,DYCL,EQ,42769,21514,50.30
20,741,DYNAMATECH,EQ,6011,2794,46.48
20,742,DYNAMIC,ST,21000,14000,66.67
20,743,DYNPRO,EQ,3957,1704,43.06
20,744,EASEMYTRIP,EQ,16270205,7094592,43.60
20,745,EBANKNIFTY,EQ,586,236,40.27
20,746,EBBETF0425,EQ,723,709,98.06
20,747,EBBETF0430,EQ,6122,4708,76.90
20,748,EBBETF0431,EQ,1647,1027,62.36
20,749,EBBETF0433,EQ,39785,39573,99.47
20,750,ECAPINSURE,EQ,13165,10284,78.12
20,751,ECLERX,EQ,55283,25742,46.56
20,752,ECOSMOBLTY,EQ,168509,59989,35.60
20,753,EDELWEISS,EQ,2439956,1118873,45.86
20,754,EFACTOR,ST,8000,6400,80.00
20,755,EFFWA,ST,23200,22000,94.83
20,756,EFORCE,SM,19200,15600,81.25
20,757,EGOLD,EQ,54897,54730,99.70
20,758,EICHERMOT,EQ,604384,364629,60.33
20,759,EIDPARRY,EQ,88469,36696,41.48
20,760,EIEL,EQ,18494290,1510260,8.17
20,761,EIFFL,EQ,17918,16496,92.06
20,762,EIHAHOTELS,EQ,13317,4920,36.95
20,763,EIHOTEL,EQ,264648,128729,48.64
20,764,EIMCOELECO,EQ,5690,4148,72.90
20,765,EKC,EQ,281920,109821,38.95
20,766,ELDEHSG,EQ,180,102,56.67
20,767,ELECON,EQ,232214,85728,36.92
20,768,ELECTCAST,EQ,876585,439274,50.11
20,769,ELGIEQUIP,EQ,66936,30989,46.30
20,770,ELIN,EQ,48451,23759,49.04
20,771,EMAIN,SM,93000,59000,63.44
20,772,EMAMILTD,EQ,136204,38607,28.34
20,773,EMAMIPAP,EQ,14420,8259,57.27
20,774,EMBASSY,RR,568946,507887,89.27
20,775,EMBDL,EQ,5932557,1899098,32.01
20,776,EMCURE,EQ,216031,84049,38.91
20,777,EMIL,EQ,480030,302575,63.03
20,778,EMKAYTOOLS,SM,600,450,75.00
20,779,EMMBI,EQ,41266,22160,53.70
20,780,EMMIL,ST,2500,2500,100.00
20,781,EMSLIMITED,EQ,321905,158326,49.18
20,782,EMUDHRA,EQ,92010,34298,37.28
20,783,EMULTIMQ,EQ,62635,56272,89.84
20,784,ENDURANCE,EQ,81271,26674,32.82
20,785,ENFUSE,ST,3600,3600,100.00
20,786,ENGINERSIN,EQ,1224623,381387,31.14
20,787,ENIL,EQ,8801,4765,54.14
20,788,ENSER,ST,5000,5000,100.00
20,789,ENTERO,EQ,85704,62335,72.73
20,790,ENVIRO,SM,28000,20000,71.43
20,791,EPACK,EQ,532710,317215,59.55
20,792,EPIGRAL,EQ,52827,15483,29.31
20,793,EPL,EQ,802953,419917,52.30
20,794,EQUAL50ADD,EQ,1215,747,61.48
20,795,EQUITASBNK,EQ,2161734,709445,32.82
20,796,ERIS,EQ,614173,112353,18.29
20,797,ESABINDIA,EQ,2386,1181,49.50
20,798,ESAFSFB,EQ,403205,126053,31.26
20,799,ESCONET,ST,6800,6800,100.00
20,800,ESCORTS,EQ,150501,43954,29.21
20,801,ESFL,SM,248760,165600,66.57
20,802,ESG,EQ,2105,1430,67.93
20,803,ESILVER,EQ,150576,148352,98.52
20,804,ESPRIT,ST,4800,3200,66.67
20,805,ESSENTIA,EQ,1682070,1016146,60.41
20,806,ESTER,EQ,242845,104228,42.92
20,807,ETHOSLTD,EQ,24841,10127,40.77
20,808,ETML,SM,34800,25200,72.41
20,809,EUREKAFORB,EQ,105581,60984,57.76
20,810,EUROBOND,SM,20000,8000,40.00
20,811,EVEREADY,EQ,81196,39053,48.10
20,812,EVINDIA,EQ,161993,91295,56.36
20,813,EXCELINDUS,EQ,20487,13539,66.09
20,814,EXICOM,EQ,1438847,761986,52.96
20,815,EXIDEIND,EQ,1814706,657168,36.21
20,816,EXPLEOSOL,EQ,56198,37942,67.51
20,817,EXXARO,EQ,287320,179613,62.51
20,818,FACT,EQ,168965,31951,18.91
20,819,FAIRCHEMOR,EQ,7086,3684,51.99
20,820,FALCONTECH,SM,6000,6000,100.00
20,821,FAZE3Q,EQ,2681,1233,45.99
20,822,FCL,EQ,815505,420089,51.51
20,823,FCSSOFT,EQ,1569809,1168026,74.41
20,824,FDC,EQ,42840,21392,49.93
20,825,FEDERALBNK,EQ,7298157,2713803,37.18
20,826,FEDFINA,EQ,210286,110614,52.60
20,827,FELIX,ST,24500,24500,100.00
20,828,FIBERWEB,EQ,54873,26239,47.82
20,829,FICRF3GP,MF,650,650,100.00
20,830,FIDEL,ST,3000,2000,66.67
20,831,FIEMIND,EQ,14136,6313,44.66
20,832,FILATEX,EQ,1171811,639263,54.55
20,833,FINCABLES,EQ,98835,42119,42.62
20,834,FINEORG,EQ,17668,7147,40.45
20,835,FINIETF,EQ,168407,109226,64.86
20,836,FINOPB,EQ,66712,30162,45.21
20,837,FINPIPE,EQ,880309,528035,59.98
20,838,FIRSTCRY,EQ,1326296,495265,37.34
20,839,FIVESTAR,EQ,299373,145982,48.76
20,840,FLAIR,EQ,115687,56502,48.84
20,841,FLUOROCHEM,EQ,28362,13854,48.85
20,842,FMCGIETF,EQ,2751937,1862446,67.68
20,843,FMGOETZE,EQ,101043,72772,72.02
20,844,FOCUS,EQ,125516,76959,61.31
20,845,FOODSIN,EQ,79435,47096,59.29
20,846,FORCAS,ST,3200,3200,100.00
20,847,FORCEMOT,EQ,20536,10515,51.20
20,848,FORGEAUTO,SM,3600,3600,100.00
20,849,FORTIS,EQ,730191,355694,48.71
20,850,FOSECOIND,EQ,264,150,56.82
20,851,FRESHARA,ST,217200,217200,100.00
20,852,FROG,SM,148400,88800,59.84
20,853,FSL,EQ,3316050,961387,28.99
20,854,FUSION,EQ,536013,136944,25.55
20,855,GABRIEL,EQ,607687,158707,26.12
20,856,GAEL,EQ,652950,313957,48.08
20,857,GAIL,EQ,12418542,4956396,39.91
20,858,GAJANAND,ST,45000,45000,100.00
20,859,GALAPREC,EQ,28251,10310,36.49
20,860,GALAXYSURF,EQ,4519,2687,59.46
20,861,GALLANTT,EQ,75712,26745,35.32
20,862,GANDHAR,EQ,674476,578239,85.73
20,863,GANDHITUBE,EQ,1134,718,63.32
20,864,GANECOS,EQ,57026,21890,38.39
20,865,GANESHBE,EQ,33490,16239,48.49
20,866,GANESHHOUC,EQ,107302,36356,33.88
20,867,GANESHIN,SM,96000,57600,60.00
20,868,GANGAFORGE,EQ,275447,175092,63.57
20,869,GANGESSECU,EQ,2001,1234,61.67
20,870,GARFIBRES,EQ,49883,28439,57.01
20,871,GARUDA,EQ,1108543,394789,35.61
20,872,GATEWAY,EQ,469089,237929,50.72
20,873,GEECEE,EQ,26728,12618,47.21
20,874,GEEKAYWIRE,EQ,69485,44625,64.22
20,875,GENCON,EQ,31631,16046,50.73
20,876,GENESYS,EQ,149787,41456,27.68
20,877,GENSOL,EQ,172477,38337,22.23
20,878,GENUSPAPER,EQ,102379,71038,69.39
20,879,GENUSPOWER,EQ,383583,163038,42.50
20,880,GEOJITFSL,EQ,316761,137168,43.30
20,881,GEPIL,EQ,236110,120416,51.00
20,882,GESHIP,EQ,752632,275314,36.58
20,883,GFLLIMITED,EQ,86967,35458,40.77
20,884,GGBL,ST,15900,15000,94.34
20,885,GHCL,EQ,185248,46568,25.14
20,886,GHCLTEXTIL,EQ,141240,70115,49.64
20,887,GICHSGFIN,EQ,93331,46181,49.48
20,888,GICRE,EQ,1277063,666674,52.20
20,889,GILLETTE,EQ,14716,4515,30.68
20,890,GILT5YBEES,EQ,99014,76520,77.28
20,891,GINNIFILA,EQ,9130,7007,76.75
20,892,GIPCL,EQ,410599,254289,61.93
20,893,GIRIRAJ,ST,250,250,100.00
20,894,GKWLIMITED,EQ,714,534,74.79
20,895,GLAND,EQ,113408,72494,63.92
20,896,GLAXO,EQ,461990,99428,21.52
20,897,GLENMARK,EQ,535861,137460,25.65
20,898,GLOBAL,EQ,46555,28658,61.56
20,899,GLOBALPET,SM,1500,1500,100.00
20,900,GLOBE,EQ,2269100,1640333,72.29
20,901,GLOBUSSPR,EQ,90460,42041,46.47
20,902,GLOSTERLTD,EQ,2170,1422,65.53
20,903,GMBREW,EQ,23680,9001,38.01
20,904,GMDCLTD,EQ,432962,157979,36.49
20,905,GMMPFAUDLR,EQ,72056,32680,45.35
20,906,GMRAIRPORT,EQ,8991765,4159378,46.26
20,907,GMRP&UI,EQ,1589696,656951,41.33
20,908,GNA,EQ,32770,16362,49.93
20,909,GNFC,EQ,307338,88943,28.94
20,910,GOACARBON,EQ,8592,4404,51.26
20,911,GOCLCORP,EQ,15891,8145,51.26
20,912,GOCOLORS,EQ,20445,9715,47.52
20,913,GODAVARIB,EQ,96696,64379,66.58
20,914,GODFRYPHLP,EQ,1958096,123880,6.33
20,915,GODIGIT,EQ,266177,109410,41.10
20,916,GODREJAGRO,EQ,55876,23450,41.97
20,917,GODREJCP,EQ,478210,234733,49.09
20,918,GODREJIND,EQ,34980,11557,33.04
20,919,GODREJPROP,EQ,1295363,576452,44.50
20,920,GOKEX,EQ,61090,26659,43.64
20,921,GOKULAGRO,EQ,60318,27267,45.21
20,922,GOLD1,EQ,449688,328125,72.97
20,923,GOLDBEES,EQ,22367847,17306047,77.37
20,924,GOLDCASE,EQ,1370693,1311555,95.69
20,925,GOLDETF,EQ,343810,213953,62.23
20,926,GOLDETFADD,EQ,39314,38096,96.90
20,927,GOLDIAM,EQ,2861683,711447,24.86
20,928,GOLDIETF,EQ,4035014,3743822,92.78
20,929,GOLDSHARE,EQ,214412,169676,79.14
20,930,GOODLUCK,EQ,80841,45426,56.19
20,931,GOPAL,EQ,114772,55270,48.16
20,932,GOYALALUM,EQ,226098,143768,63.59
20,933,GOYALSALT,SM,3600,3600,100.00
20,934,GPECO,ST,9000,9000,100.00
20,935,GPIL,EQ,1210616,416651,34.42
20,936,GPPL,EQ,922884,455544,49.36
20,937,GPTHEALTH,EQ,36196,19069,52.68
20,938,GPTINFRA,EQ,219237,116297,53.05
20,939,GRANULES,EQ,502826,116698,23.21
20,940,GRAPHISAD,ST,6000,6000,100.00
20,941,GRAPHITE,EQ,244494,62066,25.39
20,942,GRASIM,EQ,738201,352943,47.81
20,943,GRAVITA,EQ,120964,47306,39.11
20,944,GRCL,SM,500,250,50.00
20,945,GREAVESCOT,EQ,5087901,880208,17.30
20,946,GREENCHEF,SM,4000,3200,80.00
20,947,GREENLAM,EQ,12939,5412,41.83
20,948,GREENPANEL,EQ,404473,205276,50.75
20,949,GREENPLY,EQ,69115,35323,51.11
20,950,GREENPOWER,EQ,1836453,1005528,54.75
20,951,GRETEX,ST,750,750,100.00
20,952,GRINDWELL,EQ,13301,6731,50.61
20,953,GRINFRA,EQ,20667,8612,41.67
20,954,GRMOVER,EQ,402765,133593,33.17
20,955,GROBTEA,EQ,827,482,58.28
20,956,GROWWDEFNC,EQ,137547,87013,63.26
20,957,GROWWEV,EQ,303822,183731,60.47
20,958,GROWWGOLD,EQ,171549,102625,59.82
20,959,GROWWLIQID,EQ,58361,38187,65.43
20,960,GROWWRAIL,EQ,568376,419756,73.85
20,961,GRPLTD,EQ,665,486,73.08
20,962,GRSE,EQ,452495,92088,20.35
20,963,GRWRHITECH,EQ,441627,125529,28.42
20,964,GSEC10IETF,EQ,12,12,100.00
20,965,GSEC10YEAR,EQ,1295,873,67.41
20,966,GSEC5IETF,EQ,3510,1840,52.42
20,967,GSFC,EQ,923184,328939,35.63
20,968,GSLSU,EQ,196919,64630,32.82
20,969,GSMFOILS,ST,34000,34000,100.00
20,970,GSPL,EQ,612241,184694,30.17
20,971,GSS,EQ,17082,8260,48.35
20,972,GSTL,ST,2000,2000,100.00
20,973,GTL,EQ,265873,160686,60.44
20,974,GTLINFRA,EQ,17755975,10647520,59.97
20,975,GTPL,EQ,390662,370240,94.77
20,976,GUFICBIO,EQ,10363,4844,46.74
20,977,GUJALKALI,EQ,32693,17021,52.06
20,978,GUJAPOLLO,EQ,3250,1115,34.31
20,979,GUJGASLTD,EQ,771038,361627,46.90
20,980,GULFOILLUB,EQ,613609,116077,18.92
20,981,GULFPETRO,EQ,58225,33187,57.00
20,982,GULPOLY,EQ,109230,57238,52.40
20,983,GVPTECH,EQ,23144,17129,74.01
20,984,GVT&D,EQ,678541,638178,94.05
20,985,HAL,EQ,1391172,381884,27.45
20,986,HAPPSTMNDS,EQ,194723,92630,47.57
20,987,HAPPYFORGE,EQ,54842,33064,60.29
20,988,HARIOMPIPE,EQ,77214,40620,52.61
20,989,HARRMALAYA,EQ,31320,22029,70.34
20,990,HARSHA,EQ,21227,10986,51.75
20,991,HATHWAY,EQ,25127678,10121826,40.28
20,992,HATSUN,EQ,14758,5962,40.40
20,993,HAVELLS,EQ,422760,192084,45.44
20,994,HAVISHA,EQ,14034,11153,79.47
20,995,HBLENGINE,EQ,1113562,511016,45.89
20,996,HBSL,EQ,3819,2212,57.92
20,997,HCC,EQ,14293366,4175813,29.22
20,998,HCG,EQ,90500,49023,54.17
20,999,HCL-INSYS,EQ,193278,142926,73.95
20,1000,HCLTECH,EQ,2428098,1755400,72.30
20,1001,HDFCAMC,EQ,247964,102919,41.51
20,1002,HDFCBANK,EQ,11754800,7964834,67.76
20,1003,HDFCBSE500,EQ,20162,11021,54.66
20,1004,HDFCGOLD,EQ,7511592,5417568,72.12
20,1005,HDFCGROWTH,EQ,2766,1561,56.44
20,1006,HDFCLIFE,EQ,2538330,1415534,55.77
20,1007,HDFCLIQUID,EQ,3390,2258,66.61
20,1008,HDFCLOWVOL,EQ,7541,4758,63.10
20,1009,HDFCMID150,EQ,246464,114607,46.50
20,1010,HDFCMOMENT,EQ,276039,185108,67.06
20,1011,HDFCNEXT50,EQ,40623,21701,53.42
20,1012,HDFCNIF100,EQ,91745,85607,93.31
20,1013,HDFCNIFBAN,EQ,708635,520825,73.50
20,1014,HDFCNIFIT,EQ,577547,533983,92.46
20,1015,HDFCNIFTY,EQ,21154,12603,59.58
20,1016,HDFCPSUBK,EQ,16498,15958,96.73
20,1017,HDFCPVTBAN,EQ,131260,107789,82.12
20,1018,HDFCQUAL,EQ,28763,22892,79.59
20,1019,HDFCSENSEX,EQ,15798,14231,90.08
20,1020,HDFCSILVER,EQ,204053,154534,75.73
20,1021,HDFCSML250,EQ,426746,237871,55.74
20,1022,HDFCVALUE,EQ,10792,10238,94.87
20,1023,HEADSUP,EQ,24859,16295,65.55
20,1024,HEALTHADD,EQ,281,187,66.55
20,1025,HEALTHIETF,EQ,170934,75116,43.94
20,1026,HEALTHY,EQ,74175,55758,75.17
20,1027,HEG,EQ,421233,170094,40.38
20,1028,HEIDELBERG,EQ,51786,25046,48.36
20,1029,HEMIPROP,EQ,290799,111810,38.45
20,1030,HERANBA,EQ,51977,28952,55.70
20,1031,HERITGFOOD,EQ,168608,81615,48.41
20,1032,HEROMOTOCO,EQ,1344288,475910,35.40
20,1033,HESTERBIO,EQ,6906,5363,77.66
20,1034,HEUBACHIND,EQ,13053,10132,77.62
20,1035,HEXATRADEX,EQ,48505,13292,27.40
20,1036,HFCL,EQ,10456363,1751903,16.75
20,1037,HGINFRA,EQ,154858,28810,18.60
20,1038,HGS,EQ,10145,6394,63.03
20,1039,HIGREEN,ST,14400,14400,100.00
20,1040,HIKAL,EQ,151454,54318,35.86
20,1041,HIL,EQ,62156,27034,43.49
20,1042,HILTON,EQ,41680,27941,67.04
20,1043,HIMATSEIDE,EQ,446235,171012,38.32
20,1044,HINDALCO,EQ,4687823,2240248,47.79
20,1045,HINDCOMPOS,EQ,3263,2048,62.76
20,1046,HINDCOPPER,EQ,3358716,727432,21.66
20,1047,HINDMOTORS,EQ,425901,195147,45.82
20,1048,HINDOILEXP,EQ,963559,355347,36.88
20,1049,HINDPETRO,EQ,1712683,513606,29.99
20,1050,HINDUNILVR,EQ,855602,509177,59.51
20,1051,HINDWAREAP,EQ,31008,19264,62.13
20,1052,HINDZINC,EQ,1289638,532013,41.25
20,1053,HIRECT,EQ,30493,16559,54.30
20,1054,HISARMETAL,EQ,6564,3879,59.10
20,1055,HITECH,EQ,180046,72991,40.54
20,1056,HITECHCORP,EQ,577,375,64.99
20,1057,HLEGLAS,EQ,13960,6395,45.81
20,1058,HLVLTD,EQ,1125902,499493,44.36
20,1059,HMAAGRO,EQ,147303,89261,60.60
20,1060,HMVL,EQ,41566,27658,66.54
20,1061,HNDFDS,EQ,43455,18774,43.20
20,1062,HNGSNGBEES,EQ,255095,200046,78.42
20,1063,HOACFOODS,ST,3750,3000,80.00
20,1064,HOLMARC,ST,9000,7500,83.33
20,1065,HOMEFIRST,EQ,200025,118720,59.35
20,1066,HOMESFY,SM,3000,2400,80.00
20,1067,HONASA,EQ,950173,306376,32.24
20,1068,HONAUT,EQ,1976,706,35.73
20,1069,HONDAPOWER,EQ,3219,1891,58.74
20,1070,HOVS,EQ,5528,3501,63.33
20,1071,HPAL,EQ,117659,66907,56.87
20,1072,HPIL,EQ,819,528,64.47
20,1073,HPL,EQ,73218,27535,37.61
20,1074,HRHNEXT,ST,6000,6000,100.00
20,1075,HSCL,EQ,345408,121046,35.04
20,1076,HTMEDIA,EQ,125315,75562,60.30
20,1077,HUBTOWN,EQ,152793,118044,77.26
20,1078,HUDCO,EQ,7143569,1131853,15.84
20,1079,HUHTAMAKI,EQ,50352,28101,55.81
20,1080,HVAX,ST,1500,1500,100.00
20,1081,HYUNDAI,EQ,2903619,1768554,60.91
20,1082,IBLFL,ST,6000,6000,100.00
20,1083,ICEMAKE,EQ,12371,5979,48.33
20,1084,ICICIB22,EQ,636408,322568,50.69
20,1085,ICICIBANK,EQ,7382039,4663416,63.17
20,1086,ICICIGI,EQ,352126,212791,60.43
20,1087,ICICIPRULI,EQ,1046797,808842,77.27
20,1088,ICIL,EQ,124984,36933,29.55
20,1089,ICRA,EQ,1294,582,44.98
20,1090,IDBI,EQ,3775976,896207,23.73
20,1091,IDEA,EQ,605199609,170761665,28.22
20,1092,IDEAFORGE,EQ,112648,57652,51.18
20,1093,IDEALTECHO,ST,1000,1000,100.00
20,1094,IDENTICAL,ST,10000,10000,100.00
20,1095,IDFCFIRSTB,EQ,36878678,21680154,58.79
20,1096,IDFNIFTYET,EQ,462,194,41.99
20,1097,IEML,SM,2500,2500,100.00
20,1098,IEX,EQ,4238355,1246539,29.41
20,1099,IFBAGRO,EQ,7287,5063,69.48
20,1100,IFBIND,EQ,53436,26539,49.67
20,1101,IFCI,EQ,5201195,1133331,21.79
20,1102,IFGLEXPOR,EQ,3526,2245,63.67
20,1103,IGARASHI,EQ,12565,6555,52.17
20,1104,IGIL,EQ,1037762,439766,42.38
20,1105,IGL,EQ,1635563,375841,22.98
20,1106,IGPL,EQ,19844,13270,66.87
20,1107,IIFL,EQ,1173057,406904,34.69
20,1108,IIFLCAPS,EQ,569184,248847,43.72
20,1109,IIFLZC25,ND,561,561,100.00
20,1110,IIFLZC25B,NW,120,120,100.00
20,1111,IIFLZC26,NN,35,20,57.14
20,1112,IIFLZC26A,NR,108,108,100.00
20,1113,IIFLZC28A,NU,250,250,100.00
20,1114,IIFLZC28B,Y1,170,170,100.00
20,1115,IKIO,EQ,56045,26445,47.19
20,1116,IKS,EQ,182342,71569,39.25
20,1117,IMAGICAA,EQ,495963,235169,47.42
20,1118,IMC1,N1,10,10,100.00
20,1119,IMC1,N3,10,10,100.00
20,1120,IMFA,EQ,57679,29546,51.22
20,1121,IMPAL,EQ,475,340,71.58
20,1122,INCREDIBLE,EQ,8318,1693,20.35
20,1123,INDBANK,EQ,28493,14113,49.53
20,1124,INDGN,EQ,306280,142314,46.47
20,1125,INDHOTEL,EQ,1439580,733774,50.97
20,1126,INDIACEM,EQ,663639,264390,39.84
20,1127,INDIAGLYCO,EQ,173364,42963,24.78
20,1128,INDIAMART,EQ,80659,42831,53.10
20,1129,INDIANB,EQ,1678959,733391,43.68
20,1130,INDIANHUME,EQ,22687,12189,53.73
20,1131,INDIASHLTR,EQ,736243,478938,65.05
20,1132,INDIFRA,SM,6000,6000,100.00
20,1133,INDIGO,EQ,1091319,782971,71.75
20,1134,INDIGOPNTS,EQ,16640,8129,48.85
20,1135,INDIGRID,IV,368294,314290,85.34
20,1136,INDNIPPON,EQ,2462,1268,51.50
20,1137,INDOAMIN,EQ,42877,19809,46.20
20,1138,INDOBORAX,EQ,20201,10536,52.16
20,1139,INDOCO,EQ,23031,12246,53.17
20,1140,INDOFARM,EQ,1009120,232618,23.05
20,1141,INDORAMA,EQ,75265,47733,63.42
20,1142,INDOSTAR,EQ,70067,44912,64.10
20,1143,INDOTECH,EQ,17110,8317,48.61
20,1144,INDOWIND,EQ,240812,119987,49.83
20,1145,INDRAMEDCO,EQ,97258,40785,41.93
20,1146,INDSWFTLAB,EQ,34278,23967,69.92
20,1147,INDTERRAIN,EQ,50110,34428,68.70
20,1148,INDUSINDBK,EQ,3975043,1902896,47.87
20,1149,INDUSINVIT,IV,41481,30614,73.80
20,1150,INDUSTOWER,EQ,10231223,3795131,37.09
20,1151,INFIBEAM,EQ,7836148,1820787,23.24
20,1152,INFINIUM,SM,3500,3000,85.71
20,1153,INFOBEAN,EQ,8317,5294,63.65
20,1154,INFOLLION,ST,2800,2400,85.71
20,1155,INFOMEDIA,EQ,22570,16533,73.25
20,1156,INFRABEES,EQ,9572,4460,46.59
20,1157,INFRAIETF,EQ,64346,25713,39.96
20,1158,INFY,EQ,4126260,3034536,73.54
20,1159,INGERRAND,EQ,4847,2274,46.92
20,1160,INM,SM,600,600,100.00
20,1161,INNOVACAP,EQ,101051,46041,45.56
20,1162,INNOVANA,EQ,900,620,68.89
20,1163,INOXGREEN,EQ,839319,349528,41.64
20,1164,INOXINDIA,EQ,56145,27622,49.20
20,1165,INOXWIND,EQ,4310152,1662582,38.57
20,1166,INSECTICID,EQ,17403,8268,47.51
20,1167,INSPIRE,SM,96000,72000,75.00
20,1168,INSPIRISYS,EQ,5649,4793,84.85
20,1169,INTELLECT,EQ,165119,51234,31.03
20,1170,INTENTECH,EQ,30341,19354,63.79
20,1171,INTERARCH,EQ,69399,17229,24.83
20,1172,INTLCONV,EQ,43957,18854,42.89
20,1173,INVENTURE,EQ,3231546,1911847,59.16
20,1174,IOB,EQ,4591431,960996,20.93
20,1175,IOC,EQ,8892600,4006044,45.05
20,1176,IOLCP,EQ,198449,89131,44.91
20,1177,IONEXCHANG,EQ,138984,71010,51.09
20,1178,IPCALAB,EQ,217861,99439,45.64
20,1179,IPHL,ST,26400,15600,59.09
20,1180,IPL,EQ,150772,87365,57.95
20,1181,IPSL,SM,38500,38000,98.70
20,1182,IRB,EQ,8907154,2417558,27.14
20,1183,IRBINVIT,IV,261005,218679,83.78
20,1184,IRCON,EQ,4145700,1060863,25.59
20,1185,IRCTC,EQ,616852,160926,26.09
20,1186,IREDA,EQ,6614430,1407930,21.29
20,1187,IRFC,EQ,16860473,5487464,32.55
20,1188,IRISDOREME,EQ,79067,15787,19.97
20,1189,IRMENERGY,EQ,39007,22694,58.18
20,1190,ISEC,EQ,62277,26175,42.03
20,1191,ISFT,EQ,15682,7482,47.71
20,1192,ISGEC,EQ,70042,35450,50.61
20,1193,ISHAN,SM,144000,96000,66.67
20,1194,IT,EQ,543700,521868,95.98
20,1195,ITALIANE,SM,6000,6000,100.00
20,1196,ITBEES,EQ,2044558,1070089,52.34
20,1197,ITC,EQ,18875982,11101522,58.81
20,1198,ITDC,EQ,27195,13148,48.35
20,1199,ITDCEM,EQ,446436,311187,69.70
20,1200,ITETF,EQ,17090,12064,70.59
20,1201,ITETFADD,EQ,19581,9879,50.45
20,1202,ITIETF,EQ,911018,552896,60.69
20,1203,IVC,EQ,67008,45166,67.40
20,1204,IVP,EQ,10361,4783,46.16
20,1205,IVZINGOLD,EQ,193,131,67.88
20,1206,IVZINNIFTY,EQ,63,62,98.41
20,1207,IWEL,EQ,7576,4486,59.21
20,1208,IXIGO,EQ,796054,253963,31.90
20,1209,JAGRAN,EQ,205384,159238,77.53
20,1210,JAGSNPHARM,EQ,532596,132886,24.95
20,1211,JAIBALAJI,EQ,663521,354293,53.40
20,1212,JAICORPLTD,EQ,579981,332263,57.29
20,1213,JAINAM,ST,2000,2000,100.00
20,1214,JAIPURKURT,EQ,270404,143128,52.93
20,1215,JAKHARIA,ST,800,800,100.00
20,1216,JALAN,ST,3000,3000,100.00
20,1217,JAMNAAUTO,EQ,733002,324931,44.33
20,1218,JASH,EQ,59735,23087,38.65
20,1219,JAYAGROGN,EQ,8993,5133,57.08
20,1220,JAYBARMARU,EQ,37497,23251,62.01
20,1221,JAYBEE,ST,79000,71000,89.87
20,1222,JAYNECOIND,EQ,90792,34327,37.81
20,1223,JAYSREETEA,EQ,44406,18948,42.67
20,1224,JBCHEPHARM,EQ,94885,50972,53.72
20,1225,JBMA,EQ,233879,81489,34.84
20,1226,JCHAC,EQ,10010,4560,45.55
20,1227,JEYYAM,SM,198000,180000,90.91
20,1228,JFLLIFE,ST,6000,6000,100.00
20,1229,JGCHEM,EQ,92806,33630,36.24
20,1230,JHS,EQ,111183,65341,58.77
20,1231,JINDALPHOT,EQ,5131,3433,66.91
20,1232,JINDALPOLY,EQ,22498,13822,61.44
20,1233,JINDALSAW,EQ,1262793,483098,38.26
20,1234,JINDALSTEL,EQ,6993440,2505217,35.82
20,1235,JINDRILL,EQ,216011,118123,54.68
20,1236,JINDWORLD,EQ,304610,130060,42.70
20,1237,JIOFIN,EQ,11922059,3298526,27.67
20,1238,JISLDVREQS,EQ,10946,5135,46.91
20,1239,JISLJALEQS,EQ,1795275,733870,40.88
20,1240,JITFINFRA,EQ,29243,13895,47.52
20,1241,JIWANRAM,ST,30000,24000,80.00
20,1242,J&KBANK,EQ,2887668,734267,25.43
20,1243,JKCEMENT,EQ,118357,58186,49.16
20,1244,JKIL,EQ,151516,64072,42.29
20,1245,JKLAKSHMI,EQ,692255,226474,32.72
20,1246,JKPAPER,EQ,482604,254057,52.64
20,1247,JKTYRE,EQ,537105,242398,45.13
20,1248,JLHL,EQ,28810,14397,49.97
20,1249,JMA,EQ,1859,1149,61.81
20,1250,JMFINANCIL,EQ,17343645,2383159,13.74
20,1251,JNKINDIA,EQ,15719,10539,67.05
20,1252,JOCIL,EQ,10155,1628,16.03
20,1253,JPOLYINVST,EQ,2726,1138,41.75
20,1254,JPPOWER,EQ,18741199,6667836,35.58
20,1255,JSFB,EQ,187391,57738,30.81
20,1256,JSL,EQ,617202,275861,44.70
20,1257,JSLL,SM,10710,7380,68.91
20,1258,JSWENERGY,EQ,2431783,658719,27.09
20,1259,JSWINFRA,EQ,1116688,523015,46.84
20,1260,JSWSTEEL,EQ,2846285,808639,28.41
20,1261,JTEKTINDIA,EQ,88454,36983,41.81
20,1262,JTLIND,EQ,867793,343641,39.60
20,1263,JUBLFOOD,EQ,1273431,483372,37.96
20,1264,JUBLINGREA,EQ,319743,120199,37.59
20,1265,JUBLPHARMA,EQ,351656,136059,38.69
20,1266,JUNIORBEES,EQ,223146,105765,47.40
20,1267,JUNIPER,EQ,312835,202352,64.68
20,1268,JUSTDIAL,EQ,157648,36840,23.37
20,1269,JWL,EQ,2239754,783008,34.96
20,1270,JYOTHYLAB,EQ,780290,338435,43.37
20,1271,JYOTICNC,EQ,218376,63880,29.25
20,1272,JYOTISTRUC,EQ,21360884,10460597,48.97
20,1273,K2INFRA,ST,4800,4800,100.00
20,1274,KABRAEXTRU,EQ,66471,33267,50.05
20,1275,KAJARIACER,EQ,121391,65701,54.12
20,1276,KAKATCEM,EQ,3436,3230,94.00
20,1277,KALAMANDIR,EQ,225921,102039,45.17
20,1278,KALANA,SM,8000,8000,100.00
20,1279,KALYANKJIL,EQ,17368687,1373876,7.91
20,1280,KAMATHOTEL,EQ,686903,348060,50.67
20,1281,KAMDHENU,EQ,1505616,975833,64.81
20,1282,KANANIIND,EQ,178892,115869,64.77
20,1283,KANORICHEM,EQ,14699,9144,62.21
20,1284,KANPRPLA,EQ,57981,35718,61.60
20,1285,KANSAINER,EQ,415048,174356,42.01
20,1286,KAPSTON,EQ,2961,1599,54.00
20,1287,KARMAENG,EQ,5825,3383,58.08
20,1288,KARNIKA,ST,4400,4400,100.00
20,1289,KARURVYSYA,EQ,1804670,859129,47.61
20,1290,KATARIA,ST,4800,4200,87.50
20,1291,KAUSHALYA,EQ,1508,1015,67.31
20,1292,KAYA,EQ,3877,2224,57.36
20,1293,KAYNES,EQ,603537,157676,26.13
20,1294,KCEIL,ST,13000,12000,92.31
20,1295,KCP,EQ,311105,146502,47.09
20,1296,KCPSUGIND,EQ,123441,77813,63.04
20,1297,KDDL,EQ,4756,2698,56.73
20,1298,KDL,ST,2100,2100,100.00
20,1299,KEC,EQ,1540033,818658,53.16
20,1300,KECL,EQ,48470,22513,46.45
20,1301,KEI,EQ,152667,76404,50.05
20,1302,KELLTONTEC,EQ,524588,189940,36.21
20,1303,KESORAMIND,EQ,1287394,808669,62.81
20,1304,KEYFINSERV,EQ,152129,32463,21.34
20,1305,KFINTECH,EQ,1626609,472120,29.02
20,1306,KHADIM,EQ,7496,4574,61.02
20,1307,KHAICHEM,EQ,78239,30292,38.72
20,1308,KHAITANLTD,EQ,17689,8555,48.36
20,1309,KHANDSE,EQ,9030,4203,46.54
20,1310,KHFM,SM,1550,1550,100.00
20,1311,KICL,EQ,2844,1819,63.96
20,1312,KILITCH,EQ,3049,1893,62.09
20,1313,KIMS,EQ,286532,158802,55.42
20,1314,KINGFA,EQ,4320,2302,53.29
20,1315,KIOCL,EQ,65460,20420,31.19
20,1316,KIRIINDUS,EQ,671486,206452,30.75
20,1317,KIRLOSBROS,EQ,110888,31618,28.51
20,1318,KIRLOSENG,EQ,232648,132143,56.80
20,1319,KIRLOSIND,EQ,1199,706,58.88
20,1320,KIRLPNU,EQ,346270,259820,75.03
20,1321,KKCL,EQ,18881,9070,48.04
20,1322,KKJEWELS,SM,142000,82000,57.75
20,1323,KLL,SM,23200,16800,72.41
20,1324,KMEW,EQ,5808,2759,47.50
20,1325,KMSUGAR,EQ,188521,86212,45.73
20,1326,KNAGRI,SM,5200,5200,100.00
20,1327,KNRCON,EQ,726330,289663,39.88
20,1328,KODYTECH,SM,4700,4000,85.11
20,1329,KOHINOOR,EQ,88965,22444,25.23
20,1330,KOKUYOCMLN,EQ,11093,7472,67.36
20,1331,KOLTEPATIL,EQ,543792,123762,22.76
20,1332,KONSTELEC,ST,3000,3000,100.00
20,1333,KONTOR,SM,1200,1200,100.00
20,1334,KORE,ST,31500,31500,100.00
20,1335,KOTAKBANK,EQ,4414174,3224693,73.05
20,1336,KOTARISUG,EQ,21441,13771,64.23
20,1337,KOTHARIPET,EQ,33181,15210,45.84
20,1338,KOTYARK,ST,17300,16900,97.69
20,1339,KPEL,EQ,1239501,343340,27.70
20,1340,KPIGREEN,EQ,119304,119304,100.00
20,1341,KPIL,EQ,188093,105117,55.89
20,1342,KPITTECH,EQ,541048,275705,50.96
20,1343,KPRMILL,EQ,616350,290971,47.21
20,1344,KRBL,EQ,1389979,460142,33.10
20,1345,KRISHANA,EQ,22962,14483,63.07
20,1346,KRISHCA,SM,15500,11500,74.19
20,1347,KRISHNADEF,SM,102250,74000,72.37
20,1348,KRITI,EQ,18534,9646,52.04
20,1349,KRITINUT,EQ,21758,13821,63.52
20,1350,KRN,EQ,1328274,270662,20.38
20,1351,KRONOX,EQ,49918,28452,57.00
20,1352,KROSS,EQ,159919,69435,43.42
20,1353,KRSNAA,EQ,25373,15877,62.57
20,1354,KRYSTAL,EQ,46529,22333,48.00
20,1355,KSB,EQ,33783,16859,49.90
20,1356,KSCL,EQ,128743,42779,33.23
20,1357,KSL,EQ,64308,25113,39.05
20,1358,KSOLVES,EQ,34014,12114,35.61
20,1359,KTKBANK,EQ,1087331,665111,61.17
20,1360,KUANTUM,EQ,34070,14816,43.49
20,1361,LAGNAM,EQ,29782,14021,47.08
20,1362,LAKSHYA,SM,16800,12800,76.19
20,1363,LALPATHLAB,EQ,65133,28923,44.41
20,1364,LAMOSAIC,ST,63600,63000,99.06
20,1365,LANCORHOL,EQ,86045,41300,48.00
20,1366,LANDMARK,EQ,43304,26163,60.42
20,1367,LAOPALA,EQ,30333,18239,60.13
20,1368,LASA,EQ,12192,9210,75.54
20,1369,LATENTVIEW,EQ,340347,89088,26.18
20,1370,LAURUSLABS,EQ,2615719,1303108,49.82
20,1371,LAWSIKHO,SM,57000,36500,64.04
20,1372,LAXMICOT,EQ,38425,11390,29.64
20,1373,LAXMIDENTL,EQ,199615,51400,25.75
20,1374,LEMERITE,ST,11200,9600,85.71
20,1375,LEMONTREE,EQ,6538769,2368772,36.23
20,1376,LEXUS,EQ,5131,2437,47.50
20,1377,LFIC,EQ,361,224,62.05
20,1378,LGBBROSLTD,EQ,10742,5553,51.69
20,1379,LIBAS,EQ,23572,16016,67.95
20,1380,LIBERTSHOE,EQ,32645,14188,43.46
20,1381,LICHSGFIN,EQ,2003205,655959,32.75
20,1382,LICI,EQ,1360842,438103,32.19
20,1383,LICMFGOLD,EQ,2133,2084,97.70
20,1384,LICNETFGSC,EQ,286003,277968,97.19
20,1385,LICNETFN50,EQ,1261,1260,99.92
20,1386,LICNETFSEN,EQ,212,115,54.25
20,1387,LICNFNHGP,EQ,88,78,88.64
20,1388,LICNMID100,EQ,6753,3968,58.76
20,1389,LIKHITHA,EQ,58275,29440,50.52
20,1390,LINC,EQ,55642,40447,72.69
20,1391,LINCOLN,EQ,114857,41883,36.47
20,1392,LINDEINDIA,EQ,20799,9906,47.63
20,1393,LIQUID,EQ,334657,137113,40.97
20,1394,LIQUID1,EQ,786197,630010,80.13
20,1395,LIQUIDADD,EQ,489528,321137,65.60
20,1396,LIQUIDBEES,EQ,3101652,2736425,88.22
20,1397,LIQUIDBETF,EQ,10460,10200,97.51
20,1398,LIQUIDCASE,EQ,9458002,8961158,94.75
20,1399,LIQUIDETF,EQ,316863,278190,87.80
20,1400,LIQUIDIETF,EQ,2009834,1792354,89.18
20,1401,LIQUIDPLUS,EQ,9260,8874,95.83
20,1402,LIQUIDSBI,EQ,6116,5349,87.46
20,1403,LIQUIDSHRI,EQ,7193,6031,83.85
20,1404,LLOYDS,SM,12000,10000,83.33
20,1405,LLOYDSENGG,EQ,3782759,1169292,30.91
20,1406,LLOYDSENT,EQ,1989916,1298250,65.24
20,1407,LLOYDSME,EQ,349220,154929,44.36
20,1408,LMW,EQ,2273,1453,63.92
20,1409,LODHA,EQ,1983603,849648,42.83
20,1410,LOKESHMACH,EQ,13252,6763,51.03
20,1411,LOTUSEYE,EQ,5845,3717,63.59
20,1412,LOVABLE,EQ,11002,4063,36.93
20,1413,LOWVOL,EQ,280,279,99.64
20,1414,LOWVOL1,EQ,28971,25750,88.88
20,1415,LOWVOLIETF,EQ,664106,304203,45.81
20,1416,LRRPL,ST,3000,3000,100.00
20,1417,LT,EQ,1722789,1078126,62.58
20,1418,LTF,EQ,4555447,1708980,37.52
20,1419,LTFOODS,EQ,328887,156755,47.66
20,1420,LTGILTBEES,EQ,3028693,2816491,92.99
20,1421,LTIM,EQ,96121,34975,36.39
20,1422,LTTS,EQ,52163,17976,34.46
20,1423,LUMAXIND,EQ,638,354,55.49
20,1424,LUMAXTECH,EQ,125202,52314,41.78
20,1425,LUPIN,EQ,776396,403493,51.97
20,1426,LUXIND,EQ,27732,11104,40.04
20,1427,LXCHEM,EQ,264369,118146,44.69
20,1428,LYKALABS,EQ,39689,18949,47.74
20,1429,LYPSAGEMS,EQ,13055,11821,90.55
20,1430,MACOBSTECH,SM,4800,4800,100.00
20,1431,MACPOWER,EQ,8702,3644,41.88
20,1432,MADHAV,EQ,5790,4654,80.38
20,1433,MADHAVBAUG,SM,1200,1200,100.00
20,1434,MADHUCON,EQ,43675,35266,80.75
20,1435,MADHUSUDAN,SM,28000,24000,85.71
20,1436,MADRASFERT,EQ,136189,52317,38.41
20,1437,MAFANG,EQ,324228,223813,69.03
20,1438,MAGADSUGAR,EQ,7812,5176,66.26
20,1439,MAGNUM,EQ,31964,22433,70.18
20,1440,MAGSON,SM,34000,22000,64.71
20,1441,MAHABANK,EQ,13341783,4181806,31.34
20,1442,MAHAPEXLTD,EQ,2477,1566,63.22
20,1443,MAHESHWARI,EQ,10964,5399,49.24
20,1444,MAHICKRA,SM,1500,1500,100.00
20,1445,MAHKTECH,EQ,676958,662122,97.81
20,1446,MAHLIFE,EQ,107426,45596,42.44
20,1447,MAHLOG,EQ,46137,15090,32.71
20,1448,MAHSCOOTER,EQ,4085,2595,63.53
20,1449,MAHSEAMLES,EQ,213729,74489,34.85
20,1450,MAITHANALL,EQ,23212,12274,52.88
20,1451,MAITREYA,ST,6000,5200,86.67
20,1452,MAKEINDIA,EQ,6909,3949,57.16
20,1453,MAL,SM,36800,33600,91.30
20,1454,MALLCOM,EQ,6011,3951,65.73
20,1455,MALUPAPER,EQ,9998,5905,59.06
20,1456,MAMATA,EQ,531162,103286,19.45
20,1457,MANAKALUCO,EQ,8274,4387,53.02
20,1458,MANAKSIA,EQ,14485,7792,53.79
20,1459,MANAKSTEEL,EQ,18268,12000,65.69
20,1460,MANALIPETC,EQ,128495,63454,49.38
20,1461,MANAPPURAM,EQ,14717042,5661999,38.47
20,1462,MANBA,EQ,128582,74769,58.15
20,1463,MANCREDIT,EQ,27695,2895,10.45
20,1464,MANDEEP,SM,6000,6000,100.00
20,1465,MANGALAM,EQ,57329,36614,63.87
20,1466,MANGCHEFER,EQ,120529,61809,51.28
20,1467,MANGLMCEM,EQ,74865,53450,71.40
20,1468,MANINDS,EQ,244952,106758,43.58
20,1469,MANINFRA,EQ,412452,179536,43.53
20,1470,MANKIND,EQ,630850,356795,56.56
20,1471,MANOMAY,EQ,17914,5022,28.03
20,1472,MANORAMA,EQ,21460,12147,56.60
20,1473,MANORG,EQ,2853,1955,68.52
20,1474,MANUGRAPH,EQ,8126,5328,65.57
20,1475,MANYAVAR,EQ,111743,67245,60.18
20,1476,MAPMYINDIA,EQ,32068,16437,51.26
20,1477,MARALOVER,EQ,6556,3262,49.76
20,1478,MARATHON,EQ,34113,14749,43.24
20,1479,MARCO,SM,10500,7500,71.43
20,1480,MARICO,EQ,837069,381024,45.52
20,1481,MARKSANS,EQ,1366535,432401,31.64
20,1482,MARUTI,EQ,355223,234142,65.91
20,1483,MASFIN,EQ,88627,43055,48.58
20,1484,MASON,ST,8000,8000,100.00
20,1485,MASPTOP50,EQ,159899,138451,86.59
20,1486,MASTEK,EQ,47323,25402,53.68
20,1487,MASTER,SM,500,500,100.00
20,1488,MASTERTR,EQ,17059,10478,61.42
20,1489,MATRIMONY,EQ,8665,6360,73.40
20,1490,MAWANASUG,EQ,85002,38974,45.85
20,1491,MAXESTATES,EQ,99600,67984,68.26
20,1492,MAXHEALTH,EQ,1906494,1298564,68.11
20,1493,MAXIND,EQ,68052,36839,54.13
20,1494,MAXPOSURE,SM,4000,4000,100.00
20,1495,MAYURUNIQ,EQ,31711,17316,54.61
20,1496,MAZDOCK,EQ,3731060,468190,12.55
20,1497,MBAPL,EQ,19016,11498,60.46
20,1498,MBLINFRA,EQ,258823,16896,6.53
20,1499,MCLOUD,EQ,241713,112829,46.68
20,1500,MCON,ST,11000,11000,100.00
20,1501,MCX,EQ,216509,59957,27.69
20,1502,MDL,SM,4000,3000,75.00
20,1503,MEDANTA,EQ,252011,133130,52.83
20,1504,MEDIASSIST,EQ,115668,45727,39.53
20,1505,MEDICAMEQ,EQ,15082,7767,51.50
20,1506,MEDICO,EQ,2103626,687148,32.66
20,1507,MEDIORG,SM,18000,12000,66.67
20,1508,MEDPLUS,EQ,118141,67254,56.93
20,1509,MEGAFLEX,SM,6000,6000,100.00
20,1510,MEGASTAR,EQ,4295,2099,48.87
20,1511,MEGATHERM,SM,24000,10800,45.00
20,1512,MENONBE,EQ,20412,9667,47.36
20,1513,METAL,EQ,418765,206491,49.31
20,1514,METALIETF,EQ,2759225,1695501,61.45
20,1515,METROBRAND,EQ,152240,96062,63.10
20,1516,METROPOLIS,EQ,191885,89847,46.82
20,1517,MFSL,EQ,248073,109736,44.24
20,1518,MGEL,EQ,120064,69582,57.95
20,1519,MGL,EQ,285625,123991,43.41
20,1520,MHHL,ST,7500,6000,80.00
20,1521,MHRIL,EQ,71902,28894,40.19
20,1522,MICEL,EQ,239826,138356,57.69
20,1523,MICROPRO,SM,3200,3200,100.00
20,1524,MID150BEES,EQ,617141,402740,65.26
20,1525,MID150CASE,EQ,868701,439944,50.64
20,1526,MIDCAP,EQ,25199,15420,61.19
20,1527,MIDCAPETF,EQ,772396,586881,75.98
20,1528,MIDCAPIETF,EQ,1082562,765805,70.74
20,1529,MIDHANI,EQ,218454,95402,43.67
20,1530,MIDQ50ADD,EQ,3286,3105,94.49
20,1531,MIDSELIETF,EQ,99007,37739,38.12
20,1532,MIDSMALL,EQ,212464,158067,74.40
20,1533,MIEL,ST,38000,22000,57.89
20,1534,MINDACORP,EQ,397050,85439,21.52
20,1535,MINDSPACE,RR,150378,133682,88.90
20,1536,MINDTECK,EQ,80362,30086,37.44
20,1537,MIRCELECTR,EQ,348971,184481,52.86
20,1538,MIRZAINT,EQ,690214,224590,32.54
20,1539,MITCON,EQ,4925,2204,44.75
20,1540,MITCONPP,E1,1213,685,56.47
20,1541,MITTAL,EQ,4566848,3481901,76.24
20,1542,MKPL,EQ,217941,162257,74.45
20,1543,M&M,EQ,4790111,1971775,41.16
20,1544,M&MFIN,EQ,1866777,584722,31.32
20,1545,MMFL,EQ,53228,36469,68.51
20,1546,MMP,EQ,11677,7425,63.59
20,1547,MMTC,EQ,705707,249429,35.34
20,1548,MNC,EQ,33754,31009,91.87
20,1549,MOBIKWIK,EQ,2592237,274221,10.58
20,1550,MODEFENCE,EQ,455355,234310,51.46
20,1551,MODIRUBBER,EQ,11304,2633,23.29
20,1552,MODISONLTD,EQ,16356,7001,42.80
20,1553,MOGSEC,EQ,1271,828,65.15
20,1554,MOHEALTH,EQ,160270,102802,64.14
20,1555,MOIL,EQ,809714,219080,27.06
20,1556,MOKSH,EQ,557811,208583,37.39
20,1557,MOL,EQ,394258,156559,39.71
20,1558,MOLDTECH,EQ,90708,56934,62.77
20,1559,MOLDTKPAC,EQ,32501,18885,58.11
20,1560,MOLOWVOL,EQ,2606,2527,96.97
20,1561,MOM100,EQ,237746,89675,37.72
20,1562,MOM30IETF,EQ,530875,287009,54.06
20,1563,MOM50,EQ,4954,2725,55.01
20,1564,MOMENTUM,EQ,30037,18177,60.52
20,1565,MOMENTUM50,EQ,1874544,1715379,91.51
20,1566,MOMOMENTUM,EQ,143920,55980,38.90
20,1567,MON100,EQ,1081589,676519,62.55
20,1568,MONARCH,EQ,531371,155543,29.27
20,1569,MONIFTY500,EQ,230545,201795,87.53
20,1570,MONOPHARMA,SM,204000,204000,100.00
20,1571,MONQ50,EQ,77421,65890,85.11
20,1572,MONTECARLO,EQ,8015,3549,44.28
20,1573,MOQUALITY,EQ,1657,1620,97.77
20,1574,MOREALTY,EQ,213677,101774,47.63
20,1575,MOREPENLAB,EQ,2591819,959439,37.02
20,1576,MOS,ST,8400,7200,85.71
20,1577,MOSCHIP,EQ,231096,146464,63.38
20,1578,MOSMALL250,EQ,499210,318295,63.76
20,1579,MOTHERSON,EQ,8059710,3269747,40.57
20,1580,MOTILALOFS,EQ,3450093,467201,13.54
20,1581,MOTISONS,EQ,1753929,909220,51.84
20,1582,MOTOGENFIN,EQ,10323,8793,85.18
20,1583,MOVALUE,EQ,70929,25519,35.98
20,1584,MPHASIS,EQ,211878,84969,40.10
20,1585,MPSLTD,EQ,17191,8660,50.38
20,1586,MPTODAY,SM,2000,2000,100.00
20,1587,MRF,EQ,9034,1309,14.49
20,1588,MRO-TEK,EQ,68653,31397,45.73
20,1589,MRPL,EQ,937701,263219,28.07
20,1590,MSPL,EQ,204194,134474,65.86
20,1591,MSTCLTD,EQ,96516,51699,53.57
20,1592,MSUMI,EQ,14437039,12285628,85.10
20,1593,MTARTECH,EQ,43313,21320,49.22
20,1594,MTNL,EQ,14688707,2258667,15.38
20,1595,MUFIN,EQ,73339,31629,43.13
20,1596,MUFTI,EQ,215597,128801,59.74
20,1597,MUKANDLTD,EQ,75932,38574,50.80
20,1598,MUKKA,EQ,187041,87612,46.84
20,1599,MUKTAARTS,EQ,2380,845,35.50
20,1600,MULTICAP,EQ,54897,41824,76.19
20,1601,MUNJALAU,EQ,108013,60220,55.75
20,1602,MUNJALSHOW,EQ,28724,17437,60.71
20,1603,MURUDCERA,EQ,40357,20740,51.39
20,1604,MUTHOOTCAP,EQ,17679,11020,62.33
20,1605,MUTHOOTFIN,EQ,560151,304687,54.39
20,1606,MUTHOOTMF,EQ,338318,157269,46.49
20,1607,MVGJL,EQ,1182141,414070,35.03
20,1608,MVKAGRO,SM,9600,9600,100.00
20,1609,MWL,SM,18000,18000,100.00
20,1610,NACLIND,EQ,125526,50738,40.42
20,1611,NAGAFERT,EQ,417355,230283,55.18
20,1612,NAGREEKEXP,EQ,6560,4279,65.23
20,1613,NAHARCAP,EQ,4740,2160,45.57
20,1614,NAHARINDUS,EQ,9184,4648,50.61
20,1615,NAHARPOLY,EQ,24537,12652,51.56
20,1616,NAHARSPING,EQ,26321,13992,53.16
20,1617,NAMAN,ST,3200,3200,100.00
20,1618,NAM-INDIA,EQ,535425,225765,42.17
20,1619,NAMOEWASTE,ST,14400,14400,100.00
20,1620,NATCOPHARM,EQ,503320,220569,43.82
20,1621,NATHBIOGEN,EQ,21400,12000,56.07
20,1622,NATIONALUM,EQ,8089719,2398620,29.65
20,1623,NAUKRI,EQ,206052,75497,36.64
20,1624,NAVA,EQ,616464,182571,29.62
20,1625,NAVINFLUOR,EQ,209986,103109,49.10
20,1626,NAVKARCORP,EQ,318193,172882,54.33
20,1627,NAVNETEDUL,EQ,162231,81960,50.52
20,1628,NAZARA,EQ,57867,25780,44.55
20,1629,NBCC,EQ,6300526,1494499,23.72
20,1630,NCC,EQ,30897975,7745412,25.07
20,1631,NCLIND,EQ,110597,52988,47.91
20,1632,NDL,EQ,4300846,1931134,44.90
20,1633,NDLVENTURE,EQ,6814,4233,62.12
20,1634,NDRAUTO,EQ,17714,9681,54.65
20,1635,NDTV,EQ,66549,24334,36.57
20,1636,NECCLTD,EQ,97134,45123,46.45
20,1637,NEELAM,ST,6000,6000,100.00
20,1638,NELCAST,EQ,59275,35719,60.26
20,1639,NELCO,EQ,39727,13876,34.93
20,1640,NEOGEN,EQ,16954,6092,35.93
20,1641,NEPHROCARE,SM,90000,71600,79.56
20,1642,NESCO,EQ,57005,25695,45.07
20,1643,NESTLEIND,EQ,792558,550998,69.52
20,1644,NETF,EQ,4460,2752,61.70
20,1645,NETWEB,EQ,265707,118466,44.59
20,1646,NETWORK18,EQ,2234205,874558,39.14
20,1647,NEULANDLAB,EQ,14736,5197,35.27
20,1648,NEWGEN,EQ,246598,94187,38.19
20,1649,NEWJAISA,SM,24000,19500,81.25
20,1650,NEXT30ADD,EQ,26776,22336,83.42
20,1651,NEXT50,EQ,6359,4821,75.81
20,1652,NEXT50IETF,EQ,559119,211457,37.82
20,1653,NFL,EQ,1309160,320368,24.47
20,1654,NGIL,EQ,84338,3406,4.04
20,1655,NGILPP1,E1,7214,6479,89.81
20,1656,NGLFINE,EQ,12279,4242,34.55
20,1657,NH,EQ,414783,118207,28.50
20,1658,NHPC,EQ,10978567,2447741,22.30
20,1659,NIACL,EQ,436596,106882,24.48
20,1660,NIBE,EQ,66988,25840,38.57
20,1661,NIDAN,SM,2000,2000,100.00
20,1662,NIF100BEES,EQ,36720,17760,48.37
20,1663,NIF100IETF,EQ,68507,35816,52.28
20,1664,NIF10GETF,EQ,529,266,50.28
20,1665,NIF5GETF,EQ,765,522,68.24
20,1666,NIFITETF,EQ,699,695,99.43
20,1667,NIFMID150,EQ,455,415,91.21
20,1668,NIFTY1,EQ,28431,13911,48.93
20,1669,NIFTY50ADD,EQ,7064,3569,50.52
20,1670,NIFTYBEES,EQ,4565941,2118844,46.41
20,1671,NIFTYBETF,EQ,1746,1212,69.42
20,1672,NIFTYETF,EQ,34391,23435,68.14
20,1673,NIFTYIETF,EQ,150791,79406,52.66
20,1674,NIFTYQLITY,EQ,70692,63572,89.93
20,1675,NIITLTD,EQ,1038558,454247,43.74
20,1676,NIITMTS,EQ,66281,30995,46.76
20,1677,NILAINFRA,EQ,475051,243400,51.24
20,1678,NILKAMAL,EQ,2515,1854,73.72
20,1679,NINSYS,EQ,8263,4385,53.07
20,1680,NIPPOBATRY,EQ,1362,731,53.67
20,1681,NIRAJ,EQ,11144,4491,40.30
20,1682,NIRMAN,SM,17100,13200,77.19
20,1683,NITINSPIN,EQ,45122,25292,56.05
20,1684,NITIRAJ,EQ,5992,4174,69.66
20,1685,NIVABUPA,EQ,886629,419722,47.34
20,1686,NLCINDIA,EQ,1055395,238518,22.60
20,1687,NMDC,EQ,36994940,9891995,26.74
20,1688,NMSTEEL,ST,11200,11200,100.00
20,1689,NOCIL,EQ,893884,467638,52.32
20,1690,NORTHARC,EQ,217230,120166,55.32
20,1691,NOVAAGRI,EQ,136180,65640,48.20
20,1692,NPBET,EQ,202,120,59.41
20,1693,NPST,SM,12000,9750,81.25
20,1694,NRAIL,EQ,3846,2572,66.87
20,1695,NRBBEARING,EQ,104790,62149,59.31
20,1696,NRL,EQ,376521,126163,33.51
20,1697,NSIL,EQ,4005,2092,52.23
20,1698,NSLNISP,EQ,2823452,1052095,37.26
20,1699,NTPC,EQ,8937447,5594486,62.60
20,1700,NTPCGREEN,EQ,8184320,3943387,48.18
20,1701,NUCLEUS,EQ,14432,7883,54.62
20,1702,NUVAMA,EQ,82079,31388,38.24
20,1703,NUVOCO,EQ,274904,215103,78.25
20,1704,NV20,EQ,12304,5338,43.38
20,1705,NV20BEES,EQ,22202,12523,56.40
20,1706,NV20IETF,EQ,559140,350399,62.67
20,1707,NXST,RR,604026,542322,89.78
20,1708,NXT-INFRA,IV,250000,250000,100.00
20,1709,NYKAA,EQ,4365166,2268786,51.97
20,1710,OAL,EQ,8213,4847,59.02
20,1711,OBCL,EQ,7161,5969,83.35
20,1712,OBEROIRLTY,EQ,547399,206033,37.64
20,1713,OBSCP,ST,134400,124800,92.86
20,1714,OCCL,EQ,12210,6734,55.15
20,1715,OCCLLTD,EQ,69631,35992,51.69
20,1716,OFSS,EQ,111132,46102,41.48
20,1717,OIL,EQ,2037690,536762,26.34
20,1718,OILCOUNTUB,EQ,535916,248579,46.38
20,1719,OILIETF,EQ,1004495,406462,40.46
20,1720,OLAELEC,EQ,36396886,7183027,19.74
20,1721,OLECTRA,EQ,274605,62058,22.60
20,1722,OLIL,SM,69600,28800,41.38
20,1723,OMAXAUTO,EQ,5898,3846,65.21
20,1724,OMAXE,EQ,42657,25766,60.40
20,1725,OMFURN,ST,14400,14400,100.00
20,1726,OMINFRAL,EQ,136308,69915,51.29
20,1727,ONDOOR,ST,900,900,100.00
20,1728,ONELIFECAP,EQ,5412,5129,94.77
20,1729,ONEPOINT,EQ,604376,268091,44.36
20,1730,ONESOURCE,EQ,249544,162855,65.26
20,1731,ONGC,EQ,10098454,4011350,39.72
20,1732,ONMOBILE,EQ,354739,110436,31.13
20,1733,ONWARDTEC,EQ,305486,65053,21.29
20,1734,ONYX,ST,14000,14000,100.00
20,1735,OPTIEMUS,EQ,140209,67541,48.17
20,1736,ORCHASP,EQ,630507,482228,76.48
20,1737,ORCHPHARMA,EQ,57084,32051,56.15
20,1738,ORIANA,SM,57900,34950,60.36
20,1739,ORICONENT,EQ,212747,104253,49.00
20,1740,ORIENTALTL,EQ,1755639,142958,8.14
20,1741,ORIENTBELL,EQ,6120,3950,64.54
20,1742,ORIENTCEM,EQ,474721,376478,79.31
20,1743,ORIENTCER,EQ,35563,16195,45.54
20,1744,ORIENTELEC,EQ,186168,127435,68.45
20,1745,ORIENTHOT,EQ,624305,394200,63.14
20,1746,ORIENTPPR,EQ,253738,140942,55.55
20,1747,ORIENTTECH,EQ,143731,118053,82.13
20,1748,ORISSAMINE,EQ,3213,1420,44.20
20,1749,ORTINGLOBE,EQ,1932,1327,68.69
20,1750,OSELDEVICE,ST,7200,7200,100.00
20,1751,OSWALAGRO,EQ,138839,72942,52.54
20,1752,OSWALGREEN,EQ,205604,78039,37.96
20,1753,OWAIS,SM,8600,6000,69.77
20,1754,PAGEIND,EQ,42482,14425,33.96
20,1755,PAISALO,EQ,1510421,685728,45.40
20,1756,PAKKA,EQ,49775,29532,59.33
20,1757,PALASHSECU,EQ,2967,1742,58.71
20,1758,PANACEABIO,EQ,232980,94359,40.50
20,1759,PANAMAPET,EQ,29144,14119,48.45
20,1760,PANSARI,EQ,1830,1830,100.00
20,1761,PARACABLES,EQ,1248126,552234,44.25
20,1762,PARADEEP,EQ,2973441,921636,31.00
20,1763,PARAGMILK,EQ,321477,158111,49.18
20,1764,PARAGON,ST,22800,21600,94.74
20,1765,PARAMATRIX,SM,3600,2400,66.67
20,1766,PARAMOUNT,SM,3600,3600,100.00
20,1767,PARAS,EQ,188340,82881,44.01
20,1768,PARASPETRO,EQ,92186,63689,69.09
20,1769,PARKHOTELS,EQ,296784,143015,48.19
20,1770,PARTYCRUS,SM,8000,7000,87.50
20,1771,PASHUPATI,ST,1000,1000,100.00
20,1772,PASUPTAC,EQ,24365,16674,68.43
20,1773,PATANJALI,EQ,981225,287379,29.29
20,1774,PATELENG,EQ,1860719,1020653,54.85
20,1775,PATINTLOG,EQ,109180,57446,52.62
20,1776,PATTECH,SM,1500,1500,100.00
20,1777,PAVNAIND,EQ,9732,4202,43.18
20,1778,PAYTM,EQ,4660388,1228068,26.35
20,1779,PCBL,EQ,1202994,369230,30.69
20,1780,PCCL,SM,26000,16000,61.54
20,1781,PCJEWELLER,EQ,11645909,5925400,50.88
20,1782,PDMJEPAPER,EQ,114029,56170,49.26
20,1783,PDSL,EQ,37469,22734,60.67
20,1784,PEARLPOLY,EQ,11052,8597,77.79
20,1785,PEL,EQ,363270,67743,18.65
20,1786,PELATRO,ST,29400,29400,100.00
20,1787,PENIND,EQ,416302,148750,35.73
20,1788,PENINLAND,EQ,244680,123259,50.38
20,1789,PENTAGON,SM,10000,7000,70.00
20,1790,PERFECT,ST,12000,12000,100.00
20,1791,PERSISTENT,EQ,246917,88058,35.66
20,1792,PETRONET,EQ,2157166,965510,44.76
20,1793,PFC,EQ,16988216,6658335,39.19
20,1794,PFIZER,EQ,17807,7157,40.19
20,1795,PFOCUS,EQ,18523,7874,42.51
20,1796,PFS,EQ,482990,228696,47.35
20,1797,PGEL,EQ,4755979,1487398,31.27
20,1798,PGHH,EQ,2038,928,45.53
20,1799,PGHL,EQ,4972,3161,63.58
20,1800,PGIL,EQ,57984,24058,41.49
20,1801,PGINVIT,IV,910561,775522,85.17
20,1802,PHANTOMFX,ST,6900,6600,95.65
20,1803,PHARMABEES,EQ,1890240,1018671,53.89
20,1804,PHOENIXLTD,EQ,698041,415921,59.58
20,1805,PHOGLOBAL,ST,12000,10000,83.33
20,1806,PIDILITIND,EQ,198892,113858,57.25
20,1807,PIIND,EQ,1266192,672031,53.07
20,1808,PILANIINVS,EQ,2981,1744,58.50
20,1809,PILITA,EQ,181913,140574,77.28
20,1810,PITTIENG,EQ,50767,26605,52.41
20,1811,PIXTRANS,EQ,11966,6180,51.65
20,1812,PLASTIBLEN,EQ,2531,1339,52.90
20,1813,PLATIND,EQ,105832,45424,42.92
20,1814,PLAZACABLE,EQ,13831,9540,68.98
20,1815,PNB,EQ,29397431,9860129,33.54
20,1816,PNBGILTS,EQ,553490,164454,29.71
20,1817,PNBHOUSING,EQ,957992,241110,25.17
20,1818,PNC,EQ,2717,2030,74.71
20,1819,PNCINFRA,EQ,286437,117080,40.87
20,1820,PNGJL,EQ,141598,50022,35.33
20,1821,POCL,EQ,35157,18059,51.37
20,1822,PODDARMENT,EQ,4362,4000,91.70
20,1823,POKARNA,EQ,37799,20080,53.12
20,1824,POLICYBZR,EQ,916722,449184,49.00
20,1825,POLYCAB,EQ,158629,48383,30.50
20,1826,POLYMED,EQ,98052,34135,34.81
20,1827,POLYPLEX,EQ,44553,22732,51.02
20,1828,POLYSIL,SM,4000,4000,100.00
20,1829,PONNIERODE,EQ,5391,3106,57.61
20,1830,POONAWALLA,EQ,1927372,670262,34.78
20,1831,POSITRON,SM,2100,1800,85.71
20,1832,POWERGRID,EQ,17193482,8685021,50.51
20,1833,POWERINDIA,EQ,78105,17307,22.16
20,1834,POWERMECH,EQ,34838,17600,50.52
20,1835,PPAP,EQ,3700,2215,59.86
20,1836,PPL,EQ,24164,10881,45.03
20,1837,PPLPHARMA,EQ,2155188,688115,31.93
20,1838,PPSL,SM,18000,18000,100.00
20,1839,PRAENG,EQ,37252,26245,70.45
20,1840,PRAJIND,EQ,395332,152567,38.59
20,1841,PRAKASH,EQ,341243,161396,47.30
20,1842,PRAKASHSTL,EQ,254100,124233,48.89
20,1843,PRAMARA,SM,47000,26000,55.32
20,1844,PRANIK,SM,8000,8000,100.00
20,1845,PRATHAM,ST,6400,6400,100.00
20,1846,PRECAM,EQ,243625,118638,48.70
20,1847,PRECISION,ST,6000,6000,100.00
20,1848,PRECWIRE,EQ,76804,34681,45.16
20,1849,PREMEXPLN,EQ,74811,38957,52.07
20,1850,PREMIERENE,EQ,1137893,307923,27.06
20,1851,PRESSTONIC,ST,2400,2400,100.00
20,1852,PRESTIGE,EQ,1067338,719540,67.41
20,1853,PRICOLLTD,EQ,209187,106200,50.77
20,1854,PRIMESECU,EQ,34390,19253,55.98
20,1855,PRINCEPIPE,EQ,48233,20032,41.53
20,1856,PRITI,EQ,7804,4543,58.21
20,1857,PRITIKA,ST,12000,10000,83.33
20,1858,PRITIKAUTO,EQ,113370,68433,60.36
20,1859,PRIVISCL,EQ,18947,14123,74.54
20,1860,PRIZOR,ST,12800,12000,93.75
20,1861,PRLIND,SM,9000,9000,100.00
20,1862,PROLIFE,SM,4000,2500,62.50
20,1863,PROPEQUITY,SM,1800,1800,100.00
20,1864,PROTEAN,EQ,287402,166036,57.77
20,1865,PROV,SM,320,240,75.00
20,1866,PRSMJOHNSN,EQ,425965,98860,23.21
20,1867,PRUDENT,EQ,200112,175977,87.94
20,1868,PSB,EQ,980718,165283,16.85
20,1869,PSFL,SM,34000,26000,76.47
20,1870,PSPPROJECT,EQ,375150,216268,57.65
20,1871,PSUBANK,EQ,34910,25297,72.46
20,1872,PSUBANKADD,EQ,10669,8632,80.91
20,1873,PSUBNKBEES,EQ,1769997,754477,42.63
20,1874,PSUBNKIETF,EQ,165284,59140,35.78
20,1875,PTC,EQ,2180754,1625274,74.53
20,1876,PTCIL,EQ,3358,1533,45.65
20,1877,PTL,EQ,40845,29292,71.72
20,1878,PULZ,ST,16000,16000,100.00
20,1879,PUNJABCHEM,EQ,6541,3838,58.68
20,1880,PURPLEUTED,SM,26000,17000,65.38
20,1881,PURVA,EQ,44035,18507,42.03
20,1882,PURVFLEXI,SM,12000,11200,93.33
20,1883,PVP,EQ,441706,228688,51.77
20,1884,PVRINOX,EQ,1794207,309718,17.26
20,1885,PVSL,EQ,14252,7682,53.90
20,1886,PVTBANIETF,EQ,1483877,597855,40.29
20,1887,PVTBANKADD,EQ,46584,39884,85.62
20,1888,PYRAMID,EQ,16967,8137,47.96
20,1889,QGOLDHALF,EQ,45759,42747,93.42
20,1890,QMSMEDI,SM,2000,2000,100.00
20,1891,QNIFTY,EQ,594,510,85.86
20,1892,QUADFUTURE,EQ,6849737,361352,5.28
20,1893,QUADPRO,SM,36000,36000,100.00
20,1894,QUAL30IETF,EQ,132842,40780,30.70
20,1895,QUESS,EQ,104608,47721,45.62
20,1896,QUESTLAB,ST,85200,85200,100.00
20,1897,QUICKHEAL,EQ,45463,15114,33.24
20,1898,QUICKTOUCH,ST,3500,3500,100.00
20,1899,QVCEL,ST,1600,1600,100.00
20,1900,RACE,EQ,164268,78428,47.74
20,1901,RACLGEAR,EQ,12266,9008,73.44
20,1902,RADHIKAJWE,EQ,159062,91391,57.46
20,1903,RADIANTCMS,EQ,125819,85185,67.70
20,1904,RADICO,EQ,77864,42681,54.81
20,1905,RADIOCITY,EQ,60852,30181,49.60
20,1906,RADIOCITY,P1,20,20,100.00
20,1907,RADIOWALLA,SM,8000,4800,60.00
20,1908,RAILTEL,EQ,980026,218391,22.28
20,1909,RAIN,EQ,519126,206688,39.81
20,1910,RAINBOW,EQ,35605,23163,65.06
20,1911,RAJESHEXPO,EQ,2056824,717238,34.87
20,1912,RAJINDLTD,SM,106500,58500,54.93
20,1913,RAJMET,EQ,298189,172541,57.86
20,1914,RAJPUTANA,SM,64000,45000,70.31
20,1915,RAJRATAN,EQ,19576,10211,52.16
20,1916,RAJSREESUG,EQ,31074,15675,50.44
20,1917,RALLIS,EQ,341011,224805,65.92
20,1918,RAMANEWS,EQ,102317,71592,69.97
20,1919,RAMAPHO,EQ,46702,27361,58.59
20,1920,RAMASTEEL,EQ,5600994,1646838,29.40
20,1921,RAMCOCEM,EQ,1851664,808086,43.64
20,1922,RAMCOIND,EQ,72343,39652,54.81
20,1923,RAMCOSYS,EQ,32665,13951,42.71
20,1924,RAMKY,EQ,36199,26577,73.42
20,1925,RAMRAT,EQ,17596,7434,42.25
20,1926,RANASUG,EQ,158086,84738,53.60
20,1927,RANEENGINE,EQ,8549,4097,47.92
20,1928,RANEHOLDIN,EQ,50725,17236,33.98
20,1929,RAPPID,ST,5400,5400,100.00
20,1930,RATEGAIN,EQ,64950,28305,43.58
20,1931,RATNAMANI,EQ,18113,8822,48.71
20,1932,RATNAVEER,EQ,86574,41998,48.51
20,1933,RAYMOND,EQ,129315,32549,25.17
20,1934,RAYMONDLSL,EQ,238066,133781,56.19
20,1935,RBA,EQ,619925,282522,45.57
20,1936,RBL,EQ,8190,4374,53.41
20,1937,RBLBANK,EQ,6442719,1926472,29.90
20,1938,RBMINFRA,SM,196600,89800,45.68
20,1939,RBS,ST,16000,14400,90.00
20,1940,RBZJEWEL,EQ,149583,66088,44.18
20,1941,RCDL,SM,18000,12000,66.67
20,1942,RCF,EQ,1283846,282202,21.98
20,1943,RECLTD,EQ,14726471,4210466,28.59
20,1944,REDINGTON,EQ,10665612,1126248,10.56
20,1945,REDTAPE,EQ,425716,214696,50.43
20,1946,REFRACTORY,ST,5000,5000,100.00
20,1947,RELAXO,EQ,95112,37453,39.38
20,1948,RELCHEMQ,EQ,2394,1140,47.62
20,1949,RELIABLE,EQ,1843,1437,77.97
20,1950,RELIANCE,EQ,8764283,5591594,63.80
20,1951,RELIGARE,EQ,3461713,1987963,57.43
20,1952,RELINFRA,EQ,6175237,3108015,50.33
20,1953,RELTD,EQ,128777,66111,51.34
20,1954,REMSONSIND,EQ,199990,132761,66.38
20,1955,REMUS,SM,800,600,75.00
20,1956,RENUKA,EQ,2790275,1033106,37.03
20,1957,REPCOHOME,EQ,145523,78619,54.03
20,1958,REPRO,EQ,23021,9187,39.91
20,1959,RESPONIND,EQ,148542,15515,10.44
20,1960,RETAIL,EQ,2553,1826,71.52
20,1961,REXPRO,ST,151000,138000,91.39
20,1962,RGL,EQ,176170,89889,51.02
20,1963,RHIM,EQ,30377,19614,64.57
20,1964,RICOAUTO,EQ,230333,94135,40.87
20,1965,RIIL,EQ,102619,27131,26.44
20,1966,RILINFRA,SM,25100,24900,99.20
20,1967,RISHABH,EQ,44207,24566,55.57
20,1968,RITCO,EQ,20033,7875,39.31
20,1969,RITES,EQ,783158,302872,38.67
20,1970,RKDL,EQ,18801,11437,60.83
20,1971,RKEC,EQ,20368,13954,68.51
20,1972,RKFORGE,EQ,212413,81707,38.47
20,1973,RKSWAMY,EQ,36362,23165,63.71
20,1974,RMDRIP,ST,4000,4000,100.00
20,1975,RML,EQ,13733,4076,29.68
20,1976,RNFI,ST,6000,6000,100.00
20,1977,ROCKINGDCE,SM,7750,5750,74.19
20,1978,ROHLTD,EQ,19561,12702,64.94
20,1979,ROLEXRINGS,EQ,61524,56348,91.59
20,1980,ROML,EQ,2607,1925,73.84
20,1981,ROSSARI,EQ,13886,6242,44.95
20,1982,ROSSTECH,EQ,109968,59051,53.70
20,1983,ROTO,EQ,27765,13918,50.13
20,1984,ROUTE,EQ,62410,29095,46.62
20,1985,ROXHITECH,ST,16000,14400,90.00
20,1986,RPEL,EQ,31334,17955,57.30
20,1987,RPGLIFE,EQ,8723,4133,47.38
20,1988,RPOWER,EQ,30242652,8353064,27.62
20,1989,RPPL,EQ,240785,198667,82.51
20,1990,RPSGVENT,EQ,42008,31177,74.22
20,1991,RPTECH,EQ,68861,32555,47.28
20,1992,RRKABEL,EQ,78797,44939,57.03
20,1993,RSWM,EQ,19334,12348,63.87
20,1994,RSYSTEMS,EQ,210541,185049,87.89
20,1995,RTNINDIA,EQ,1169259,423175,36.19
20,1996,RTNPOWER,EQ,7849651,4492976,57.24
20,1997,RUBFILA,EQ,28977,23250,80.24
20,1998,RUBYMILLS,EQ,4390,1916,43.64
20,1999,RUCHINFRA,EQ,57512,35061,60.96
20,2000,RUCHIRA,EQ,8799,6083,69.13
20,2001,RULKA,ST,3000,2700,90.00
20,2002,RUPA,EQ,119926,59025,49.22
20,2003,RUSHIL,EQ,182155,88046,48.34
20,2004,RUSTOMJEE,EQ,15342,7259,47.31
20,2005,RVNL,EQ,4897511,1425416,29.10
20,2006,RVTH,EQ,396,286,72.22
20,2007,SAAKSHI,SM,5400,4200,77.78
20,2008,SABAR,ST,50000,45000,90.00
20,2009,SADBHIN,EQ,64268,47059,73.22
20,2010,SADHAV,SM,9000,8400,93.33
20,2011,SADHNANIQ,EQ,261259,145072,55.53
20,2012,SAFARI,EQ,272643,207100,75.96
20,2013,SAGARDEEP,EQ,367588,149493,40.67
20,2014,SAGCEM,EQ,22746,15124,66.49
20,2015,SAHAJSOLAR,SM,7400,6400,86.49
20,2016,SAHANA,ST,7375,6875,93.22
20,2017,SAHASRA,SM,49200,33200,67.48
20,2018,SAHYADRI,EQ,11121,9720,87.40
20,2019,SAIFL,SM,14400,13600,94.44
20,2020,SAIL,EQ,22943084,6301989,27.47
20,2021,SAILIFE,EQ,1786247,494201,27.67
20,2022,SAJHOTELS,ST,42000,42000,100.00
20,2023,SAKAR,EQ,263088,116471,44.27
20,2024,SAKHTISUG,EQ,166319,92868,55.84
20,2025,SAKSOFT,EQ,59097,27204,46.03
20,2026,SALASAR,EQ,2580416,1280953,49.64
20,2027,SALONA,EQ,749,322,42.99
20,2028,SALSTEEL,EQ,2396823,398971,16.65
20,2029,SALZERELEC,EQ,155238,53336,34.36
20,2030,SAMHI,EQ,1045288,473096,45.26
20,2031,SAMMAANCAP,EQ,7419598,3113286,41.96
20,2032,SANATHAN,EQ,153162,68522,44.74
20,2033,SANDESH,EQ,1454,842,57.91
20,2034,SANDHAR,EQ,44763,23532,52.57
20,2035,SANDUMA,EQ,87139,52311,60.03
20,2036,SANGAMIND,EQ,8953,3770,42.11
20,2037,SANGHIIND,EQ,467283,223319,47.79
20,2038,SANGHVIMOV,EQ,223383,99851,44.70
20,2039,SANGINITA,EQ,18170,11661,64.18
20,2040,SANOFI,EQ,5246,2858,54.48
20,2041,SANOFICONR,EQ,4096,2124,51.86
20,2042,SANSERA,EQ,92166,47582,51.63
20,2043,SANSTAR,EQ,184646,78983,42.78
20,2044,SAPPHIRE,EQ,812371,220587,27.15
20,2045,SARDAEN,EQ,487485,292910,60.09
20,2046,SAREGAMA,EQ,503342,103870,20.64
20,2047,SARTELE,SM,695000,527000,75.83
20,2048,SARVESHWAR,EQ,1358105,742984,54.71
20,2049,SASKEN,EQ,10999,6973,63.40
20,2050,SASTASUNDR,EQ,108257,58013,53.59
20,2051,SATECH,ST,25000,24000,96.00
20,2052,SATIA,EQ,110429,57640,52.20
20,2053,SATIN,EQ,302448,170398,56.34
20,2054,SATINDLTD,EQ,281992,127255,45.13
20,2055,SATKARTAR,SM,91200,54400,59.65
20,2056,SAURASHCEM,EQ,36348,19568,53.84
20,2057,SBC,EQ,3608994,1707510,47.31
20,2058,SBCL,EQ,90548,60816,67.16
20,2059,SBFC,EQ,662084,326358,49.29
20,2060,SBGLP,EQ,583591,303780,52.05
20,2061,SBICARD,EQ,1378157,696463,50.54
20,2062,SBIETFCON,EQ,2350,1704,72.51
20,2063,SBIETFIT,EQ,1967,1355,68.89
20,2064,SBIETFPB,EQ,2593,1782,68.72
20,2065,SBIETFQLTY,EQ,5250,2705,51.52
20,2066,SBILIFE,EQ,562410,285128,50.70
20,2067,SBIN,EQ,37240692,17254403,46.33
20,2068,SBINEQWETF,EQ,15070,10419,69.14
20,2069,SBISILVER,EQ,191435,150125,78.42
20,2070,SCHAEFFLER,EQ,20128,8457,42.02
20,2071,SCHAND,EQ,14424,7187,49.83
20,2072,SCHNEIDER,EQ,93616,43635,46.61
20,2073,SCI,EQ,1045820,368328,35.22
20,2074,SCILAL,EQ,419260,216033,51.53
20,2075,SCL25924A,N1,10,10,100.00
20,2076,SCLZC25,YN,10,10,100.00
20,2077,SCPL,EQ,7488,5262,70.27
20,2078,SDBL,EQ,487151,243151,49.91
20,2079,SDL26BEES,EQ,2635,836,31.73
20,2080,SEAMECLTD,EQ,31690,24486,77.27
20,2081,SECL,ST,6250,6250,100.00
20,2082,SECMARK,EQ,628,515,82.01
20,2083,SECURKLOUD,EQ,9785,6649,67.95
20,2084,SEJALLTD,EQ,4010,2493,62.17
20,2085,SEL,ST,600,600,100.00
20,2086,SELAN,EQ,43914,21577,49.13
20,2087,SELMC,EQ,18984,9661,50.89
20,2088,SENCO,EQ,348412,110589,31.74
20,2089,SENORES,EQ,1958361,440574,22.50
20,2090,SENSEXADD,EQ,1724,1094,63.46
20,2091,SENSEXETF,EQ,3685,3635,98.64
20,2092,SENSEXIETF,EQ,13373,4587,34.30
20,2093,SEPC,EQ,2074963,1029150,49.60
20,2094,SEQUENT,EQ,390210,267054,68.44
20,2095,SERVICE,SM,6000,6000,100.00
20,2096,SERVOTECH,EQ,347130,149603,43.10
20,2097,SESHAPAPER,EQ,6226,3967,63.72
20,2098,SETF10GILT,EQ,7661,5457,71.23
20,2099,SETFGOLD,EQ,3233093,2859816,88.45
20,2100,SETFNIF50,EQ,253808,163201,64.30
20,2101,SETFNIFBK,EQ,63141,34298,54.32
20,2102,SETFNN50,EQ,38352,28463,74.22
20,2103,SFL,EQ,59765,26372,44.13
20,2104,SFML,SM,25600,16000,62.50
20,2105,SGBAPR28I,GB,534,497,93.07
20,2106,SGBAUG27,GB,40,39,97.50
20,2107,SGBAUG28V,GB,467,366,78.37
20,2108,SGBAUG29V,GB,236,230,97.46
20,2109,SGBAUG30,GB,402,339,84.33
20,2110,SGBD29VIII,GB,69,55,79.71
20,2111,SGBDC27VII,GB,2,1,50.00
20,2112,SGBDE30III,GB,358,269,75.14
20,2113,SGBDE31III,GB,3275,1892,57.77
20,2114,SGBDEC25,GB,35,23,65.71
20,2115,SGBDEC2513,GB,7,7,100.00
20,2116,SGBDEC26,GB,15,15,100.00
20,2117,SGBFEB27,GB,115,115,100.00
20,2118,SGBFEB29XI,GB,103,103,100.00
20,2119,SGBFEB32IV,GB,1950,1145,58.72
20,2120,SGBJ28VIII,GB,18,18,100.00
20,2121,SGBJAN27,GB,30,30,100.00
20,2122,SGBJAN29IX,GB,92,67,72.83
20,2123,SGBJAN29X,GB,206,151,73.30
20,2124,SGBJAN30IX,GB,225,210,93.33
20,2125,SGBJU29III,GB,119,89,74.79
20,2126,SGBJUL25,GB,54,49,90.74
20,2127,SGBJUL28IV,GB,839,577,68.77
20,2128,SGBJUL29IV,GB,131,69,52.67
20,2129,SGBJUN28,GB,206,184,89.32
20,2130,SGBJUN29II,GB,81,60,74.07
20,2131,SGBJUN30,GB,75,67,89.33
20,2132,SGBJUN31I,GB,876,595,67.92
20,2133,SGBMAR25,GB,103,98,95.15
20,2134,SGBMAR28X,GB,2,2,100.00
20,2135,SGBMAR30X,GB,37,25,67.57
20,2136,SGBMAR31IV,GB,296,263,88.85
20,2137,SGBMAY25,GB,171,139,81.29
20,2138,SGBMAY26,GB,1,1,100.00
20,2139,SGBMAY28,GB,84,69,82.14
20,2140,SGBMAY29I,GB,456,414,90.79
20,2141,SGBMR29XII,GB,543,456,83.98
20,2142,SGBN28VIII,GB,33,18,54.55
20,2143,SGBNOV26,GB,15,15,100.00
20,2144,SGBNV29VII,GB,717,548,76.43
20,2145,SGBOC28VII,GB,112,67,59.82
20,2146,SGBOCT25IV,GB,58,41,70.69
20,2147,SGBOCT25V,GB,2,2,100.00
20,2148,SGBOCT26,GB,1,1,100.00
20,2149,SGBOCT27,GB,4,4,100.00
20,2150,SGBOCT27VI,GB,38,38,100.00
20,2151,SGBSEP27,GB,10,10,100.00
20,2152,SGBSEP28VI,GB,570,413,72.46
20,2153,SGBSEP29VI,GB,169,162,95.86
20,2154,SGBSEP31II,GB,2282,1456,63.80
20,2155,SGL,EQ,4613,3816,82.72
20,2156,SGLTL,EQ,2646999,568100,21.46
20,2157,SHAH,EQ,451922,345484,76.45
20,2158,SHAHALLOYS,EQ,225014,55849,24.82
20,2159,SHALBY,EQ,187364,127986,68.31
20,2160,SHALPAINTS,EQ,47644,19776,41.51
20,2161,SHANKARA,EQ,156007,68310,43.79
20,2162,SHANTHALA,ST,1200,1200,100.00
20,2163,SHANTI,EQ,270997,202475,74.71
20,2164,SHANTIGEAR,EQ,16410,5162,31.46
20,2165,SHARDACROP,EQ,399656,106524,26.65
20,2166,SHARDAMOTR,EQ,8111,4102,50.57
20,2167,SHAREINDIA,EQ,211349,101335,47.95
20,2168,SHARIABEES,EQ,3206,2118,66.06
20,2169,SHEETAL,SM,46000,30000,65.22
20,2170,SHEMAROO,EQ,9350,6355,67.97
20,2171,SHERA,SM,11000,7000,63.64
20,2172,SHIGAN,SM,3000,3000,100.00
20,2173,SHILPAMED,EQ,180366,95902,53.17
20,2174,SHIVALIK,EQ,86208,30058,34.87
20,2175,SHIVAMAUTO,EQ,83103,42602,51.26
20,2176,SHIVAMILLS,EQ,50696,27927,55.09
20,2177,SHIVATEX,EQ,11999,5106,42.55
20,2178,SHK,EQ,66158,34678,52.42
20,2179,SHOPERSTOP,EQ,30423,13187,43.35
20,2180,SHREDIGCEM,EQ,140243,100824,71.89
20,2181,SHREECEM,EQ,70630,54487,77.14
20,2182,SHREEKARNI,ST,2550,2400,94.12
20,2183,SHREEOSFM,SM,23000,15000,65.22
20,2184,SHREEPUSHK,EQ,21571,10190,47.24
20,2185,SHRENIK,EQ,1079996,643046,59.54
20,2186,SHREYANIND,EQ,15496,8409,54.27
20,2187,SHRIPISTON,EQ,15681,7483,47.72
20,2188,SHRIRAMFIN,EQ,5747620,1669416,29.05
20,2189,SHRIRAMPPS,EQ,1134668,467031,41.16
20,2190,SHRITECH,SM,10000,8000,80.00
20,2191,SHUBHLAXMI,ST,6000,6000,100.00
20,2192,SHYAMCENT,EQ,83898,57635,68.70
20,2193,SHYAMMETL,EQ,459928,278993,60.66
20,2194,SIDDHIKA,ST,2000,2000,100.00
20,2195,SIEMENS,EQ,396057,132297,33.40
20,2196,SIGACHI,EQ,1497225,559272,37.35
20,2197,SIGIND,EQ,7469,5025,67.28
20,2198,SIGMA,EQ,18761,1018,5.43
20,2199,SIGNATURE,EQ,535406,70585,13.18
20,2200,SIGNORIA,ST,2000,2000,100.00
20,2201,SIKKO,EQ,21667,16355,75.48
20,2202,SIL,EQ,26467,16265,61.45
20,2203,SILGO,EQ,64820,41890,64.63
20,2204,SILINV,EQ,10070,6779,67.32
20,2205,SILKFLEX,SM,8000,8000,100.00
20,2206,SILLYMONKS,EQ,951,786,82.65
20,2207,SILVER,EQ,192157,107832,56.12
20,2208,SILVER1,EQ,26724,22805,85.34
20,2209,SILVERADD,EQ,27503,14940,54.32
20,2210,SILVERBEES,EQ,4161201,3419896,82.19
20,2211,SILVERETF,EQ,212854,153249,72.00
20,2212,SILVERIETF,EQ,592555,420989,71.05
20,2213,SILVERTUC,EQ,15364,3980,25.90
20,2214,SILVRETF,EQ,7270,6359,87.47
20,2215,SINCLAIR,EQ,49876,32694,65.55
20,2216,SINDHUTRAD,EQ,2443459,914551,37.43
20,2217,SINTERCOM,EQ,1412,396,28.05
20,2218,SIRCA,EQ,32037,19781,61.74
20,2219,SIS,EQ,64939,35383,54.49
20,2220,SIYSIL,EQ,77091,40046,51.95
20,2221,SJLOGISTIC,SM,64250,39750,61.87
20,2222,SJS,EQ,31946,14473,45.30
20,2223,SJVN,EQ,6559395,1521640,23.20
20,2224,SKFINDIA,EQ,15756,8807,55.90
20,2225,SKIPPER,EQ,942702,198559,21.06
20,2226,SKMEGGPROD,EQ,72940,34825,47.74
20,2227,SKP,SM,3500,3500,100.00
20,2228,SKYGOLD,EQ,343812,175805,51.13
20,2229,SLONE,ST,5600,5600,100.00
20,2230,SMALLCAP,EQ,3397503,2446929,72.02
20,2231,SMCGLOBAL,EQ,102016,69843,68.46
20,2232,SMLISUZU,EQ,60796,12333,20.29
20,2233,SMLT,EQ,7932,5195,65.49
20,2234,SMSPHARMA,EQ,101921,53238,52.23
20,2235,SMVD,SM,40400,40400,100.00
20,2236,SNOWMAN,EQ,317573,188180,59.26
20,2237,SOBHA,EQ,378057,64653,17.10
20,2238,SOLARA,EQ,69639,48037,68.98
20,2239,SOLARAPP,E1,19874,19420,97.72
20,2240,SOLARINDS,EQ,243310,73200,30.09
20,2241,SOLEX,ST,15500,15250,98.39
20,2242,SOMANYCERA,EQ,35316,16315,46.20
20,2243,SOMICONVEY,EQ,8694,5640,64.87
20,2244,SONACOMS,EQ,1676568,776584,46.32
20,2245,SONAMAC,ST,4000,3000,75.00
20,2246,SONAMLTD,EQ,368503,245948,66.74
20,2247,SONATSOFTW,EQ,11834581,3661521,30.94
20,2248,SONUINFRA,ST,42000,42000,100.00
20,2249,SOTL,EQ,29871,13634,45.64
20,2250,SOUTHBANK,EQ,11027829,4102170,37.20
20,2251,SOUTHWEST,EQ,47299,28868,61.03
20,2252,SPAL,EQ,31360,19124,60.98
20,2253,SPANDANA,EQ,385611,110703,28.71
20,2254,SPARC,EQ,410181,217775,53.09
20,2255,SPCL,ST,9600,9000,93.75
20,2256,SPECIALITY,EQ,26725,15499,57.99
20,2257,SPECTRUM,SM,5500,3625,65.91
20,2258,SPECTSTM,ST,11200,11200,100.00
20,2259,SPENCERS,EQ,87657,50082,57.13
20,2260,SPIC,EQ,1655435,748419,45.21
20,2261,SPLIL,EQ,14758,9985,67.66
20,2262,SPLPETRO,EQ,26208,15263,58.24
20,2263,SPORTKING,EQ,74183,38206,51.50
20,2264,SPPPOLY,ST,4000,4000,100.00
20,2265,SRD,EQ,22840,14479,63.39
20,2266,SREEL,EQ,14348,7723,53.83
20,2267,SRF,EQ,316963,162275,51.20
20,2268,SRGHFL,EQ,8530,2646,31.02
20,2269,SRHHYPOLTD,EQ,15648,7882,50.37
20,2270,SRIVASAVI,SM,7000,6000,85.71
20,2271,SSDL,EQ,44854,29959,66.79
20,2272,SSEGL,SM,40400,26000,64.36
20,2273,SSFL,SM,3500,3000,85.71
20,2274,S&SPOWER,EQ,1732,839,48.44
20,2275,SSWL,EQ,269560,117695,43.66
20,2276,STALLION,EQ,1649413,742637,45.02
20,2277,STANLEY,EQ,35326,18078,51.17
20,2278,STAR,EQ,622073,283636,45.60
20,2279,STARCEMENT,EQ,474192,196175,41.37
20,2280,STARHEALTH,EQ,643474,351944,54.69
20,2281,STARPAPER,EQ,5332,2287,42.89
20,2282,STARTECK,EQ,41017,5493,13.39
20,2283,STCINDIA,EQ,23554,10807,45.88
20,2284,STEELCAS,EQ,6488,3613,55.69
20,2285,STEELCITY,EQ,19363,12142,62.71
20,2286,STEELXIND,EQ,845307,349074,41.30
20,2287,STEL,EQ,3865,2503,64.76
20,2288,STERTOOLS,EQ,172461,83345,48.33
20,2289,STLTECH,EQ,457433,217593,47.57
20,2290,STOVEKRAFT,EQ,83579,23790,28.46
20,2291,STYLAMIND,EQ,15714,9749,62.04
20,2292,STYLEBAAZA,EQ,322338,174618,54.17
20,2293,STYRENIX,EQ,14530,7513,51.71
20,2294,SUBEXLTD,EQ,2362227,1195941,50.63
20,2295,SUBROS,EQ,16892,7415,43.90
20,2296,SUDARSCHEM,EQ,76163,46130,60.57
20,2297,SUKHJITS,EQ,3062,2297,75.02
20,2298,SULA,EQ,278945,133848,47.98
20,2299,SUMICHEM,EQ,250545,89971,35.91
20,2300,SUMMITSEC,EQ,6866,3315,48.28
20,2301,SUNCLAY,EQ,7202,4024,55.87
20,2302,SUNDARAM,EQ,521631,345857,66.30
20,2303,SUNDARMFIN,EQ,51091,14056,27.51
20,2304,SUNDARMHLD,EQ,52232,32523,62.27
20,2305,SUNDRMFAST,EQ,46854,23887,50.98
20,2306,SUNPHARMA,EQ,1371545,854631,62.31
20,2307,SUNREST,SM,9600,4800,50.00
20,2308,SUNTECK,EQ,282956,113243,40.02
20,2309,SUNTV,EQ,1225935,499487,40.74
20,2310,SUPERHOUSE,EQ,4807,2558,53.21
20,2311,SUPERSPIN,EQ,64472,41761,64.77
20,2312,SUPRAJIT,EQ,22524,11654,51.74
20,2313,SUPREME,EQ,158691,64779,40.82
20,2314,SUPREMEIND,EQ,86749,31226,36.00
20,2315,SUPREMEPWR,ST,48000,47000,97.92
20,2316,SUPRIYA,EQ,287497,106556,37.06
20,2317,SURAJEST,EQ,92566,60301,65.14
20,2318,SURAKSHA,EQ,57264,28118,49.10
20,2319,SURANASOL,EQ,85675,54140,63.19
20,2320,SURANAT&P,EQ,103630,44865,43.29
20,2321,SURYALAXMI,EQ,10545,8961,84.98
20,2322,SURYAROSNI,EQ,1000734,393966,39.37
20,2323,SURYODAY,EQ,242152,120490,49.76
20,2324,SUTLEJTEX,EQ,44130,20549,46.56
20,2325,SUVEN,EQ,202072,95239,47.13
20,2326,SUVENPHAR,EQ,101562,28476,28.04
20,2327,SUVIDHAA,EQ,141227,83608,59.20
20,2328,SUYOG,EQ,16769,12071,71.98
20,2329,SUZLON,EQ,38821987,19272791,49.64
20,2330,SWANENERGY,EQ,1145534,482442,42.12
20,2331,SWARAJ,SM,244000,226500,92.83
20,2332,SWARAJENG,EQ,10537,6223,59.06
20,2333,SWASTIK,SM,14400,10800,75.00
20,2334,SWELECTES,EQ,8799,3755,42.68
20,2335,SWIGGY,EQ,23290096,6271702,26.93
20,2336,SWSOLAR,EQ,722756,363779,50.33
20,2337,SYLVANPLY,SM,22000,22000,100.00
20,2338,SYMPHONY,EQ,192849,78462,40.69
20,2339,SYNCOMF,EQ,1502615,708315,47.14
20,2340,SYNGENE,EQ,602009,326296,54.20
20,2341,SYNOPTICS,SM,12600,10800,85.71
20,2342,SYRMA,EQ,656511,334091,50.89
20,2343,SYSTANGO,SM,11600,8400,72.41
20,2344,TAC,ST,1800,1800,100.00
20,2345,TAINWALCHM,EQ,11188,6428,57.45
20,2346,TAJGVK,EQ,354926,107359,30.25
20,2347,TALBROAUTO,EQ,23980,12730,53.09
20,2348,TANLA,EQ,480051,185099,38.56
20,2349,TAPIFRUIT,SM,750,750,100.00
20,2350,TARC,EQ,506545,249073,49.17
20,2351,TARIL,EQ,370961,178429,48.10
20,2352,TARMAT,EQ,11771,5649,47.99
20,2353,TARSONS,EQ,30528,12206,39.98
20,2354,TASTYBITE,EQ,1262,565,44.77
20,2355,TATACHEM,EQ,956627,554490,57.96
20,2356,TATACOMM,EQ,176864,60328,34.11
20,2357,TATACONSUM,EQ,941811,533895,56.69
20,2358,TATAELXSI,EQ,64931,24936,38.40
20,2359,TATAGOLD,EQ,9160036,7327426,79.99
20,2360,TATAINVEST,EQ,14319,6165,43.05
20,2361,TATAMOTORS,EQ,12259132,4976228,40.59
20,2362,TATAPOWER,EQ,5469279,1610838,29.45
20,2363,TATASTEEL,EQ,52950146,15410196,29.10
20,2364,TATATECH,EQ,443249,212073,47.85
20,2365,TATSILV,EQ,718515,580865,80.84
20,2366,TATVA,EQ,21801,13776,63.19
20,2367,TBI,SM,13200,10200,77.27
20,2368,TBOTEK,EQ,34105,22610,66.30
20,2369,TBZ,EQ,180714,42258,23.38
20,2370,TCHF30,NB,255,155,60.78
20,2371,TCI,EQ,17363,7667,44.16
20,2372,TCIEXP,EQ,64644,30860,47.74
20,2373,TCL,SM,14400,14400,100.00
20,2374,TCPLPACK,EQ,2145,1398,65.17
20,2375,TCS,EQ,1548940,993255,64.12
20,2376,TDPOWERSYS,EQ,2629401,891712,33.91
20,2377,TEAMLEASE,EQ,9915,4456,44.94
20,2378,TECH,EQ,573361,523892,91.37
20,2379,TECHERA,ST,46400,44800,96.55
20,2380,TECHLABS,ST,17625,17000,96.45
20,2381,TECHM,EQ,1582031,1029639,65.08
20,2382,TECHNOE,EQ,261186,150687,57.69
20,2383,TECILCHEM,EQ,207,204,98.55
20,2384,TEGA,EQ,76326,34014,44.56
20,2385,TEJASNET,EQ,523186,171927,32.86
20,2386,TEXINFRA,EQ,191725,102365,53.39
20,2387,TEXMOPIPES,EQ,19774,14127,71.44
20,2388,TEXRAIL,EQ,2346405,866955,36.95
20,2389,TFCILTD,EQ,227509,105144,46.22
20,2390,TGBHOTELS,EQ,26828,23552,87.79
20,2391,TGL,ST,63200,51000,80.70
20,2392,THANGAMAYL,EQ,87508,41593,47.53
20,2393,THEINVEST,EQ,8992,4146,46.11
20,2394,THEJO,EQ,3422,2555,74.66
20,2395,THEMISMED,EQ,39326,20543,52.24
20,2396,THERMAX,EQ,114063,38878,34.08
20,2397,THOMASCOOK,EQ,1154238,756833,65.57
20,2398,THYROCARE,EQ,42084,25199,59.88
20,2399,TI,EQ,1110198,586673,52.84
20,2400,TICL,EQ,231361,133612,57.75
20,2401,TIIL,EQ,5752,3132,54.45
20,2402,TIINDIA,EQ,230951,119671,51.82
20,2403,TIL,EQ,9159,6843,74.71
20,2404,TIMETECHNO,EQ,689396,227121,32.94
20,2405,TIMKEN,EQ,282692,206107,72.91
20,2406,TIPSMUSIC,EQ,193517,74955,38.73
20,2407,TIRUMALCHM,EQ,191880,84825,44.21
20,2408,TIRUPATI,SM,11250,11250,100.00
20,2409,TITAGARH,EQ,1423233,446753,31.39
20,2410,TITAN,EQ,740155,386416,52.21
20,2411,TMB,EQ,56168,32452,57.78
20,2412,TNIDETF,EQ,53274,47014,88.25
20,2413,TNPETRO,EQ,84261,35259,41.84
20,2414,TNPL,EQ,138114,103555,74.98
20,2415,TOKYOPLAST,EQ,727,579,79.64
20,2416,TOLINS,EQ,150982,74479,49.33
20,2417,TOP100CASE,EQ,288325,170817,59.24
20,2418,TOP10ADD,EQ,374143,366926,98.07
20,2419,TORNTPHARM,EQ,694270,387035,55.75
20,2420,TORNTPOWER,EQ,721914,299011,41.42
20,2421,TOTAL,EQ,6954,4404,63.33
20,2422,TOUCHWOOD,EQ,5256,4437,84.42
20,2423,TPLPLASTEH,EQ,267250,32605,12.20
20,2424,TRACXN,EQ,152556,74401,48.77
20,2425,TRANSRAILL,EQ,5112096,815335,15.95
20,2426,TRANSTEEL,ST,174000,172000,98.85
20,2427,TRANSWORLD,EQ,44758,33057,73.86
20,2428,TREEHOUSE,EQ,11342,8946,78.87
20,2429,TREJHARA,EQ,4728,2630,55.63
20,2430,TREL,EQ,279162,188593,67.56
20,2431,TRENT,EQ,2846965,905615,31.81
20,2432,TRF,EQ,13762,6968,50.63
20,2433,TRIDENT,EQ,4114573,1459458,35.47
20,2434,TRIDHYA,SM,9000,9000,100.00
20,2435,TRIGYN,EQ,84985,53839,63.35
20,2436,TRITURBINE,EQ,3484941,1132592,32.50
20,2437,TRIVENI,EQ,327825,97785,29.83
20,2438,TROM,SM,7800,5400,69.23
20,2439,TRUST,ST,14400,14400,100.00
20,2440,TTKHLTCARE,EQ,1355,910,67.16
20,2441,TTKPRESTIG,EQ,33509,11736,35.02
20,2442,TTML,EQ,3409514,536981,15.75
20,2443,TUNWAL,SM,16000,12000,75.00
20,2444,TVSELECT,EQ,6071,2033,33.49
20,2445,TVSHLTD,EQ,6296,3222,51.18
20,2446,TVSMOTOR,EQ,493929,226586,45.87
20,2447,TVSSCS,EQ,272698,111340,40.83
20,2448,TVSSRICHAK,EQ,1072,821,76.59
20,2449,TVTODAY,EQ,73124,33810,46.24
20,2450,UBL,EQ,164882,64249,38.97
20,2451,UCL,SM,50000,50000,100.00
20,2452,UCOBANK,EQ,4884203,1186480,24.29
20,2453,UDAICEMENT,EQ,342954,214753,62.62
20,2454,UDS,EQ,312992,151337,48.35
20,2455,UFLEX,EQ,35025,19815,56.57
20,2456,UFO,EQ,87893,42135,47.94
20,2457,UGARSUGAR,EQ,148338,66551,44.86
20,2458,UGROCAP,EQ,139729,87354,62.52
20,2459,UHTL,ST,22000,22000,100.00
20,2460,UJJIVANSFB,EQ,27348197,13217403,48.33
20,2461,ULTRACEMCO,EQ,310549,163625,52.69
20,2462,UMA,SM,4000,4000,100.00
20,2463,UMAEXPORTS,EQ,20098,8330,41.45
20,2464,UMESLTD,EQ,15470,14356,92.80
20,2465,UNICHEMLAB,EQ,176046,86622,49.20
20,2466,UNIDT,EQ,20744,13036,62.84
20,2467,UNIECOM,EQ,281948,118419,42.00
20,2468,UNIENTER,EQ,8099,6387,78.86
20,2469,UNIINFO,EQ,9425,5404,57.34
20,2470,UNILEX,SM,6400,4800,75.00
20,2471,UNIMECH,EQ,125086,37690,30.13
20,2472,UNIONBANK,EQ,14207366,4444427,31.28
20,2473,UNIPARTS,EQ,86872,48402,55.72
20,2474,UNITDSPR,EQ,621350,397467,63.97
20,2475,UNITEDTEA,EQ,1875,961,51.25
20,2476,UNIVCABLES,EQ,23375,10658,45.60
20,2477,UNOMINDA,EQ,1539257,676496,43.95
20,2478,UPL,EQ,2340663,1377632,58.86
20,2479,URAVIDEF,EQ,2777,1298,46.74
20,2480,URBAN,ST,14400,13600,94.44
20,2481,USHAFIN,SM,4800,2400,50.00
20,2482,USHAMART,EQ,333211,115525,34.67
20,2483,USK,EQ,55069,33283,60.44
20,2484,UTIAMC,EQ,122170,31843,26.06
20,2485,UTIBANKETF,EQ,870752,745283,85.59
20,2486,UTINEXT50,EQ,125063,84386,67.47
20,2487,UTINIFTETF,EQ,8460,6781,80.15
20,2488,UTISENSETF,EQ,926,771,83.26
20,2489,UTISXN50,EQ,10312,4761,46.17
20,2490,UTKARSHBNK,EQ,1818739,683185,37.56
20,2491,UTSSAV,ST,34800,33000,94.83
20,2492,UTTAMSUGAR,EQ,39533,21447,54.25
20,2493,UWCSL,ST,1000,1000,100.00
20,2494,UYFINCORP,EQ,63437,52238,82.35
20,2495,VADILALIND,EQ,4162,2148,51.61
20,2496,VAIBHAVGBL,EQ,311232,117605,37.79
20,2497,VAISHALI,EQ,404740,232879,57.54
20,2498,VAKRANGEE,EQ,20727261,10787836,52.05
20,2499,VAL30IETF,EQ,66114,26633,40.28
20,2500,VALIANTLAB,EQ,32363,20841,64.40
20,2501,VALIANTORG,EQ,34496,19489,56.50
20,2502,VARDHACRLC,EQ,20557,12199,59.34
20,2503,VARROC,EQ,64098,22186,34.61
20,2504,VASCONEQ,EQ,410086,214421,52.29
20,2505,VASWANI,EQ,85138,61773,72.56
20,2506,VBL,EQ,6361141,3895560,61.24
20,2507,VCL,EQ,306511,198345,64.71
20,2508,VDEAL,SM,1200,1200,100.00
20,2509,VEDL,EQ,8580933,3310445,38.58
20,2510,VEEDOL,EQ,9038,4942,54.68
20,2511,VEEKAYEM,ST,6000,6000,100.00
20,2512,VELS,ST,10800,9600,88.89
20,2513,VENKEYS,EQ,669486,122584,18.31
20,2514,VENTIVE,EQ,345447,106726,30.90
20,2515,VENUSPIPES,EQ,31264,10973,35.10
20,2516,VENUSREM,EQ,309249,108405,35.05
20,2517,VERANDA,EQ,36225,27200,75.09
20,2518,VERTEXPLUS,SM,103200,103200,100.00
20,2519,VESUVIUS,EQ,5437,2320,42.67
20,2520,VETO,EQ,28290,15453,54.62
20,2521,VGUARD,EQ,223663,119280,53.33
20,2522,VHL,EQ,468,261,55.77
20,2523,VIAZ,SM,6000,4000,66.67
20,2524,VIDHIING,EQ,12950,8334,64.36
20,2525,VIESL,SM,72800,54400,74.73
20,2526,VIJAYA,EQ,214178,57462,26.83
20,2527,VIKASECO,EQ,2548679,1219598,47.85
20,2528,VIKASLIFE,EQ,2755718,1388732,50.39
20,2529,VILAS,SM,37750,31500,83.44
20,2530,VIMTALABS,EQ,515489,103326,20.04
20,2531,VINATIORGA,EQ,20266,10621,52.41
20,2532,VINCOFE,EQ,280801,214651,76.44
20,2533,VINDHYATEL,EQ,4260,2364,55.49
20,2534,VINEETLAB,EQ,10885,7141,65.60
20,2535,VINSYS,SM,5500,3500,63.64
20,2536,VINYAS,ST,13000,13000,100.00
20,2537,VINYLINDIA,EQ,9714,5867,60.40
20,2538,VIPCLOTHNG,EQ,59194,31778,53.68
20,2539,VIPIND,EQ,199309,95955,48.14
20,2540,VIRINCHI,EQ,509283,406939,79.90
20,2541,VISAKAIND,EQ,73597,38518,52.34
20,2542,VISHNU,EQ,237878,97564,41.01
20,2543,VISHNUINFR,SM,6000,4000,66.67
20,2544,VISHWARAJ,EQ,531635,321607,60.49
20,2545,VISHWAS,SM,4800,4800,100.00
20,2546,VITAL,SM,4800,4800,100.00
20,2547,VIVIANA,ST,14500,13250,91.38
20,2548,VIVIDHA,EQ,377174,259134,68.70
20,2549,VLEGOV,EQ,12956,12956,100.00
20,2550,VLINFRA,ST,3000,3000,100.00
20,2551,VLSFINANCE,EQ,32423,20199,62.30
20,2552,VMARCIND,ST,2250,1500,66.67
20,2553,VMART,EQ,28048,16050,57.22
20,2554,VMM,EQ,21971999,5890206,26.81
20,2555,VOLTAMP,EQ,20695,5954,28.77
20,2556,VOLTAS,EQ,1597612,540900,33.86
20,2557,VPRPL,EQ,1101982,455068,41.30
20,2558,VR,ST,1200,1200,100.00
20,2559,VRAJ,EQ,49691,32901,66.21
20,2560,VRLLOG,EQ,569393,98871,17.36
20,2561,VSCL,ST,6000,6000,100.00
20,2562,VSSL,EQ,13664,5689,41.63
20,2563,VSTIND,EQ,1305836,138797,10.63
20,2564,VSTL,EQ,7082,5296,74.78
20,2565,VSTTILLERS,EQ,2181,951,43.60
20,2566,VTL,EQ,86982,36601,42.08
20,2567,WAAREEENER,EQ,853039,156396,18.33
20,2568,WABAG,EQ,235194,100506,42.73
20,2569,WALCHANNAG,EQ,270373,181521,67.14
20,2570,WALPAR,SM,4000,4000,100.00
20,2571,WANBURY,EQ,222550,69240,31.11
20,2572,WCIL,EQ,121755,54930,45.12
20,2573,WEALTH,EQ,4366,2297,52.61
20,2574,WEIZMANIND,EQ,2678,1931,72.11
20,2575,WEL,EQ,893584,377514,42.25
20,2576,WELCORP,EQ,2706292,666764,24.64
20,2577,WELENT,EQ,203046,116845,57.55
20,2578,WELINV,EQ,2001,1193,59.62
20,2579,WELSPUNLIV,EQ,1397620,492795,35.26
20,2580,WENDT,EQ,243,154,63.37
20,2581,WESTLIFE,EQ,36894,4848,13.14
20,2582,WEWIN,EQ,3573,2763,77.33
20,2583,WHEELS,EQ,10977,5605,51.06
20,2584,WHIRLPOOL,EQ,505554,361833,71.57
20,2585,WILLAMAGOR,EQ,1995,904,45.31
20,2586,WINDLAS,EQ,32215,15833,49.15
20,2587,WINDMACHIN,EQ,72674,36936,50.82
20,2588,WINNY,ST,1000,1000,100.00
20,2589,WINSOL,SM,7600,5200,68.42
20,2590,WIPRO,EQ,8589587,5364432,62.45
20,2591,WOCKPHARMA,EQ,654495,198350,30.31
20,2592,WOL3D,SM,1000,1000,100.00
20,2593,WOMANCART,ST,1600,1600,100.00
20,2594,WONDERLA,EQ,38178,17149,44.92
20,2595,WORTH,EQ,47990,24411,50.87
20,2596,WSI,EQ,25082,14953,59.62
20,2597,WSTCSTPAPR,EQ,60198,29789,49.49
20,2598,WTICAB,ST,5500,5500,100.00
20,2599,XCHANGING,EQ,71561,37107,51.85
20,2600,XELPMOC,EQ,18072,5981,33.10
20,2601,XPROINDIA,EQ,10614,6028,56.79
20,2602,XTGLOBAL,EQ,33436,28024,83.81
20,2603,YASHO,EQ,19717,12182,61.78
20,2604,YASHOPTICS,SM,73600,52800,71.74
20,2605,YATHARTH,EQ,404323,164446,40.67
20,2606,YATRA,EQ,105482,53329,50.56
20,2607,YCCL,SM,21000,15000,71.43
20,2608,YESBANK,EQ,60573527,16900289,27.90
20,2609,YUDIZ,SM,4800,4800,100.00
20,2610,YUKEN,EQ,4794,2571,53.63
20,2611,ZAGGLE,EQ,687003,380073,55.32
20,2612,ZEAL,SM,7200,6000,83.33
20,2613,ZEEL,EQ,6128410,1863155,30.40
20,2614,ZEELEARN,EQ,412079,264830,64.27
20,2615,ZEEMEDIA,EQ,1980835,922723,46.58
20,2616,ZENITHDRUG,ST,86400,86400,100.00
20,2617,ZENITHEXPO,EQ,2158,1035,47.96
20,2618,ZENITHSTL,EQ,263179,83180,31.61
20,2619,ZENSARTECH,EQ,895837,136651,15.25
20,2620,ZENTEC,EQ,287871,99905,34.70
20,2621,ZFCVINDIA,EQ,164828,40617,24.64
20,2622,ZIMLAB,EQ,35482,25960,73.16
20,2623,ZODIAC,EQ,20448,10204,49.90
20,2624,ZODIACLOTH,EQ,4085,1966,48.13
20,2625,ZOMATO,EQ,39271458,17969445,45.76
20,2626,ZOTA,EQ,263943,64024,24.26
20,2627,ZTECH,ST,19200,18900,98.44
20,2628,ZUARI,EQ,2124551,400880,18.87
20,2629,ZUARIIND,EQ,79650,21067,26.45
20,2630,ZYDUSLIFE,EQ,1323744,668173,50.48
20,2631,ZYDUSWELL,EQ,14194,7121,50.17
