Security Wise Delivery Position - Compulsory Rolling Settlement
10,MTO,22012025,1154692912,0002626
Trade Date <22-JAN-2025>,Settlement Type <N>
Record Type,Sr No,Name of Security,Quantity Traded,Deliverable Quantity(gross across client level),% of Deliverable Quantity to Traded Quantity
20,1,0MOFSL26,N1,525,525,100.00
20,2,0MOFSL27,N3,4557,3105,68.14
20,3,0SCL26,YR,20,20,100.00
20,4,1003IIFL29,NC,11,11,100.00
20,5,1003ISFL28,N4,40,40,100.00
20,6,1015ECL29,NR,1109,1086,97.93
20,7,1018GS2026,GS,10,5,50.00
20,8,1025NFL25,N5,300,300,100.00
20,9,1025SCL34,Z8,35,35,100.00
20,10,1030SFIL28,NM,1,1,100.00
20,11,1035UCL26,NA,24,24,100.00
20,12,1050IIFL29,ND,20,10,50.00
20,13,1050ISFL28,N5,215,215,100.00
20,14,1050NFL26,N7,2,1,50.00
20,15,1050UCL25,N7,40,40,100.00
20,16,105IIFL29,N7,10,5,50.00
20,17,1060ECL29,NS,913,913,100.00
20,18,1065NFL27,NC,1187,1187,100.00
20,19,1075SCL33,YK,10,10,100.00
20,20,1075SCL34,ZR,40,40,100.00
20,21,10CAGL27,N5,73,73,100.00
20,22,10IIFL28,N4,358,358,100.00
20,23,10IIFL28A,NE,40,40,100.00
20,24,10NIDO26,N6,90,90,100.00
20,25,11UCL26,NC,288,196,68.06
20,26,182D030725,TB,700,700,100.00
20,27,182D150525,TB,100,100,100.00
20,28,182D190625,TB,100,100,100.00
20,29,182D200225,TB,100,100,100.00
20,30,182D300125,TB,200,100,50.00
20,31,20MICRONS,EQ,180285,96802,53.69
20,32,360ONE,EQ,408202,229172,56.14
20,33,364D020525,TB,255600,254700,99.65
20,34,364D030725,TB,200,200,100.00
20,35,364D061125,TB,100,100,100.00
20,36,364D080126,TB,100,100,100.00
20,37,364D091025,TB,100,100,100.00
20,38,364D120625,TB,45600,45600,100.00
20,39,364D150525,TB,100,100,100.00
20,40,364D231025,TB,2200,2200,100.00
20,41,364D240425,TB,22000,22000,100.00
20,42,364D280825,TB,300,300,100.00
20,43,3IINFOLTD,EQ,422842,223784,52.92
20,44,3MINDIA,EQ,10265,3261,31.77
20,45,563GS2026,GS,1,1,100.00
20,46,5PAISA,EQ,33081,17156,51.86
20,47,63MOONS,EQ,306802,135653,44.22
20,48,654GS2032,GS,206,106,51.46
20,49,667GS2035,GS,112,109,97.32
20,50,667GS2050,GS,26,13,50.00
20,51,676GS2061,GS,4682,4682,100.00
20,52,679GS2034,GS,500,500,100.00
20,53,679GS2034A,GS,1300,1300,100.00
20,54,68GS2060,GS,50,50,100.00
20,55,692GS2039,GS,100,100,100.00
20,56,695GS2061,GS,2,2,100.00
20,57,698GR2054,GS,288,288,100.00
20,58,699GS2051,GS,12,12,100.00
20,59,702GS2027,GS,8002,6000,74.98
20,60,702GS2031,GS,1,1,100.00
20,61,704GS2029,GS,2000,2000,100.00
20,62,706GS2028,GS,52986,52986,100.00
20,63,709GS2074,GS,3100,3100,100.00
20,64,716GS2050,GS,100,100,100.00
20,65,717GS2030,GS,9700,9500,97.94
20,66,718GS2037,GS,10799,10548,97.68
20,67,719GS2060,GS,18151,18151,100.00
20,68,719HUDCO28,N7,924,924,100.00
20,69,71GS2034,GS,1300,1300,100.00
20,70,725GS2063,GS,600,600,100.00
20,71,726GS2032,GS,100,100,100.00
20,72,729NHAI26,NC,302,302,100.00
20,73,732GS2030,GS,10200,10200,100.00
20,74,733GS2026,GS,1200,1200,100.00
20,75,734GS2064,GS,6401,6401,100.00
20,76,736GS2052,GS,13,8,61.54
20,77,737GS2028,GS,1830,1110,60.66
20,78,737NTPC35C,NA,40,40,100.00
20,79,738GS2027,GS,52762,52762,100.00
20,80,738REC27TF,N2,100,100,100.00
20,81,739NHAI26,N8,10,5,50.00
20,82,73GS2053,GS,25850,25103,97.11
20,83,741GS2036,GS,2,2,100.00
20,84,746GS2073,GS,1661,1661,100.00
20,85,74GS2062,GS,16,16,100.00
20,86,750IRFC35,NK,100,100,100.00
20,87,751HUDCO28,N5,720,720,100.00
20,88,753IRFC30,NJ,10,10,100.00
20,89,754GS2036,GS,461436,412326,89.36
20,90,762GS2039,GS,100,100,100.00
20,91,762NTPC35F,ND,530,525,99.06
20,92,763GS2059,GS,12900,12900,100.00
20,93,764HUDCO31,N8,115,115,100.00
20,94,764IRFC31,NO,2172,1550,71.36
20,95,764NABAR31,N2,461,461,100.00
20,96,769HUDCO31,N9,1,1,100.00
20,97,769NHAI31,NE,111,111,100.00
20,98,76IGT26,ND,200,200,100.00
20,99,76NHAI31,NA,1801,1449,80.46
20,100,78ABFL33,N4,212,212,100.00
20,101,797IGT31,NL,610,410,67.21
20,102,79IGT28,NF,500,500,100.00
20,103,79NHIT35,N1,947,920,97.15
20,104,79NHIT40,N2,1816,1376,75.77
20,105,79NHIT47,N3,359,359,100.00
20,106,805ABFL28,N2,260,200,76.92
20,107,810IRFC27,N2,1191,700,58.77
20,108,812REC27,NI,100,100,100.00
20,109,81TCHF28,N8,202,201,99.50
20,110,820IIFL27,N9,150,150,100.00
20,111,824GS2027,GS,203,203,100.00
20,112,82HUDCO27,N2,2902,750,25.84
20,113,82IGT31,NJ,340,335,98.53
20,114,830NHAI27,N2,3676,2505,68.14
20,115,830PFCL27,N5,21000,21000,100.00
20,116,840CIFCL28,N4,200,200,100.00
20,117,842IIFL26,NL,1247,816,65.44
20,118,843IHFL29,NC,50,50,100.00
20,119,849NTPC25,N7,150705,150705,100.00
20,120,84TCHF28,NA,25,25,100.00
20,121,860CIFCL28,NG,190,110,57.89
20,122,863REC29,NC,5,5,100.00
20,123,865IFL28,NZ,85,85,100.00
20,124,865IIFL28,NS,550,550,100.00
20,125,865IRFC29,NA,200,200,100.00
20,126,865LTF26,NN,1,1,100.00
20,127,865TCAPS27,N8,471,271,57.54
20,128,868NHB29,N3,700,400,57.14
20,129,871REC28,N9,1135,1050,92.51
20,130,875IIFL26,NM,100,100,100.00
20,131,875NHAI29,N6,3503,3452,98.54
20,132,875PCHFL26,N8,486,486,100.00
20,133,875SFL27,ZF,29,29,100.00
20,134,876HUDCO28,ND,75,75,100.00
20,135,87LTF27,NH,41,40,97.56
20,136,885MOFSL26,N0,70,70,100.00
20,137,888IRFC29,NE,449,424,94.43
20,138,891IIFCL34,N4,998,920,92.18
20,139,891NTPC33,N6,802,632,78.80
20,140,892PFCL33,N8,35,25,71.43
20,141,897MOFSL29,N4,50,50,100.00
20,142,898LTF29,N7,50,50,100.00
20,143,901HUDCO34,NE,148,109,73.65
20,144,901NHB34,N6,282,169,59.93
20,145,905LTF27,NF,55,55,100.00
20,146,905PEL26,N1,24,24,100.00
20,147,910TCAP28,NA,450,250,55.56
20,148,915SCL26,NE,667,667,100.00
20,149,91D060325,TB,600,600,100.00
20,150,91D100425,TB,6700,6600,98.51
20,151,91D280325,TB,300,300,100.00
20,152,91D300125,TB,200,100,50.00
20,153,925AEL26,N1,1,1,100.00
20,154,925IHFL25D,N6,25,25,100.00
20,155,92GS2030,GS,111,101,90.99
20,156,92SFIL28,ND,50,50,100.00
20,157,931SFL26,Z5,35,35,100.00
20,158,935LTF29,N5,50,50,100.00
20,159,935PEL33,N3,10,10,100.00
20,160,935TSI34,N0,30,30,100.00
20,161,943ECL28,NJ,1122,641,57.13
20,162,948SCL26A,NN,90,90,100.00
20,163,94IFCI25,NL,45,45,100.00
20,164,956AEL29,N6,50,50,100.00
20,165,957ICCL25,YW,47,47,100.00
20,166,957NIDO26,N5,50,50,100.00
20,167,960CAGL25,N3,200,200,100.00
20,168,965AEL27,N4,680,680,100.00
20,169,965SCL25A,NF,10,10,100.00
20,170,965SCL26,YO,10,10,100.00
20,171,96IIFL28,N5,2311,1461,63.22
20,172,96IIFL28A,NF,1380,1380,100.00
20,173,970CAGL28,ND,237,235,99.16
20,174,971SCL28,AN,258,258,100.00
20,175,97SFL28,YS,151,150,99.34
20,176,97SFL29,YZ,10,10,100.00
20,177,985ECL28,NK,10,10,100.00
20,178,985IIFL22,NC,285,285,100.00
20,179,990SCL26D,AH,111,111,100.00
20,180,99AEL29,N7,1230,1230,100.00
20,181,9ICCL23A,N0,96,96,100.00
20,182,9MMFSML,N2,20,20,100.00
20,183,9PCHFL31A,NA,30,30,100.00
20,184,9PEL25,N0,10,10,100.00
20,185,9SCL25,YM,25,25,100.00
20,186,9SCL26BA,NA,1700,1300,76.47
20,187,AAATECH,EQ,14725,6392,43.41
20,188,AADHARHFC,EQ,313945,82576,26.30
20,189,AAKASH,EQ,153426,67958,44.29
20,190,AARON,EQ,18206,5944,32.65
20,191,AARTIDRUGS,EQ,141291,91181,64.53
20,192,AARTIIND,EQ,3307939,963317,29.12
20,193,AARTIPHARM,EQ,388530,173813,44.74
20,194,AARTISURF,EQ,8614,4845,56.25
20,195,AARVI,EQ,4061,3328,81.95
20,196,AATMAJ,SM,12000,10000,83.33
20,197,AAVAS,EQ,165624,50238,30.33
20,198,ABAN,EQ,53034,29499,55.62
20,199,ABB,EQ,303115,156287,51.56
20,200,ABBOTINDIA,EQ,6685,2862,42.81
20,201,ABCAPITAL,EQ,2552548,828192,32.45
20,202,ABCOTS,ST,10000,8000,80.00
20,203,ABDL,EQ,416126,208323,50.06
20,204,ABFRL,EQ,3537854,1210279,34.21
20,205,ABGSEC,EQ,5700,5700,100.00
20,206,ABHAPOWER,ST,36800,33600,91.30
20,207,ABINFRA,EQ,75187,6290,8.37
20,208,ABREL,EQ,559257,171474,30.66
20,209,ABSLAMC,EQ,191367,108562,56.73
20,210,ABSLBANETF,EQ,1596706,1365447,85.52
20,211,ABSLLIQUID,EQ,1891,1460,77.21
20,212,ABSLNN50ET,EQ,31890,28281,88.68
20,213,ABSLPSE,EQ,183501,111527,60.78
20,214,ABSMARINE,SM,32500,18000,55.38
20,215,ACC,EQ,121880,46120,37.84
20,216,ACCELYA,EQ,13276,4339,32.68
20,217,ACCENTMIC,SM,8000,6500,81.25
20,218,ACCORD,SM,2000,2000,100.00
20,219,ACCURACY,EQ,131938,96881,73.43
20,220,ACE,EQ,196268,69483,35.40
20,221,ACEINTEG,EQ,6991,3497,50.02
20,222,ACI,EQ,147780,60666,41.05
20,223,ACL,EQ,22483,13494,60.02
20,224,ACLGATI,EQ,175752,83900,47.74
20,225,ACMESOLAR,EQ,1144584,614913,53.72
20,226,ADANIENSOL,EQ,2316536,556593,24.03
20,227,ADANIENT,EQ,1147334,331459,28.89
20,228,ADANIGREEN,EQ,2656247,739839,27.85
20,229,ADANIPORTS,EQ,1906032,698692,36.66
20,230,ADANIPOWER,EQ,3506011,736757,21.01
20,231,ADFFOODS,EQ,234147,87509,37.37
20,232,ADL,EQ,2013,1069,53.10
20,233,ADORWELD,EQ,6165,3198,51.87
20,234,ADSL,EQ,480658,143087,29.77
20,235,ADVANIHOTR,EQ,47384,27686,58.43
20,236,ADVENZYMES,EQ,454079,366402,80.69
20,237,AEGISLOG,EQ,1083164,371333,34.28
20,238,AEROFLEX,EQ,1922441,628231,32.68
20,239,AERON,SM,21000,13000,61.90
20,240,AESTHETIK,SM,24000,18000,75.00
20,241,AETHER,EQ,46744,16495,35.29
20,242,AFCONS,EQ,911915,506447,55.54
20,243,AFFLE,EQ,267130,168347,63.02
20,244,AFFORDABLE,EQ,27508,16303,59.27
20,245,AFIL,EQ,418118,225728,53.99
20,246,AGARIND,EQ,11667,6054,51.89
20,247,AGARWALFT,SM,39000,24000,61.54
20,248,AGARWALTUF,SM,34800,24000,68.97
20,249,AGI,EQ,337005,82577,24.50
20,250,AGIIL,EQ,21622,12820,59.29
20,251,AGNI,SM,40000,30000,75.00
20,252,AGRITECH,EQ,1841,670,36.39
20,253,AGROPHOS,EQ,32701,13339,40.79
20,254,AGSTRA,EQ,189847,86467,45.55
20,255,AGUL,SM,4000,2000,50.00
20,256,AHIMSA,ST,3000,3000,100.00
20,257,AHL,EQ,309192,245019,79.24
20,258,AHLADA,EQ,137202,35542,25.90
20,259,AHLEAST,EQ,9377,4995,53.27
20,260,AHLUCONT,EQ,87489,45988,52.56
20,261,AIAENG,EQ,34773,17853,51.34
20,262,AIIL,EQ,182863,119958,65.60
20,263,AILIMITED,ST,3000,3000,100.00
20,264,AIMTRON,SM,55200,41200,74.64
20,265,AIRAN,EQ,177233,86454,48.78
20,266,AIROLAM,EQ,2407,1545,64.19
20,267,AIRTELPP,E1,747152,737304,98.68
20,268,AISL,SM,1200,1200,100.00
20,269,AJANTPHARM,EQ,184999,52360,28.30
20,270,AJMERA,EQ,166833,45585,27.32
20,271,AJOONI,EQ,763733,408992,53.55
20,272,AKANKSHA,ST,87000,82000,94.25
20,273,AKASH,EQ,22214,7822,35.21
20,274,AKG,EQ,89551,49572,55.36
20,275,AKIKO,SM,33600,20800,61.90
20,276,AKSHARCHEM,EQ,2861,1171,40.93
20,277,AKUMS,EQ,621098,172158,27.72
20,278,AKZOINDIA,EQ,27164,21171,77.94
20,279,ALANKIT,EQ,657756,376545,57.25
20,280,ALBERTDAVD,EQ,6091,3658,60.06
20,281,ALEMBICLTD,EQ,352848,172078,48.77
20,282,ALICON,EQ,10003,5000,49.99
20,283,ALIVUS,EQ,128815,80418,62.43
20,284,ALKALI,EQ,3462,2510,72.50
20,285,ALKEM,EQ,105924,64883,61.25
20,286,ALKYLAMINE,EQ,29096,13084,44.97
20,287,ALLCARGO,EQ,1624891,913578,56.22
20,288,ALLDIGI,EQ,36788,15597,42.40
20,289,ALLETEC,ST,14800,11600,78.38
20,290,ALOKINDS,EQ,4627650,1175118,25.39
20,291,ALPA,EQ,73820,41863,56.71
20,292,ALPEXSOLAR,SM,43000,27800,64.65
20,293,ALPHA,EQ,2149217,1686396,78.47
20,294,ALPHAETF,EQ,1711811,1007523,58.86
20,295,ALPHAGEO,EQ,18205,9438,51.84
20,296,ALPL30IETF,EQ,791585,530327,67.00
20,297,ALUWIND,SM,46500,27000,58.06
20,298,AMBANIORGO,ST,5000,5000,100.00
20,299,AMBER,EQ,567459,154000,27.14
20,300,AMBEY,SM,28000,24000,85.71
20,301,AMBICAAGAR,EQ,43402,16711,38.50
20,302,AMBIKCO,EQ,11610,6173,53.17
20,303,AMBUJACEM,EQ,1658312,737206,44.46
20,304,AMDIND,EQ,3105,2453,79.00
20,305,AMEYA,SM,4000,3000,75.00
20,306,AMIABLE,SM,9600,4800,50.00
20,307,AMIORG,EQ,183704,76931,41.88
20,308,AMJLAND,EQ,78420,39560,50.45
20,309,AMNPLST,EQ,66763,17442,26.13
20,310,AMRUTANJAN,EQ,14019,8763,62.51
20,311,ANANDRATHI,EQ,35816,16918,47.24
20,312,ANANTRAJ,EQ,1922885,556148,28.92
20,313,ANDHRAPAP,EQ,321612,204136,63.47
20,314,ANDHRSUGAR,EQ,71150,33885,47.62
20,315,ANGELONE,EQ,1310829,251850,19.21
20,316,ANIKINDS,EQ,18875,7701,40.80
20,317,ANLON,SM,2000,1600,80.00
20,318,ANMOL,EQ,38237,26057,68.15
20,319,ANNAPURNA,SM,62750,49750,79.28
20,320,ANTGRAPHIC,EQ,396448,274993,69.36
20,321,ANUHPHR,EQ,33860,16730,49.41
20,322,ANUP,EQ,31588,11428,36.18
20,323,ANURAS,EQ,52238,16665,31.90
20,324,ANYA,SM,1910000,1040000,54.45
20,325,APARINDS,EQ,99221,62734,63.23
20,326,APCL,EQ,8176,2569,31.42
20,327,APCOTEXIND,EQ,26043,18875,72.48
20,328,APEX,EQ,63416,25742,40.59
20,329,APEXECO,SM,136000,96000,70.59
20,330,APLAPOLLO,EQ,556417,319480,57.42
20,331,APLLTD,EQ,113878,43352,38.07
20,332,APOLLO,EQ,10491087,2716232,25.89
20,333,APOLLOHOSP,EQ,247081,120385,48.72
20,334,APOLLOPIPE,EQ,45130,19662,43.57
20,335,APOLLOTYRE,EQ,1380036,503748,36.50
20,336,APOLSINHOT,EQ,1365,822,60.22
20,337,APRAMEYA,ST,20000,20000,100.00
20,338,APS,SM,72500,35750,49.31
20,339,APTECHT,EQ,103399,48519,46.92
20,340,APTUS,EQ,425949,231759,54.41
20,341,ARABIAN,SM,18000,14000,77.78
20,342,ARCHIDPLY,EQ,48489,25800,53.21
20,343,ARCHIES,EQ,24061,15759,65.50
20,344,ARE&M,EQ,454950,214711,47.19
20,345,ARHAM,SM,19000,16000,84.21
20,346,ARIHANTACA,ST,800,800,100.00
20,347,ARIHANTCAP,EQ,219488,87259,39.76
20,348,ARIHANTSUP,EQ,50531,25979,51.41
20,349,ARISTO,ST,1600,1600,100.00
20,350,ARKADE,EQ,1628150,541189,33.24
20,351,ARMANFIN,EQ,36262,14115,38.93
20,352,AROGRANITE,EQ,1839,1015,55.19
20,353,ARROWGREEN,EQ,39480,21111,53.47
20,354,ARTEMISMED,EQ,105317,61771,58.65
20,355,ARVEE,EQ,1185,635,53.59
20,356,ARVIND,EQ,296284,128196,43.27
20,357,ARVINDFASN,EQ,163989,86741,52.89
20,358,ARVINDPORT,ST,36000,34500,95.83
20,359,ARVSMART,EQ,48976,23307,47.59
20,360,ASAHIINDIA,EQ,35114,14332,40.82
20,361,ASAHISONG,EQ,3570,2829,79.24
20,362,ASAL,EQ,10691,4767,44.59
20,363,ASALCBR,EQ,60243,37577,62.38
20,364,ASHALOG,ST,8000,8000,100.00
20,365,ASHAPURMIN,EQ,549419,184448,33.57
20,366,ASHIANA,EQ,80922,39320,48.59
20,367,ASHOKA,EQ,1884866,805158,42.72
20,368,ASHOKAMET,EQ,66590,49006,73.59
20,369,ASHOKLEY,EQ,10087789,3264139,32.36
20,370,ASIANENE,EQ,97630,57075,58.46
20,371,ASIANPAINT,EQ,835523,499274,59.76
20,372,ASIANTILES,EQ,287005,155906,54.32
20,373,ASKAUTOLTD,EQ,190466,106769,56.06
20,374,ASLIND,SM,4000,4000,100.00
20,375,ASMS,EQ,1864506,595118,31.92
20,376,ASPINWALL,EQ,4912,2662,54.19
20,377,ASPIRE,ST,4000,4000,100.00
20,378,ASTEC,EQ,14356,10226,71.23
20,379,ASTERDM,EQ,1416728,1143439,80.71
20,380,ASTRAL,EQ,462015,246255,53.30
20,381,ASTRAMICRO,EQ,175989,88856,50.49
20,382,ASTRAZEN,EQ,24801,4445,17.92
20,383,ASTRON,EQ,24749,14302,57.79
20,384,ATAM,EQ,24366,11703,48.03
20,385,ATFL,EQ,10975,6511,59.33
20,386,ATGL,EQ,718254,166031,23.12
20,387,ATL,EQ,253432,130944,51.67
20,388,ATMASTCO,ST,34400,34400,100.00
20,389,ATUL,EQ,33337,18514,55.54
20,390,ATULAUTO,EQ,27678,15168,54.80
20,391,AUBANK,EQ,1367058,661804,48.41
20,392,AURDIS,ST,2500,2500,100.00
20,393,AURIONPRO,EQ,55097,31571,57.30
20,394,AUROIMPEX,SM,1600,1600,100.00
20,395,AUROPHARMA,EQ,603545,321317,53.24
20,396,AURUM,EQ,87376,55165,63.14
20,397,AURUMPP1,E1,467,426,91.22
20,398,AUSL,SM,6000,4000,66.67
20,399,AUTOAXLES,EQ,5250,3207,61.09
20,400,AUTOBEES,EQ,143802,64537,44.88
20,401,AUTOIETF,EQ,458719,192441,41.95
20,402,AUTOIND,EQ,18524,9672,52.21
20,403,AVADHSUGAR,EQ,74527,32788,43.99
20,404,AVALON,EQ,1088691,390867,35.90
20,405,AVANTEL,EQ,855897,312104,36.47
20,406,AVANTIFEED,EQ,692047,193816,28.01
20,407,AVIANSH,ST,14000,14000,100.00
20,408,AVL,EQ,655662,502923,76.70
20,409,AVPINFRA,ST,4800,4800,100.00
20,410,AVTNPL,EQ,85303,36865,43.22
20,411,AWFIS,EQ,285425,188914,66.19
20,412,AWHCL,EQ,63506,30146,47.47
20,413,AWL,EQ,2061558,1257015,60.97
20,414,AXISBANK,EQ,17303146,12791077,73.92
20,415,AXISBNKETF,EQ,708,528,74.58
20,416,AXISBPSETF,EQ,31458,23020,73.18
20,417,AXISCETF,EQ,5704,4730,82.92
20,418,AXISGOLD,EQ,1299088,1171561,90.18
20,419,AXISHCETF,EQ,1848,975,52.76
20,420,AXISILVER,EQ,22397,17500,78.14
20,421,AXISNIFTY,EQ,3624,3271,90.26
20,422,AXISTECETF,EQ,746,558,74.80
20,423,AXITA,EQ,3801064,663157,17.45
20,424,AXSENSEX,EQ,1618,1579,97.59
20,425,AYMSYNTEX,EQ,49874,23148,46.41
20,426,AZAD,EQ,89197,30375,34.05
20,427,BABAFP,SM,19200,9600,50.00
20,428,BAHETI,ST,24375,23625,96.92
20,429,BAIDFIN,EQ,1249670,353706,28.30
20,430,BAJAJ-AUTO,EQ,344305,207401,60.24
20,431,BAJAJCON,EQ,218371,134161,61.44
20,432,BAJAJELEC,EQ,65792,28530,43.36
20,433,BAJAJFINSV,EQ,1369310,657440,48.01
20,434,BAJAJHCARE,EQ,598693,146939,24.54
20,435,BAJAJHFL,EQ,11634423,5857160,50.34
20,436,BAJAJHIND,EQ,4276199,1351389,31.60
20,437,BAJAJHLDNG,EQ,376194,52839,14.05
20,438,BAJEL,EQ,194868,77701,39.87
20,439,BAJFINANCE,EQ,727368,351275,48.29
20,440,BALAJEE,EQ,89351,40956,45.84
20,441,BALAMINES,EQ,28464,10234,35.95
20,442,BALAXI,EQ,26778,15086,56.34
20,443,BALCO,ST,1200,1200,100.00
20,444,BALKRISHNA,EQ,27738,14628,52.74
20,445,BALKRISIND,EQ,309114,156362,50.58
20,446,BALMLAWRIE,EQ,170498,90448,53.05
20,447,BALPHARMA,EQ,52073,36456,70.01
20,448,BALRAMCHIN,EQ,416199,119487,28.71
20,449,BALUFORGE,EQ,704469,335768,47.66
20,450,BANARISUG,EQ,1344,1191,88.62
20,451,BANCOINDIA,EQ,159343,75664,47.48
20,452,BANDHANBNK,EQ,5828892,2178231,37.37
20,453,BANKA,EQ,14501,6950,47.93
20,454,BANKBARODA,EQ,9955733,4622590,46.43
20,455,BANKBEES,EQ,879203,423172,48.13
20,456,BANKBETF,EQ,64826,47379,73.09
20,457,BANKETF,EQ,2321,2039,87.85
20,458,BANKETFADD,EQ,448279,441776,98.55
20,459,BANKIETF,EQ,2610285,2152634,82.47
20,460,BANKINDIA,EQ,4809029,1124499,23.38
20,461,BANKNIFTY1,EQ,119593,112200,93.82
20,462,BANKPSU,EQ,3521,2724,77.36
20,463,BANSALWIRE,EQ,361956,303606,83.88
20,464,BANSWRAS,EQ,50015,35600,71.18
20,465,BARBEQUE,EQ,234440,191534,81.70
20,466,BARFLEX,ST,186000,186000,100.00
20,467,BASF,EQ,18529,5080,27.42
20,468,BASILIC,ST,23700,21300,89.87
20,469,BASML,EQ,156734,92811,59.22
20,470,BATAINDIA,EQ,222066,81883,36.87
20,471,BAWEJA,SM,4800,4800,100.00
20,472,BAYERCROP,EQ,20943,13341,63.70
20,473,BBETF0432,EQ,1518,833,54.87
20,474,BBL,EQ,16378,8613,52.59
20,475,BBNPNBETF,EQ,2511,1650,65.71
20,476,BBNPPGOLD,EQ,2263,2144,94.74
20,477,BBOX,EQ,233391,130209,55.79
20,478,BBTC,EQ,1508139,101330,6.72
20,479,BBTCL,EQ,13091,11814,90.25
20,480,BCLIND,EQ,1085577,452777,41.71
20,481,BCONCEPTS,EQ,6787,3124,46.03
20,482,BDL,EQ,1220946,432655,35.44
20,483,BEACON,SM,23000,13000,56.52
20,484,BEARDSELL,EQ,221188,82313,37.21
20,485,BECTORFOOD,EQ,57048,36010,63.12
20,486,BEDMUTHA,EQ,9604,5442,56.66
20,487,BEL,EQ,21272549,8481098,39.87
20,488,BEML,EQ,154921,42513,27.44
20,489,BEPL,EQ,295822,139359,47.11
20,490,BERGEPAINT,EQ,872456,438432,50.25
20,491,BESTAGRO,EQ,32713,17227,52.66
20,492,BETA,SM,3300,2200,66.67
20,493,BEWLTD,ST,33000,31500,95.45
20,494,BFINVEST,EQ,16231,6452,39.75
20,495,BFSI,EQ,81116,52994,65.33
20,496,BHAGCHEM,EQ,128464,63505,49.43
20,497,BHAGERIA,EQ,29261,14465,49.43
20,498,BHAGYANGR,EQ,23853,13696,57.42
20,499,BHANDARI,EQ,402936,223835,55.55
20,500,BHARATFORG,EQ,1450962,926264,63.84
20,501,BHARATGEAR,EQ,21964,13683,62.30
20,502,BHARATRAS,EQ,4090,2498,61.08
20,503,BHARATWIRE,EQ,65541,31075,47.41
20,504,BHARTIARTL,EQ,3262136,2224294,68.19
20,505,BHARTIHEXA,EQ,658727,470250,71.39
20,506,BHEL,EQ,11550327,3711489,32.13
20,507,BHINVIT,IV,42151,34962,82.94
20,508,BIGBLOC,EQ,154717,93609,60.50
20,509,BIKAJI,EQ,190573,112010,58.78
20,510,BIKEWO,SM,20000,14000,70.00
20,511,BINANIIND,EQ,8215,5071,61.73
20,512,BIOCON,EQ,2830379,803033,28.37
20,513,BIOFILCHEM,EQ,13724,7739,56.39
20,514,BIRDYS,SM,10800,9600,88.89
20,515,BIRET,RR,197247,169792,86.08
20,516,BIRLACABLE,EQ,17363,7820,45.04
20,517,BIRLACORPN,EQ,285982,264199,92.38
20,518,BLACKBUCK,EQ,85616,53288,62.24
20,519,BLAL,EQ,52382,32575,62.19
20,520,BLBLIMITED,EQ,40819,27990,68.57
20,521,BLISSGVS,EQ,739543,226598,30.64
20,522,BLKASHYAP,EQ,356877,220802,61.87
20,523,BLS,EQ,5851883,1023248,17.49
20,524,BLSE,EQ,160872,77257,48.02
20,525,BLUEDART,EQ,15416,4703,30.51
20,526,BLUEJET,EQ,209887,113982,54.31
20,527,BLUEPEBBLE,SM,26000,17200,66.15
20,528,BLUESTARCO,EQ,269032,147976,55.00
20,529,BMETRICS,SM,800,800,100.00
20,530,BODALCHEM,EQ,148862,95207,63.96
20,531,BOMDYEING,EQ,1056570,314330,29.75
20,532,BOROLTD,EQ,117532,60699,51.64
20,533,BOROSCI,EQ,52765,31309,59.34
20,534,BOSCHLTD,EQ,21434,9610,44.84
20,535,BOSS,ST,4000,4000,100.00
20,536,BPCL,EQ,6301894,1951342,30.96
20,537,BPL,EQ,104720,44052,42.07
20,538,BRACEPORT,ST,3200,3200,100.00
20,539,BRIGADE,EQ,206255,129894,62.98
20,540,BRITANNIA,EQ,460132,294734,64.05
20,541,BRNL,EQ,51553,28803,55.87
20,542,BSE,EQ,1550508,398228,25.68
20,543,BSE500IETF,EQ,70192,41076,58.52
20,544,BSHSL,EQ,8655,4851,56.05
20,545,BSL,EQ,51981,22339,42.98
20,546,BSLGOLDETF,EQ,138355,126810,91.66
20,547,BSLNIFTY,EQ,182971,109256,59.71
20,548,BSLSENETFG,EQ,1049,749,71.40
20,549,BSOFT,EQ,1552305,455689,29.36
20,550,BTML,EQ,399017,129990,32.58
20,551,BULKCORP,SM,10800,7200,66.67
20,552,BURNPUR,EQ,160478,86494,53.90
20,553,BUTTERFLY,EQ,3540,1807,51.05
20,554,BVCL,EQ,13162,3882,29.49
20,555,C2C,SM,97800,63000,64.42
20,556,CADSYS,ST,6500,6000,92.31
20,557,CAGL28,NE,100,100,100.00
20,558,CALSOFT,EQ,362045,157193,43.42
20,559,CAMLINFINE,EQ,862680,248957,28.86
20,560,CAMPUS,EQ,373013,188441,50.52
20,561,CAMS,EQ,602893,251686,41.75
20,562,CANARYS,SM,64000,48000,75.00
20,563,CANBK,EQ,17908580,6743572,37.66
20,564,CANFINHOME,EQ,572090,314317,54.94
20,565,CANTABIL,EQ,397278,206531,51.99
20,566,CAPACITE,EQ,737204,305117,41.39
20,567,CAPINVIT,IV,1057586,936506,88.55
20,568,CAPITALSFB,EQ,47882,40720,85.04
20,569,CAPLIPOINT,EQ,91673,40319,43.98
20,570,CARBORUNIV,EQ,56683,27411,48.36
20,571,CAREERP,EQ,25594,18959,74.08
20,572,CARERATING,EQ,24596,14253,57.95
20,573,CARRARO,EQ,92920,41835,45.02
20,574,CARTRADE,EQ,670414,373277,55.68
20,575,CARYSIL,EQ,26199,13311,50.81
20,576,CASTROLIND,EQ,1901642,741875,39.01
20,577,CCHHL,EQ,52344,40700,77.75
20,578,CCL,EQ,302787,49439,16.33
20,579,CDSL,EQ,2987026,889920,29.79
20,580,CEATLTD,EQ,89548,25487,28.46
20,581,CEIGALL,EQ,76487,34753,45.44
20,582,CELEBRITY,EQ,56507,31349,55.48
20,583,CELLECOR,SM,1110000,627000,56.49
20,584,CELLO,EQ,199324,122244,61.33
20,585,CELLPOINT,SM,1200,1200,100.00
20,586,CENTENKA,EQ,26266,11248,42.82
20,587,CENTEXT,EQ,53977,32499,60.21
20,588,CENTRALBK,EQ,2654511,818584,30.84
20,589,CENTRUM,EQ,114685,53988,47.08
20,590,CENTUM,EQ,17997,11340,63.01
20,591,CENTURYPLY,EQ,159205,36324,22.82
20,592,CERA,EQ,14650,9056,61.82
20,593,CESC,EQ,6696262,3400920,50.79
20,594,CEWATER,EQ,283264,85239,30.09
20,595,CGCL,EQ,345240,64093,18.56
20,596,CGPOWER,EQ,9176460,6049770,65.93
20,597,CGRAPHICS,SM,55200,37600,68.12
20,598,CHALET,EQ,517678,335356,64.78
20,599,CHAMBLFERT,EQ,1971039,929474,47.16
20,600,CHAVDA,SM,70000,47000,67.14
20,601,CHEMBOND,EQ,8972,5785,64.48
20,602,CHEMCON,EQ,18945,11578,61.11
20,603,CHEMFAB,EQ,4542,1732,38.13
20,604,CHEMPLASTS,EQ,29605,12703,42.91
20,605,CHENNPETRO,EQ,486263,132599,27.27
20,606,CHETANA,SM,20800,20800,100.00
20,607,CHEVIOT,EQ,15032,3177,21.13
20,608,CHOICEIN,EQ,404192,141918,35.11
20,609,CHOLAFIN,EQ,1708689,987818,57.81
20,610,CHOLAHLDNG,EQ,250343,192632,76.95
20,611,CIEINDIA,EQ,70650,37616,53.24
20,612,CIFCZC26A,N3,10,10,100.00
20,613,CIGNITITEC,EQ,195585,110509,56.50
20,614,CINEVISTA,EQ,20527,13513,65.83
20,615,CIPLA,EQ,808605,426081,52.69
20,616,CLEAN,EQ,58077,21909,37.72
20,617,CLEDUCATE,EQ,128171,62902,49.08
20,618,CLOUD,SZ,94000,85000,90.43
20,619,CLSEL,EQ,104408,43057,41.24
20,620,CLSL,SM,2000,2000,100.00
20,621,CMMIPL,SZ,18000,18000,100.00
20,622,CMNL,ST,21000,21000,100.00
20,623,CMRSL,SM,800,800,100.00
20,624,CMSINFO,EQ,555872,333289,59.96
20,625,COALINDIA,EQ,10653690,5619411,52.75
20,626,COASTCORP,EQ,13774,8181,59.39
20,627,COCHINSHIP,EQ,403472,202319,50.14
20,628,COFORGE,EQ,348778,106002,30.39
20,629,COLPAL,EQ,672025,407872,60.69
20,630,COMMITTED,ST,6400,6400,100.00
20,631,COMMOIETF,EQ,65247,25053,38.40
20,632,COMPUSOFT,EQ,35819,25610,71.50
20,633,CONCOR,EQ,1056274,529215,50.10
20,634,CONCORDBIO,EQ,55846,30076,53.86
20,635,CONFIPET,EQ,237170,116256,49.02
20,636,CONS,EQ,1623,1395,85.95
20,637,CONSOFINVT,EQ,2319,1445,62.31
20,638,CONSUMBEES,EQ,56922,44597,78.35
20,639,CONSUMER,EQ,190174,135064,71.02
20,640,CONSUMIETF,EQ,22293,7358,33.01
20,641,CONTI,ST,9999,9999,100.00
20,642,CONTROLPR,EQ,18838,11070,58.76
20,643,COOLCAPS,ST,5000,5000,100.00
20,644,CORALFINAC,EQ,19211,13802,71.84
20,645,CORDSCABLE,EQ,21352,10779,50.48
20,646,COROMANDEL,EQ,529245,271884,51.37
20,647,COSMOFIRST,EQ,140669,61397,43.65
20,648,COUNCODOS,EQ,77481,40410,52.15
20,649,CPS,ST,600,600,100.00
20,650,CPSEETF,EQ,1621953,665846,41.05
20,651,CRAFTSMAN,EQ,22081,9422,42.67
20,652,CRAYONS,SM,8000,5000,62.50
20,653,CREATIVE,EQ,25369,20513,80.86
20,654,CREDITACC,EQ,853731,80986,9.49
20,655,CREST,EQ,10123,5332,52.67
20,656,CRISIL,EQ,54236,10674,19.68
20,657,CROMPTON,EQ,1498207,920229,61.42
20,658,CROWN,EQ,22398,5771,25.77
20,659,CSBBANK,EQ,87835,40221,45.79
20,660,CSLFINANCE,EQ,87656,59271,67.62
20,661,CTE,EQ,41171,22950,55.74
20,662,CUB,EQ,1036015,522406,50.42
20,663,CUBEXTUB,EQ,466402,134027,28.74
20,664,CUMMINSIND,EQ,619181,348314,56.25
20,665,CUPID,EQ,369034,243460,65.97
20,666,CYBERMEDIA,EQ,22502,13532,60.14
20,667,CYBERTECH,EQ,83292,42097,50.54
20,668,CYIENT,EQ,371011,136699,36.84
20,669,CYIENTDLM,EQ,3064082,1017722,33.21
20,670,DABUR,EQ,1532395,867367,56.60
20,671,DALBHARAT,EQ,2935848,940184,32.02
20,672,DALMIASUG,EQ,75761,19840,26.19
20,673,DAMCAPITAL,EQ,2109771,614353,29.12
20,674,DAMODARIND,EQ,12858,10878,84.60
20,675,DANGEE,EQ,88682,64612,72.86
20,676,DANISH,SM,99600,53700,53.92
20,677,DATAMATICS,EQ,160370,95273,59.41
20,678,DATAPATTNS,EQ,144877,44525,30.73
20,679,DAVANGERE,EQ,3722314,1254394,33.70
20,680,DBCORP,EQ,69601,36242,52.07
20,681,DBEIL,EQ,1041110,943876,90.66
20,682,DBL,EQ,421606,345067,81.85
20,683,DBOL,EQ,159009,72917,45.86
20,684,DBREALTY,EQ,1355621,530248,39.11
20,685,DBSTOCKBRO,EQ,17124,13754,80.32
20,686,DCAL,EQ,610110,221363,36.28
20,687,DCBBANK,EQ,487666,214927,44.07
20,688,DCG,SM,44400,32400,72.97
20,689,DCI,EQ,9717,6008,61.83
20,690,DCM,EQ,18009,7058,39.19
20,691,DCMNVL,EQ,19765,13823,69.94
20,692,DCMSHRIRAM,EQ,63914,21953,34.35
20,693,DCMSRIND,EQ,77429,38298,49.46
20,694,DCW,EQ,814525,313783,38.52
20,695,DCXINDIA,EQ,512120,208211,40.66
20,696,DDEVPLSTIK,EQ,115157,60910,52.89
20,697,DECCANCE,EQ,22080,15641,70.84
20,698,DECCANTRAN,ST,78000,74400,95.38
20,699,DEEDEV,EQ,294602,233820,79.37
20,700,DEEM,SM,2000,2000,100.00
20,701,DEEPAKFERT,EQ,610861,215232,35.23
20,702,DEEPAKNTR,EQ,109039,29994,27.51
20,703,DEEPINDS,EQ,237271,109582,46.18
20,704,DELAPLEX,SM,6000,6000,100.00
20,705,DELHIVERY,EQ,2952508,1094717,37.08
20,706,DELTACORP,EQ,951292,314514,33.06
20,707,DELTAMAGNT,EQ,9654,5689,58.93
20,708,DELTIC,ST,108000,105000,97.22
20,709,DEN,EQ,604812,225836,37.34
20,710,DENEERS,ST,1200,1200,100.00
20,711,DENORA,EQ,6081,3705,60.93
20,712,DENTALKART,SM,6750,5500,81.48
20,713,DEVIT,EQ,399000,112987,28.32
20,714,DEVYANI,EQ,1813126,561741,30.98
20,715,DHAMPURSUG,EQ,234697,81758,34.84
20,716,DHANI,EQ,3381837,1339826,39.62
20,717,DHANLAXMI,ST,98000,92000,93.88
20,718,DHANUKA,EQ,24828,11486,46.26
20,719,DHARIWAL,SM,1200,1200,100.00
20,720,DHARMAJ,EQ,85861,47951,55.85
20,721,DHRUV,EQ,31699,31699,100.00
20,722,DHUNINV,EQ,588,374,63.61
20,723,DIAMINESQ,EQ,2034,1238,60.87
20,724,DIAMONDYD,EQ,47930,24132,50.35
20,725,DICIND,EQ,1111,814,73.27
20,726,DIFFNKG,EQ,40064,29528,73.70
20,727,DIGIDRIVE,EQ,69265,29829,43.07
20,728,DIGIKORE,ST,5000,5000,100.00
20,729,DIGISPICE,EQ,59414,37772,63.57
20,730,DISHTV,EQ,6838099,2294493,33.55
20,731,DIVGIITTS,EQ,9800,4935,50.36
20,732,DIVISLAB,EQ,513868,408464,79.49
20,733,DIVOPPBEES,EQ,44035,30107,68.37
20,734,DIVYADHAN,SM,14000,12000,85.71
20,735,DIXON,EQ,1219026,270801,22.21
20,736,DLF,EQ,5828129,2986800,51.25
20,737,DLINKINDIA,EQ,79125,42511,53.73
20,738,DMART,EQ,320915,155767,48.54
20,739,DNAMEDIA,EQ,112756,60626,53.77
20,740,DODLA,EQ,37335,20868,55.89
20,741,DOLATALGO,EQ,495819,266513,53.75
20,742,DOLLAR,EQ,75771,42438,56.01
20,743,DOLLEX,SM,8000,8000,100.00
20,744,DOMS,EQ,245332,99989,40.76
20,745,DONEAR,EQ,86981,52036,59.82
20,746,DPABHUSHAN,EQ,15559,6613,42.50
20,747,DPEL,ST,27000,22500,83.33
20,748,DPSCLTD,EQ,97343,63632,65.37
20,749,DPWIRES,EQ,6511,4834,74.24
20,750,DRCSYSTEMS,EQ,102384,51588,50.39
20,751,DREAMFOLKS,EQ,148788,89053,59.85
20,752,DREDGECORP,EQ,13245,6960,52.55
20,753,DRONE,ST,7000,7000,100.00
20,754,DRREDDY,EQ,1301422,574673,44.16
20,755,DSSL,EQ,40381,22866,56.63
20,756,DTIL,EQ,8118,4422,54.47
20,757,DTL,SM,1200,1200,100.00
20,758,DUCOL,SM,22400,17600,78.57
20,759,DUCON,EQ,475489,284207,59.77
20,760,DUGLOBAL,SM,27500,17500,63.64
20,761,DURLAX,SM,10000,8000,80.00
20,762,DVL,EQ,13865,8851,63.84
20,763,DWARKESH,EQ,855789,342171,39.98
20,764,DYCL,EQ,53177,32861,61.80
20,765,DYNAMATECH,EQ,12287,6277,51.09
20,766,DYNAMIC,ST,66500,65500,98.50
20,767,DYNPRO,EQ,4239,2449,57.77
20,768,EASEMYTRIP,EQ,93114968,21454564,23.04
20,769,EBANKNIFTY,EQ,1775,810,45.63
20,770,EBBETF0425,EQ,7414,7372,99.43
20,771,EBBETF0430,EQ,3719,2137,57.46
20,772,EBBETF0431,EQ,40519,40106,98.98
20,773,EBBETF0433,EQ,5243,3199,61.01
20,774,ECAPINSURE,EQ,19676,18026,91.61
20,775,ECLERX,EQ,76501,36757,48.05
20,776,ECOSMOBLTY,EQ,157266,47139,29.97
20,777,EDELWEISS,EQ,4194889,1978175,47.16
20,778,EFFWA,ST,11200,11200,100.00
20,779,EFORCE,SM,31200,22800,73.08
20,780,EGOLD,EQ,99133,98291,99.15
20,781,EICHERMOT,EQ,494734,305849,61.82
20,782,EIDPARRY,EQ,122583,60239,49.14
20,783,EIEL,EQ,3848910,832871,21.64
20,784,EIFFL,EQ,26905,21506,79.93
20,785,EIHAHOTELS,EQ,19180,9151,47.71
20,786,EIHOTEL,EQ,409562,246529,60.19
20,787,EIMCOELECO,EQ,28827,18764,65.09
20,788,EKC,EQ,383304,140215,36.58
20,789,ELDEHSG,EQ,1629,1172,71.95
20,790,ELECON,EQ,1955019,483289,24.72
20,791,ELECTCAST,EQ,1540518,783884,50.88
20,792,ELGIEQUIP,EQ,1672223,148282,8.87
20,793,ELIN,EQ,64306,31533,49.04
20,794,EMAMILTD,EQ,296862,138798,46.76
20,795,EMAMIPAP,EQ,19437,10196,52.46
20,796,EMBASSY,RR,291007,260273,89.44
20,797,EMBDL,EQ,21289095,8183088,38.44
20,798,EMCURE,EQ,79791,53157,66.62
20,799,EMIL,EQ,941396,658856,69.99
20,800,EMKAYTOOLS,SM,5400,4050,75.00
20,801,EMMBI,EQ,95273,41545,43.61
20,802,EMMIL,ST,7000,6500,92.86
20,803,EMSLIMITED,EQ,369916,127683,34.52
20,804,EMUDHRA,EQ,86866,28328,32.61
20,805,EMULTIMQ,EQ,152854,131154,85.80
20,806,ENDURANCE,EQ,229844,197667,86.00
20,807,ENFUSE,ST,4800,4200,87.50
20,808,ENGINERSIN,EQ,1589526,494051,31.08
20,809,ENIL,EQ,12694,6455,50.85
20,810,ENSER,ST,4000,4000,100.00
20,811,ENTERO,EQ,13925,4921,35.34
20,812,ENVIRO,SM,76000,34000,44.74
20,813,EPACK,EQ,531166,292770,55.12
20,814,EPIGRAL,EQ,43102,17784,41.26
20,815,EPL,EQ,613221,226842,36.99
20,816,EQUAL50ADD,EQ,4082,3565,87.33
20,817,EQUITASBNK,EQ,4378533,1358936,31.04
20,818,ERIS,EQ,114212,78572,68.79
20,819,ESABINDIA,EQ,1752,943,53.82
20,820,ESAFSFB,EQ,315693,186345,59.03
20,821,ESCONET,ST,3200,3200,100.00
20,822,ESCORTS,EQ,142630,75128,52.67
20,823,ESFL,SM,34200,24840,72.63
20,824,ESG,EQ,7147,3926,54.93
20,825,ESILVER,EQ,36013,33971,94.33
20,826,ESPRIT,ST,54400,40000,73.53
20,827,ESTER,EQ,126886,52671,41.51
20,828,ETHOSLTD,EQ,97359,65671,67.45
20,829,ETML,SM,58800,44400,75.51
20,830,EUREKAFORB,EQ,205879,147673,71.73
20,831,EUROBOND,SM,3000,2000,66.67
20,832,EVEREADY,EQ,41960,24347,58.02
20,833,EVERESTIND,EQ,14504,7073,48.77
20,834,EVINDIA,EQ,600370,364043,60.64
20,835,EXCELINDUS,EQ,3878,2084,53.74
20,836,EXICOM,EQ,277373,176637,63.68
20,837,EXIDEIND,EQ,2226469,909534,40.85
20,838,EXPLEOSOL,EQ,10282,8309,80.81
20,839,EXXARO,EQ,729918,466066,63.85
20,840,FACT,EQ,385233,58496,15.18
20,841,FAIRCHEMOR,EQ,13766,4416,32.08
20,842,FALCONTECH,SM,1200,1200,100.00
20,843,FAZE3Q,EQ,7427,4095,55.14
20,844,FCL,EQ,352838,125030,35.44
20,845,FCSSOFT,EQ,2929485,1357423,46.34
20,846,FDC,EQ,148457,74807,50.39
20,847,FEDERALBNK,EQ,9163217,4730663,51.63
20,848,FEDFINA,EQ,314955,203649,64.66
20,849,FELIX,ST,49500,49500,100.00
20,850,FIBERWEB,EQ,69109,30676,44.39
20,851,FICRF3GP,MF,500,500,100.00
20,852,FIDEL,ST,6000,6000,100.00
20,853,FIEMIND,EQ,49123,30130,61.34
20,854,FILATEX,EQ,893518,429573,48.08
20,855,FINCABLES,EQ,108086,48502,44.87
20,856,FINEORG,EQ,16018,8318,51.93
20,857,FINIETF,EQ,3890577,2630142,67.60
20,858,FINOPB,EQ,125551,70927,56.49
20,859,FINPIPE,EQ,674440,322080,47.76
20,860,FIRSTCRY,EQ,1613031,1329353,82.41
20,861,FIVESTAR,EQ,1129575,455117,40.29
20,862,FLAIR,EQ,53005,38256,72.17
20,863,FLUOROCHEM,EQ,67493,26912,39.87
20,864,FMCGIETF,EQ,652781,295426,45.26
20,865,FMGOETZE,EQ,43588,24002,55.07
20,866,FOCUS,EQ,156031,90707,58.13
20,867,FONEBOX,SM,4000,2000,50.00
20,868,FOODSIN,EQ,174689,103720,59.37
20,869,FORCAS,ST,1600,1600,100.00
20,870,FORCEMOT,EQ,17799,8171,45.91
20,871,FORGEAUTO,SM,1200,1200,100.00
20,872,FORTIS,EQ,1776604,1086842,61.18
20,873,FOSECOIND,EQ,993,490,49.35
20,874,FRESHARA,ST,12000,12000,100.00
20,875,FROG,SM,1391600,775600,55.73
20,876,FSL,EQ,4167073,1567585,37.62
20,877,FUSION,EQ,157095,60896,38.76
20,878,GABRIEL,EQ,163345,90574,55.45
20,879,GAEL,EQ,939943,408983,43.51
20,880,GAIL,EQ,9583003,4882011,50.94
20,881,GALAPREC,EQ,97089,33460,34.46
20,882,GALAXYSURF,EQ,18557,14767,79.58
20,883,GALLANTT,EQ,21448,11464,53.45
20,884,GANDHAR,EQ,148665,73279,49.29
20,885,GANDHITUBE,EQ,2276,1412,62.04
20,886,GANECOS,EQ,54210,24387,44.99
20,887,GANESHBE,EQ,159359,91831,57.63
20,888,GANESHHOUC,EQ,699921,95940,13.71
20,889,GANESHIN,SM,380800,278400,73.11
20,890,GANGAFORGE,EQ,197756,137325,69.44
20,891,GANGESSECU,EQ,11657,3990,34.23
20,892,GARFIBRES,EQ,84263,38743,45.98
20,893,GARUDA,EQ,1884495,524535,27.83
20,894,GATEWAY,EQ,531895,217822,40.95
20,895,GEECEE,EQ,21931,13033,59.43
20,896,GEEKAYWIRE,EQ,59338,35118,59.18
20,897,GENCON,EQ,50455,36574,72.49
20,898,GENESYS,EQ,376313,154642,41.09
20,899,GENSOL,EQ,73841,36213,49.04
20,900,GENUSPAPER,EQ,123395,55885,45.29
20,901,GENUSPOWER,EQ,909250,504217,55.45
20,902,GEOJITFSL,EQ,398212,189533,47.60
20,903,GEPIL,EQ,122937,63105,51.33
20,904,GESHIP,EQ,453256,253499,55.93
20,905,GFLLIMITED,EQ,38386,16413,42.76
20,906,GGBL,SM,87000,60000,68.97
20,907,GHCL,EQ,232410,77012,33.14
20,908,GHCLTEXTIL,EQ,123693,66289,53.59
20,909,GICHSGFIN,EQ,95493,42671,44.68
20,910,GICL,ST,109500,109500,100.00
20,911,GICRE,EQ,927668,269922,29.10
20,912,GILLETTE,EQ,11646,5105,43.83
20,913,GILT5YBEES,EQ,117330,74408,63.42
20,914,GINNIFILA,EQ,73784,45505,61.67
20,915,GIPCL,EQ,395600,165309,41.79
20,916,GKWLIMITED,EQ,384,212,55.21
20,917,GLAND,EQ,77017,33223,43.14
20,918,GLAXO,EQ,252676,204702,81.01
20,919,GLENMARK,EQ,184505,50700,27.48
20,920,GLOBAL,EQ,58615,35642,60.81
20,921,GLOBALPET,SM,24000,21000,87.50
20,922,GLOBE,EQ,1628555,1243855,76.38
20,923,GLOBUSSPR,EQ,285412,92037,32.25
20,924,GLOSTERLTD,EQ,17176,4257,24.78
20,925,GMBREW,EQ,43593,16061,36.84
20,926,GMDCLTD,EQ,832808,194662,23.37
20,927,GMMPFAUDLR,EQ,36379,17892,49.18
20,928,GMRAIRPORT,EQ,14826279,7259576,48.96
20,929,GMRP&UI,EQ,1469603,759181,51.66
20,930,GNA,EQ,18613,11434,61.43
20,931,GNFC,EQ,514053,191405,37.23
20,932,GOACARBON,EQ,17162,6887,40.13
20,933,GOCLCORP,EQ,14985,10385,69.30
20,934,GOCOLORS,EQ,17894,8397,46.93
20,935,GODAVARIB,EQ,102474,41038,40.05
20,936,GODFRYPHLP,EQ,58617,31352,53.49
20,937,GODIGIT,EQ,906785,213760,23.57
20,938,GODREJAGRO,EQ,78037,29709,38.07
20,939,GODREJCP,EQ,1902732,1336916,70.26
20,940,GODREJIND,EQ,57706,24189,41.92
20,941,GODREJPROP,EQ,1092303,487912,44.67
20,942,GOKEX,EQ,144165,58476,40.56
20,943,GOKULAGRO,EQ,484648,408048,84.19
20,944,GOLD1,EQ,1198679,1109533,92.56
20,945,GOLDBEES,EQ,11577541,8488348,73.32
20,946,GOLDCASE,EQ,1154653,906297,78.49
20,947,GOLDETF,EQ,1410948,1386588,98.27
20,948,GOLDETFADD,EQ,274332,264958,96.58
20,949,GOLDIAM,EQ,1745566,587330,33.65
20,950,GOLDIETF,EQ,1917533,1600735,83.48
20,951,GOLDSHARE,EQ,190084,145552,76.57
20,952,GOLDSTAR,SM,22500,22500,100.00
20,953,GOODLUCK,EQ,101259,61467,60.70
20,954,GOPAL,EQ,148886,55958,37.58
20,955,GOYALALUM,EQ,120720,72123,59.74
20,956,GOYALSALT,SM,10200,9600,94.12
20,957,GPECO,ST,144000,136200,94.58
20,958,GPIL,EQ,1162968,540438,46.47
20,959,GPPL,EQ,1644560,1050685,63.89
20,960,GPTHEALTH,EQ,55841,35364,63.33
20,961,GPTINFRA,EQ,87340,52113,59.67
20,962,GRANULES,EQ,867802,385544,44.43
20,963,GRAPHISAD,ST,3600,3600,100.00
20,964,GRAPHITE,EQ,334027,123882,37.09
20,965,GRASIM,EQ,336546,176023,52.30
20,966,GRAVITA,EQ,312402,184675,59.11
20,967,GRCL,SM,500,500,100.00
20,968,GREAVESCOT,EQ,3368379,641582,19.05
20,969,GREENCHEF,SM,10400,7200,69.23
20,970,GREENLAM,EQ,80978,17209,21.25
20,971,GREENPANEL,EQ,63076,28975,45.94
20,972,GREENPLY,EQ,69757,29596,42.43
20,973,GREENPOWER,EQ,2891218,1331336,46.05
20,974,GRINDWELL,EQ,23248,12522,53.86
20,975,GRINFRA,EQ,11094,5095,45.93
20,976,GRMOVER,EQ,434023,189204,43.59
20,977,GROBTEA,EQ,287,212,73.87
20,978,GROWWDEFNC,EQ,215621,145041,67.27
20,979,GROWWEV,EQ,425078,270655,63.67
20,980,GROWWGOLD,EQ,185369,71822,38.75
20,981,GROWWLIQID,EQ,29871,23542,78.81
20,982,GRPLTD,EQ,1845,1466,79.46
20,983,GRSE,EQ,479181,108125,22.56
20,984,GRWRHITECH,EQ,102812,46702,45.42
20,985,GSEC10YEAR,EQ,19017,13483,70.90
20,986,GSEC5IETF,EQ,154,152,98.70
20,987,GSFC,EQ,2974061,1134039,38.13
20,988,GSLSU,EQ,145816,71099,48.76
20,989,GSMFOILS,ST,2000,2000,100.00
20,990,GSPL,EQ,1923127,623195,32.41
20,991,GSS,EQ,31594,18975,60.06
20,992,GSTL,ST,2000,2000,100.00
20,993,GTL,EQ,505364,216334,42.81
20,994,GTLINFRA,EQ,30719077,12669938,41.24
20,995,GTPL,EQ,28975,11670,40.28
20,996,GUFICBIO,EQ,86140,40490,47.00
20,997,GUJALKALI,EQ,30626,11445,37.37
20,998,GUJAPOLLO,EQ,43776,28496,65.10
20,999,GUJGASLTD,EQ,273850,96630,35.29
20,1000,GULFOILLUB,EQ,65950,34130,51.75
20,1001,GULFPETRO,EQ,88997,47818,53.73
20,1002,GULPOLY,EQ,293697,111229,37.87
20,1003,GVPTECH,EQ,46651,29286,62.78
20,1004,GVT&D,EQ,257152,166050,64.57
20,1005,HAL,EQ,2506920,902866,36.01
20,1006,HAPPSTMNDS,EQ,156970,79006,50.33
20,1007,HAPPYFORGE,EQ,16676,10256,61.50
20,1008,HARIOMPIPE,EQ,86170,47621,55.26
20,1009,HARRMALAYA,EQ,27306,15770,57.75
20,1010,HARSHA,EQ,76637,45418,59.26
20,1011,HATHWAY,EQ,4544019,1463887,32.22
20,1012,HATSUN,EQ,20426,9139,44.74
20,1013,HAVELLS,EQ,820772,441202,53.75
20,1014,HAVISHA,EQ,30984,19929,64.32
20,1015,HBLENGINE,EQ,976210,359477,36.82
20,1016,HBSL,EQ,7842,3537,45.10
20,1017,HCC,EQ,28414786,10861527,38.22
20,1018,HCG,EQ,129447,54582,42.17
20,1019,HCL-INSYS,EQ,209274,92639,44.27
20,1020,HCLTECH,EQ,3009261,1890946,62.84
20,1021,HDFCAMC,EQ,506125,321983,63.62
20,1022,HDFCBANK,EQ,15309653,7697124,50.28
20,1023,HDFCBSE500,EQ,107304,103695,96.64
20,1024,HDFCGOLD,EQ,1837959,1353959,73.67
20,1025,HDFCGROWTH,EQ,1375,1011,73.53
20,1026,HDFCLIFE,EQ,2296057,1205976,52.52
20,1027,HDFCLIQUID,EQ,3302,2777,84.10
20,1028,HDFCLOWVOL,EQ,16342,13564,83.00
20,1029,HDFCMID150,EQ,404822,314641,77.72
20,1030,HDFCMOMENT,EQ,381444,189764,49.75
20,1031,HDFCNEXT50,EQ,165695,119189,71.93
20,1032,HDFCNIF100,EQ,77455,68919,88.98
20,1033,HDFCNIFBAN,EQ,43557,37402,85.87
20,1034,HDFCNIFIT,EQ,15059,10760,71.45
20,1035,HDFCNIFTY,EQ,41209,30835,74.83
20,1036,HDFCPSUBK,EQ,25706,9606,37.37
20,1037,HDFCPVTBAN,EQ,107775,60259,55.91
20,1038,HDFCQUAL,EQ,3799,2036,53.59
20,1039,HDFCSENSEX,EQ,30947,23362,75.49
20,1040,HDFCSILVER,EQ,277619,165849,59.74
20,1041,HDFCSML250,EQ,797736,643017,80.61
20,1042,HDFCVALUE,EQ,57165,52478,91.80
20,1043,HEADSUP,EQ,9225,5059,54.84
20,1044,HEALTHADD,EQ,297,195,65.66
20,1045,HEALTHIETF,EQ,125624,67611,53.82
20,1046,HEALTHY,EQ,98400,71464,72.63
20,1047,HEG,EQ,524008,162708,31.05
20,1048,HEIDELBERG,EQ,102524,46965,45.81
20,1049,HEMIPROP,EQ,383108,173162,45.20
20,1050,HERANBA,EQ,49205,23602,47.97
20,1051,HERITGFOOD,EQ,1383065,400525,28.96
20,1052,HEROMOTOCO,EQ,272889,138870,50.89
20,1053,HESTERBIO,EQ,3644,1626,44.62
20,1054,HEUBACHIND,EQ,38178,32058,83.97
20,1055,HEXATRADEX,EQ,3493,2461,70.46
20,1056,HFCL,EQ,13539512,3156995,23.32
20,1057,HGINFRA,EQ,56185,27624,49.17
20,1058,HGS,EQ,17508,8957,51.16
20,1059,HIGREEN,ST,59200,59200,100.00
20,1060,HIKAL,EQ,243758,92820,38.08
20,1061,HIL,EQ,17944,12621,70.34
20,1062,HILTON,EQ,264449,133717,50.56
20,1063,HIMATSEIDE,EQ,1260442,501197,39.76
20,1064,HINDALCO,EQ,4426051,2464736,55.69
20,1065,HINDCOMPOS,EQ,7155,3523,49.24
20,1066,HINDCOPPER,EQ,4680337,1578387,33.72
20,1067,HINDMOTORS,EQ,2886497,624364,21.63
20,1068,HINDOILEXP,EQ,743758,305336,41.05
20,1069,HINDPETRO,EQ,6676035,2729734,40.89
20,1070,HINDUNILVR,EQ,2658047,2046524,76.99
20,1071,HINDWAREAP,EQ,50776,28870,56.86
20,1072,HINDZINC,EQ,1488217,726563,48.82
20,1073,HIRECT,EQ,22473,11887,52.89
20,1074,HISARMETAL,EQ,7082,4140,58.46
20,1075,HITECH,EQ,1099319,564733,51.37
20,1076,HITECHCORP,EQ,9289,6377,68.65
20,1077,HLEGLAS,EQ,51332,25857,50.37
20,1078,HLVLTD,EQ,607499,268092,44.13
20,1079,HMAAGRO,EQ,214143,138770,64.80
20,1080,HMVL,EQ,34282,20241,59.04
20,1081,HNDFDS,EQ,75778,51813,68.37
20,1082,HNGSNGBEES,EQ,110728,79125,71.46
20,1083,HOACFOODS,ST,1500,750,50.00
20,1084,HOLMARC,ST,7500,7500,100.00
20,1085,HOMEFIRST,EQ,191450,98819,51.62
20,1086,HONASA,EQ,305398,148494,48.62
20,1087,HONAUT,EQ,1862,625,33.57
20,1088,HONDAPOWER,EQ,3858,1754,45.46
20,1089,HOVS,EQ,14028,7269,51.82
20,1090,HPAL,EQ,63277,40945,64.71
20,1091,HPIL,EQ,3467,1774,51.17
20,1092,HPL,EQ,179519,71747,39.97
20,1093,HRHNEXT,ST,1500,1500,100.00
20,1094,HSCL,EQ,858888,308937,35.97
20,1095,HTMEDIA,EQ,118845,63591,53.51
20,1096,HUBTOWN,EQ,143489,87548,61.01
20,1097,HUDCO,EQ,16924922,2733333,16.15
20,1098,HUHTAMAKI,EQ,48528,33808,69.67
20,1099,HVAX,ST,3000,3000,100.00
20,1100,HYUNDAI,EQ,1321964,998818,75.56
20,1101,IBLFL,ST,10000,10000,100.00
20,1102,ICEMAKE,EQ,28150,15310,54.39
20,1103,ICICIB22,EQ,445828,319940,71.76
20,1104,ICICIBANK,EQ,10377123,6984683,67.31
20,1105,ICICIGI,EQ,485715,304488,62.69
20,1106,ICICIPRULI,EQ,13189131,4576702,34.70
20,1107,ICIL,EQ,215265,71482,33.21
20,1108,ICRA,EQ,1277,621,48.63
20,1109,IDBI,EQ,9160674,2387744,26.07
20,1110,IDEA,EQ,358652788,106268060,29.63
20,1111,IDEAFORGE,EQ,87332,46603,53.36
20,1112,IDEALTECHO,SM,8000,6000,75.00
20,1113,IDENTICAL,SM,78000,64000,82.05
20,1114,IDFCFIRSTB,EQ,18763271,8890576,47.38
20,1115,IDFNIFTYET,EQ,642,422,65.73
20,1116,IEML,SM,500,500,100.00
20,1117,IEX,EQ,3562943,1333899,37.44
20,1118,IFBAGRO,EQ,1888,1450,76.80
20,1119,IFBIND,EQ,25949,12523,48.26
20,1120,IFCI,EQ,6665625,1311187,19.67
20,1121,IFCIZC25,NM,1,1,100.00
20,1122,IFGLEXPOR,EQ,5486,2402,43.78
20,1123,IGARASHI,EQ,33638,19328,57.46
20,1124,IGIL,EQ,3205134,1650006,51.48
20,1125,IGL,EQ,3099642,1193342,38.50
20,1126,IGPL,EQ,39803,24631,61.88
20,1127,IHFL261224,N1,25,25,100.00
20,1128,IIFL,EQ,777577,289971,37.29
20,1129,IIFLCAPS,EQ,293404,141407,48.20
20,1130,IIFLZC28A,NU,1500,1500,100.00
20,1131,IIFLZC28B,Y1,40,40,100.00
20,1132,IKIO,EQ,63830,32896,51.54
20,1133,IKS,EQ,288851,216005,74.78
20,1134,IMAGICAA,EQ,946034,437337,46.23
20,1135,IMC1,N0,414,414,100.00
20,1136,IMC1,N1,454,454,100.00
20,1137,IMC1,N2,414,414,100.00
20,1138,IMC1,N3,597,414,69.35
20,1139,IMFA,EQ,99172,40292,40.63
20,1140,IMPAL,EQ,693,509,73.45
20,1141,INCREDIBLE,EQ,20701,9551,46.14
20,1142,INDBANK,EQ,187335,95464,50.96
20,1143,INDGN,EQ,768633,328926,42.79
20,1144,INDHOTEL,EQ,6271590,3287719,52.42
20,1145,INDIACEM,EQ,11683469,807090,6.91
20,1146,INDIAGLYCO,EQ,173456,54521,31.43
20,1147,INDIAMART,EQ,2981410,505211,16.95
20,1148,INDIANB,EQ,621153,233737,37.63
20,1149,INDIANHUME,EQ,56402,29618,52.51
20,1150,INDIASHLTR,EQ,70136,33158,47.28
20,1151,INDIGO,EQ,1055656,676008,64.04
20,1152,INDIGOPNTS,EQ,37930,22605,59.60
20,1153,INDIGRID,IV,282928,236112,83.45
20,1154,INDNIPPON,EQ,7836,3116,39.77
20,1155,INDOAMIN,EQ,123393,53815,43.61
20,1156,INDOBORAX,EQ,29596,14449,48.82
20,1157,INDOCO,EQ,1085145,385653,35.54
20,1158,INDOFARM,EQ,947616,254347,26.84
20,1159,INDORAMA,EQ,104128,54338,52.18
20,1160,INDOSTAR,EQ,141653,62975,44.46
20,1161,INDOWIND,EQ,406562,147776,36.35
20,1162,INDRAMEDCO,EQ,209148,118528,56.67
20,1163,INDTERRAIN,EQ,40268,27506,68.31
20,1164,INDUSINDBK,EQ,2639472,1244120,47.14
20,1165,INDUSTOWER,EQ,9032850,4646726,51.44
20,1166,INFIBEAM,EQ,5327277,2673616,50.19
20,1167,INFINIUM,SM,3000,3000,100.00
20,1168,INFOBEAN,EQ,4971,2798,56.29
20,1169,INFOLLION,ST,18000,14800,82.22
20,1170,INFOMEDIA,EQ,10815,7866,72.73
20,1171,INFRABEES,EQ,4908,2700,55.01
20,1172,INFRAIETF,EQ,39310,21129,53.75
20,1173,INFY,EQ,8373913,4746138,56.68
20,1174,INGERRAND,EQ,17060,8658,50.75
20,1175,INM,SM,1800,1800,100.00
20,1176,INNOMET,SM,15600,15600,100.00
20,1177,INNOVACAP,EQ,110121,51840,47.08
20,1178,INNOVANA,EQ,3623,2243,61.91
20,1179,INOXGREEN,EQ,905552,297217,32.82
20,1180,INOXINDIA,EQ,168490,82022,48.68
20,1181,INOXWIND,EQ,5828321,2518830,43.22
20,1182,INSECTICID,EQ,99640,63195,63.42
20,1183,INSPIRE,SM,30000,22000,73.33
20,1184,INSPIRISYS,EQ,1523,1265,83.06
20,1185,INTELLECT,EQ,386812,128500,33.22
20,1186,INTENTECH,EQ,31732,17338,54.64
20,1187,INTERARCH,EQ,149756,44337,29.61
20,1188,INTLCONV,EQ,150626,87031,57.78
20,1189,INVENTURE,EQ,1701813,831555,48.86
20,1190,IOB,EQ,4499478,1172388,26.06
20,1191,IOC,EQ,9202153,3318911,36.07
20,1192,IOLCP,EQ,229942,78087,33.96
20,1193,IONEXCHANG,EQ,149690,72960,48.74
20,1194,IPCALAB,EQ,225920,89103,39.44
20,1195,IPHL,ST,1200,1200,100.00
20,1196,IPL,EQ,190049,77971,41.03
20,1197,IPSL,ST,500,500,100.00
20,1198,IRB,EQ,13333721,3214613,24.11
20,1199,IRBINVIT,IV,135737,126608,93.27
20,1200,IRCON,EQ,6445532,1135745,17.62
20,1201,IRCTC,EQ,1097030,335770,30.61
20,1202,IREDA,EQ,9878925,2702623,27.36
20,1203,IRFC,EQ,19198201,3678968,19.16
20,1204,IRISDOREME,EQ,99877,19947,19.97
20,1205,IRMENERGY,EQ,84352,54320,64.40
20,1206,ISEC,EQ,116106,56559,48.71
20,1207,ISFT,EQ,28966,19425,67.06
20,1208,ISGEC,EQ,98265,54274,55.23
20,1209,ISHAN,SM,432000,336000,77.78
20,1210,IT,EQ,55010,33520,60.93
20,1211,ITALIANE,SM,2000,2000,100.00
20,1212,ITBEES,EQ,2708081,1668644,61.62
20,1213,ITC,EQ,9619648,5567099,57.87
20,1214,ITDC,EQ,27367,10738,39.24
20,1215,ITDCEM,EQ,662351,345251,52.13
20,1216,ITETF,EQ,73066,42926,58.75
20,1217,ITETFADD,EQ,3132,2121,67.72
20,1218,ITIETF,EQ,758715,354630,46.74
20,1219,IVC,EQ,142627,97419,68.30
20,1220,IVP,EQ,7144,4127,57.77
20,1221,IVZINGOLD,EQ,154,131,85.06
20,1222,IVZINNIFTY,EQ,378,375,99.21
20,1223,IWEL,EQ,8335,5807,69.67
20,1224,IXIGO,EQ,1446235,1012720,70.02
20,1225,JAGRAN,EQ,182272,146371,80.30
20,1226,JAGSNPHARM,EQ,188343,60371,32.05
20,1227,JAIBALAJI,EQ,372026,246114,66.16
20,1228,JAICORPLTD,EQ,1219149,486305,39.89
20,1229,JAINAM,ST,1000,1000,100.00
20,1230,JAIPURKURT,EQ,95629,57233,59.85
20,1231,JALAN,ST,183000,183000,100.00
20,1232,JAMNAAUTO,EQ,759497,346913,45.68
20,1233,JASH,EQ,405801,136969,33.75
20,1234,JAYAGROGN,EQ,11630,5361,46.10
20,1235,JAYBARMARU,EQ,82118,34295,41.76
20,1236,JAYBEE,ST,64000,63000,98.44
20,1237,JAYNECOIND,EQ,176285,109925,62.36
20,1238,JAYSREETEA,EQ,87605,39159,44.70
20,1239,JBCHEPHARM,EQ,222963,184123,82.58
20,1240,JBMA,EQ,112492,24127,21.45
20,1241,JCHAC,EQ,37459,30231,80.70
20,1242,JEYYAM,SM,30000,22000,73.33
20,1243,JGCHEM,EQ,120651,57025,47.26
20,1244,JHS,EQ,127047,62655,49.32
20,1245,JINDALPHOT,EQ,10348,4629,44.73
20,1246,JINDALPOLY,EQ,32410,13674,42.19
20,1247,JINDALSAW,EQ,1030825,508809,49.36
20,1248,JINDALSTEL,EQ,1613414,666162,41.29
20,1249,JINDRILL,EQ,95567,42232,44.19
20,1250,JINDWORLD,EQ,300892,83473,27.74
20,1251,JIOFIN,EQ,19045792,7385708,38.78
20,1252,JISLDVREQS,EQ,69892,45749,65.46
20,1253,JISLJALEQS,EQ,5805237,2186683,37.67
20,1254,JITFINFRA,EQ,42734,19816,46.37
20,1255,JIWANRAM,SM,24000,24000,100.00
20,1256,J&KBANK,EQ,4024303,1986992,49.37
20,1257,JKCEMENT,EQ,86491,30866,35.69
20,1258,JKIL,EQ,144466,76781,53.15
20,1259,JKLAKSHMI,EQ,35661,14178,39.76
20,1260,JKPAPER,EQ,387648,150330,38.78
20,1261,JKTYRE,EQ,538176,204730,38.04
20,1262,JLHL,EQ,64325,24589,38.23
20,1263,JMA,EQ,4663,3195,68.52
20,1264,JMFINANCIL,EQ,2331200,897847,38.51
20,1265,JNKINDIA,EQ,17344,10443,60.21
20,1266,JOCIL,EQ,3572,2979,83.40
20,1267,JPOLYINVST,EQ,6976,2331,33.41
20,1268,JPPOWER,EQ,23476733,6626680,28.23
20,1269,JSFB,EQ,10095966,1665044,16.49
20,1270,JSL,EQ,739631,375616,50.78
20,1271,JSLL,SM,45180,32940,72.91
20,1272,JSWENERGY,EQ,2240871,1265551,56.48
20,1273,JSWINFRA,EQ,1309790,575649,43.95
20,1274,JSWSTEEL,EQ,1080075,406786,37.66
20,1275,JTEKTINDIA,EQ,69118,28340,41.00
20,1276,JTLIND,EQ,1918741,904793,47.16
20,1277,JUBLFOOD,EQ,1473302,680615,46.20
20,1278,JUBLINGREA,EQ,406871,204415,50.24
20,1279,JUBLPHARMA,EQ,99647,33057,33.17
20,1280,JUNIORBEES,EQ,525912,272541,51.82
20,1281,JUNIPER,EQ,142915,74672,52.25
20,1282,JUSTDIAL,EQ,341799,136313,39.88
20,1283,JWL,EQ,1484663,350305,23.59
20,1284,JYOTHYLAB,EQ,662449,451650,68.18
20,1285,JYOTICNC,EQ,327456,165117,50.42
20,1286,JYOTISTRUC,EQ,6415994,3616192,56.36
20,1287,K2INFRA,ST,106800,91800,85.96
20,1288,KABRAEXTRU,EQ,82309,37732,45.84
20,1289,KAJARIACER,EQ,590285,535745,90.76
20,1290,KAKATCEM,EQ,1687,1314,77.89
20,1291,KALAMANDIR,EQ,140376,87509,62.34
20,1292,KALANA,SM,20000,18000,90.00
20,1293,KALYANKJIL,EQ,48236616,5131805,10.64
20,1294,KAMATHOTEL,EQ,14542,8156,56.09
20,1295,KAMDHENU,EQ,595609,238183,39.99
20,1296,KANANIIND,EQ,147553,106647,72.28
20,1297,KANDARP,ST,12000,8000,66.67
20,1298,KANORICHEM,EQ,16325,8759,53.65
20,1299,KANPRPLA,EQ,2985,1592,53.33
20,1300,KANSAINER,EQ,176970,93794,53.00
20,1301,KAPSTON,EQ,7757,4081,52.61
20,1302,KARMAENG,EQ,10024,4609,45.98
20,1303,KARNIKA,ST,14400,12000,83.33
20,1304,KARURVYSYA,EQ,2277014,1167830,51.29
20,1305,KATARIA,ST,10800,10200,94.44
20,1306,KAUSHALYA,EQ,428,318,74.30
20,1307,KAYNES,EQ,1828654,530936,29.03
20,1308,KBCGLOBAL,EQ,18706303,6600590,35.29
20,1309,KCEIL,ST,23000,20500,89.13
20,1310,KCK,ST,17500,15000,85.71
20,1311,KCP,EQ,414321,230873,55.72
20,1312,KCPSUGIND,EQ,252956,111270,43.99
20,1313,KDDL,EQ,12037,6170,51.26
20,1314,KDL,ST,10350,9750,94.20
20,1315,KEC,EQ,850518,473052,55.62
20,1316,KECL,EQ,99062,50124,50.60
20,1317,KEI,EQ,1244810,575380,46.22
20,1318,KEL,SM,4800,4800,100.00
20,1319,KELLTONTEC,EQ,1600104,480860,30.05
20,1320,KESORAMIND,EQ,383894,147150,38.33
20,1321,KEYFINSERV,EQ,3613,2698,74.67
20,1322,KFINTECH,EQ,1185404,552011,46.57
20,1323,KHADIM,EQ,11324,10353,91.43
20,1324,KHAICHEM,EQ,151067,64734,42.85
20,1325,KHAITANLTD,EQ,27981,14462,51.69
20,1326,KHANDSE,EQ,46816,15092,32.24
20,1327,KHFM,SM,6200,6200,100.00
20,1328,KICL,EQ,4409,1978,44.86
20,1329,KILITCH,EQ,2466,932,37.79
20,1330,KIMS,EQ,168351,82036,48.73
20,1331,KINGFA,EQ,11629,6666,57.32
20,1332,KIOCL,EQ,90776,29327,32.31
20,1333,KIRIINDUS,EQ,239980,119635,49.85
20,1334,KIRLOSBROS,EQ,167334,73789,44.10
20,1335,KIRLOSENG,EQ,339927,154617,45.49
20,1336,KIRLOSIND,EQ,2252,1499,66.56
20,1337,KIRLPNU,EQ,80885,46986,58.09
20,1338,KKCL,EQ,49655,36760,74.03
20,1339,KKJEWELS,ST,1586000,1585000,99.94
20,1340,KLL,SM,47200,28800,61.02
20,1341,KMEW,EQ,27766,21115,76.05
20,1342,KMSUGAR,EQ,76719,35640,46.46
20,1343,KNAGRI,SM,32000,24400,76.25
20,1344,KNRCON,EQ,692708,284922,41.13
20,1345,KODYTECH,SM,11300,8300,73.45
20,1346,KOHINOOR,EQ,95119,31590,33.21
20,1347,KOKUYOCMLN,EQ,38809,24101,62.10
20,1348,KOLTEPATIL,EQ,229722,97484,42.44
20,1349,KONSTELEC,ST,6000,6000,100.00
20,1350,KONTOR,SM,18600,16200,87.10
20,1351,KORE,ST,250,250,100.00
20,1352,KOTAKBANK,EQ,4176669,2427237,58.11
20,1353,KOTARISUG,EQ,69150,41365,59.82
20,1354,KOTHARIPET,EQ,66026,17899,27.11
20,1355,KOTYARK,SM,44600,39200,87.89
20,1356,KPEL,EQ,415187,248103,59.76
20,1357,KPIGREEN,EQ,771824,457183,59.23
20,1358,KPIL,EQ,282244,174058,61.67
20,1359,KPITTECH,EQ,1085424,554968,51.13
20,1360,KPRMILL,EQ,147466,56671,38.43
20,1361,KRBL,EQ,357220,177224,49.61
20,1362,KRISHANA,EQ,34855,22405,64.28
20,1363,KRISHCA,SM,11500,9500,82.61
20,1364,KRISHNADEF,SM,17750,13500,76.06
20,1365,KRITINUT,EQ,26597,12864,48.37
20,1366,KRN,EQ,1838162,363262,19.76
20,1367,KRONOX,EQ,178098,82398,46.27
20,1368,KROSS,EQ,113773,57120,50.21
20,1369,KRSNAA,EQ,47012,23117,49.17
20,1370,KRYSTAL,EQ,44344,14143,31.89
20,1371,KSB,EQ,86763,50548,58.26
20,1372,KSCL,EQ,113656,55281,48.64
20,1373,KSL,EQ,64438,21648,33.60
20,1374,KSOLVES,EQ,128470,49386,38.44
20,1375,KTKBANK,EQ,1311739,752064,57.33
20,1376,KTL,ST,9000,9000,100.00
20,1377,KUANTUM,EQ,25727,16099,62.58
20,1378,LAGNAM,EQ,9034,4432,49.06
20,1379,LAKSHYA,SM,48000,32000,66.67
20,1380,LALPATHLAB,EQ,164288,51454,31.32
20,1381,LAMOSAIC,ST,4800,4800,100.00
20,1382,LANCORHOL,EQ,195112,112369,57.59
20,1383,LANDMARK,EQ,58181,36290,62.37
20,1384,LAOPALA,EQ,38284,21195,55.36
20,1385,LASA,EQ,44232,15926,36.01
20,1386,LATENTVIEW,EQ,260664,149673,57.42
20,1387,LAURUSLABS,EQ,1598673,592592,37.07
20,1388,LAWSIKHO,SM,26500,21000,79.25
20,1389,LAXMICOT,EQ,30968,10975,35.44
20,1390,LAXMIDENTL,EQ,3225442,708304,21.96
20,1391,LEMERITE,ST,11200,8800,78.57
20,1392,LEMONTREE,EQ,1648791,609120,36.94
20,1393,LEXUS,EQ,3890,2882,74.09
20,1394,LFIC,EQ,3591,1785,49.71
20,1395,LGBBROSLTD,EQ,10795,6273,58.11
20,1396,LIBAS,EQ,43272,33549,77.53
20,1397,LIBERTSHOE,EQ,45901,27020,58.87
20,1398,LICHSGFIN,EQ,963350,378886,39.33
20,1399,LICI,EQ,925304,318050,34.37
20,1400,LICMFGOLD,EQ,430,232,53.95
20,1401,LICNETFGSC,EQ,82726,78668,95.09
20,1402,LICNETFN50,EQ,625,388,62.08
20,1403,LICNETFSEN,EQ,662,222,33.53
20,1404,LICNFNHGP,EQ,636,605,95.13
20,1405,LICNMID100,EQ,4347,2688,61.84
20,1406,LIKHITHA,EQ,52879,28394,53.70
20,1407,LINC,EQ,25247,13908,55.09
20,1408,LINCOLN,EQ,39354,22684,57.64
20,1409,LINDEINDIA,EQ,38337,20288,52.92
20,1410,LIQUID,EQ,215915,123069,57.00
20,1411,LIQUID1,EQ,370239,268560,72.54
20,1412,LIQUIDADD,EQ,419615,248948,59.33
20,1413,LIQUIDBEES,EQ,3587688,2899312,80.81
20,1414,LIQUIDBETF,EQ,29218,20351,69.65
20,1415,LIQUIDCASE,EQ,5533535,4923573,88.98
20,1416,LIQUIDETF,EQ,176868,159497,90.18
20,1417,LIQUIDIETF,EQ,605855,409321,67.56
20,1418,LIQUIDPLUS,EQ,24995,24382,97.55
20,1419,LIQUIDSBI,EQ,3417,2597,76.00
20,1420,LIQUIDSHRI,EQ,5546,3984,71.84
20,1421,LLOYDS,SM,10000,6000,60.00
20,1422,LLOYDSENGG,EQ,5131483,1455144,28.36
20,1423,LLOYDSENT,EQ,5842726,2447054,41.88
20,1424,LLOYDSME,EQ,890147,344779,38.73
20,1425,LMW,EQ,1837,1034,56.29
20,1426,LODHA,EQ,3308966,1655862,50.04
20,1427,LOKESHMACH,EQ,30645,17878,58.34
20,1428,LOTUSEYE,EQ,12733,6593,51.78
20,1429,LOVABLE,EQ,12465,7962,63.87
20,1430,LOWVOL,EQ,176,156,88.64
20,1431,LOWVOL1,EQ,172590,162373,94.08
20,1432,LOWVOLIETF,EQ,3562147,3137835,88.09
20,1433,LRRPL,ST,4500,4500,100.00
20,1434,LT,EQ,1626055,992123,61.01
20,1435,LTF,EQ,4565681,1564085,34.26
20,1436,LTFOODS,EQ,350241,170069,48.56
20,1437,LTGILTBEES,EQ,1245287,894618,71.84
20,1438,LTIM,EQ,203767,76633,37.61
20,1439,LTTS,EQ,98432,25492,25.90
20,1440,LUMAXIND,EQ,1303,789,60.55
20,1441,LUMAXTECH,EQ,137522,65374,47.54
20,1442,LUPIN,EQ,679655,383977,56.50
20,1443,LUXIND,EQ,46169,13957,30.23
20,1444,LXCHEM,EQ,538303,229757,42.68
20,1445,LYKALABS,EQ,62985,29339,46.58
20,1446,LYPSAGEMS,EQ,25576,18982,74.22
20,1447,MACOBSTECH,SM,20800,15200,73.08
20,1448,MACPOWER,EQ,9597,5156,53.73
20,1449,MADHAV,EQ,2736,1580,57.75
20,1450,MADHAVBAUG,SM,2000,2000,100.00
20,1451,MADHUCON,EQ,31543,26419,83.76
20,1452,MADHUSUDAN,SM,14000,11000,78.57
20,1453,MADRASFERT,EQ,163458,45945,28.11
20,1454,MAFANG,EQ,1713385,894965,52.23
20,1455,MAGADSUGAR,EQ,6547,4628,70.69
20,1456,MAGNUM,EQ,52050,34991,67.23
20,1457,MAGSON,SM,38000,18000,47.37
20,1458,MAHABANK,EQ,15604799,4351354,27.88
20,1459,MAHAPEXLTD,EQ,8534,4575,53.61
20,1460,MAHEPC,EQ,2951921,461298,15.63
20,1461,MAHESHWARI,EQ,26396,13123,49.72
20,1462,MAHICKRA,SM,24000,24000,100.00
20,1463,MAHKTECH,EQ,820521,526492,64.17
20,1464,MAHLIFE,EQ,117513,60626,51.59
20,1465,MAHLOG,EQ,41203,19069,46.28
20,1466,MAHSCOOTER,EQ,6670,2137,32.04
20,1467,MAHSEAMLES,EQ,204615,94473,46.17
20,1468,MAITHANALL,EQ,46707,32123,68.78
20,1469,MAITREYA,ST,5600,4800,85.71
20,1470,MAKEINDIA,EQ,93506,59974,64.14
20,1471,MAKS,SM,6000,4500,75.00
20,1472,MAL,SM,3200,3200,100.00
20,1473,MALLCOM,EQ,3360,2062,61.37
20,1474,MALUPAPER,EQ,11199,7246,64.70
20,1475,MAMATA,EQ,518710,196151,37.82
20,1476,MANAKALUCO,EQ,26295,14598,55.52
20,1477,MANAKSIA,EQ,40246,30782,76.48
20,1478,MANAKSTEEL,EQ,27460,14784,53.84
20,1479,MANALIPETC,EQ,242727,127230,52.42
20,1480,MANAPPURAM,EQ,7504970,3046193,40.59
20,1481,MANAV,SM,4000,4000,100.00
20,1482,MANBA,EQ,145917,66746,45.74
20,1483,MANCREDIT,EQ,72246,35229,48.76
20,1484,MANDEEP,SM,2000,2000,100.00
20,1485,MANGALAM,EQ,9661,6763,70.00
20,1486,MANGCHEFER,EQ,1100783,404686,36.76
20,1487,MANGLMCEM,EQ,91583,53388,58.29
20,1488,MANINDS,EQ,155392,87969,56.61
20,1489,MANINFRA,EQ,781064,239018,30.60
20,1490,MANKIND,EQ,255984,124842,48.77
20,1491,MANOMAY,EQ,19024,1627,8.55
20,1492,MANORAMA,EQ,237454,139233,58.64
20,1493,MANORG,EQ,9812,6293,64.14
20,1494,MANUGRAPH,EQ,139063,67938,48.85
20,1495,MANYAVAR,EQ,44975,24321,54.08
20,1496,MAPMYINDIA,EQ,153301,118770,77.48
20,1497,MARALOVER,EQ,44964,13443,29.90
20,1498,MARATHON,EQ,149184,77826,52.17
20,1499,MARCO,SM,22500,15000,66.67
20,1500,MARICO,EQ,2086320,1169252,56.04
20,1501,MARKSANS,EQ,749012,306180,40.88
20,1502,MARUTI,EQ,396590,239758,60.45
20,1503,MASFIN,EQ,172073,83256,48.38
20,1504,MASON,ST,15000,15000,100.00
20,1505,MASPTOP50,EQ,607201,410075,67.54
20,1506,MASTEK,EQ,95018,41068,43.22
20,1507,MASTER,SM,114500,114500,100.00
20,1508,MASTERTR,EQ,26321,14913,56.66
20,1509,MATRIMONY,EQ,8386,6929,82.63
20,1510,MAWANASUG,EQ,74576,30999,41.57
20,1511,MAXESTATES,EQ,184306,128184,69.55
20,1512,MAXHEALTH,EQ,1569733,862154,54.92
20,1513,MAXIND,EQ,34193,21374,62.51
20,1514,MAXPOSURE,SM,25000,17000,68.00
20,1515,MAYURUNIQ,EQ,69067,38100,55.16
20,1516,MAZDOCK,EQ,2433006,412524,16.96
20,1517,MBAPL,EQ,78830,48039,60.94
20,1518,MBLINFRA,EQ,158578,62875,39.65
20,1519,MCON,ST,16000,15000,93.75
20,1520,MCX,EQ,1540736,406586,26.39
20,1521,MDL,SM,8000,8000,100.00
20,1522,MEDANTA,EQ,307146,153217,49.88
20,1523,MEDIASSIST,EQ,83563,49399,59.12
20,1524,MEDICAMEQ,EQ,22054,13442,60.95
20,1525,MEDICO,EQ,2018540,683796,33.88
20,1526,MEDIORG,ST,10000,10000,100.00
20,1527,MEDPLUS,EQ,129700,69923,53.91
20,1528,MEGASTAR,EQ,9708,5207,53.64
20,1529,MEGATHERM,SM,54000,37200,68.89
20,1530,MENONBE,EQ,23016,11226,48.77
20,1531,METAL,EQ,224495,147159,65.55
20,1532,METALIETF,EQ,2131589,687404,32.25
20,1533,METROBRAND,EQ,142131,45302,31.87
20,1534,METROPOLIS,EQ,93929,41420,44.10
20,1535,MFSL,EQ,661115,345919,52.32
20,1536,MGEL,EQ,156720,75613,48.25
20,1537,MGL,EQ,282925,85881,30.35
20,1538,MHHL,ST,18000,18000,100.00
20,1539,MHRIL,EQ,118962,61040,51.31
20,1540,MICEL,EQ,296620,179297,60.45
20,1541,MICROPRO,SM,12800,11200,87.50
20,1542,MID150BEES,EQ,772962,642963,83.18
20,1543,MID150CASE,EQ,1192729,1007201,84.45
20,1544,MIDCAP,EQ,26919,20708,76.93
20,1545,MIDCAPETF,EQ,2405243,1900015,78.99
20,1546,MIDCAPIETF,EQ,1324059,561445,42.40
20,1547,MIDHANI,EQ,242048,83008,34.29
20,1548,MIDQ50ADD,EQ,2915,2136,73.28
20,1549,MIDSELIETF,EQ,539836,226182,41.90
20,1550,MIDSMALL,EQ,517410,468867,90.62
20,1551,MIEL,ST,48000,44000,91.67
20,1552,MINDACORP,EQ,286323,105042,36.69
20,1553,MINDSPACE,RR,272796,230272,84.41
20,1554,MINDTECK,EQ,27444,16743,61.01
20,1555,MIRCELECTR,EQ,1254388,804463,64.13
20,1556,MIRZAINT,EQ,62338,30815,49.43
20,1557,MITCON,EQ,9182,5743,62.55
20,1558,MITCONPP,E1,202,141,69.80
20,1559,MITTAL,EQ,3265511,1639031,50.19
20,1560,M&M,EQ,3133157,2018752,64.43
20,1561,M&MFIN,EQ,778677,189442,24.33
20,1562,M&MFIN,N3,25,25,100.00
20,1563,MMFL,EQ,48641,33908,69.71
20,1564,MMP,EQ,34507,26295,76.20
20,1565,MMTC,EQ,1642460,360009,21.92
20,1566,MNC,EQ,26434,17707,66.99
20,1567,MOBIKWIK,EQ,8055227,741218,9.20
20,1568,MODEFENCE,EQ,1077605,800603,74.29
20,1569,MODIRUBBER,EQ,891,329,36.92
20,1570,MODISONLTD,EQ,15117,8247,54.55
20,1571,MOGSEC,EQ,1544,1399,90.61
20,1572,MOHEALTH,EQ,41577,21772,52.37
20,1573,MOIL,EQ,1237145,333967,26.99
20,1574,MOKSH,EQ,77880,49256,63.25
20,1575,MOL,EQ,662152,317464,47.94
20,1576,MOLDTECH,EQ,28395,16358,57.61
20,1577,MOLDTKPAC,EQ,281158,223467,79.48
20,1578,MOLOWVOL,EQ,67118,66307,98.79
20,1579,MOM100,EQ,880836,528244,59.97
20,1580,MOM30IETF,EQ,2326650,1828558,78.59
20,1581,MOM50,EQ,3202,2347,73.30
20,1582,MOMENTUM,EQ,122638,72895,59.44
20,1583,MOMENTUM50,EQ,741050,672953,90.81
20,1584,MOMOMENTUM,EQ,179977,145468,80.83
20,1585,MON100,EQ,939415,471962,50.24
20,1586,MONARCH,EQ,419746,195526,46.58
20,1587,MONIFTY500,EQ,258654,238810,92.33
20,1588,MONOPHARMA,SM,2000,2000,100.00
20,1589,MONQ50,EQ,245504,176803,72.02
20,1590,MONTECARLO,EQ,20500,12191,59.47
20,1591,MOQUALITY,EQ,784,593,75.64
20,1592,MOREALTY,EQ,674500,558622,82.82
20,1593,MOREPENLAB,EQ,2938022,896860,30.53
20,1594,MOS,ST,3200,3200,100.00
20,1595,MOSMALL250,EQ,976113,777913,79.69
20,1596,MOTHERSON,EQ,12044870,7467991,62.00
20,1597,MOTILALOFS,EQ,3842592,1423525,37.05
20,1598,MOTISONS,EQ,1326479,743205,56.03
20,1599,MOTOGENFIN,EQ,37795,10028,26.53
20,1600,MOVALUE,EQ,162474,141380,87.02
20,1601,MOXSH,SM,3200,3200,100.00
20,1602,MPHASIS,EQ,421294,256143,60.80
20,1603,MPSLTD,EQ,8657,4828,55.77
20,1604,MPTODAY,SM,2000,2000,100.00
20,1605,MRF,EQ,5531,1581,28.58
20,1606,MRO-TEK,EQ,46113,16688,36.19
20,1607,MRPL,EQ,1592277,409347,25.71
20,1608,MSPL,EQ,482884,294546,61.00
20,1609,MSTCLTD,EQ,239336,102917,43.00
20,1610,MSUMI,EQ,4008593,2433864,60.72
20,1611,MTARTECH,EQ,167123,37755,22.59
20,1612,MTNL,EQ,3346837,799485,23.89
20,1613,MUFIN,EQ,157328,84811,53.91
20,1614,MUFTI,EQ,184247,110618,60.04
20,1615,MUKANDLTD,EQ,2003204,338091,16.88
20,1616,MUKKA,EQ,306925,137151,44.69
20,1617,MUKTAARTS,EQ,7986,3798,47.56
20,1618,MULTICAP,EQ,732441,573221,78.26
20,1619,MUNJALAU,EQ,81008,29800,36.79
20,1620,MUNJALSHOW,EQ,26999,13539,50.15
20,1621,MURUDCERA,EQ,35316,23796,67.38
20,1622,MUTHOOTCAP,EQ,33375,20329,60.91
20,1623,MUTHOOTFIN,EQ,649820,254373,39.15
20,1624,MUTHOOTMF,EQ,95469,50375,52.77
20,1625,MVGJL,EQ,490002,164987,33.67
20,1626,MVKAGRO,SM,34800,31200,89.66
20,1627,MWL,SM,22800,18000,78.95
20,1628,MYMUDRA,SM,10800,10800,100.00
20,1629,NACLIND,EQ,110888,64841,58.47
20,1630,NAGAFERT,EQ,365275,212402,58.15
20,1631,NAGREEKEXP,EQ,48254,25768,53.40
20,1632,NAHARCAP,EQ,6769,3695,54.59
20,1633,NAHARINDUS,EQ,23537,14348,60.96
20,1634,NAHARPOLY,EQ,10216,6585,64.46
20,1635,NAHARSPING,EQ,15393,7957,51.69
20,1636,NAMAN,ST,12800,11200,87.50
20,1637,NAM-INDIA,EQ,1303117,799807,61.38
20,1638,NAMOEWASTE,ST,73600,59200,80.43
20,1639,NARMADA,EQ,1321115,881552,66.73
20,1640,NATCOPHARM,EQ,435619,147954,33.96
20,1641,NATHBIOGEN,EQ,18641,10270,55.09
20,1642,NATIONALUM,EQ,7724370,2814315,36.43
20,1643,NAUKRI,EQ,489126,333148,68.11
20,1644,NAVA,EQ,321560,149667,46.54
20,1645,NAVINFLUOR,EQ,201921,75705,37.49
20,1646,NAVKARCORP,EQ,543075,201723,37.14
20,1647,NAVKARURB,EQ,7160982,3090001,43.15
20,1648,NAVNETEDUL,EQ,71860,38789,53.98
20,1649,NAZARA,EQ,340184,142783,41.97
20,1650,NBCC,EQ,11402076,2532431,22.21
20,1651,NCC,EQ,3281633,1279475,38.99
20,1652,NCLIND,EQ,86837,52506,60.47
20,1653,NDL,EQ,2273310,1334892,58.72
20,1654,NDLVENTURE,EQ,2972,1480,49.80
20,1655,NDRAUTO,EQ,16771,9109,54.31
20,1656,NDTV,EQ,109248,41395,37.89
20,1657,NECCLTD,EQ,183533,82070,44.72
20,1658,NEELAM,ST,24000,24000,100.00
20,1659,NELCAST,EQ,40757,20900,51.28
20,1660,NELCO,EQ,100566,40151,39.93
20,1661,NEOGEN,EQ,20933,6771,32.35
20,1662,NEPHROCARE,SM,20400,13600,66.67
20,1663,NESCO,EQ,75358,37088,49.22
20,1664,NESTLEIND,EQ,448036,241374,53.87
20,1665,NETF,EQ,2081,1929,92.70
20,1666,NETWEB,EQ,1027519,378909,36.88
20,1667,NETWORK18,EQ,4851241,2027297,41.79
20,1668,NEULANDLAB,EQ,73851,26874,36.39
20,1669,NEWGEN,EQ,4601491,731696,15.90
20,1670,NEWJAISA,SM,30000,27000,90.00
20,1671,NEXT50,EQ,13614,10275,75.47
20,1672,NEXT50IETF,EQ,1052591,499490,47.45
20,1673,NFL,EQ,2579910,530672,20.57
20,1674,NGIL,EQ,92084,4018,4.36
20,1675,NGILPP1,E1,200,0,0.00
20,1676,NGLFINE,EQ,2409,1757,72.93
20,1677,NH,EQ,168365,90163,53.55
20,1678,NHPC,EQ,13210629,5369569,40.65
20,1679,NIACL,EQ,422762,106603,25.22
20,1680,NIDAN,SM,1000,1000,100.00
20,1681,NIF100BEES,EQ,21665,15194,70.13
20,1682,NIF100IETF,EQ,125150,61706,49.31
20,1683,NIF10GETF,EQ,1022,870,85.13
20,1684,NIF5GETF,EQ,97,95,97.94
20,1685,NIFITETF,EQ,203,185,91.13
20,1686,NIFMID150,EQ,2334,2160,92.54
20,1687,NIFTY1,EQ,40738,27231,66.84
20,1688,NIFTY50ADD,EQ,10903,8949,82.08
20,1689,NIFTYBEES,EQ,5660999,3505704,61.93
20,1690,NIFTYBETF,EQ,8015,4922,61.41
20,1691,NIFTYETF,EQ,42664,34491,80.84
20,1692,NIFTYIETF,EQ,278196,184447,66.30
20,1693,NIFTYQLITY,EQ,54666,41383,75.70
20,1694,NIITLTD,EQ,998247,302019,30.25
20,1695,NIITMTS,EQ,199661,49406,24.74
20,1696,NILAINFRA,EQ,796086,387288,48.65
20,1697,NILKAMAL,EQ,3627,2674,73.72
20,1698,NINSYS,EQ,2778,1600,57.60
20,1699,NIPPOBATRY,EQ,2691,970,36.05
20,1700,NIRMAN,SM,31500,17400,55.24
20,1701,NITINSPIN,EQ,108247,58985,54.49
20,1702,NITIRAJ,EQ,3053,1802,59.02
20,1703,NIVABUPA,EQ,1144346,455266,39.78
20,1704,NLCINDIA,EQ,2622805,1869225,71.27
20,1705,NMDC,EQ,28101558,11568633,41.17
20,1706,NMSTEEL,SM,20800,12800,61.54
20,1707,NOCIL,EQ,262989,109997,41.83
20,1708,NORTHARC,EQ,222676,141802,63.68
20,1709,NOVAAGRI,EQ,167226,77563,46.38
20,1710,NPBET,EQ,1352,933,69.01
20,1711,NPST,SM,12800,9300,72.66
20,1712,NRAIL,EQ,7088,5303,74.82
20,1713,NRBBEARING,EQ,163799,78317,47.81
20,1714,NSIL,EQ,9700,4104,42.31
20,1715,NSLNISP,EQ,2922660,1263671,43.24
20,1716,NTPC,EQ,11068145,5606352,50.65
20,1717,NTPCGREEN,EQ,8104767,4253662,52.48
20,1718,NUCLEUS,EQ,14265,8531,59.80
20,1719,NURECA,EQ,135857,62538,46.03
20,1720,NUVAMA,EQ,210539,99888,47.44
20,1721,NUVOCO,EQ,555071,76854,13.85
20,1722,NV20,EQ,10325,9511,92.12
20,1723,NV20BEES,EQ,23608,15516,65.72
20,1724,NV20IETF,EQ,373939,213610,57.12
20,1725,NXST,RR,895245,780740,87.21
20,1726,NYKAA,EQ,3319651,1204839,36.29
20,1727,OAL,EQ,15800,8131,51.46
20,1728,OBCL,EQ,5660,5061,89.42
20,1729,OBEROIRLTY,EQ,2879895,913248,31.71
20,1730,OBSCP,ST,7200,7200,100.00
20,1731,OCCL,EQ,14188,7695,54.24
20,1732,OCCLLTD,EQ,246109,137090,55.70
20,1733,OFSS,EQ,268514,110398,41.11
20,1734,OIL,EQ,4206722,2339466,55.61
20,1735,OILIETF,EQ,783519,493244,62.95
20,1736,OLAELEC,EQ,15524482,3814475,24.57
20,1737,OLECTRA,EQ,437710,122616,28.01
20,1738,OLIL,SM,56400,34800,61.70
20,1739,OMAXAUTO,EQ,14987,6798,45.36
20,1740,OMAXE,EQ,100683,69792,69.32
20,1741,OMFURN,ST,55200,55200,100.00
20,1742,OMINFRAL,EQ,107873,44894,41.62
20,1743,ONELIFECAP,EQ,14123,8024,56.82
20,1744,ONEPOINT,EQ,1176374,661873,56.26
20,1745,ONGC,EQ,7919682,4194010,52.96
20,1746,ONMOBILE,EQ,269798,115874,42.95
20,1747,ONWARDTEC,EQ,216373,82596,38.17
20,1748,ONYX,ST,86000,84000,97.67
20,1749,OPTIEMUS,EQ,145793,83449,57.24
20,1750,ORCHPHARMA,EQ,224194,171734,76.60
20,1751,ORIANA,SM,94275,59550,63.17
20,1752,ORICONENT,EQ,548320,330457,60.27
20,1753,ORIENTALTL,EQ,386411,192128,49.72
20,1754,ORIENTBELL,EQ,19194,13874,72.28
20,1755,ORIENTCEM,EQ,418728,262780,62.76
20,1756,ORIENTCER,EQ,20979,13275,63.28
20,1757,ORIENTELEC,EQ,103438,54322,52.52
20,1758,ORIENTHOT,EQ,405517,245431,60.52
20,1759,ORIENTPPR,EQ,595440,241904,40.63
20,1760,ORIENTTECH,EQ,77256,50649,65.56
20,1761,ORISSAMINE,EQ,7932,3975,50.11
20,1762,ORTINGLOBE,EQ,1711,1080,63.12
20,1763,OSELDEVICE,ST,83200,79200,95.19
20,1764,OSWALAGRO,EQ,19702,11610,58.93
20,1765,OSWALGREEN,EQ,238778,93547,39.18
20,1766,OWAIS,SM,28900,21200,73.36
20,1767,PAGEIND,EQ,42794,26122,61.04
20,1768,PAISALO,EQ,932231,399673,42.87
20,1769,PAKKA,EQ,94320,48966,51.91
20,1770,PALASHSECU,EQ,4382,2874,65.59
20,1771,PANACEABIO,EQ,214851,118129,54.98
20,1772,PANAMAPET,EQ,81699,60658,74.25
20,1773,PANSARI,EQ,23996,8297,34.58
20,1774,PARACABLES,EQ,1186137,474859,40.03
20,1775,PARADEEP,EQ,29020871,5976204,20.59
20,1776,PARAGMILK,EQ,319620,192179,60.13
20,1777,PARAGON,ST,7200,7200,100.00
20,1778,PARAMATRIX,SM,12000,10800,90.00
20,1779,PARAMOUNT,SM,6000,6000,100.00
20,1780,PARAS,EQ,118303,50848,42.98
20,1781,PARASPETRO,EQ,108840,79792,73.31
20,1782,PARKHOTELS,EQ,288672,139783,48.42
20,1783,PARTYCRUS,SM,9000,8000,88.89
20,1784,PASHUPATI,ST,9600,9400,97.92
20,1785,PATANJALI,EQ,630810,259970,41.21
20,1786,PATELENG,EQ,3299453,1386713,42.03
20,1787,PATINTLOG,EQ,241198,100834,41.81
20,1788,PATTECH,SM,1500,1500,100.00
20,1789,PAVNAIND,EQ,12306,8816,71.64
20,1790,PAYTM,EQ,7230982,1265948,17.51
20,1791,PCBL,EQ,1921460,877184,45.65
20,1792,PCCL,SM,42800,31600,73.83
20,1793,PCJEWELLER,EQ,13017130,7236966,55.60
20,1794,PDMJEPAPER,EQ,367700,216780,58.96
20,1795,PDSL,EQ,83761,29021,34.65
20,1796,PEARLPOLY,EQ,52638,12815,24.35
20,1797,PEL,EQ,412325,187737,45.53
20,1798,PELATRO,ST,18000,14400,80.00
20,1799,PENIND,EQ,477296,229341,48.05
20,1800,PENINLAND,EQ,318182,176695,55.53
20,1801,PENTAGON,SM,2000,2000,100.00
20,1802,PERFECT,ST,33000,33000,100.00
20,1803,PERSISTENT,EQ,1209268,524239,43.35
20,1804,PETRONET,EQ,1627217,992950,61.02
20,1805,PFC,EQ,7990557,3431832,42.95
20,1806,PFIZER,EQ,19095,10144,53.12
20,1807,PFOCUS,EQ,37943,22192,58.49
20,1808,PFS,EQ,849760,510420,60.07
20,1809,PGEL,EQ,2684091,1386105,51.64
20,1810,PGHH,EQ,1500,890,59.33
20,1811,PGHL,EQ,3110,1655,53.22
20,1812,PGIL,EQ,174667,68384,39.15
20,1813,PGINVIT,IV,525574,482647,91.83
20,1814,PHANTOMFX,ST,39900,38400,96.24
20,1815,PHARMABEES,EQ,2085119,969161,46.48
20,1816,PHOENIXLTD,EQ,781536,509776,65.23
20,1817,PHOGLOBAL,ST,16000,16000,100.00
20,1818,PIDILITIND,EQ,313441,196197,62.59
20,1819,PIIND,EQ,194028,119180,61.42
20,1820,PILANIINVS,EQ,3160,1760,55.70
20,1821,PILITA,EQ,468460,264004,56.36
20,1822,PITTIENG,EQ,65037,36199,55.66
20,1823,PIXTRANS,EQ,23191,10852,46.79
20,1824,PLADAINFO,SM,3000,3000,100.00
20,1825,PLASTIBLEN,EQ,10054,6909,68.72
20,1826,PLATIND,EQ,182368,66214,36.31
20,1827,PLAZACABLE,EQ,24045,15412,64.10
20,1828,PNB,EQ,34811690,12075875,34.69
20,1829,PNBGILTS,EQ,319145,141399,44.31
20,1830,PNBHOUSING,EQ,5778917,1326376,22.95
20,1831,PNC,EQ,9406,4814,51.18
20,1832,PNCINFRA,EQ,357067,121733,34.09
20,1833,PNGJL,EQ,239729,112569,46.96
20,1834,POCL,EQ,59719,40527,67.86
20,1835,PODDARMENT,EQ,10106,6506,64.38
20,1836,POKARNA,EQ,74429,31047,41.71
20,1837,POLICYBZR,EQ,2767075,1370704,49.54
20,1838,POLYCAB,EQ,1654348,394816,23.87
20,1839,POLYMED,EQ,167253,79985,47.82
20,1840,POLYPLEX,EQ,85354,41584,48.72
20,1841,PONNIERODE,EQ,22803,16908,74.15
20,1842,POONAWALLA,EQ,1516812,560249,36.94
20,1843,POSITRON,ST,11700,10500,89.74
20,1844,POWERGRID,EQ,9723333,6443175,66.27
20,1845,POWERINDIA,EQ,58478,20980,35.88
20,1846,POWERMECH,EQ,71979,31757,44.12
20,1847,PPAP,EQ,5296,2734,51.62
20,1848,PPL,EQ,58303,25956,44.52
20,1849,PPLPHARMA,EQ,3339280,989563,29.63
20,1850,PPSL,SM,36000,30000,83.33
20,1851,PRAENG,EQ,81621,67353,82.52
20,1852,PRAJIND,EQ,560905,165702,29.54
20,1853,PRAKASH,EQ,672505,327769,48.74
20,1854,PRAKASHSTL,EQ,246206,161172,65.46
20,1855,PRANIK,SM,16000,11200,70.00
20,1856,PRATHAM,ST,11200,10400,92.86
20,1857,PRECAM,EQ,194476,83396,42.88
20,1858,PRECWIRE,EQ,192246,73627,38.30
20,1859,PREMEXPLN,EQ,101423,51169,50.45
20,1860,PREMIERENE,EQ,3153329,844468,26.78
20,1861,PREMIUM,SM,3000,3000,100.00
20,1862,PRESSTONIC,ST,64000,64000,100.00
20,1863,PRESTIGE,EQ,2838088,1619161,57.05
20,1864,PRICOLLTD,EQ,293138,140636,47.98
20,1865,PRIMESECU,EQ,85781,28174,32.84
20,1866,PRINCEPIPE,EQ,186337,87013,46.70
20,1867,PRITI,EQ,12444,8524,68.50
20,1868,PRITIKA,ST,9000,9000,100.00
20,1869,PRITIKAUTO,EQ,193729,109171,56.35
20,1870,PRIVISCL,EQ,21198,9981,47.08
20,1871,PRIZOR,ST,2400,2400,100.00
20,1872,PRLIND,SM,76000,41000,53.95
20,1873,PROV,SM,640,640,100.00
20,1874,PRSMJOHNSN,EQ,242740,75756,31.21
20,1875,PRUDENT,EQ,31191,17977,57.64
20,1876,PSB,EQ,967785,174630,18.04
20,1877,PSFL,SM,104000,62000,59.62
20,1878,PSPPROJECT,EQ,164335,78547,47.80
20,1879,PSUBANK,EQ,29593,20588,69.57
20,1880,PSUBANKADD,EQ,6946,3871,55.73
20,1881,PSUBNKBEES,EQ,7041212,5936552,84.31
20,1882,PSUBNKIETF,EQ,222112,74388,33.49
20,1883,PTC,EQ,2164323,1160727,53.63
20,1884,PTCIL,EQ,8830,3961,44.86
20,1885,PTL,EQ,23622,17863,75.62
20,1886,PULZ,ST,26000,26000,100.00
20,1887,PUNJABCHEM,EQ,8872,6391,72.04
20,1888,PURPLEUTED,SM,40000,27000,67.50
20,1889,PURVA,EQ,72623,36127,49.75
20,1890,PURVFLEXI,SM,12000,7200,60.00
20,1891,PVP,EQ,300513,183736,61.14
20,1892,PVRINOX,EQ,680552,227569,33.44
20,1893,PVSL,EQ,78026,41977,53.80
20,1894,PVTBANIETF,EQ,2816576,1636872,58.12
20,1895,PVTBANKADD,EQ,102879,98710,95.95
20,1896,PYRAMID,EQ,68800,31651,46.00
20,1897,QGOLDHALF,EQ,82913,42096,50.77
20,1898,QMSMEDI,SM,20000,15000,75.00
20,1899,QNIFTY,EQ,573,534,93.19
20,1900,QUADFUTURE,EQ,2009120,310949,15.48
20,1901,QUADPRO,SM,24000,24000,100.00
20,1902,QUAL30IETF,EQ,251856,200548,79.63
20,1903,QUESS,EQ,302868,148016,48.87
20,1904,QUESTLAB,ST,255600,250800,98.12
20,1905,QUICKHEAL,EQ,87995,43735,49.70
20,1906,QUICKTOUCH,ST,15500,14500,93.55
20,1907,QVCEL,ST,3200,3200,100.00
20,1908,RACE,EQ,3727,2163,58.04
20,1909,RACLGEAR,EQ,6590,3899,59.17
20,1910,RADHIKAJWE,EQ,1115036,548490,49.19
20,1911,RADIANTCMS,EQ,105781,84002,79.41
20,1912,RADICO,EQ,233782,131580,56.28
20,1913,RADIOCITY,EQ,119326,76115,63.79
20,1914,RADIOCITY,P1,4715,4715,100.00
20,1915,RAILTEL,EQ,2523108,434977,17.24
20,1916,RAIN,EQ,2068604,1012958,48.97
20,1917,RAINBOW,EQ,127865,91806,71.80
20,1918,RAJESHEXPO,EQ,570409,303107,53.14
20,1919,RAJINDLTD,SM,13500,12000,88.89
20,1920,RAJMET,EQ,301349,180945,60.04
20,1921,RAJPUTANA,SM,28000,20000,71.43
20,1922,RAJRATAN,EQ,35425,16876,47.64
20,1923,RAJSREESUG,EQ,85414,48913,57.27
20,1924,RALLIS,EQ,527964,239567,45.38
20,1925,RAMANEWS,EQ,17317,10937,63.16
20,1926,RAMAPHO,EQ,11860,8373,70.60
20,1927,RAMASTEEL,EQ,16165432,3667024,22.68
20,1928,RAMCOCEM,EQ,658795,320078,48.59
20,1929,RAMCOIND,EQ,127197,83934,65.99
20,1930,RAMCOSYS,EQ,42391,24327,57.39
20,1931,RAMKY,EQ,67720,42245,62.38
20,1932,RAMRAT,EQ,14999,9566,63.78
20,1933,RANASUG,EQ,152796,83820,54.86
20,1934,RANEENGINE,EQ,2649,1378,52.02
20,1935,RANEHOLDIN,EQ,13681,9439,68.99
20,1936,RAPPID,ST,6600,6600,100.00
20,1937,RATEGAIN,EQ,470391,208992,44.43
20,1938,RATNAMANI,EQ,14357,7259,50.56
20,1939,RATNAVEER,EQ,238330,118081,49.55
20,1940,RAYMOND,EQ,208443,67541,32.40
20,1941,RAYMONDLSL,EQ,85703,38060,44.41
20,1942,RBA,EQ,1487984,741600,49.84
20,1943,RBL,EQ,5178,2934,56.66
20,1944,RBLBANK,EQ,8826934,2435889,27.60
20,1945,RBMINFRA,SM,22400,16000,71.43
20,1946,RBS,ST,11200,9600,85.71
20,1947,RBZJEWEL,EQ,144076,68344,47.44
20,1948,RCDL,SM,27000,27000,100.00
20,1949,RCF,EQ,2293906,518901,22.62
20,1950,RECLTD,EQ,10288459,5958238,57.91
20,1951,REDINGTON,EQ,31223172,3765717,12.06
20,1952,REDTAPE,EQ,26488,11733,44.30
20,1953,REFRACTORY,ST,5000,4000,80.00
20,1954,RELAXO,EQ,71547,38196,53.39
20,1955,RELCHEMQ,EQ,3949,2882,72.98
20,1956,RELIABLE,EQ,3142,1925,61.27
20,1957,RELIANCE,EQ,10273590,6718929,65.40
20,1958,RELIGARE,EQ,1009165,521132,51.64
20,1959,RELINFRA,EQ,1302429,578452,44.41
20,1960,RELTD,EQ,73507,39786,54.13
20,1961,REMSONSIND,EQ,23661,14346,60.63
20,1962,REMUS,SM,1600,1100,68.75
20,1963,RENUKA,EQ,4579286,1108069,24.20
20,1964,REPCOHOME,EQ,80188,35484,44.25
20,1965,REPRO,EQ,22529,14439,64.09
20,1966,RESPONIND,EQ,154934,89483,57.76
20,1967,RETAIL,EQ,11731,10468,89.23
20,1968,REXPIPES,SM,12000,12000,100.00
20,1969,RGL,EQ,603813,315092,52.18
20,1970,RHIM,EQ,49391,21628,43.79
20,1971,RICHA,SM,1000,1000,100.00
20,1972,RICOAUTO,EQ,248726,110467,44.41
20,1973,RIIL,EQ,116482,28018,24.05
20,1974,RILINFRA,SM,14600,12000,82.19
20,1975,RISHABH,EQ,61698,23718,38.44
20,1976,RITCO,EQ,56718,23727,41.83
20,1977,RITES,EQ,1101047,340955,30.97
20,1978,RKDL,EQ,14319,10665,74.48
20,1979,RKEC,EQ,41177,20618,50.07
20,1980,RKFORGE,EQ,470423,143419,30.49
20,1981,RKSWAMY,EQ,40785,25133,61.62
20,1982,RMDRIP,ST,3000,2000,66.67
20,1983,RML,EQ,8689,4577,52.68
20,1984,RNFI,ST,325200,294000,90.41
20,1985,ROCKINGDCE,SM,14750,11500,77.97
20,1986,ROHLTD,EQ,30445,14977,49.19
20,1987,ROLEXRINGS,EQ,8979,5115,56.97
20,1988,ROML,EQ,20400,11587,56.80
20,1989,ROSSARI,EQ,146412,46892,32.03
20,1990,ROSSTECH,EQ,22594,10458,46.29
20,1991,ROTO,EQ,144176,59183,41.05
20,1992,ROUTE,EQ,77544,43556,56.17
20,1993,ROXHITECH,SM,51200,32000,62.50
20,1994,RPEL,EQ,47438,24741,52.15
20,1995,RPGLIFE,EQ,6957,3919,56.33
20,1996,RPOWER,EQ,14973841,7050583,47.09
20,1997,RPPL,EQ,83127,66470,79.96
20,1998,RPSGVENT,EQ,55291,28212,51.02
20,1999,RPTECH,EQ,115717,67496,58.33
20,2000,RRKABEL,EQ,39609,18566,46.87
20,2001,RSWM,EQ,79124,41599,52.57
20,2002,RSYSTEMS,EQ,67129,37415,55.74
20,2003,RTNINDIA,EQ,2512308,399990,15.92
20,2004,RTNPOWER,EQ,34383680,8460304,24.61
20,2005,RUBFILA,EQ,52908,38058,71.93
20,2006,RUBYMILLS,EQ,30805,15078,48.95
20,2007,RUCHINFRA,EQ,29895,20120,67.30
20,2008,RUCHIRA,EQ,48641,31388,64.53
20,2009,RULKA,ST,9600,8700,90.63
20,2010,RUPA,EQ,96858,47331,48.87
20,2011,RUSHIL,EQ,357183,203212,56.89
20,2012,RUSTOMJEE,EQ,23203,12055,51.95
20,2013,RVNL,EQ,5563380,1238277,22.26
20,2014,SAAKSHI,SM,15000,12600,84.00
20,2015,SABAR,ST,145000,110000,75.86
20,2016,SADBHAV,EQ,996036,569308,57.16
20,2017,SADBHIN,EQ,85801,58300,67.95
20,2018,SADHAV,SM,11400,7200,63.16
20,2019,SADHNANIQ,EQ,315525,162057,51.36
20,2020,SAFARI,EQ,119429,102323,85.68
20,2021,SAGARDEEP,EQ,73473,48720,66.31
20,2022,SAGCEM,EQ,41322,24011,58.11
20,2023,SAHAJSOLAR,SM,14200,12000,84.51
20,2024,SAHANA,ST,9375,8125,86.67
20,2025,SAHASRA,SM,67200,45200,67.26
20,2026,SAHYADRI,EQ,5079,2710,53.36
20,2027,SAIFL,SM,32800,32000,97.56
20,2028,SAIL,EQ,12682214,2696203,21.26
20,2029,SAILIFE,EQ,475704,212340,44.64
20,2030,SAJHOTELS,ST,98000,90000,91.84
20,2031,SAKAR,EQ,12250,11099,90.60
20,2032,SAKHTISUG,EQ,109796,50356,45.86
20,2033,SAKSOFT,EQ,81428,41940,51.51
20,2034,SALASAR,EQ,6746474,1795141,26.61
20,2035,SALONA,EQ,174,166,95.40
20,2036,SALSTEEL,EQ,58995,34299,58.14
20,2037,SALZERELEC,EQ,203771,68308,33.52
20,2038,SAMHI,EQ,2049273,1385647,67.62
20,2039,SAMMAANCAP,EQ,10655660,5786044,54.30
20,2040,SANATHAN,EQ,240862,150236,62.37
20,2041,SANDESH,EQ,1163,937,80.57
20,2042,SANDHAR,EQ,62466,31467,50.37
20,2043,SANDUMA,EQ,77910,39258,50.39
20,2044,SANGAMIND,EQ,18142,7946,43.80
20,2045,SANGHIIND,EQ,290136,123815,42.67
20,2046,SANGHVIMOV,EQ,400032,216526,54.13
20,2047,SANGINITA,EQ,19830,17162,86.55
20,2048,SANOFI,EQ,10997,5541,50.39
20,2049,SANOFICONR,EQ,4401,2686,61.03
20,2050,SANSERA,EQ,125410,70109,55.90
20,2051,SANSTAR,EQ,301837,138404,45.85
20,2052,SAPPHIRE,EQ,718453,519313,72.28
20,2053,SARDAEN,EQ,317207,149529,47.14
20,2054,SAREGAMA,EQ,304886,63418,20.80
20,2055,SARTELE,SM,97500,66500,68.21
20,2056,SARVESHWAR,EQ,2781279,1222480,43.95
20,2057,SASKEN,EQ,15697,8437,53.75
20,2058,SASTASUNDR,EQ,15579,11549,74.13
20,2059,SATECH,ST,18000,16000,88.89
20,2060,SATIA,EQ,100656,53603,53.25
20,2061,SATIN,EQ,138940,86427,62.20
20,2062,SATINDLTD,EQ,431239,195413,45.31
20,2063,SATIPOLY,SM,3000,3000,100.00
20,2064,SATKARTAR,ST,54400,51200,94.12
20,2065,SAURASHCEM,EQ,36120,18334,50.76
20,2066,SBC,EQ,4014784,1576768,39.27
20,2067,SBCL,EQ,93458,47183,50.49
20,2068,SBFC,EQ,1180068,504751,42.77
20,2069,SBGLP,EQ,313019,164237,52.47
20,2070,SBICARD,EQ,1183516,609916,51.53
20,2071,SBIETFCON,EQ,4903,2582,52.66
20,2072,SBIETFIT,EQ,5716,3041,53.20
20,2073,SBIETFPB,EQ,4456,3410,76.53
20,2074,SBIETFQLTY,EQ,1285,1110,86.38
20,2075,SBILIFE,EQ,631080,316907,50.22
20,2076,SBIN,EQ,9908339,3473841,35.06
20,2077,SBINEQWETF,EQ,27913,20874,74.78
20,2078,SBISILVER,EQ,23208,21561,92.90
20,2079,SCHAEFFLER,EQ,73776,59932,81.24
20,2080,SCHAND,EQ,33705,22879,67.88
20,2081,SCHNEIDER,EQ,202950,67746,33.38
20,2082,SCI,EQ,1442569,530257,36.76
20,2083,SCILAL,EQ,565364,238832,42.24
20,2084,SCL310524,ZF,2,1,50.00
20,2085,SCLZC25F,Y5,10,10,100.00
20,2086,SCLZC26E,NP,25,25,100.00
20,2087,SCML,SM,4000,4000,100.00
20,2088,SCPL,EQ,7282,4100,56.30
20,2089,SDBL,EQ,593058,252731,42.61
20,2090,SDL26BEES,EQ,13831,12182,88.08
20,2091,SDREAMS,SM,6000,4000,66.67
20,2092,SEAMECLTD,EQ,7694,4232,55.00
20,2093,SECMARK,EQ,4420,2400,54.30
20,2094,SECURKLOUD,EQ,12898,8862,68.71
20,2095,SELAN,EQ,35293,17439,49.41
20,2096,SELMC,EQ,72394,20075,27.73
20,2097,SENCO,EQ,523732,284867,54.39
20,2098,SENORES,EQ,287355,100383,34.93
20,2099,SENSEXADD,EQ,1270,1243,97.87
20,2100,SENSEXETF,EQ,9398,7261,77.26
20,2101,SENSEXIETF,EQ,12028,6338,52.69
20,2102,SEPC,EQ,6669977,2866098,42.97
20,2103,SEQUENT,EQ,681657,209255,30.70
20,2104,SERVICE,SM,22000,14000,63.64
20,2105,SERVOTECH,EQ,899738,358556,39.85
20,2106,SESHAPAPER,EQ,15536,12480,80.33
20,2107,SETF10GILT,EQ,15796,13860,87.74
20,2108,SETFGOLD,EQ,1981122,1290087,65.12
20,2109,SETFNIF50,EQ,1278143,982018,76.83
20,2110,SETFNIFBK,EQ,126582,88090,69.59
20,2111,SETFNN50,EQ,65015,48475,74.56
20,2112,SFL,EQ,74742,41128,55.03
20,2113,SFML,SM,57600,46400,80.56
20,2114,SGBAPR28I,GB,102,64,62.75
20,2115,SGBAUG27,GB,24,23,95.83
20,2116,SGBAUG28V,GB,688,671,97.53
20,2117,SGBAUG29V,GB,151,113,74.83
20,2118,SGBAUG30,GB,220,130,59.09
20,2119,SGBD29VIII,GB,74,65,87.84
20,2120,SGBDC27VII,GB,19,19,100.00
20,2121,SGBDE30III,GB,133,86,64.66
20,2122,SGBDE31III,GB,1402,1053,75.11
20,2123,SGBDEC2513,GB,4,3,75.00
20,2124,SGBDEC26,GB,17,15,88.24
20,2125,SGBFEB28IX,GB,3,3,100.00
20,2126,SGBFEB29XI,GB,110,110,100.00
20,2127,SGBFEB32IV,GB,1049,811,77.31
20,2128,SGBJ28VIII,GB,117,101,86.32
20,2129,SGBJAN26,GB,9,5,55.56
20,2130,SGBJAN29IX,GB,164,103,62.80
20,2131,SGBJAN29X,GB,54,34,62.96
20,2132,SGBJAN30IX,GB,119,93,78.15
20,2133,SGBJU29III,GB,182,160,87.91
20,2134,SGBJUL25,GB,3,3,100.00
20,2135,SGBJUL27,GB,1,1,100.00
20,2136,SGBJUL28IV,GB,388,354,91.24
20,2137,SGBJUL29IV,GB,527,393,74.57
20,2138,SGBJUN27,GB,19,19,100.00
20,2139,SGBJUN28,GB,141,138,97.87
20,2140,SGBJUN29II,GB,33,29,87.88
20,2141,SGBJUN30,GB,53,52,98.11
20,2142,SGBJUN31I,GB,788,594,75.38
20,2143,SGBMAR25,GB,202,198,98.02
20,2144,SGBMAR28X,GB,7,7,100.00
20,2145,SGBMAR30X,GB,50,48,96.00
20,2146,SGBMAR31IV,GB,222,199,89.64
20,2147,SGBMAY25,GB,42,26,61.90
20,2148,SGBMAY26,GB,9,9,100.00
20,2149,SGBMAY28,GB,816,694,85.05
20,2150,SGBMAY29I,GB,888,601,67.68
20,2151,SGBMR29XII,GB,254,199,78.35
20,2152,SGBN28VIII,GB,137,97,70.80
20,2153,SGBNV29VII,GB,649,578,89.06
20,2154,SGBOC28VII,GB,58,58,100.00
20,2155,SGBOCT25,GB,6,6,100.00
20,2156,SGBOCT25IV,GB,6,3,50.00
20,2157,SGBOCT27,GB,28,28,100.00
20,2158,SGBOCT27VI,GB,21,21,100.00
20,2159,SGBSEP27,GB,4,4,100.00
20,2160,SGBSEP28VI,GB,518,401,77.41
20,2161,SGBSEP29VI,GB,706,570,80.74
20,2162,SGBSEP31II,GB,1811,1430,78.96
20,2163,SGL,EQ,20107,15043,74.81
20,2164,SGLTL,EQ,5673369,1185599,20.90
20,2165,SHAH,EQ,1393331,583413,41.87
20,2166,SHALBY,EQ,29909,18599,62.19
20,2167,SHALPAINTS,EQ,183721,109627,59.67
20,2168,SHANKARA,EQ,24171,15757,65.19
20,2169,SHANTI,EQ,68468,54901,80.18
20,2170,SHANTIGEAR,EQ,13986,8048,57.54
20,2171,SHARDACROP,EQ,305452,122215,40.01
20,2172,SHARDAMOTR,EQ,21471,12974,60.43
20,2173,SHAREINDIA,EQ,903596,290657,32.17
20,2174,SHARIABEES,EQ,2302,1536,66.72
20,2175,SHEETAL,SM,46000,42000,91.30
20,2176,SHEMAROO,EQ,16628,11150,67.06
20,2177,SHERA,SM,9000,9000,100.00
20,2178,SHIGAN,SM,6000,4500,75.00
20,2179,SHILPAMED,EQ,207498,76701,36.96
20,2180,SHIVALIK,EQ,38874,16168,41.59
20,2181,SHIVAMAUTO,EQ,161795,53591,33.12
20,2182,SHIVAMILLS,EQ,13361,6520,48.80
20,2183,SHIVATEX,EQ,125905,40427,32.11
20,2184,SHK,EQ,498963,213318,42.75
20,2185,SHOPERSTOP,EQ,67280,22951,34.11
20,2186,SHREDIGCEM,EQ,177894,100037,56.23
20,2187,SHREECEM,EQ,27398,15509,56.61
20,2188,SHREEKARNI,ST,6450,6000,93.02
20,2189,SHREEOSFM,SM,14000,13000,92.86
20,2190,SHREEPUSHK,EQ,31729,14511,45.73
20,2191,SHRENIK,EQ,826951,481994,58.29
20,2192,SHREYANIND,EQ,3424,1755,51.26
20,2193,SHRIPISTON,EQ,42595,25517,59.91
20,2194,SHRIRAMFIN,EQ,5895189,2959602,50.20
20,2195,SHRIRAMPPS,EQ,924519,508387,54.99
20,2196,SHRITECH,SM,18000,16000,88.89
20,2197,SHUBHSHREE,ST,15600,15600,100.00
20,2198,SHYAMCENT,EQ,96824,78710,81.29
20,2199,SHYAMMETL,EQ,405197,192091,47.41
20,2200,SIEMENS,EQ,237139,116138,48.97
20,2201,SIGACHI,EQ,1050087,481718,45.87
20,2202,SIGIND,EQ,13370,8386,62.72
20,2203,SIGMA,EQ,102635,10825,10.55
20,2204,SIGNATURE,EQ,652149,124614,19.11
20,2205,SIGNORIA,ST,5000,5000,100.00
20,2206,SIKKO,EQ,574548,123517,21.50
20,2207,SIL,EQ,18166,12532,68.99
20,2208,SILGO,EQ,101930,57110,56.03
20,2209,SILKFLEX,SM,2000,2000,100.00
20,2210,SILLYMONKS,EQ,6188,3767,60.88
20,2211,SILVER,EQ,192180,153078,79.65
20,2212,SILVER1,EQ,47096,43681,92.75
20,2213,SILVERADD,EQ,47839,27319,57.11
20,2214,SILVERBEES,EQ,4199983,3375675,80.37
20,2215,SILVERETF,EQ,70748,54842,77.52
20,2216,SILVERIETF,EQ,658931,467763,70.99
20,2217,SILVERTUC,EQ,9663,1344,13.91
20,2218,SILVRETF,EQ,9347,8352,89.35
20,2219,SINCLAIR,EQ,58634,34188,58.31
20,2220,SINDHUTRAD,EQ,2322175,988664,42.57
20,2221,SINTERCOM,EQ,65961,57259,86.81
20,2222,SIRCA,EQ,108222,49862,46.07
20,2223,SIS,EQ,42527,26217,61.65
20,2224,SIYSIL,EQ,253826,101469,39.98
20,2225,SJLOGISTIC,SM,26750,18250,68.22
20,2226,SJS,EQ,82123,41149,50.11
20,2227,SJVN,EQ,8542598,2409136,28.20
20,2228,SKFINDIA,EQ,20727,13108,63.24
20,2229,SKIPPER,EQ,578917,206288,35.63
20,2230,SKMEGGPROD,EQ,35158,16001,45.51
20,2231,SKP,SM,18500,12000,64.86
20,2232,SLONE,ST,1600,1600,100.00
20,2233,SMALLCAP,EQ,1889848,1010344,53.46
20,2234,SMCGLOBAL,EQ,61823,32020,51.79
20,2235,SMLISUZU,EQ,24630,11507,46.72
20,2236,SMLT,EQ,58053,32533,56.04
20,2237,SMSPHARMA,EQ,88057,43009,48.84
20,2238,SMVD,SM,4040,4040,100.00
20,2239,SNOWMAN,EQ,181413,100366,55.32
20,2240,SOBHA,EQ,399842,211166,52.81
20,2241,SOLARA,EQ,63077,32629,51.73
20,2242,SOLARAPP,E1,2057,2027,98.54
20,2243,SOLARINDS,EQ,52019,22541,43.33
20,2244,SOLEX,SM,27250,18375,67.43
20,2245,SOMANYCERA,EQ,31331,19771,63.10
20,2246,SOMICONVEY,EQ,20995,10902,51.93
20,2247,SONACOMS,EQ,3786430,2436752,64.35
20,2248,SONAMAC,ST,6000,4000,66.67
20,2249,SONATSOFTW,EQ,260100,126501,48.64
20,2250,SONUINFRA,ST,33000,30000,90.91
20,2251,SOTL,EQ,31209,16557,53.05
20,2252,SOUTHBANK,EQ,43695022,12721289,29.11
20,2253,SOUTHWEST,EQ,42911,24303,56.64
20,2254,SPAL,EQ,14452,5586,38.65
20,2255,SPANDANA,EQ,1192941,482656,40.46
20,2256,SPARC,EQ,374805,169889,45.33
20,2257,SPCL,ST,49200,45000,91.46
20,2258,SPECIALITY,EQ,15623,9271,59.34
20,2259,SPECTRUM,SM,5375,3625,67.44
20,2260,SPECTSTM,ST,35200,34400,97.73
20,2261,SPENCERS,EQ,279992,84489,30.18
20,2262,SPIC,EQ,448337,200003,44.61
20,2263,SPLIL,EQ,22893,9736,42.53
20,2264,SPLPETRO,EQ,84019,51817,61.67
20,2265,SPORTKING,EQ,119809,66499,55.50
20,2266,SPPPOLY,ST,16000,12000,75.00
20,2267,SPRL,ST,800,800,100.00
20,2268,SREEL,EQ,7233,5768,79.75
20,2269,SRF,EQ,486965,258909,53.17
20,2270,SRGHFL,EQ,5012,4603,91.84
20,2271,SRHHYPOLTD,EQ,23142,12256,52.96
20,2272,SRIVASAVI,SM,4000,3000,75.00
20,2273,SSDL,EQ,47331,27235,57.54
20,2274,SSEGL,SM,74000,43400,58.65
20,2275,SSFL,SM,11000,10000,90.91
20,2276,S&SPOWER,EQ,11615,11461,98.67
20,2277,SSWL,EQ,145936,67028,45.93
20,2278,STANLEY,EQ,82190,37222,45.29
20,2279,STAR,EQ,1660225,1252482,75.44
20,2280,STARCEMENT,EQ,5287908,1026036,19.40
20,2281,STARHEALTH,EQ,487465,244580,50.17
20,2282,STARPAPER,EQ,18101,15568,86.01
20,2283,STARTECK,EQ,9525,911,9.56
20,2284,STCINDIA,EQ,43830,18441,42.07
20,2285,STEELCAS,EQ,6026,3158,52.41
20,2286,STEELCITY,EQ,17693,10413,58.85
20,2287,STEELXIND,EQ,1240332,677725,54.64
20,2288,STEL,EQ,4789,3056,63.81
20,2289,STERTOOLS,EQ,103071,45373,44.02
20,2290,STLTECH,EQ,1101121,534214,48.52
20,2291,STOVEKRAFT,EQ,160547,49584,30.88
20,2292,STYLAMIND,EQ,9536,4727,49.57
20,2293,STYLEBAAZA,EQ,242029,111984,46.27
20,2294,STYRENIX,EQ,42645,24486,57.42
20,2295,SUBEXLTD,EQ,3064302,1548864,50.55
20,2296,SUBROS,EQ,27171,15005,55.22
20,2297,SUDARSCHEM,EQ,75796,40413,53.32
20,2298,SUKHJITS,EQ,3464,1856,53.58
20,2299,SULA,EQ,156466,83583,53.42
20,2300,SUMICHEM,EQ,317190,187147,59.00
20,2301,SUMMITSEC,EQ,21849,10479,47.96
20,2302,SUNCLAY,EQ,26761,19373,72.39
20,2303,SUNDARAM,EQ,300040,218933,72.97
20,2304,SUNDARMFIN,EQ,81935,22615,27.60
20,2305,SUNDARMHLD,EQ,75365,39793,52.80
20,2306,SUNDRMFAST,EQ,63876,32870,51.46
20,2307,SUNLITE,SM,8400,8400,100.00
20,2308,SUNPHARMA,EQ,2262270,1387803,61.35
20,2309,SUNTECK,EQ,1157652,251418,21.72
20,2310,SUNTV,EQ,245744,104124,42.37
20,2311,SUPERHOUSE,EQ,5724,3354,58.60
20,2312,SUPRAJIT,EQ,59979,32883,54.82
20,2313,SUPREMEIND,EQ,295796,184820,62.48
20,2314,SUPREMEPWR,ST,55000,52000,94.55
20,2315,SUPRIYA,EQ,227993,73443,32.21
20,2316,SURAJEST,EQ,97718,45753,46.82
20,2317,SURAKSHA,EQ,137882,78692,57.07
20,2318,SURANASOL,EQ,103932,54766,52.69
20,2319,SURANAT&P,EQ,185304,105426,56.89
20,2320,SURANI,ST,400,400,100.00
20,2321,SURYALAXMI,EQ,10434,6011,57.61
20,2322,SURYAROSNI,EQ,284952,135528,47.56
20,2323,SURYODAY,EQ,147260,77296,52.49
20,2324,SUTLEJTEX,EQ,59513,29091,48.88
20,2325,SUVEN,EQ,399826,209107,52.30
20,2326,SUVENPHAR,EQ,317481,240082,75.62
20,2327,SUVIDHAA,EQ,200234,117225,58.54
20,2328,SUYOG,EQ,63487,35809,56.40
20,2329,SUZLON,EQ,48986568,28565001,58.31
20,2330,SWANENERGY,EQ,2665144,928560,34.84
20,2331,SWARAJ,SM,8000,6500,81.25
20,2332,SWARAJENG,EQ,36490,15713,43.06
20,2333,SWASTIK,SM,9600,7200,75.00
20,2334,SWELECTES,EQ,28795,13075,45.41
20,2335,SWIGGY,EQ,17727617,6058450,34.18
20,2336,SWSOLAR,EQ,3937031,1671709,42.46
20,2337,SYLVANPLY,SM,12000,10000,83.33
20,2338,SYMPHONY,EQ,86250,28276,32.78
20,2339,SYNCOMF,EQ,1492774,683692,45.80
20,2340,SYNGENE,EQ,389704,151066,38.76
20,2341,SYNOPTICS,SM,4800,3600,75.00
20,2342,SYRMA,EQ,2423909,907624,37.44
20,2343,SYSTANGO,SM,27200,18800,69.12
20,2344,TAC,ST,3000,3000,100.00
20,2345,TAINWALCHM,EQ,51467,20840,40.49
20,2346,TAJGVK,EQ,327011,158828,48.57
20,2347,TAKE,EQ,170148,91083,53.53
20,2348,TALBROAUTO,EQ,83738,44189,52.77
20,2349,TANLA,EQ,3975353,473965,11.92
20,2350,TARC,EQ,1017370,684176,67.25
20,2351,TARMAT,EQ,19096,10202,53.42
20,2352,TARSONS,EQ,57144,40608,71.06
20,2353,TASTYBITE,EQ,1877,968,51.57
20,2354,TATACHEM,EQ,744699,302149,40.57
20,2355,TATACOMM,EQ,1056383,222937,21.10
20,2356,TATACONSUM,EQ,1759236,860385,48.91
20,2357,TATAELXSI,EQ,124965,57516,46.03
20,2358,TATAGOLD,EQ,5716233,4246316,74.29
20,2359,TATAINVEST,EQ,29479,9819,33.31
20,2360,TATAMOTORS,EQ,12418474,4242139,34.16
20,2361,TATAPOWER,EQ,5952212,2283529,38.36
20,2362,TATASTEEL,EQ,27505569,12073421,43.89
20,2363,TATATECH,EQ,1340656,493064,36.78
20,2364,TATSILV,EQ,838966,684539,81.59
20,2365,TATVA,EQ,19125,9013,47.13
20,2366,TBI,SM,14400,13200,91.67
20,2367,TBOTEK,EQ,39629,12472,31.47
20,2368,TBZ,EQ,259464,113836,43.87
20,2369,TCHF30,NB,3,1,33.33
20,2370,TCI,EQ,21480,9308,43.33
20,2371,TCIEXP,EQ,14590,7883,54.03
20,2372,TCL,SM,31200,20800,66.67
20,2373,TCLCONS,EQ,422961,186882,44.18
20,2374,TCPLPACK,EQ,6981,3061,43.85
20,2375,TCS,EQ,2409223,1285687,53.37
20,2376,TDPOWERSYS,EQ,764580,479090,62.66
20,2377,TEAMLEASE,EQ,11429,5818,50.91
20,2378,TECH,EQ,8388,5450,64.97
20,2379,TECHERA,ST,43200,41600,96.30
20,2380,TECHLABS,ST,33000,31000,93.94
20,2381,TECHM,EQ,2478559,1450908,58.54
20,2382,TECHNOE,EQ,285813,137561,48.13
20,2383,TECILCHEM,EQ,1570,1080,68.79
20,2384,TEGA,EQ,23439,11609,49.53
20,2385,TEJASNET,EQ,1519333,205372,13.52
20,2386,TEXINFRA,EQ,217509,131833,60.61
20,2387,TEXMOPIPES,EQ,19628,12461,63.49
20,2388,TEXRAIL,EQ,1379589,419787,30.43
20,2389,TFCILTD,EQ,308046,116451,37.80
20,2390,TGBHOTELS,EQ,30171,14684,48.67
20,2391,TGL,ST,51200,48000,93.75
20,2392,THANGAMAYL,EQ,88102,63398,71.96
20,2393,THEINVEST,EQ,12392,2248,18.14
20,2394,THEJO,EQ,8886,7168,80.67
20,2395,THEMISMED,EQ,96321,51224,53.18
20,2396,THERMAX,EQ,117475,51167,43.56
20,2397,THESL,ST,3000,3000,100.00
20,2398,THOMASCOOK,EQ,667174,382109,57.27
20,2399,THYROCARE,EQ,54917,27336,49.78
20,2400,TI,EQ,602687,182219,30.23
20,2401,TIIL,EQ,31581,22603,71.57
20,2402,TIINDIA,EQ,215740,123249,57.13
20,2403,TIL,EQ,18864,14359,76.12
20,2404,TIMESCAN,SM,2000,2000,100.00
20,2405,TIMETECHNO,EQ,1677432,675720,40.28
20,2406,TIMKEN,EQ,80678,63353,78.53
20,2407,TIPSMUSIC,EQ,480168,209567,43.64
20,2408,TIRUMALCHM,EQ,235163,89932,38.24
20,2409,TIRUPATI,SM,11500,11500,100.00
20,2410,TITAGARH,EQ,1504101,602877,40.08
20,2411,TITAN,EQ,598329,317519,53.07
20,2412,TMB,EQ,55090,31427,57.05
20,2413,TNIDETF,EQ,53058,41813,78.81
20,2414,TNPETRO,EQ,106237,51153,48.15
20,2415,TNPL,EQ,249183,108156,43.40
20,2416,TOKYOPLAST,EQ,12658,9338,73.77
20,2417,TOLINS,EQ,109794,55539,50.58
20,2418,TOP100CASE,EQ,436394,385955,88.44
20,2419,TOP10ADD,EQ,95592,92179,96.43
20,2420,TORNTPHARM,EQ,153463,82397,53.69
20,2421,TORNTPOWER,EQ,354441,196332,55.39
20,2422,TOTAL,EQ,8101,5159,63.68
20,2423,TOUCHWOOD,EQ,1092,626,57.33
20,2424,TPLPLASTEH,EQ,169243,39126,23.12
20,2425,TRACXN,EQ,253618,117763,46.43
20,2426,TRANSRAILL,EQ,1854835,300922,16.22
20,2427,TRANSTEEL,ST,40000,38000,95.00
20,2428,TRANSWIND,SM,4000,4000,100.00
20,2429,TRANSWORLD,EQ,64687,33506,51.80
20,2430,TREJHARA,EQ,11716,9658,82.43
20,2431,TREL,EQ,237342,131929,55.59
20,2432,TRENT,EQ,1377528,732668,53.19
20,2433,TRF,EQ,16842,10597,62.92
20,2434,TRIDENT,EQ,3787464,1334071,35.22
20,2435,TRIDHYA,SM,30000,24000,80.00
20,2436,TRIGYN,EQ,56990,31003,54.40
20,2437,TRITURBINE,EQ,335276,123178,36.74
20,2438,TRIVENI,EQ,507843,141568,27.88
20,2439,TROM,SM,31800,21000,66.04
20,2440,TRUST,SM,34800,25200,72.41
20,2441,TTKHLTCARE,EQ,1890,1501,79.42
20,2442,TTKPRESTIG,EQ,14101,6321,44.83
20,2443,TTML,EQ,7400786,1462100,19.76
20,2444,TUNWAL,SM,84000,56000,66.67
20,2445,TVSELECT,EQ,24249,13067,53.89
20,2446,TVSHLTD,EQ,8556,4296,50.21
20,2447,TVSMOTOR,EQ,600777,325603,54.20
20,2448,TVSSCS,EQ,243023,132063,54.34
20,2449,TVSSRICHAK,EQ,1567,1099,70.13
20,2450,TVTODAY,EQ,184598,147201,79.74
20,2451,UBL,EQ,156388,59078,37.78
20,2452,UCOBANK,EQ,5049227,1157874,22.93
20,2453,UDAICEMENT,EQ,147023,91553,62.27
20,2454,UDS,EQ,176554,79200,44.86
20,2455,UFLEX,EQ,42646,19868,46.59
20,2456,UFO,EQ,206705,138318,66.92
20,2457,UGARSUGAR,EQ,261749,104963,40.10
20,2458,UGROCAP,EQ,227153,156438,68.87
20,2459,UHTL,ST,32000,28000,87.50
20,2460,UJJIVANSFB,EQ,7405453,3147667,42.50
20,2461,ULTRACEMCO,EQ,249552,123057,49.31
20,2462,UMA,SM,28000,20000,71.43
20,2463,UMAEXPORTS,EQ,75880,33800,44.54
20,2464,UMESLTD,EQ,45238,25841,57.12
20,2465,UNICHEMLAB,EQ,16365,10483,64.06
20,2466,UNIDT,EQ,36166,32239,89.14
20,2467,UNIECOM,EQ,578404,317482,54.89
20,2468,UNIENTER,EQ,8104,3609,44.53
20,2469,UNIINFO,EQ,3897,2600,66.72
20,2470,UNILEX,SM,4800,3200,66.67
20,2471,UNIMECH,EQ,159846,42544,26.62
20,2472,UNIONBANK,EQ,9893570,5102113,51.57
20,2473,UNIPARTS,EQ,42886,29184,68.05
20,2474,UNITDSPR,EQ,913499,245129,26.83
20,2475,UNITEDTEA,EQ,5548,2375,42.81
20,2476,UNIVCABLES,EQ,57312,29026,50.65
20,2477,UNOMINDA,EQ,1165939,525353,45.06
20,2478,UPL,EQ,1191929,563243,47.25
20,2479,UPLPP,E1,287113,158532,55.22
20,2480,URAVIDEF,EQ,21514,7870,36.58
20,2481,URBAN,ST,6800,6800,100.00
20,2482,USASEEDS,SM,2100,2100,100.00
20,2483,USHAFIN,SM,43200,40800,94.44
20,2484,USHAMART,EQ,336009,140872,41.93
20,2485,USK,EQ,71639,33336,46.53
20,2486,UTIAMC,EQ,71187,31842,44.73
20,2487,UTIBANKETF,EQ,2959544,2320359,78.40
20,2488,UTINEXT50,EQ,175390,140412,80.06
20,2489,UTINIFTETF,EQ,65453,59246,90.52
20,2490,UTISENSETF,EQ,2896,2327,80.35
20,2491,UTISXN50,EQ,3404,2358,69.27
20,2492,UTKARSHBNK,EQ,2173066,1122748,51.67
20,2493,UTSSAV,ST,183600,175800,95.75
20,2494,UTTAMSUGAR,EQ,55417,37195,67.12
20,2495,UWCSL,ST,3000,3000,100.00
20,2496,UYFINCORP,EQ,63169,40729,64.48
20,2497,VADILALIND,EQ,4719,2711,57.45
20,2498,VAIBHAVGBL,EQ,352348,153855,43.67
20,2499,VAKRANGEE,EQ,6951203,2029687,29.20
20,2500,VAL30IETF,EQ,85072,46074,54.16
20,2501,VALIANTLAB,EQ,52857,35327,66.84
20,2502,VALIANTORG,EQ,23428,10824,46.20
20,2503,VARDHACRLC,EQ,11406,8559,75.04
20,2504,VARROC,EQ,127470,41944,32.90
20,2505,VASCONEQ,EQ,609304,260523,42.76
20,2506,VASWANI,EQ,75494,41524,55.00
20,2507,VBL,EQ,4481872,2394736,53.43
20,2508,VDEAL,SM,24000,21600,90.00
20,2509,VEDL,EQ,6538867,3017349,46.14
20,2510,VEEDOL,EQ,17570,10778,61.34
20,2511,VELS,SM,2400,2400,100.00
20,2512,VENKEYS,EQ,17714,8330,47.02
20,2513,VENTIVE,EQ,399920,235855,58.98
20,2514,VENUSPIPES,EQ,82746,33849,40.91
20,2515,VENUSREM,EQ,20512,12480,60.84
20,2516,VERANDA,EQ,72042,51237,71.12
20,2517,VERITAAS,SM,14400,8400,58.33
20,2518,VERTOZ,EQ,1411211,845910,59.94
20,2519,VESUVIUS,EQ,13235,7372,55.70
20,2520,VETO,EQ,43629,21077,48.31
20,2521,VGUARD,EQ,339531,153350,45.17
20,2522,VHL,EQ,714,411,57.56
20,2523,VIDHIING,EQ,93218,24312,26.08
20,2524,VIESL,SM,32000,19200,60.00
20,2525,VIJAYA,EQ,522919,262655,50.23
20,2526,VIKASECO,EQ,2757317,1932080,70.07
20,2527,VIKASLIFE,EQ,2681293,1586764,59.18
20,2528,VILAS,ST,23500,21000,89.36
20,2529,VILINBIO,SM,8000,8000,100.00
20,2530,VIMTALABS,EQ,73458,32693,44.51
20,2531,VINATIORGA,EQ,26675,11317,42.43
20,2532,VINCOFE,EQ,202520,127567,62.99
20,2533,VINDHYATEL,EQ,10687,5309,49.68
20,2534,VINEETLAB,EQ,15102,9065,60.03
20,2535,VINSYS,SM,5000,3500,70.00
20,2536,VINYAS,ST,7400,7400,100.00
20,2537,VINYLINDIA,EQ,11387,6967,61.18
20,2538,VIPCLOTHNG,EQ,70724,41066,58.07
20,2539,VIPIND,EQ,544404,215637,39.61
20,2540,VIRINCHI,EQ,318529,151133,47.45
20,2541,VISAKAIND,EQ,89194,46436,52.06
20,2542,VISHNU,EQ,193125,85960,44.51
20,2543,VISHNUINFR,SM,19000,16000,84.21
20,2544,VISHWARAJ,EQ,995613,373928,37.56
20,2545,VISHWAS,SM,12800,12800,100.00
20,2546,VITAL,SM,14400,13200,91.67
20,2547,VIVIANA,ST,5750,4875,84.78
20,2548,VIVIDHA,EQ,375840,278980,74.23
20,2549,VIVO,SM,3200,3200,100.00
20,2550,VLEGOV,EQ,480380,238556,49.66
20,2551,VLINFRA,ST,13500,10500,77.78
20,2552,VLSFINANCE,EQ,40482,14265,35.24
20,2553,VMARCIND,ST,25750,23250,90.29
20,2554,VMART,EQ,29351,19345,65.91
20,2555,VMM,EQ,16650372,6210831,37.30
20,2556,VOLTAMP,EQ,47247,28137,59.55
20,2557,VOLTAS,EQ,842352,437685,51.96
20,2558,VPRPL,EQ,606503,226968,37.42
20,2559,VRAJ,EQ,55970,31683,56.61
20,2560,VRLLOG,EQ,74623,47178,63.22
20,2561,VSCL,ST,3000,3000,100.00
20,2562,VSSL,EQ,28172,14406,51.14
20,2563,VSTIND,EQ,199409,95097,47.69
20,2564,VSTL,EQ,7895,4499,56.99
20,2565,VSTTILLERS,EQ,1781,791,44.41
20,2566,VTL,EQ,685287,113248,16.53
20,2567,WAAREEENER,EQ,5626060,1705319,30.31
20,2568,WABAG,EQ,570961,290210,50.83
20,2569,WALCHANNAG,EQ,220689,113449,51.41
20,2570,WCIL,EQ,161109,71356,44.29
20,2571,WEIZMANIND,EQ,5190,3630,69.94
20,2572,WEL,EQ,595610,151380,25.42
20,2573,WELCORP,EQ,379653,132546,34.91
20,2574,WELENT,EQ,468512,258627,55.20
20,2575,WELINV,EQ,1152,770,66.84
20,2576,WELSPUNLIV,EQ,1160047,470737,40.58
20,2577,WENDT,EQ,1507,547,36.30
20,2578,WESTLIFE,EQ,88725,62381,70.31
20,2579,WEWIN,EQ,18572,11466,61.74
20,2580,WHEELS,EQ,18208,9290,51.02
20,2581,WHIRLPOOL,EQ,82448,49234,59.72
20,2582,WILLAMAGOR,EQ,7838,2624,33.48
20,2583,WINDLAS,EQ,39709,21077,53.08
20,2584,WINDMACHIN,EQ,49929,29327,58.74
20,2585,WINSOL,SM,16400,11600,70.73
20,2586,WIPRO,EQ,30859317,10036697,32.52
20,2587,WOCKPHARMA,EQ,741107,285628,38.54
20,2588,WOL3D,SM,10000,8000,80.00
20,2589,WONDERLA,EQ,46372,23629,50.96
20,2590,WORTH,EQ,63420,28127,44.35
20,2591,WSI,EQ,40521,22669,55.94
20,2592,WSTCSTPAPR,EQ,95286,67608,70.95
20,2593,WTICAB,ST,122000,121000,99.18
20,2594,XCHANGING,EQ,103074,53666,52.07
20,2595,XELPMOC,EQ,27884,20182,72.38
20,2596,XPROINDIA,EQ,19576,8327,42.54
20,2597,XTGLOBAL,EQ,29802,19593,65.74
20,2598,YASHO,EQ,11857,4575,38.58
20,2599,YASHOPTICS,SM,54400,43200,79.41
20,2600,YATHARTH,EQ,1040006,562827,54.12
20,2601,YATRA,EQ,299344,180342,60.25
20,2602,YCCL,SM,6000,3000,50.00
20,2603,YESBANK,EQ,93719498,19743561,21.07
20,2604,YUDIZ,SM,1600,1600,100.00
20,2605,YUKEN,EQ,6294,4127,65.57
20,2606,ZAGGLE,EQ,345159,223650,64.80
20,2607,ZEAL,SM,10200,7800,76.47
20,2608,ZEEL,EQ,9029927,4173399,46.22
20,2609,ZEELEARN,EQ,418830,261475,62.43
20,2610,ZEEMEDIA,EQ,1879274,908187,48.33
20,2611,ZENITHDRUG,ST,12000,12000,100.00
20,2612,ZENITHEXPO,EQ,185,185,100.00
20,2613,ZENITHSTL,EQ,151404,88164,58.23
20,2614,ZENSARTECH,EQ,575535,238031,41.36
20,2615,ZENTEC,EQ,780773,336026,43.04
20,2616,ZFCVINDIA,EQ,27358,21442,78.38
20,2617,ZIMLAB,EQ,60437,26803,44.35
20,2618,ZODIAC,EQ,19625,13624,69.42
20,2619,ZODIACLOTH,EQ,12073,5775,47.83
20,2620,ZOMATO,EQ,178256196,67362908,37.79
20,2621,ZOTA,EQ,216895,64986,29.96
20,2622,ZTECH,ST,2700,2700,100.00
20,2623,ZUARI,EQ,300084,179714,59.89
20,2624,ZUARIIND,EQ,59493,37346,62.77
20,2625,ZYDUSLIFE,EQ,577713,299022,51.76
20,2626,ZYDUSWELL,EQ,178044,118589,66.61
