Security Wise Delivery Position - Compulsory Rolling Settlement
10,MTO,08012025,1142162085,0002646
Trade Date <08-JAN-2025>,Settlement Type <N>
Record Type,Sr No,Name of Security,Quantity Traded,Deliverable Quantity(gross across client level),% of Deliverable Quantity to Traded Quantity
20,1,0MOFSL26,N1,50,50,100.00
20,2,1003IIFL29,NC,136,75,55.15
20,3,1003ISFL28,N4,455,455,100.00
20,4,1003SCL30A,NV,175,175,100.00
20,5,1015ECL29,NR,641,579,90.33
20,6,1015UCL26,N1,1,1,100.00
20,7,1018GS2026,GS,1900,1900,100.00
20,8,1025SCL34,Z8,25,25,100.00
20,9,1025SCL34A,ZT,25,25,100.00
20,10,1025UCL25,N8,17,17,100.00
20,11,1030SFIL28,NM,115,114,99.13
20,12,1035UCL26,NA,13,13,100.00
20,13,1040NFL26,NA,26,26,100.00
20,14,1040UCL25,N4,293,293,100.00
20,15,1049DLSL25,NX,2,2,100.00
20,16,1050NFL26,N7,32,32,100.00
20,17,1050UCL25,N7,121,121,100.00
20,18,1060ECL29,NS,30,30,100.00
20,19,1065NFL27,NC,479,300,62.63
20,20,1075UCL25,N9,10,10,100.00
20,21,10IIFL28,N4,33,33,100.00
20,22,10IIFL28A,NE,31,31,100.00
20,23,10IIFL29,N6,326,326,100.00
20,24,10NFL25,N9,18,18,100.00
20,25,10NIDO26,N6,497,418,84.10
20,26,1102NFL26,N8,1,1,100.00
20,27,11UCL26,NC,31,21,67.74
20,28,182D010525,TB,1000,1000,100.00
20,29,182D080525,TB,200,200,100.00
20,30,182D140225,TB,1200,1200,100.00
20,31,182D150525,TB,100,100,100.00
20,32,182D170125,TB,600,600,100.00
20,33,182D300125,TB,100,100,100.00
20,34,360ONE,EQ,507458,239403,47.18
20,35,364D010126,TB,100,100,100.00
20,36,364D030725,TB,100,100,100.00
20,37,364D031025,TB,100,100,100.00
20,38,364D060225,TB,700,700,100.00
20,39,364D070825,TB,100,100,100.00
20,40,364D100725,TB,100,100,100.00
20,41,364D110425,TB,200,200,100.00
20,42,364D110925,TB,500,500,100.00
20,43,364D120625,TB,200,200,100.00
20,44,364D130325,TB,100,100,100.00
20,45,364D150525,TB,800,800,100.00
20,46,364D150825,TB,500,500,100.00
20,47,364D180725,TB,200,200,100.00
20,48,364D280825,TB,200,200,100.00
20,49,364D301025,TB,1000,1000,100.00
20,50,364D310725,TB,100,100,100.00
20,51,3IINFOLTD,EQ,366535,164405,44.85
20,52,3MINDIA,EQ,8050,2759,34.27
20,53,515GS2025,GS,31,16,51.61
20,54,563GS2026,GS,869,869,100.00
20,55,574GS2026,GS,2,2,100.00
20,56,5PAISA,EQ,36232,10635,29.35
20,57,610GS2031,GS,85,85,100.00
20,58,622GS2035,GS,17,17,100.00
20,59,63MOONS,EQ,345986,149307,43.15
20,60,664GS2035,GS,3,3,100.00
20,61,667GS2035,GS,10000,10000,100.00
20,62,667GS2050,GS,6300,4300,68.25
20,63,676GS2061,GS,9,9,100.00
20,64,679GS2031,GS,100,100,100.00
20,65,679GS2034,GS,100,100,100.00
20,66,689GS2025,GS,216,110,50.93
20,67,692GS2039,GS,100,100,100.00
20,68,695GS2061,GS,1796,1796,100.00
20,69,697GR2034,GS,3,3,100.00
20,70,699GS2051,GS,13520,13510,99.93
20,71,702GS2027,GS,2300,2300,100.00
20,72,702GS2031,GS,302,200,66.23
20,73,704IRFC28,N6,430,430,100.00
20,74,706GS2028,GS,1000,1000,100.00
20,75,709GS2054,GS,175,100,57.14
20,76,709GS2074,GS,300,300,100.00
20,77,710GS2029,GS,10380,10378,99.98
20,78,718GS2037,GS,18400,18400,100.00
20,79,719GS2060,GS,203,203,100.00
20,80,723GS2039,GS,400,200,50.00
20,81,725GS2063,GS,48682,43591,89.54
20,82,726GS2032,GS,9397,9340,99.39
20,83,726GS2033,GS,100,100,100.00
20,84,732GS2030,GS,2248,2248,100.00
20,85,732IRFC25,NI,101,101,100.00
20,86,733GS2026,GS,2100,1400,66.67
20,87,734GS2064,GS,2534,2232,88.08
20,88,734IRFC28,N4,2,1,50.00
20,89,735PFCL35,N1,225,225,100.00
20,90,735TN43,SG,1000,1000,100.00
20,91,736PFCL28,N2,4630,4630,100.00
20,92,737GS2028,GS,4652,4651,99.98
20,93,738GS2027,GS,231953,189453,81.68
20,94,738REC27TF,N2,220,220,100.00
20,95,739NHAI26,N8,1975,1942,98.33
20,96,73GS2053,GS,21000,21000,100.00
20,97,740IIFCL33,N1,126,7,5.56
20,98,741GS2036,GS,1400,1200,85.71
20,99,743REC35,NH,215,215,100.00
20,100,746GS2073,GS,13210,13055,98.83
20,101,74GS2062,GS,4,4,100.00
20,102,750IRFC35,NK,150,100,66.67
20,103,751HUDCO28,N5,218,218,100.00
20,104,753IRFC30,NJ,9,9,100.00
20,105,754GS2036,GS,950413,941596,99.07
20,106,762NTPC35F,ND,202,200,99.01
20,107,764HUDCO31,N8,360,300,83.33
20,108,764IRFC31,NO,50,50,100.00
20,109,764NABAR31,N2,168,111,66.07
20,110,769HUDCO31,N9,911,911,100.00
20,111,769IGT28,NH,17,17,100.00
20,112,769NHAI31,NE,200,200,100.00
20,113,76IGT26,ND,25,25,100.00
20,114,76NHAI31,NA,402,394,98.01
20,115,774IREDA31,N7,270,220,81.48
20,116,779PN37,SG,100,100,100.00
20,117,797IGT31,NL,404,404,100.00
20,118,79NHIT35,N1,3763,2333,62.00
20,119,79NHIT40,N2,3304,3301,99.91
20,120,79NHIT47,N3,4839,3412,70.51
20,121,810IRFC27,N2,2018,1493,73.98
20,122,812REC27,NI,180,180,100.00
20,123,81TCHF28,N8,103,103,100.00
20,124,824GS2027,GS,4,4,100.00
20,125,82HUDCO27,N2,2141,1010,47.17
20,126,82IGT31,NJ,479,479,100.00
20,127,830NHAI27,N2,605,605,100.00
20,128,830PFCL27,N5,35,35,100.00
20,129,833GS2026,GS,3933,3933,100.00
20,130,835IFL25,NV,120,120,100.00
20,131,840CIFCL28,N4,1,1,100.00
20,132,842IIFL26,NL,510,510,100.00
20,133,843IHFL29,NC,2167,1486,68.57
20,134,847SCL25,Z2,4,4,100.00
20,135,849NTPC25,N7,20981,20970,99.95
20,136,851HUDCO28,NB,1574,1574,100.00
20,137,85LTF26,NM,150,150,100.00
20,138,861REC34,ND,1,1,100.00
20,139,865IFL28,NZ,308,308,100.00
20,140,865IIFL28,NS,1854,1827,98.54
20,141,865IRFC29,NA,1,1,100.00
20,142,866SCL25,YP,7,7,100.00
20,143,871REC28,N9,1714,1696,98.95
20,144,873NTPC28,N5,50,50,100.00
20,145,875IIFL26,NM,29,29,100.00
20,146,875IIFL26A,NQ,100,100,100.00
20,147,875NHAI29,N6,420,420,100.00
20,148,876HUDCO28,ND,100,100,100.00
20,149,87LTF27,NH,1,1,100.00
20,150,880IREDA34,N6,50,50,100.00
20,151,885IHL26,N1,230,214,93.04
20,152,885MOFSL26,N0,100,100,100.00
20,153,885TCAPS29,NC,15,15,100.00
20,154,888ERFL28,N5,20,10,50.00
20,155,888IHFL25F,NC,200,200,100.00
20,156,888REC29,NF,5,5,100.00
20,157,891IIFCL34,N4,427,407,95.32
20,158,891NTPC33,N6,10,10,100.00
20,159,892NHPC33,N6,1025,1025,100.00
20,160,892PFCL33,N8,41,41,100.00
20,161,894SCL27,ZY,45,45,100.00
20,162,897GS2030,GS,650,650,100.00
20,163,901HUDCO34,NE,260,260,100.00
20,164,901NHB34,N6,1782,233,13.08
20,165,910CAGL25,N7,20,20,100.00
20,166,91D200325,TB,100,100,100.00
20,167,920IIFLS26,N8,451,451,100.00
20,168,920PEL28,N2,10,10,100.00
20,169,92GS2030,GS,5010,5010,100.00
20,170,92SFIL28,ND,62,62,100.00
20,171,932AEL27,N3,10,5,50.00
20,172,935LTF29,N5,20,20,100.00
20,173,93MOFSL34,N6,2,2,100.00
20,174,93SCL24A,ZN,16,16,100.00
20,175,948SCL27D,N1,4,4,100.00
20,176,94IFCI25,NL,439,439,100.00
20,177,950SCL23A,AP,2,2,100.00
20,178,955SCL25,ZU,174,174,100.00
20,179,955SCL27A,ZJ,1,1,100.00
20,180,956AEL29,N6,230,230,100.00
20,181,957ICCL25,YW,16,16,100.00
20,182,957ISFL26,N2,399,399,100.00
20,183,957NIDO26,N5,214,155,72.43
20,184,960CAGL25,N3,6,6,100.00
20,185,960IIFLS26,N9,100,100,100.00
20,186,965AEL27,N4,231,181,78.35
20,187,965SCL25,AG,22,22,100.00
20,188,965SCL25B,Y1,100,100,100.00
20,189,965SCL25C,N0,5,5,100.00
20,190,965SCL26,YO,18,18,100.00
20,191,965SCL26A,ZB,30,10,33.33
20,192,965SCL26Y,N1,20,20,100.00
20,193,96IIFL28,N5,2110,1681,79.67
20,194,96IIFL28A,NF,3777,3106,82.23
20,195,970CAGL28,ND,100,100,100.00
20,196,97MOFSL34,N7,150,150,100.00
20,197,980SCL33D,YG,1832,1100,60.04
20,198,985ECL28,NK,10,10,100.00
20,199,985IIFL22,NC,106,103,97.17
20,200,990SCL27,YT,500,500,100.00
20,201,99AEL29,N7,263,213,80.99
20,202,99SCL27,ZH,15,15,100.00
20,203,9IIFL28,Y0,500,500,100.00
20,204,9IIFL28A,NT,60,40,66.67
20,205,9MMFSML,N2,1473,1433,97.28
20,206,9PCHFL31A,NA,25,25,100.00
20,207,9PEL25,N0,100,100,100.00
20,208,AAATECH,EQ,23345,13859,59.37
20,209,AADHARHFC,EQ,157593,65763,41.73
20,210,AAKASH,EQ,230112,146467,63.65
20,211,AARON,EQ,17711,8427,47.58
20,212,AARTECH,EQ,3042299,1000483,32.89
20,213,AARTIDRUGS,EQ,96622,49702,51.44
20,214,AARTIIND,EQ,2674511,1240499,46.38
20,215,AARTIPHARM,EQ,122824,51911,42.26
20,216,AARTISURF,EQ,6819,4202,61.62
20,217,AARVI,EQ,3059,2035,66.53
20,218,AATMAJ,SM,8000,6000,75.00
20,219,AAVAS,EQ,73642,45165,61.33
20,220,ABAN,EQ,61965,28812,46.50
20,221,ABB,EQ,162710,73264,45.03
20,222,ABBOTINDIA,EQ,9626,3729,38.74
20,223,ABCAPITAL,EQ,1912030,580460,30.36
20,224,ABCOTS,ST,15500,13500,87.10
20,225,ABDL,EQ,459791,278495,60.57
20,226,ABFRL,EQ,1057802,363304,34.35
20,227,ABGSEC,EQ,162,129,79.63
20,228,ABHAPOWER,ST,52800,41600,78.79
20,229,ABREL,EQ,303066,133015,43.89
20,230,ABSLAMC,EQ,201155,104136,51.77
20,231,ABSLBANETF,EQ,160139,155066,96.83
20,232,ABSLLIQUID,EQ,1729,1658,95.89
20,233,ABSLNN50ET,EQ,26808,14679,54.76
20,234,ABSLPSE,EQ,864042,754977,87.38
20,235,ABSMARINE,SM,99500,74000,74.37
20,236,ACC,EQ,186294,72482,38.91
20,237,ACCELYA,EQ,4491,2203,49.05
20,238,ACCENTMIC,SM,14000,10500,75.00
20,239,ACCORD,SM,18000,14000,77.78
20,240,ACCURACY,EQ,192138,130004,67.66
20,241,ACE,EQ,244446,99110,40.54
20,242,ACEINTEG,EQ,4667,2903,62.20
20,243,ACI,EQ,150973,60168,39.85
20,244,ACL,EQ,18089,11502,63.59
20,245,ACLGATI,EQ,285754,152456,53.35
20,246,ACMESOLAR,EQ,265241,105903,39.93
20,247,ADANIENSOL,EQ,869142,265517,30.55
20,248,ADANIENT,EQ,879641,342907,38.98
20,249,ADANIGREEN,EQ,1702163,479838,28.19
20,250,ADANIPORTS,EQ,2900996,1215843,41.91
20,251,ADANIPOWER,EQ,2312110,565746,24.47
20,252,ADFFOODS,EQ,177381,92860,52.35
20,253,ADL,EQ,4829,3053,63.22
20,254,ADORWELD,EQ,5534,2566,46.37
20,255,ADROITPP1,X1,12050,8944,74.22
20,256,ADSL,EQ,191363,63824,33.35
20,257,ADVANIHOTR,EQ,61057,38195,62.56
20,258,ADVENZYMES,EQ,195301,101596,52.02
20,259,AEGISLOG,EQ,24086842,1007927,4.18
20,260,AEROFLEX,EQ,479519,200827,41.88
20,261,AERON,SM,38000,22000,57.89
20,262,AESTHETIK,SM,22000,14000,63.64
20,263,AETHER,EQ,27741,11035,39.78
20,264,AFCONS,EQ,1358167,355318,26.16
20,265,AFFLE,EQ,372137,197347,53.03
20,266,AFFORDABLE,EQ,20008,12359,61.77
20,267,AFIL,EQ,284287,173196,60.92
20,268,AGARIND,EQ,25908,16576,63.98
20,269,AGARWALFT,SM,13500,10500,77.78
20,270,AGARWALTUF,SM,42000,32400,77.14
20,271,AGI,EQ,98392,32790,33.33
20,272,AGIIL,EQ,16631,10201,61.34
20,273,AGNI,SM,45000,27500,61.11
20,274,AGRITECH,EQ,8096,2777,34.30
20,275,AGROPHOS,EQ,29398,14074,47.87
20,276,AGSTRA,EQ,424048,227058,53.55
20,277,AHIMSA,ST,3000,3000,100.00
20,278,AHL,EQ,89053,43209,48.52
20,279,AHLADA,EQ,44001,23375,53.12
20,280,AHLEAST,EQ,32461,23913,73.67
20,281,AHLUCONT,EQ,103696,40580,39.13
20,282,AIAENG,EQ,30139,13984,46.40
20,283,AIIL,EQ,50035,22955,45.88
20,284,AIMTRON,ST,46400,44800,96.55
20,285,AIRAN,EQ,1646351,548213,33.30
20,286,AIROLAM,EQ,6234,3130,50.21
20,287,AIRTELPP,E1,36638,23794,64.94
20,288,AISL,ST,1800,1200,66.67
20,289,AJANTPHARM,EQ,88050,31814,36.13
20,290,AJMERA,EQ,76648,29454,38.43
20,291,AJOONI,EQ,692317,418620,60.47
20,292,AKANKSHA,ST,40000,39000,97.50
20,293,AKASH,EQ,10563,6041,57.19
20,294,AKG,EQ,106354,102569,96.44
20,295,AKIKO,SM,8000,6400,80.00
20,296,AKSHARCHEM,EQ,4668,2945,63.09
20,297,AKUMS,EQ,623149,137720,22.10
20,298,AKZOINDIA,EQ,17902,8000,44.69
20,299,ALANKIT,EQ,397825,198081,49.79
20,300,ALBERTDAVD,EQ,4515,2533,56.10
20,301,ALEMBICLTD,EQ,340329,150439,44.20
20,302,ALICON,EQ,32067,15531,48.43
20,303,ALKALI,EQ,3693,1858,50.31
20,304,ALKEM,EQ,124256,75953,61.13
20,305,ALKYLAMINE,EQ,27619,14173,51.32
20,306,ALLCARGO,EQ,2452914,1291578,52.65
20,307,ALLDIGI,EQ,12677,8135,64.17
20,308,ALLETEC,ST,19600,16400,83.67
20,309,ALOKINDS,EQ,4325169,1515992,35.05
20,310,ALPA,EQ,129313,71376,55.20
20,311,ALPEXSOLAR,SM,30000,18600,62.00
20,312,ALPHA,EQ,1364360,952915,69.84
20,313,ALPHAETF,EQ,4804905,2876471,59.87
20,314,ALPHAGEO,EQ,96768,31513,32.57
20,315,ALPL30IETF,EQ,1125664,932051,82.80
20,316,ALUWIND,SM,13500,13500,100.00
20,317,AMBER,EQ,827603,200976,24.28
20,318,AMBEY,SM,20000,14000,70.00
20,319,AMBICAAGAR,EQ,20791,4669,22.46
20,320,AMBIKCO,EQ,7917,3917,49.48
20,321,AMBUJACEM,EQ,1397363,811727,58.09
20,322,AMDIND,EQ,4015,2817,70.16
20,323,AMEYA,ST,3000,3000,100.00
20,324,AMIABLE,SM,1600,1600,100.00
20,325,AMIORG,EQ,844726,269716,31.93
20,326,AMJLAND,EQ,47802,26211,54.83
20,327,AMNPLST,EQ,246465,63110,25.61
20,328,AMRUTANJAN,EQ,5619,3688,65.63
20,329,ANANDRATHI,EQ,73703,39822,54.03
20,330,ANANTRAJ,EQ,6513726,1230346,18.89
20,331,ANDHRAPAP,EQ,99251,44472,44.81
20,332,ANDHRSUGAR,EQ,110303,61543,55.79
20,333,ANGELONE,EQ,1913994,442950,23.14
20,334,ANLON,SM,8800,5200,59.09
20,335,ANMOL,EQ,83644,33986,40.63
20,336,ANNAPURNA,SM,69250,48000,69.31
20,337,ANTGRAPHIC,EQ,226780,140384,61.90
20,338,ANUHPHR,EQ,32183,16298,50.64
20,339,ANUP,EQ,21153,11917,56.34
20,340,ANURAS,EQ,39172,12836,32.77
20,341,ANYA,ST,2690000,2520000,93.68
20,342,APARINDS,EQ,123293,39458,32.00
20,343,APCL,EQ,11104,7147,64.36
20,344,APCOTEXIND,EQ,9816,5642,57.48
20,345,APEX,EQ,99363,41249,41.51
20,346,APEXECO,SM,332800,180800,54.33
20,347,APLAPOLLO,EQ,260263,120269,46.21
20,348,APLLTD,EQ,77669,27961,36.00
20,349,APOLLO,EQ,8026047,2521711,31.42
20,350,APOLLOHOSP,EQ,450295,239280,53.14
20,351,APOLLOPIPE,EQ,39783,22524,56.62
20,352,APOLLOTYRE,EQ,1082081,348771,32.23
20,353,APOLSINHOT,EQ,978,797,81.49
20,354,APS,ST,33500,25250,75.37
20,355,APTECHT,EQ,105760,70667,66.82
20,356,APTUS,EQ,461691,282441,61.18
20,357,ARCHIDPLY,EQ,8353,5023,60.13
20,358,ARCHIES,EQ,22886,14014,61.23
20,359,ARE&M,EQ,613037,357872,58.38
20,360,ARHAM,SM,5000,4000,80.00
20,361,ARIHANTACA,ST,4800,4800,100.00
20,362,ARIHANTCAP,EQ,231483,87063,37.61
20,363,ARIHANTSUP,EQ,131780,51460,39.05
20,364,ARISTO,ST,3200,3200,100.00
20,365,ARKADE,EQ,2088008,614624,29.44
20,366,ARMANFIN,EQ,99126,38775,39.12
20,367,AROGRANITE,EQ,3132,1961,62.61
20,368,ARROWGREEN,EQ,33320,17352,52.08
20,369,ARTEMISMED,EQ,195668,85203,43.54
20,370,ARVEE,EQ,2527,1439,56.94
20,371,ARVIND,EQ,455144,174049,38.24
20,372,ARVINDFASN,EQ,224627,121000,53.87
20,373,ARVINDPORT,ST,6000,6000,100.00
20,374,ARVSMART,EQ,40945,19506,47.64
20,375,ASAHIINDIA,EQ,42445,18576,43.76
20,376,ASAHISONG,EQ,1438,798,55.49
20,377,ASAL,EQ,12767,6573,51.48
20,378,ASALCBR,EQ,133618,65555,49.06
20,379,ASHALOG,ST,71000,67000,94.37
20,380,ASHAPURMIN,EQ,1769538,950655,53.72
20,381,ASHIANA,EQ,2926747,278648,9.52
20,382,ASHOKA,EQ,3105839,1312959,42.27
20,383,ASHOKLEY,EQ,5998750,3424951,57.09
20,384,ASIANENE,EQ,118068,54912,46.51
20,385,ASIANPAINT,EQ,1439655,762368,52.95
20,386,ASIANTILES,EQ,411962,194137,47.12
20,387,ASKAUTOLTD,EQ,120623,57863,47.97
20,388,ASMS,EQ,8484776,3404885,40.13
20,389,ASPINWALL,EQ,30729,28186,91.72
20,390,ASPIRE,ST,10000,8000,80.00
20,391,ASTEC,EQ,44105,20557,46.61
20,392,ASTERDM,EQ,842496,547665,65.01
20,393,ASTRAL,EQ,621862,360138,57.91
20,394,ASTRAMICRO,EQ,123603,50763,41.07
20,395,ASTRAZEN,EQ,8364,3323,39.73
20,396,ASTRON,EQ,32862,17813,54.21
20,397,ATAM,EQ,9691,5406,55.78
20,398,ATFL,EQ,10841,5731,52.86
20,399,ATGL,EQ,472342,127740,27.04
20,400,ATL,EQ,268109,143280,53.44
20,401,ATLASCYCLE,EQ,5311,5311,100.00
20,402,ATMASTCO,ST,79600,79200,99.50
20,403,ATUL,EQ,33766,13515,40.03
20,404,ATULAUTO,EQ,26440,13638,51.58
20,405,AUBANK,EQ,2126970,1210378,56.91
20,406,AURDIS,ST,3125,2500,80.00
20,407,AURIONPRO,EQ,65093,32200,49.47
20,408,AUROIMPEX,SM,6400,6400,100.00
20,409,AUROPHARMA,EQ,635389,235033,36.99
20,410,AURUM,EQ,83978,50198,59.78
20,411,AURUMPP1,E1,3625,2890,79.72
20,412,AUSL,SM,2000,2000,100.00
20,413,AUTOAXLES,EQ,6297,4557,72.37
20,414,AUTOBEES,EQ,113472,55570,48.97
20,415,AUTOIETF,EQ,278103,120656,43.39
20,416,AUTOIND,EQ,52312,25526,48.80
20,417,AVADHSUGAR,EQ,17292,6634,38.36
20,418,AVALON,EQ,313070,111611,35.65
20,419,AVANTEL,EQ,463389,246177,53.13
20,420,AVANTIFEED,EQ,396884,147495,37.16
20,421,AVG,EQ,60702,41441,68.27
20,422,AVIANSH,ST,16000,16000,100.00
20,423,AVL,EQ,332023,296313,89.24
20,424,AVPINFRA,ST,22400,22400,100.00
20,425,AVTNPL,EQ,44935,27865,62.01
20,426,AWFIS,EQ,484035,210449,43.48
20,427,AWHCL,EQ,63269,30295,47.88
20,428,AWL,EQ,1143463,608688,53.23
20,429,AXISBANK,EQ,8780098,5974199,68.04
20,430,AXISBNKETF,EQ,837,613,73.24
20,431,AXISBPSETF,EQ,22823585,22796446,99.88
20,432,AXISCETF,EQ,12856,12562,97.71
20,433,AXISGOLD,EQ,72554,54338,74.89
20,434,AXISHCETF,EQ,6807,6018,88.41
20,435,AXISILVER,EQ,20790,15157,72.91
20,436,AXISNIFTY,EQ,6543,5559,84.96
20,437,AXISTECETF,EQ,1079,354,32.81
20,438,AXITA,EQ,3879763,944962,24.36
20,439,AXSENSEX,EQ,2168,1139,52.54
20,440,AYMSYNTEX,EQ,39917,23197,58.11
20,441,AZAD,EQ,109001,50024,45.89
20,442,BABAFP,SM,8000,6400,80.00
20,443,BAHETI,ST,1875,1875,100.00
20,444,BAIDFIN,EQ,3835874,1162100,30.30
20,445,BAJAJ-AUTO,EQ,415288,245147,59.03
20,446,BAJAJCON,EQ,385766,200543,51.99
20,447,BAJAJELEC,EQ,17510,6260,35.75
20,448,BAJAJFINSV,EQ,1437122,610174,42.46
20,449,BAJAJHCARE,EQ,390240,94854,24.31
20,450,BAJAJHFL,EQ,16675682,5423366,32.52
20,451,BAJAJHIND,EQ,4782473,1267690,26.51
20,452,BAJAJHLDNG,EQ,220364,26517,12.03
20,453,BAJEL,EQ,133568,55405,41.48
20,454,BAJFINANCE,EQ,844466,431748,51.13
20,455,BALAJEE,EQ,71982,36222,50.32
20,456,BALAMINES,EQ,71321,38025,53.32
20,457,BALAXI,EQ,36948,17490,47.34
20,458,BALCO,ST,4800,4800,100.00
20,459,BALKRISHNA,EQ,49520,29715,60.01
20,460,BALKRISIND,EQ,313590,172269,54.93
20,461,BALMLAWRIE,EQ,119335,47606,39.89
20,462,BALRAMCHIN,EQ,466825,225653,48.34
20,463,BALUFORGE,EQ,153223,78404,51.17
20,464,BANARISUG,EQ,498,376,75.50
20,465,BANCOINDIA,EQ,209355,87962,42.02
20,466,BANDHANBNK,EQ,9398131,4916935,52.32
20,467,BANKA,EQ,9572,6950,72.61
20,468,BANKBARODA,EQ,9535741,4508738,47.28
20,469,BANKBEES,EQ,1753085,916434,52.28
20,470,BANKBETF,EQ,1820309,1813467,99.62
20,471,BANKETF,EQ,4485,4073,90.81
20,472,BANKETFADD,EQ,3320,2931,88.28
20,473,BANKIETF,EQ,9068085,7630953,84.15
20,474,BANKINDIA,EQ,7748353,2318518,29.92
20,475,BANKNIFTY1,EQ,700702,551298,78.68
20,476,BANKPSU,EQ,4323,4290,99.24
20,477,BANSALWIRE,EQ,58293,38206,65.54
20,478,BANSWRAS,EQ,29125,13666,46.92
20,479,BARBEQUE,EQ,36797,21018,57.12
20,480,BASF,EQ,23676,11469,48.44
20,481,BASILIC,ST,17700,17400,98.31
20,482,BASML,EQ,67908,47973,70.64
20,483,BATAINDIA,EQ,142177,52091,36.64
20,484,BAWEJA,SM,2400,2400,100.00
20,485,BAYERCROP,EQ,12938,8594,66.42
20,486,BBETF0432,EQ,200,187,93.50
20,487,BBL,EQ,22318,11666,52.27
20,488,BBNPNBETF,EQ,231,140,60.61
20,489,BBNPPGOLD,EQ,1050,515,49.05
20,490,BBOX,EQ,292961,162217,55.37
20,491,BBTC,EQ,70101,23251,33.17
20,492,BBTCL,EQ,2932,1077,36.73
20,493,BCLIND,EQ,623739,334581,53.64
20,494,BCONCEPTS,EQ,5681,5249,92.40
20,495,BDL,EQ,391882,195367,49.85
20,496,BEACON,SM,18000,12000,66.67
20,497,BEARDSELL,EQ,38019,25782,67.81
20,498,BECTORFOOD,EQ,76489,45708,59.76
20,499,BEDMUTHA,EQ,12468,8726,69.99
20,500,BEL,EQ,10996122,5270253,47.93
20,501,BEML,EQ,191260,71359,37.31
20,502,BEPL,EQ,274955,128974,46.91
20,503,BERGEPAINT,EQ,1411033,458357,32.48
20,504,BESTAGRO,EQ,23833,12124,50.87
20,505,BETA,SM,3100,2100,67.74
20,506,BEWLTD,ST,20000,20000,100.00
20,507,BFINVEST,EQ,19504,8349,42.81
20,508,BFSI,EQ,107406,99388,92.53
20,509,BHAGCHEM,EQ,82819,40370,48.74
20,510,BHAGYANGR,EQ,17043,12805,75.13
20,511,BHANDARI,EQ,436450,256549,58.78
20,512,BHARATFORG,EQ,855048,485607,56.79
20,513,BHARATGEAR,EQ,12483,8000,64.09
20,514,BHARATRAS,EQ,2454,1004,40.91
20,515,BHARATWIRE,EQ,34673,19269,55.57
20,516,BHARTIARTL,EQ,3674564,2306824,62.78
20,517,BHARTIHEXA,EQ,101114,46646,46.13
20,518,BHEL,EQ,9124370,3466164,37.99
20,519,BHINVIT,IV,87810,83430,95.01
20,520,BIGBLOC,EQ,143851,62586,43.51
20,521,BIKAJI,EQ,322812,165435,51.25
20,522,BIKEWO,SM,12000,8000,66.67
20,523,BINANIIND,EQ,9557,6974,72.97
20,524,BIOCON,EQ,3256228,635644,19.52
20,525,BIOFILCHEM,EQ,21155,7491,35.41
20,526,BIRDYS,SM,2400,2400,100.00
20,527,BIRET,RR,383934,361188,94.08
20,528,BIRLACABLE,EQ,20963,8448,40.30
20,529,BIRLACORPN,EQ,22905,11547,50.41
20,530,BLACKBUCK,EQ,173126,65688,37.94
20,531,BLAL,EQ,38610,17441,45.17
20,532,BLBLIMITED,EQ,1007223,258615,25.68
20,533,BLISSGVS,EQ,517723,148213,28.63
20,534,BLKASHYAP,EQ,922590,452054,49.00
20,535,BLS,EQ,1537200,544834,35.44
20,536,BLSE,EQ,104439,53132,50.87
20,537,BLUEDART,EQ,8649,3146,36.37
20,538,BLUEJET,EQ,279052,116668,41.81
20,539,BLUEPEBBLE,SM,6400,5200,81.25
20,540,BLUESTARCO,EQ,609088,176486,28.98
20,541,BMETRICS,SM,4800,3200,66.67
20,542,BODALCHEM,EQ,106824,56153,52.57
20,543,BOMDYEING,EQ,1624530,788295,48.52
20,544,BOROLTD,EQ,68010,31467,46.27
20,545,BOROSCI,EQ,77878,39700,50.98
20,546,BOSCHLTD,EQ,16497,7379,44.73
20,547,BOSS,ST,22000,22000,100.00
20,548,BPCL,EQ,6037032,2388223,39.56
20,549,BPL,EQ,91388,40695,44.53
20,550,BRACEPORT,ST,6400,6400,100.00
20,551,BRIGADE,EQ,461734,364635,78.97
20,552,BRITANNIA,EQ,371105,236603,63.76
20,553,BRNL,EQ,43641,15260,34.97
20,554,BSE,EQ,1266903,361703,28.55
20,555,BSE500IETF,EQ,45154,30007,66.45
20,556,BSHSL,EQ,11074,7255,65.51
20,557,BSL,EQ,23851,9438,39.57
20,558,BSLGOLDETF,EQ,22991,15135,65.83
20,559,BSLNIFTY,EQ,197204,123711,62.73
20,560,BSLSENETFG,EQ,387,346,89.41
20,561,BSOFT,EQ,1469371,347851,23.67
20,562,BTML,EQ,2854073,1177325,41.25
20,563,BULKCORP,SM,1200,1200,100.00
20,564,BURNPUR,EQ,111283,70948,63.75
20,565,BUTTERFLY,EQ,2547,1512,59.36
20,566,BVCL,EQ,29812,11380,38.17
20,567,C2C,SM,118800,86400,72.73
20,568,CADSYS,ST,5500,5500,100.00
20,569,CALSOFT,EQ,238993,162859,68.14
20,570,CAMLINFINE,EQ,2820667,724672,25.69
20,571,CAMPUS,EQ,745064,274466,36.84
20,572,CAMS,EQ,382806,140745,36.77
20,573,CANARYS,SM,52000,36000,69.23
20,574,CANBK,EQ,17677192,6998376,39.59
20,575,CANFINHOME,EQ,648590,238067,36.71
20,576,CANTABIL,EQ,611955,292364,47.78
20,577,CAPACITE,EQ,380291,140528,36.95
20,578,CAPITALSFB,EQ,120431,77304,64.19
20,579,CAPLIPOINT,EQ,193723,87163,44.99
20,580,CARBORUNIV,EQ,24611,13890,56.44
20,581,CAREERP,EQ,2077,1277,61.48
20,582,CARERATING,EQ,34357,18442,53.68
20,583,CARRARO,EQ,178834,81768,45.72
20,584,CARTRADE,EQ,518283,172891,33.36
20,585,CARYSIL,EQ,51561,31562,61.21
20,586,CASTROLIND,EQ,7076250,1282055,18.12
20,587,CCHHL,EQ,74250,51872,69.86
20,588,CCL,EQ,140212,73062,52.11
20,589,CDSL,EQ,2695329,787655,29.22
20,590,CEATLTD,EQ,60572,14940,24.66
20,591,CEIGALL,EQ,64313,39871,62.00
20,592,CELEBRITY,EQ,103131,79927,77.50
20,593,CELLECOR,SM,1776000,1323000,74.49
20,594,CELLO,EQ,118851,67444,56.75
20,595,CELLPOINT,SM,7200,6000,83.33
20,596,CENTENKA,EQ,54555,27887,51.12
20,597,CENTEXT,EQ,102098,62906,61.61
20,598,CENTRALBK,EQ,2444682,856906,35.05
20,599,CENTRUM,EQ,161379,79965,49.55
20,600,CENTUM,EQ,23635,9791,41.43
20,601,CENTURYPLY,EQ,110507,28969,26.21
20,602,CERA,EQ,9246,4438,48.00
20,603,CESC,EQ,5181686,1304048,25.17
20,604,CEWATER,EQ,296795,82200,27.70
20,605,CGCL,EQ,537821,39796,7.40
20,606,CGPOWER,EQ,3279556,1682448,51.30
20,607,CGRAPHICS,SM,61600,42400,68.83
20,608,CHALET,EQ,135512,65832,48.58
20,609,CHAMBLFERT,EQ,1301289,553314,42.52
20,610,CHAVDA,SM,65000,47000,72.31
20,611,CHEMBOND,EQ,13509,5994,44.37
20,612,CHEMCON,EQ,22656,12595,55.59
20,613,CHEMFAB,EQ,6377,2429,38.09
20,614,CHEMPLASTS,EQ,34934,12944,37.05
20,615,CHENNPETRO,EQ,3150423,503693,15.99
20,616,CHETANA,SM,673600,448000,66.51
20,617,CHEVIOT,EQ,1714,953,55.60
20,618,CHOICEIN,EQ,246605,89706,36.38
20,619,CHOLAFIN,EQ,1212951,684352,56.42
20,620,CHOLAHLDNG,EQ,58878,24692,41.94
20,621,CIEINDIA,EQ,109635,64407,58.75
20,622,CIFC28,NB,45,45,100.00
20,623,CIFCZC28,NH,35,35,100.00
20,624,CIGNITITEC,EQ,150319,57872,38.50
20,625,CINEVISTA,EQ,4276,2733,63.91
20,626,CIPLA,EQ,1277871,718775,56.25
20,627,CLEAN,EQ,124337,66930,53.83
20,628,CLEDUCATE,EQ,61081,34745,56.88
20,629,CLOUD,SZ,86000,79000,91.86
20,630,CLSEL,EQ,102850,41122,39.98
20,631,CLSL,SM,28000,24000,85.71
20,632,CMMIPL,SZ,30000,30000,100.00
20,633,CMNL,ST,9000,9000,100.00
20,634,CMRSL,SM,800,800,100.00
20,635,CMSINFO,EQ,329303,182009,55.27
20,636,COALINDIA,EQ,7407778,4037430,54.50
20,637,COASTCORP,EQ,14852,8944,60.22
20,638,COCHINSHIP,EQ,291253,157986,54.24
20,639,COFORGE,EQ,243895,96436,39.54
20,640,COLPAL,EQ,493094,292005,59.22
20,641,COMMITTED,ST,8000,8000,100.00
20,642,COMMOIETF,EQ,66190,55564,83.95
20,643,COMPUSOFT,EQ,30514,18071,59.22
20,644,CONCOR,EQ,973370,471220,48.41
20,645,CONCORDBIO,EQ,314790,96627,30.70
20,646,CONFIPET,EQ,413323,182025,44.04
20,647,CONS,EQ,3076,2204,71.65
20,648,CONSOFINVT,EQ,5895,3429,58.17
20,649,CONSUMBEES,EQ,58340,37520,64.31
20,650,CONSUMER,EQ,173595,164423,94.72
20,651,CONSUMIETF,EQ,17975,6596,36.70
20,652,CONTI,ST,3333,3333,100.00
20,653,CONTROLPR,EQ,29319,23100,78.79
20,654,COOLCAPS,ST,11500,11500,100.00
20,655,CORALFINAC,EQ,44691,22473,50.29
20,656,CORDSCABLE,EQ,57003,33606,58.95
20,657,COROMANDEL,EQ,143269,65379,45.63
20,658,COSMOFIRST,EQ,251993,56237,22.32
20,659,COUNCODOS,EQ,85037,55749,65.56
20,660,CPS,ST,1200,1200,100.00
20,661,CPSEETF,EQ,1219063,685813,56.26
20,662,CRAFTSMAN,EQ,64904,24199,37.28
20,663,CRAYONS,SM,11000,9000,81.82
20,664,CREATIVE,EQ,5454,3821,70.06
20,665,CREDITACC,EQ,20711681,1319764,6.37
20,666,CREST,EQ,41620,18294,43.95
20,667,CRISIL,EQ,33015,13060,39.56
20,668,CROMPTON,EQ,1425353,648275,45.48
20,669,CROWN,EQ,23263,15880,68.26
20,670,CSBBANK,EQ,203864,94846,46.52
20,671,CSLFINANCE,EQ,39053,30316,77.63
20,672,CTE,EQ,21604,12456,57.66
20,673,CUB,EQ,2499078,421788,16.88
20,674,CUBEXTUB,EQ,15312,10930,71.38
20,675,CUMMINSIND,EQ,448082,262271,58.53
20,676,CUPID,EQ,256904,173645,67.59
20,677,CYBERMEDIA,EQ,8161,5577,68.34
20,678,CYIENT,EQ,337269,140158,41.56
20,679,CYIENTDLM,EQ,144646,53387,36.91
20,680,DABUR,EQ,1666424,861125,51.68
20,681,DALBHARAT,EQ,269201,89223,33.14
20,682,DALMIASUG,EQ,42376,19957,47.10
20,683,DAMCAPITAL,EQ,2754691,810001,29.40
20,684,DAMODARIND,EQ,4156,1818,43.74
20,685,DANGEE,EQ,165453,113059,68.33
20,686,DANISH,SM,106200,48000,45.20
20,687,DATAMATICS,EQ,177109,68522,38.69
20,688,DATAPATTNS,EQ,124360,53585,43.09
20,689,DAVANGERE,EQ,971005,493667,50.84
20,690,DBCORP,EQ,29077,18228,62.69
20,691,DBEIL,EQ,218723,80723,36.91
20,692,DBL,EQ,503420,333486,66.24
20,693,DBOL,EQ,49665,28606,57.60
20,694,DBREALTY,EQ,1681214,714128,42.48
20,695,DBSTOCKBRO,EQ,20412,9999,48.99
20,696,DCAL,EQ,1419415,379362,26.73
20,697,DCBBANK,EQ,477968,211188,44.18
20,698,DCG,SM,30000,19200,64.00
20,699,DCI,EQ,17751,9027,50.85
20,700,DCM,EQ,36197,19091,52.74
20,701,DCMNVL,EQ,16937,12181,71.92
20,702,DCMSHRIRAM,EQ,25935,12271,47.31
20,703,DCMSRIND,EQ,77831,44310,56.93
20,704,DCW,EQ,761019,348526,45.80
20,705,DCXINDIA,EQ,1899848,655285,34.49
20,706,DECCANCE,EQ,25558,14269,55.83
20,707,DECCANTRAN,ST,2400,2400,100.00
20,708,DEEDEV,EQ,159700,74410,46.59
20,709,DEEM,SM,1000,1000,100.00
20,710,DEEPAKFERT,EQ,339407,115302,33.97
20,711,DEEPAKNTR,EQ,116130,43352,37.33
20,712,DEEPINDS,EQ,561047,146642,26.14
20,713,DELAPLEX,SM,9600,7200,75.00
20,714,DELHIVERY,EQ,1335457,773528,57.92
20,715,DELTACORP,EQ,11541740,1927499,16.70
20,716,DELTAMAGNT,EQ,7693,5148,66.92
20,717,DEN,EQ,1758927,622050,35.37
20,718,DENEERS,ST,5400,5400,100.00
20,719,DENORA,EQ,4945,2510,50.76
20,720,DENTALKART,SM,20250,14250,70.37
20,721,DEVIT,EQ,522989,160007,30.59
20,722,DEVYANI,EQ,3438926,726301,21.12
20,723,DHAMPURSUG,EQ,155811,69203,44.41
20,724,DHANI,EQ,5678857,3002480,52.87
20,725,DHANLAXMI,ST,62000,52000,83.87
20,726,DHANUKA,EQ,37583,18378,48.90
20,727,DHARIWAL,SM,1200,1200,100.00
20,728,DHARMAJ,EQ,33696,17655,52.39
20,729,DHRUV,EQ,6288,3930,62.50
20,730,DHTL,ST,800,800,100.00
20,731,DHUNINV,EQ,1440,756,52.50
20,732,DIAMINESQ,EQ,4603,2937,63.81
20,733,DIAMONDYD,EQ,198174,106038,53.51
20,734,DICIND,EQ,2845,1893,66.54
20,735,DIFFNKG,EQ,60117,29537,49.13
20,736,DIGIDRIVE,EQ,45436,26908,59.22
20,737,DIGIKORE,ST,4400,4400,100.00
20,738,DIGISPICE,EQ,39462,23923,60.62
20,739,DISHTV,EQ,10575662,3107179,29.38
20,740,DIVGIITTS,EQ,12626,6876,54.46
20,741,DIVISLAB,EQ,213589,111317,52.12
20,742,DIVOPPBEES,EQ,58859,38637,65.64
20,743,DIVYADHAN,SM,112000,110000,98.21
20,744,DIXON,EQ,856389,271295,31.68
20,745,DLF,EQ,2432853,1122905,46.16
20,746,DLINKINDIA,EQ,93559,38097,40.72
20,747,DMART,EQ,849681,431896,50.83
20,748,DNAMEDIA,EQ,74279,40281,54.23
20,749,DODLA,EQ,13113,6696,51.06
20,750,DOLATALGO,EQ,195050,80610,41.33
20,751,DOLLAR,EQ,51811,24511,47.31
20,752,DOMS,EQ,121441,61256,50.44
20,753,DONEAR,EQ,114195,54039,47.32
20,754,DPABHUSHAN,EQ,27043,9460,34.98
20,755,DPEL,ST,13500,13500,100.00
20,756,DPSCLTD,EQ,199776,141760,70.96
20,757,DPWIRES,EQ,37813,20514,54.25
20,758,DRCSYSTEMS,EQ,285922,193187,67.57
20,759,DREAMFOLKS,EQ,47388,24849,52.44
20,760,DREDGECORP,EQ,125468,22128,17.64
20,761,DRL,SM,60000,42000,70.00
20,762,DRONE,ST,6500,6500,100.00
20,763,DRREDDY,EQ,3456684,1285565,37.19
20,764,DRSDILIP,ST,3200,3200,100.00
20,765,DSSL,EQ,33948,18461,54.38
20,766,DTIL,EQ,4817,1937,40.21
20,767,DTL,SM,1200,1200,100.00
20,768,DUCOL,SM,7200,4800,66.67
20,769,DUCON,EQ,353507,178978,50.63
20,770,DUGLOBAL,SM,25000,17500,70.00
20,771,DURLAX,SM,10000,8000,80.00
20,772,DVL,EQ,24706,12576,50.90
20,773,DWARKESH,EQ,363882,184798,50.79
20,774,DYCL,EQ,105294,38098,36.18
20,775,DYNAMATECH,EQ,15241,7425,48.72
20,776,DYNAMIC,ST,17000,16000,94.12
20,777,DYNPRO,EQ,10429,4551,43.64
20,778,EASEMYTRIP,EQ,71869818,12728859,17.71
20,779,EBANKNIFTY,EQ,7446,5942,79.80
20,780,EBBETF0425,EQ,2415,2386,98.80
20,781,EBBETF0430,EQ,13627,8803,64.60
20,782,EBBETF0431,EQ,11897,9454,79.47
20,783,EBBETF0433,EQ,3506,3474,99.09
20,784,ECAPINSURE,EQ,23563,23236,98.61
20,785,ECLERX,EQ,59347,25063,42.23
20,786,ECOSMOBLTY,EQ,164010,65082,39.68
20,787,EDELWEISS,EQ,1795424,896424,49.93
20,788,EFFWA,ST,4800,4800,100.00
20,789,EFORCE,SM,200400,144000,71.86
20,790,EGOLD,EQ,105307,101641,96.52
20,791,EICHERMOT,EQ,343162,177597,51.75
20,792,EIDPARRY,EQ,115402,47801,41.42
20,793,EIEL,EQ,4554130,895477,19.66
20,794,EIFFL,EQ,31979,30105,94.14
20,795,EIHAHOTELS,EQ,41933,14870,35.46
20,796,EIHOTEL,EQ,538569,300734,55.84
20,797,EIMCOELECO,EQ,8322,5082,61.07
20,798,EKC,EQ,1254304,534440,42.61
20,799,ELDEHSG,EQ,554,291,52.53
20,800,ELECON,EQ,391241,173838,44.43
20,801,ELECTCAST,EQ,965084,463798,48.06
20,802,ELGIEQUIP,EQ,73913,42159,57.04
20,803,ELIN,EQ,109743,53184,48.46
20,804,EMAMILTD,EQ,297814,149349,50.15
20,805,EMAMIPAP,EQ,24826,13712,55.23
20,806,EMBASSY,RR,341443,295085,86.42
20,807,EMBDL,EQ,46488285,14139334,30.41
20,808,EMCURE,EQ,45914,27201,59.24
20,809,EMIL,EQ,220845,92783,42.01
20,810,EMKAYTOOLS,SM,3150,2850,90.48
20,811,EMMBI,EQ,133174,55355,41.57
20,812,EMMIL,ST,2500,2000,80.00
20,813,EMSLIMITED,EQ,652363,135186,20.72
20,814,EMUDHRA,EQ,86043,32982,38.33
20,815,EMULTIMQ,EQ,334985,326884,97.58
20,816,ENDURANCE,EQ,83600,33427,39.98
20,817,ENFUSE,ST,18000,15600,86.67
20,818,ENGINERSIN,EQ,1457711,369028,25.32
20,819,ENIL,EQ,7467,4797,64.24
20,820,ENSER,ST,37000,37000,100.00
20,821,ENTERO,EQ,43689,24738,56.62
20,822,ENVIRO,SM,108000,80000,74.07
20,823,EPACK,EQ,1406891,622254,44.23
20,824,EPIGRAL,EQ,50693,24421,48.17
20,825,EPL,EQ,668875,252672,37.78
20,826,EQUAL50ADD,EQ,2594,2343,90.32
20,827,EQUITASBNK,EQ,2909851,1563904,53.75
20,828,ERIS,EQ,58802,38997,66.32
20,829,ESABINDIA,EQ,5157,2589,50.20
20,830,ESAFSFB,EQ,467905,227300,48.58
20,831,ESCONET,ST,17600,17200,97.73
20,832,ESCORTS,EQ,109521,38514,35.17
20,833,ESFL,ST,165600,131760,79.57
20,834,ESG,EQ,30166,27205,90.18
20,835,ESILVER,EQ,40959,40693,99.35
20,836,ESPRIT,SM,228800,116800,51.05
20,837,ESTER,EQ,559433,129925,23.22
20,838,ETHOSLTD,EQ,24401,11905,48.79
20,839,ETML,SM,132000,74400,56.36
20,840,EUREKAFORB,EQ,68235,42848,62.79
20,841,EUROBOND,SM,16000,14000,87.50
20,842,EVEREADY,EQ,30130,14437,47.92
20,843,EVERESTIND,EQ,26580,18637,70.12
20,844,EVINDIA,EQ,369506,179377,48.55
20,845,EXCELINDUS,EQ,7197,3888,54.02
20,846,EXCELLENT,SM,1600,1600,100.00
20,847,EXICOM,EQ,75147,72724,96.78
20,848,EXIDEIND,EQ,1310142,365674,27.91
20,849,EXPLEOSOL,EQ,6992,4323,61.83
20,850,EXXARO,EQ,321738,158951,49.40
20,851,FACT,EQ,228584,42881,18.76
20,852,FAIRCHEMOR,EQ,28041,17050,60.80
20,853,FAZE3Q,EQ,5121,2762,53.93
20,854,FCL,EQ,358360,195004,54.42
20,855,FCSSOFT,EQ,2204812,1090578,49.46
20,856,FDC,EQ,44385,18741,42.22
20,857,FEDERALBNK,EQ,8162449,3610076,44.23
20,858,FEDFINA,EQ,284833,180257,63.29
20,859,FELIX,ST,27500,27000,98.18
20,860,FIBERWEB,EQ,137481,55193,40.15
20,861,FICRF3GP,MF,500,500,100.00
20,862,FIDEL,SM,7000,5000,71.43
20,863,FIEMIND,EQ,31448,14114,44.88
20,864,FILATEX,EQ,1404591,415552,29.59
20,865,FINCABLES,EQ,167569,78343,46.75
20,866,FINEORG,EQ,28140,21673,77.02
20,867,FINIETF,EQ,70549,34092,48.32
20,868,FINOPB,EQ,32291,15889,49.21
20,869,FINPIPE,EQ,875913,517059,59.03
20,870,FIRSTCRY,EQ,920420,620338,67.40
20,871,FIVESTAR,EQ,386286,156697,40.57
20,872,FLAIR,EQ,352581,248960,70.61
20,873,FLUOROCHEM,EQ,32765,11667,35.61
20,874,FMCGIETF,EQ,687973,300983,43.75
20,875,FMGOETZE,EQ,46388,29789,64.22
20,876,FOCE,ST,1000,1000,100.00
20,877,FOCUS,EQ,70134,46045,65.65
20,878,FONEBOX,SM,22000,14000,63.64
20,879,FOODSIN,EQ,57641,22426,38.91
20,880,FORCAS,ST,3200,3200,100.00
20,881,FORCEMOT,EQ,26594,10209,38.39
20,882,FORGEAUTO,SM,8400,4800,57.14
20,883,FORTIS,EQ,1199217,553733,46.17
20,884,FOSECOIND,EQ,652,431,66.10
20,885,FRESHARA,ST,24000,24000,100.00
20,886,FROG,SM,20800,13200,63.46
20,887,FSL,EQ,2507273,679800,27.11
20,888,FUSION,EQ,1573611,541591,34.42
20,889,GABRIEL,EQ,180069,69737,38.73
20,890,GAEL,EQ,1111088,645704,58.11
20,891,GAIL,EQ,14658568,5976886,40.77
20,892,GAJANAND,ST,12000,9000,75.00
20,893,GALAPREC,EQ,70852,20269,28.61
20,894,GALAXYSURF,EQ,22569,17533,77.69
20,895,GALLANTT,EQ,56777,37618,66.26
20,896,GANDHAR,EQ,155352,83614,53.82
20,897,GANDHITUBE,EQ,5736,3407,59.40
20,898,GANECOS,EQ,44582,19887,44.61
20,899,GANESHBE,EQ,204738,137942,67.37
20,900,GANESHHOUC,EQ,298121,174312,58.47
20,901,GANESHIN,SM,225600,142400,63.12
20,902,GANGAFORGE,EQ,630939,361089,57.23
20,903,GANGESSECU,EQ,17556,5741,32.70
20,904,GARFIBRES,EQ,100609,47688,47.40
20,905,GARUDA,EQ,9726564,1556814,16.01
20,906,GATEWAY,EQ,478272,209699,43.85
20,907,GEECEE,EQ,7130,3906,54.78
20,908,GEEKAYWIRE,EQ,35115,19344,55.09
20,909,GENCON,EQ,43505,26937,61.92
20,910,GENESYS,EQ,392106,148823,37.95
20,911,GENSOL,EQ,98111,52015,53.02
20,912,GENUSPAPER,EQ,323092,107499,33.27
20,913,GENUSPOWER,EQ,300362,130525,43.46
20,914,GEOJITFSL,EQ,360009,181436,50.40
20,915,GEPIL,EQ,107493,62231,57.89
20,916,GESHIP,EQ,458546,267213,58.27
20,917,GFLLIMITED,EQ,38800,22327,57.54
20,918,GGBL,SM,45000,27300,60.67
20,919,GHCL,EQ,151797,64466,42.47
20,920,GHCLTEXTIL,EQ,502598,289401,57.58
20,921,GICHSGFIN,EQ,101847,40131,39.40
20,922,GICL,ST,22500,22500,100.00
20,923,GICRE,EQ,1300871,272025,20.91
20,924,GILLETTE,EQ,11814,5468,46.28
20,925,GILT5YBEES,EQ,156127,88289,56.55
20,926,GINNIFILA,EQ,37912,22353,58.96
20,927,GIPCL,EQ,453282,191897,42.34
20,928,GIRIRAJ,SM,500,500,100.00
20,929,GKWLIMITED,EQ,145,79,54.48
20,930,GLAND,EQ,300187,166832,55.58
20,931,GLAXO,EQ,54801,30098,54.92
20,932,GLENMARK,EQ,399388,193992,48.57
20,933,GLOBAL,EQ,85775,47181,55.01
20,934,GLOBALPET,SM,7500,7500,100.00
20,935,GLOBE,EQ,3021013,1836880,60.80
20,936,GLOBUSSPR,EQ,50824,25250,49.68
20,937,GLOSTERLTD,EQ,936,573,61.22
20,938,GLS,EQ,46251,18682,40.39
20,939,GMBREW,EQ,85000,32459,38.19
20,940,GMDCLTD,EQ,400822,168804,42.11
20,941,GMMPFAUDLR,EQ,20620,11964,58.02
20,942,GMRAIRPORT,EQ,9678431,4623483,47.77
20,943,GMRP&UI,EQ,1487940,885950,59.54
20,944,GNA,EQ,18376,8768,47.71
20,945,GNFC,EQ,842665,518098,61.48
20,946,GOACARBON,EQ,14309,5190,36.27
20,947,GOCLCORP,EQ,30411,15892,52.26
20,948,GOCOLORS,EQ,185977,176360,94.83
20,949,GODAVARIB,EQ,69363,25529,36.80
20,950,GODFRYPHLP,EQ,27984,11090,39.63
20,951,GODIGIT,EQ,720460,312315,43.35
20,952,GODREJAGRO,EQ,55329,28435,51.39
20,953,GODREJCP,EQ,1049530,579793,55.24
20,954,GODREJIND,EQ,92628,35549,38.38
20,955,GODREJPROP,EQ,1138184,553380,48.62
20,956,GOKEX,EQ,252982,166260,65.72
20,957,GOKULAGRO,EQ,100837,46889,46.50
20,958,GOLD1,EQ,899467,753179,83.74
20,959,GOLDBEES,EQ,7078909,5064905,71.55
20,960,GOLDCASE,EQ,474710,400042,84.27
20,961,GOLDETF,EQ,212332,176041,82.91
20,962,GOLDETFADD,EQ,69878,65979,94.42
20,963,GOLDIAM,EQ,2032919,501288,24.66
20,964,GOLDIETF,EQ,777506,611571,78.66
20,965,GOLDSHARE,EQ,136890,117053,85.51
20,966,GOLDSTAR,SM,33750,33750,100.00
20,967,GOODLUCK,EQ,42517,22169,52.14
20,968,GOPAL,EQ,91694,41424,45.18
20,969,GOYALALUM,EQ,150488,82452,54.79
20,970,GOYALSALT,SM,4200,3600,85.71
20,971,GPECO,ST,11400,9600,84.21
20,972,GPIL,EQ,1129053,461420,40.87
20,973,GPPL,EQ,691946,323076,46.69
20,974,GPTHEALTH,EQ,69927,37532,53.67
20,975,GPTINFRA,EQ,179569,87573,48.77
20,976,GRANULES,EQ,808605,276269,34.17
20,977,GRAPHISAD,ST,3600,2400,66.67
20,978,GRAPHITE,EQ,514583,243844,47.39
20,979,GRASIM,EQ,543301,343749,63.27
20,980,GRAVITA,EQ,178857,76548,42.80
20,981,GRCL,ST,3000,2250,75.00
20,982,GREAVESCOT,EQ,5760271,1039949,18.05
20,983,GREENCHEF,SM,20000,14400,72.00
20,984,GREENLAM,EQ,7464,2650,35.50
20,985,GREENPANEL,EQ,45880,20809,45.36
20,986,GREENPLY,EQ,177280,82062,46.29
20,987,GREENPOWER,EQ,2499790,1346887,53.88
20,988,GRINDWELL,EQ,32769,17967,54.83
20,989,GRINFRA,EQ,8872,4243,47.82
20,990,GRMOVER,EQ,59093,26977,45.65
20,991,GROBTEA,EQ,673,393,58.40
20,992,GROWWDEFNC,EQ,75009,62713,83.61
20,993,GROWWEV,EQ,234216,150900,64.43
20,994,GROWWGOLD,EQ,157514,50186,31.86
20,995,GROWWLIQID,EQ,58408,28103,48.11
20,996,GRPLTD,EQ,1502,1274,84.82
20,997,GRSE,EQ,271099,86559,31.93
20,998,GRWRHITECH,EQ,86155,50732,58.88
20,999,GSEC10ABSL,EQ,204,200,98.04
20,1000,GSEC10YEAR,EQ,135390,67969,50.20
20,1001,GSEC5IETF,EQ,7588,6452,85.03
20,1002,GSFC,EQ,697734,280738,40.24
20,1003,GSLSU,EQ,40406,18046,44.66
20,1004,GSMFOILS,ST,14000,14000,100.00
20,1005,GSPL,EQ,449785,250839,55.77
20,1006,GSS,EQ,62467,34709,55.56
20,1007,GSTL,ST,12000,12000,100.00
20,1008,GTL,EQ,878582,536993,61.12
20,1009,GTLINFRA,EQ,47270582,22201148,46.97
20,1010,GTPL,EQ,21789,8626,39.59
20,1011,GUFICBIO,EQ,74958,33882,45.20
20,1012,GUJALKALI,EQ,15589,6793,43.58
20,1013,GUJAPOLLO,EQ,115250,54174,47.01
20,1014,GUJGASLTD,EQ,515984,221543,42.94
20,1015,GULFOILLUB,EQ,70832,30285,42.76
20,1016,GULFPETRO,EQ,124212,48514,39.06
20,1017,GULPOLY,EQ,60429,26493,43.84
20,1018,GVPTECH,EQ,76233,54857,71.96
20,1019,GVT&D,EQ,490753,297846,60.69
20,1020,HAL,EQ,958207,472079,49.27
20,1021,HAPPSTMNDS,EQ,201581,91007,45.15
20,1022,HAPPYFORGE,EQ,20683,11845,57.27
20,1023,HARDWYN,EQ,1213009,708583,58.42
20,1024,HARIOMPIPE,EQ,619074,153039,24.72
20,1025,HARRMALAYA,EQ,29090,16495,56.70
20,1026,HARSHA,EQ,24953,11585,46.43
20,1027,HATHWAY,EQ,2707714,804600,29.72
20,1028,HATSUN,EQ,11370,6298,55.39
20,1029,HAVELLS,EQ,704620,406189,57.65
20,1030,HAVISHA,EQ,127055,96785,76.18
20,1031,HBLENGINE,EQ,989719,435961,44.05
20,1032,HBSL,EQ,9744,5783,59.35
20,1033,HCC,EQ,15703739,4821810,30.70
20,1034,HCG,EQ,87186,33766,38.73
20,1035,HCL-INSYS,EQ,143835,92100,64.03
20,1036,HCLTECH,EQ,2372138,1484307,62.57
20,1037,HDFCAMC,EQ,497575,284396,57.16
20,1038,HDFCBANK,EQ,9869095,7359145,74.57
20,1039,HDFCBSE500,EQ,11690,5955,50.94
20,1040,HDFCGOLD,EQ,2831124,2361877,83.43
20,1041,HDFCGROWTH,EQ,5219,3292,63.08
20,1042,HDFCLIFE,EQ,1861556,1116010,59.95
20,1043,HDFCLIQUID,EQ,428109,410949,95.99
20,1044,HDFCLOWVOL,EQ,26976,17478,64.79
20,1045,HDFCMID150,EQ,176212,97627,55.40
20,1046,HDFCMOMENT,EQ,397510,303635,76.38
20,1047,HDFCNEXT50,EQ,95502,87713,91.84
20,1048,HDFCNIF100,EQ,39740,21450,53.98
20,1049,HDFCNIFBAN,EQ,24582,16477,67.03
20,1050,HDFCNIFIT,EQ,9406,7104,75.53
20,1051,HDFCNIFTY,EQ,62130,49757,80.09
20,1052,HDFCPSUBK,EQ,19435,17315,89.09
20,1053,HDFCPVTBAN,EQ,136894,95121,69.49
20,1054,HDFCQUAL,EQ,21083,19391,91.97
20,1055,HDFCSENSEX,EQ,24354,18737,76.94
20,1056,HDFCSILVER,EQ,296865,232840,78.43
20,1057,HDFCSML250,EQ,414415,290232,70.03
20,1058,HDFCVALUE,EQ,47947,32338,67.45
20,1059,HEADSUP,EQ,25516,10080,39.50
20,1060,HEALTHADD,EQ,264,261,98.86
20,1061,HEALTHIETF,EQ,54154,26159,48.30
20,1062,HEALTHY,EQ,272280,205648,75.53
20,1063,HEG,EQ,847105,369160,43.58
20,1064,HEIDELBERG,EQ,112255,49399,44.01
20,1065,HEMIPROP,EQ,303825,155603,51.21
20,1066,HERANBA,EQ,59041,28833,48.84
20,1067,HERITGFOOD,EQ,255146,145421,57.00
20,1068,HEROMOTOCO,EQ,438731,253053,57.68
20,1069,HESTERBIO,EQ,4461,3648,81.78
20,1070,HEUBACHIND,EQ,18108,10394,57.40
20,1071,HEXATRADEX,EQ,7429,4671,62.88
20,1072,HFCL,EQ,10106581,2763003,27.34
20,1073,HGINFRA,EQ,53498,21330,39.87
20,1074,HGS,EQ,12978,4953,38.16
20,1075,HIGREEN,ST,64000,63200,98.75
20,1076,HIKAL,EQ,165514,55088,33.28
20,1077,HIL,EQ,7470,5852,78.34
20,1078,HILTON,EQ,187184,78848,42.12
20,1079,HIMATSEIDE,EQ,1151417,552771,48.01
20,1080,HINDALCO,EQ,4077369,2360214,57.89
20,1081,HINDCOMPOS,EQ,11208,6341,56.58
20,1082,HINDCOPPER,EQ,2357857,702613,29.80
20,1083,HINDMOTORS,EQ,508467,240095,47.22
20,1084,HINDOILEXP,EQ,982207,408793,41.62
20,1085,HINDPETRO,EQ,3631344,1260589,34.71
20,1086,HINDUNILVR,EQ,953351,648845,68.06
20,1087,HINDWAREAP,EQ,33857,17801,52.58
20,1088,HINDZINC,EQ,1534792,772638,50.34
20,1089,HIRECT,EQ,19366,10145,52.39
20,1090,HISARMETAL,EQ,17652,12641,71.61
20,1091,HITECH,EQ,349637,187231,53.55
20,1092,HITECHCORP,EQ,18614,6698,35.98
20,1093,HLEGLAS,EQ,59208,32334,54.61
20,1094,HLVLTD,EQ,808976,287595,35.55
20,1095,HMAAGRO,EQ,203504,106430,52.30
20,1096,HMVL,EQ,50622,27064,53.46
20,1097,HNDFDS,EQ,34843,22125,63.50
20,1098,HNGSNGBEES,EQ,80539,52344,64.99
20,1099,HOACFOODS,ST,4500,4500,100.00
20,1100,HOLMARC,ST,13500,13500,100.00
20,1101,HOMEFIRST,EQ,374160,246063,65.76
20,1102,HOMESFY,SM,600,600,100.00
20,1103,HONASA,EQ,1292686,573327,44.35
20,1104,HONAUT,EQ,4402,1613,36.64
20,1105,HONDAPOWER,EQ,2419,1232,50.93
20,1106,HOVS,EQ,16879,8119,48.10
20,1107,HPAL,EQ,58411,27349,46.82
20,1108,HPIL,EQ,7056,4503,63.82
20,1109,HPL,EQ,170770,55194,32.32
20,1110,HSCL,EQ,854665,370304,43.33
20,1111,HTMEDIA,EQ,83465,53328,63.89
20,1112,HUDCO,EQ,6057138,1099211,18.15
20,1113,HUHTAMAKI,EQ,28513,14838,52.04
20,1114,HVAX,ST,2100,2100,100.00
20,1115,HYUNDAI,EQ,289586,179664,62.04
20,1116,IBLFL,ST,6000,6000,100.00
20,1117,ICEMAKE,EQ,12518,5646,45.10
20,1118,ICICIB22,EQ,692655,578838,83.57
20,1119,ICICIBANK,EQ,7566309,4748418,62.76
20,1120,ICICIGI,EQ,648480,413542,63.77
20,1121,ICICIPRULI,EQ,742877,459005,61.79
20,1122,ICIL,EQ,294094,143702,48.86
20,1123,ICRA,EQ,3486,2011,57.69
20,1124,IDBI,EQ,4977345,1779794,35.76
20,1125,IDEA,EQ,294651841,57094201,19.38
20,1126,IDEAFORGE,EQ,63644,28580,44.91
20,1127,IDEALTECHO,SM,9000,7000,77.78
20,1128,IDENTICAL,ST,266000,242000,90.98
20,1129,IDFCFIRSTB,EQ,20249738,7187824,35.50
20,1130,IDFNIFTYET,EQ,2187,2024,92.55
20,1131,IEML,SM,17000,11000,64.71
20,1132,IEX,EQ,4180288,1705918,40.81
20,1133,IFBAGRO,EQ,1074,691,64.34
20,1134,IFBIND,EQ,134752,56181,41.69
20,1135,IFCI,EQ,5457135,1465528,26.86
20,1136,IFGLEXPOR,EQ,7062,4610,65.28
20,1137,IGARASHI,EQ,26879,13976,52.00
20,1138,IGIL,EQ,3646381,1109934,30.44
20,1139,IGL,EQ,4591994,1572443,34.24
20,1140,IGPL,EQ,20920,10462,50.01
20,1141,IHFL261224,N1,50,50,100.00
20,1142,IIFL,EQ,3163396,1158320,36.62
20,1143,IIFLCAPS,EQ,184301,107002,58.06
20,1144,IIFLZC26,NN,90,9,10.00
20,1145,IIFLZC26A,NR,30,30,100.00
20,1146,IIFLZC28,NG,22,22,100.00
20,1147,IKIO,EQ,96202,55777,57.98
20,1148,IKS,EQ,215148,55116,25.62
20,1149,IMAGICAA,EQ,662687,297651,44.92
20,1150,IMC1,N0,124,124,100.00
20,1151,IMC1,N3,204,204,100.00
20,1152,IMFA,EQ,70184,30055,42.82
20,1153,IMPAL,EQ,1231,894,72.62
20,1154,INCREDIBLE,EQ,20002,11075,55.37
20,1155,INDBANK,EQ,43201,19898,46.06
20,1156,INDGN,EQ,944730,417904,44.24
20,1157,INDHOTEL,EQ,2322204,1092848,47.06
20,1158,INDIACEM,EQ,487743,359649,73.74
20,1159,INDIAGLYCO,EQ,301596,162585,53.91
20,1160,INDIAMART,EQ,254717,124973,49.06
20,1161,INDIANB,EQ,1104890,566201,51.25
20,1162,INDIANHUME,EQ,14522,6955,47.89
20,1163,INDIASHLTR,EQ,46976,21061,44.83
20,1164,INDIFRA,SM,8000,6000,75.00
20,1165,INDIGO,EQ,727751,475999,65.41
20,1166,INDIGOPNTS,EQ,34598,17832,51.54
20,1167,INDIGRID,IV,274110,254237,92.75
20,1168,INDNIPPON,EQ,7792,5378,69.02
20,1169,INDOAMIN,EQ,146856,63680,43.36
20,1170,INDOBORAX,EQ,33041,15257,46.18
20,1171,INDOCO,EQ,47333,30358,64.14
20,1172,INDOFARM,EQ,8917270,2045478,22.94
20,1173,INDORAMA,EQ,87915,51340,58.40
20,1174,INDOSTAR,EQ,189425,84007,44.35
20,1175,INDOWIND,EQ,474724,228143,48.06
20,1176,INDRAMEDCO,EQ,350294,159601,45.56
20,1177,INDTERRAIN,EQ,62721,41108,65.54
20,1178,INDUSINDBK,EQ,3781895,1744853,46.14
20,1179,INDUSTOWER,EQ,5541381,2902930,52.39
20,1180,INFIBEAM,EQ,5529912,2217531,40.10
20,1181,INFINIUM,ST,1000,1000,100.00
20,1182,INFOBEAN,EQ,15004,11933,79.53
20,1183,INFOLLION,ST,9600,9200,95.83
20,1184,INFOMEDIA,EQ,15021,10060,66.97
20,1185,INFRABEES,EQ,7542,3425,45.41
20,1186,INFRAIETF,EQ,53526,20662,38.60
20,1187,INFY,EQ,5482050,3467575,63.25
20,1188,INGERRAND,EQ,9043,4507,49.84
20,1189,INM,SM,1200,1200,100.00
20,1190,INNOMET,SM,3600,3600,100.00
20,1191,INNOVACAP,EQ,127687,52272,40.94
20,1192,INNOVANA,EQ,8829,4378,49.59
20,1193,INOXGREEN,EQ,645285,269030,41.69
20,1194,INOXINDIA,EQ,60729,29453,48.50
20,1195,INOXWIND,EQ,3595275,1412769,39.30
20,1196,INSECTICID,EQ,23420,11805,50.41
20,1197,INSPIRISYS,EQ,9409,6248,66.40
20,1198,INTELLECT,EQ,1672494,313090,18.72
20,1199,INTENTECH,EQ,25229,16826,66.69
20,1200,INTERARCH,EQ,137792,54105,39.27
20,1201,INTLCONV,EQ,168491,72791,43.20
20,1202,INVENTURE,EQ,1285536,520230,40.47
20,1203,IOB,EQ,2647466,747263,28.23
20,1204,IOC,EQ,14259056,8022596,56.26
20,1205,IOLCP,EQ,411195,135078,32.85
20,1206,IONEXCHANG,EQ,122184,55022,45.03
20,1207,IPCALAB,EQ,578696,293268,50.68
20,1208,IPHL,ST,10800,10800,100.00
20,1209,IPL,EQ,104701,46531,44.44
20,1210,IPSL,ST,1000,1000,100.00
20,1211,IRB,EQ,12036075,4014137,33.35
20,1212,IRBINVIT,IV,84664,77053,91.01
20,1213,IRCON,EQ,2789432,783104,28.07
20,1214,IRCTC,EQ,783013,319786,40.84
20,1215,IREDA,EQ,26174024,4053331,15.49
20,1216,IRFC,EQ,16306841,4255994,26.10
20,1217,IRISDOREME,EQ,71854,13128,18.27
20,1218,IRMENERGY,EQ,25411,11861,46.68
20,1219,ISEC,EQ,125345,47864,38.19
20,1220,ISFT,EQ,24449,9838,40.24
20,1221,ISGEC,EQ,77163,36434,47.22
20,1222,ISHAN,ST,240000,240000,100.00
20,1223,IT,EQ,34283,16319,47.60
20,1224,ITALIANE,ST,6000,6000,100.00
20,1225,ITBEES,EQ,2845551,1416123,49.77
20,1226,ITC,EQ,13482926,7423150,55.06
20,1227,ITDC,EQ,242837,37796,15.56
20,1228,ITDCEM,EQ,461414,306824,66.50
20,1229,ITETF,EQ,37087,22954,61.89
20,1230,ITETFADD,EQ,3856,3795,98.42
20,1231,ITI,EQ,61472738,3584438,5.83
20,1232,ITIETF,EQ,2857567,2353498,82.36
20,1233,IVC,EQ,156253,114186,73.08
20,1234,IVP,EQ,6027,2700,44.80
20,1235,IVZINGOLD,EQ,83,64,77.11
20,1236,IVZINNIFTY,EQ,24,13,54.17
20,1237,IWEL,EQ,9636,7213,74.85
20,1238,IXIGO,EQ,1308628,614907,46.99
20,1239,JAGRAN,EQ,128893,84874,65.85
20,1240,JAGSNPHARM,EQ,95444,37925,39.74
20,1241,JAIBALAJI,EQ,29351,14131,48.14
20,1242,JAICORPLTD,EQ,2630935,537435,20.43
20,1243,JAINAM,ST,3000,3000,100.00
20,1244,JAIPURKURT,EQ,40763,20099,49.31
20,1245,JALAN,ST,156000,141000,90.38
20,1246,JAMNAAUTO,EQ,632220,282604,44.70
20,1247,JASH,EQ,98371,49097,49.91
20,1248,JAYAGROGN,EQ,5595,3813,68.15
20,1249,JAYBARMARU,EQ,46146,21041,45.60
20,1250,JAYBEE,ST,38000,33000,86.84
20,1251,JAYNECOIND,EQ,106742,45567,42.69
20,1252,JAYSREETEA,EQ,81324,37368,45.95
20,1253,JBCHEPHARM,EQ,153251,80823,52.74
20,1254,JBMA,EQ,36109,14130,39.13
20,1255,JCHAC,EQ,18582,9126,49.11
20,1256,JEYYAM,SM,78000,52000,66.67
20,1257,JGCHEM,EQ,45367,17970,39.61
20,1258,JHS,EQ,57310,36362,63.45
20,1259,JINDALPHOT,EQ,8309,3917,47.14
20,1260,JINDALPOLY,EQ,36936,13525,36.62
20,1261,JINDALSAW,EQ,940824,507590,53.95
20,1262,JINDALSTEL,EQ,1719232,967217,56.26
20,1263,JINDRILL,EQ,84739,44469,52.48
20,1264,JINDWORLD,EQ,1934579,405250,20.95
20,1265,JIOFIN,EQ,10545440,5466028,51.83
20,1266,JISLDVREQS,EQ,113745,41449,36.44
20,1267,JISLJALEQS,EQ,10756485,3764943,35.00
20,1268,JITFINFRA,EQ,30838,12068,39.13
20,1269,JIWANRAM,SM,360000,318000,88.33
20,1270,J&KBANK,EQ,1325011,552433,41.69
20,1271,JKCEMENT,EQ,59458,22372,37.63
20,1272,JKIL,EQ,207229,90125,43.49
20,1273,JKLAKSHMI,EQ,36500,19009,52.08
20,1274,JKPAPER,EQ,144168,57417,39.83
20,1275,JKTYRE,EQ,257076,84089,32.71
20,1276,JLHL,EQ,62461,32124,51.43
20,1277,JMA,EQ,2933,1903,64.88
20,1278,JMFINANCIL,EQ,3536612,1490166,42.14
20,1279,JNKINDIA,EQ,26945,14073,52.23
20,1280,JOCIL,EQ,5665,2804,49.50
20,1281,JPOLYINVST,EQ,12766,5284,41.39
20,1282,JPPOWER,EQ,23075206,6254684,27.11
20,1283,JSFB,EQ,471465,209427,44.42
20,1284,JSL,EQ,686188,351119,51.17
20,1285,JSLL,SM,13500,7110,52.67
20,1286,JSWENERGY,EQ,4473653,1864534,41.68
20,1287,JSWINFRA,EQ,1191878,597556,50.14
20,1288,JSWSTEEL,EQ,744601,330351,44.37
20,1289,JTEKTINDIA,EQ,152922,92283,60.35
20,1290,JTLIND,EQ,2420438,1139331,47.07
20,1291,JUBLFOOD,EQ,1563717,604674,38.67
20,1292,JUBLINGREA,EQ,517090,242639,46.92
20,1293,JUBLPHARMA,EQ,282249,156514,55.45
20,1294,JUNIORBEES,EQ,339961,255746,75.23
20,1295,JUNIPER,EQ,451032,355197,78.75
20,1296,JUSTDIAL,EQ,298478,93779,31.42
20,1297,JWL,EQ,836094,241443,28.88
20,1298,JYOTHYLAB,EQ,992349,246470,24.84
20,1299,JYOTICNC,EQ,340604,154914,45.48
20,1300,JYOTISTRUC,EQ,16913984,8532312,50.45
20,1301,K2INFRA,ST,45000,40200,89.33
20,1302,KABRAEXTRU,EQ,67717,35048,51.76
20,1303,KAJARIACER,EQ,302263,211682,70.03
20,1304,KAKATCEM,EQ,6589,3949,59.93
20,1305,KALAMANDIR,EQ,87216,48270,55.35
20,1306,KALANA,SM,82000,74000,90.24
20,1307,KALYANIFRG,EQ,10971,7188,65.52
20,1308,KALYANKJIL,EQ,20415166,4335383,21.24
20,1309,KAMATHOTEL,EQ,23906,13906,58.17
20,1310,KAMDHENU,EQ,1990976,963447,48.39
20,1311,KANANIIND,EQ,149299,95582,64.02
20,1312,KANDARP,ST,236000,232000,98.31
20,1313,KANORICHEM,EQ,12875,5549,43.10
20,1314,KANPRPLA,EQ,5829,2946,50.54
20,1315,KANSAINER,EQ,155900,77923,49.98
20,1316,KAPSTON,EQ,7437,4445,59.77
20,1317,KARMAENG,EQ,111975,42565,38.01
20,1318,KARNIKA,ST,2000,2000,100.00
20,1319,KARURVYSYA,EQ,1034015,481473,46.56
20,1320,KATARIA,SM,10800,7800,72.22
20,1321,KAUSHALYA,EQ,818,504,61.61
20,1322,KAYNES,EQ,552760,196062,35.47
20,1323,KBCGLOBAL,EQ,9427127,4056303,43.03
20,1324,KCEIL,ST,33000,32000,96.97
20,1325,KCP,EQ,207329,95224,45.93
20,1326,KCPSUGIND,EQ,62407,33421,53.55
20,1327,KDDL,EQ,5249,2399,45.70
20,1328,KDL,ST,10650,10200,95.77
20,1329,KEC,EQ,2779177,848967,30.55
20,1330,KECL,EQ,102269,51061,49.93
20,1331,KEI,EQ,92274,36831,39.91
20,1332,KEL,ST,7200,7200,100.00
20,1333,KELLTONTEC,EQ,4774159,1362164,28.53
20,1334,KESORAMIND,EQ,447597,282776,63.18
20,1335,KFINTECH,EQ,805066,422661,52.50
20,1336,KHADIM,EQ,24838,18105,72.89
20,1337,KHAICHEM,EQ,110101,50903,46.23
20,1338,KHAITANLTD,EQ,2483,1657,66.73
20,1339,KHANDSE,EQ,22259,5552,24.94
20,1340,KHFM,SM,18600,13950,75.00
20,1341,KICL,EQ,2028,1125,55.47
20,1342,KILITCH,EQ,65630,57914,88.24
20,1343,KIMS,EQ,1262185,669780,53.07
20,1344,KINGFA,EQ,47563,13400,28.17
20,1345,KIOCL,EQ,409935,70231,17.13
20,1346,KIRIINDUS,EQ,352690,163060,46.23
20,1347,KIRLOSBROS,EQ,982655,112741,11.47
20,1348,KIRLOSENG,EQ,175271,101310,57.80
20,1349,KIRLOSIND,EQ,1342,703,52.38
20,1350,KIRLPNU,EQ,43328,24228,55.92
20,1351,KKCL,EQ,56094,31077,55.40
20,1352,KKVAPOW,SM,468,468,100.00
20,1353,KLL,SM,25600,17600,68.75
20,1354,KMEW,EQ,5021,2735,54.47
20,1355,KMSUGAR,EQ,64755,23883,36.88
20,1356,KNAGRI,ST,13600,13200,97.06
20,1357,KNRCON,EQ,1304472,413347,31.69
20,1358,KODYTECH,SM,6100,4500,73.77
20,1359,KOHINOOR,EQ,110992,34526,31.11
20,1360,KOKUYOCMLN,EQ,52171,30491,58.44
20,1361,KOLTEPATIL,EQ,87931,41701,47.42
20,1362,KONSTELEC,ST,16000,15000,93.75
20,1363,KONTOR,ST,3600,3600,100.00
20,1364,KORE,ST,4000,4000,100.00
20,1365,KOTAKBANK,EQ,4364679,2698791,61.83
20,1366,KOTARISUG,EQ,29996,17318,57.73
20,1367,KOTHARIPET,EQ,65567,29429,44.88
20,1368,KOTYARK,SM,20400,14500,71.08
20,1369,KPEL,EQ,77484,40272,51.97
20,1370,KPIGREEN,EQ,607240,333503,54.92
20,1371,KPIL,EQ,208005,154119,74.09
20,1372,KPITTECH,EQ,924955,442905,47.88
20,1373,KPRMILL,EQ,140808,52478,37.27
20,1374,KRBL,EQ,255582,107469,42.05
20,1375,KRISHANA,EQ,21807,15694,71.97
20,1376,KRISHCA,SM,6000,4000,66.67
20,1377,KRISHIVAL,SM,500,500,100.00
20,1378,KRISHNADEF,ST,36000,31750,88.19
20,1379,KRITINUT,EQ,26152,14576,55.74
20,1380,KRN,EQ,390917,123414,31.57
20,1381,KRONOX,EQ,119612,45953,38.42
20,1382,KROSS,EQ,233003,85440,36.67
20,1383,KRSNAA,EQ,111325,47117,42.32
20,1384,KRYSTAL,EQ,61476,30692,49.93
20,1385,KSB,EQ,117843,72370,61.41
20,1386,KSCL,EQ,62944,22473,35.70
20,1387,KSHITIJPOL,EQ,197098,164635,83.53
20,1388,KSL,EQ,49097,25357,51.65
20,1389,KSOLVES,EQ,10439,5609,53.73
20,1390,KTKBANK,EQ,847659,489600,57.76
20,1391,KTL,ST,21000,18000,85.71
20,1392,KUANTUM,EQ,53332,26569,49.82
20,1393,LAGNAM,EQ,41242,10893,26.41
20,1394,LAKSHYA,SM,38400,24800,64.58
20,1395,LAL,EQ,492967,300708,61.00
20,1396,LALPATHLAB,EQ,152985,61792,40.39
20,1397,LAMOSAIC,ST,4200,4200,100.00
20,1398,LANCORHOL,EQ,108225,66947,61.86
20,1399,LANDMARK,EQ,59017,26280,44.53
20,1400,LAOPALA,EQ,35880,17018,47.43
20,1401,LASA,EQ,56480,24843,43.99
20,1402,LATENTVIEW,EQ,231558,127222,54.94
20,1403,LAURUSLABS,EQ,1248839,525534,42.08
20,1404,LAWSIKHO,SM,31000,21000,67.74
20,1405,LAXMICOT,EQ,16850,8360,49.61
20,1406,LEMERITE,ST,44000,42400,96.36
20,1407,LEMONTREE,EQ,2498415,977679,39.13
20,1408,LEXUS,EQ,22371,16391,73.27
20,1409,LFIC,EQ,8046,4146,51.53
20,1410,LGBBROSLTD,EQ,29049,15982,55.02
20,1411,LIBAS,EQ,37801,29866,79.01
20,1412,LIBERTSHOE,EQ,10822,5723,52.88
20,1413,LICHSGFIN,EQ,1739749,932059,53.57
20,1414,LICI,EQ,762531,275677,36.15
20,1415,LICMFGOLD,EQ,486,385,79.22
20,1416,LICNETFGSC,EQ,5516,4371,79.24
20,1417,LICNETFN50,EQ,966,750,77.64
20,1418,LICNETFSEN,EQ,31,22,70.97
20,1419,LICNFNHGP,EQ,1065,956,89.77
20,1420,LICNMID100,EQ,10864,7827,72.05
20,1421,LIKHITHA,EQ,65597,33987,51.81
20,1422,LINC,EQ,59375,30443,51.27
20,1423,LINCOLN,EQ,57333,36677,63.97
20,1424,LINDEINDIA,EQ,53511,15470,28.91
20,1425,LIQUID,EQ,96217,56857,59.09
20,1426,LIQUID1,EQ,114056,66444,58.26
20,1427,LIQUIDADD,EQ,351401,203633,57.95
20,1428,LIQUIDBEES,EQ,6634462,4349035,65.55
20,1429,LIQUIDBETF,EQ,9628,6873,71.39
20,1430,LIQUIDCASE,EQ,5222371,3773250,72.25
20,1431,LIQUIDETF,EQ,136389,107730,78.99
20,1432,LIQUIDIETF,EQ,1026913,524235,51.05
20,1433,LIQUIDPLUS,EQ,1190,991,83.28
20,1434,LIQUIDSBI,EQ,1232,1232,100.00
20,1435,LIQUIDSHRI,EQ,32261,26447,81.98
20,1436,LLOYDS,SM,10000,8000,80.00
20,1437,LLOYDSENGG,EQ,16587027,5144606,31.02
20,1438,LLOYDSENT,EQ,2373126,1180342,49.74
20,1439,LLOYDSME,EQ,517496,205814,39.77
20,1440,LMW,EQ,8449,6404,75.80
20,1441,LODHA,EQ,987831,566605,57.36
20,1442,LOKESHMACH,EQ,45442,29495,64.91
20,1443,LOTUSEYE,EQ,15883,9567,60.23
20,1444,LOVABLE,EQ,15300,9476,61.93
20,1445,LOWVOL,EQ,466878,463534,99.28
20,1446,LOWVOL1,EQ,51386,49711,96.74
20,1447,LOWVOLIETF,EQ,1305718,1082249,82.89
20,1448,LT,EQ,1813201,1096791,60.49
20,1449,LTF,EQ,15163307,4653284,30.69
20,1450,LTFOODS,EQ,318575,130217,40.87
20,1451,LTGILTBEES,EQ,1848923,1358811,73.49
20,1452,LTIM,EQ,254792,80029,31.41
20,1453,LTTS,EQ,70442,25138,35.69
20,1454,LUMAXIND,EQ,2350,1295,55.11
20,1455,LUMAXTECH,EQ,89709,30994,34.55
20,1456,LUPIN,EQ,1346484,736117,54.67
20,1457,LUXIND,EQ,66125,23384,35.36
20,1458,LXCHEM,EQ,883422,489756,55.44
20,1459,LYKALABS,EQ,78413,33024,42.12
20,1460,LYPSAGEMS,EQ,26570,16626,62.57
20,1461,MACOBSTECH,SM,28800,25600,88.89
20,1462,MACPOWER,EQ,9276,5001,53.91
20,1463,MADHAV,EQ,4613,2457,53.26
20,1464,MADHAVBAUG,SM,2800,2400,85.71
20,1465,MADHUCON,EQ,41105,35808,87.11
20,1466,MADHUSUDAN,SM,9000,6000,66.67
20,1467,MADRASFERT,EQ,236487,52406,22.16
20,1468,MAFANG,EQ,859874,612990,71.29
20,1469,MAGADSUGAR,EQ,9388,4128,43.97
20,1470,MAGNUM,EQ,24241,14181,58.50
20,1471,MAHABANK,EQ,19597021,8662301,44.20
20,1472,MAHAPEXLTD,EQ,9092,3604,39.64
20,1473,MAHEPC,EQ,29387,17736,60.35
20,1474,MAHESHWARI,EQ,119705,54378,45.43
20,1475,MAHICKRA,SM,62250,57000,91.57
20,1476,MAHKTECH,EQ,940369,662986,70.50
20,1477,MAHLIFE,EQ,88613,41083,46.36
20,1478,MAHLOG,EQ,60417,31513,52.16
20,1479,MAHSCOOTER,EQ,3792,2386,62.92
20,1480,MAHSEAMLES,EQ,150383,52364,34.82
20,1481,MAITHANALL,EQ,28912,17279,59.76
20,1482,MAITREYA,ST,7600,6400,84.21
20,1483,MAKEINDIA,EQ,48422,29424,60.77
20,1484,MAKS,SM,3000,1500,50.00
20,1485,MAL,SM,25600,19200,75.00
20,1486,MALLCOM,EQ,1914,1362,71.16
20,1487,MALUPAPER,EQ,16134,9665,59.90
20,1488,MANAKALUCO,EQ,17419,10597,60.84
20,1489,MANAKSIA,EQ,53336,33964,63.68
20,1490,MANAKSTEEL,EQ,18988,10397,54.76
20,1491,MANALIPETC,EQ,201071,103726,51.59
20,1492,MANAPPURAM,EQ,5527640,1841086,33.31
20,1493,MANBA,EQ,338347,145343,42.96
20,1494,MANCREDIT,EQ,56489,24930,44.13
20,1495,MANDEEP,SM,2000,2000,100.00
20,1496,MANGALAM,EQ,15567,10473,67.28
20,1497,MANGCHEFER,EQ,365682,133581,36.53
20,1498,MANGLMCEM,EQ,26382,13498,51.16
20,1499,MANINDS,EQ,765541,354325,46.28
20,1500,MANINFRA,EQ,790390,341665,43.23
20,1501,MANKIND,EQ,302663,158839,52.48
20,1502,MANOMAY,EQ,23898,13650,57.12
20,1503,MANORAMA,EQ,25416,16427,64.63
20,1504,MANORG,EQ,3369,2851,84.62
20,1505,MANUGRAPH,EQ,13549,7413,54.71
20,1506,MANYAVAR,EQ,45855,23267,50.74
20,1507,MAPMYINDIA,EQ,48166,27299,56.68
20,1508,MARALOVER,EQ,16463,9206,55.92
20,1509,MARATHON,EQ,258862,84514,32.65
20,1510,MARCO,SM,40500,30000,74.07
20,1511,MARICO,EQ,1621163,828073,51.08
20,1512,MARINETRAN,ST,8000,8000,100.00
20,1513,MARKSANS,EQ,681131,217283,31.90
20,1514,MARUTI,EQ,303100,109820,36.23
20,1515,MASFIN,EQ,95615,53055,55.49
20,1516,MASON,ST,6000,5000,83.33
20,1517,MASPTOP50,EQ,98580,97513,98.92
20,1518,MASTEK,EQ,48908,20634,42.19
20,1519,MASTERTR,EQ,26533,11381,42.89
20,1520,MATRIMONY,EQ,8739,4517,51.69
20,1521,MAWANASUG,EQ,68852,41815,60.73
20,1522,MAXESTATES,EQ,353595,214824,60.75
20,1523,MAXHEALTH,EQ,2659177,1182683,44.48
20,1524,MAXIND,EQ,72277,42606,58.95
20,1525,MAXPOSURE,SM,19000,18000,94.74
20,1526,MAYURUNIQ,EQ,37954,18706,49.29
20,1527,MAZDA,EQ,260864,43276,16.59
20,1528,MAZDOCK,EQ,1430865,235247,16.44
20,1529,MBAPL,EQ,48616,32739,67.34
20,1530,MBLINFRA,EQ,61109,30744,50.31
20,1531,MCON,ST,3000,3000,100.00
20,1532,MCX,EQ,312982,133577,42.68
20,1533,MDL,SM,2000,2000,100.00
20,1534,MEDANTA,EQ,335099,198831,59.34
20,1535,MEDIASSIST,EQ,256669,127860,49.82
20,1536,MEDICAMEQ,EQ,10372,4456,42.96
20,1537,MEDICO,EQ,2835510,1052142,37.11
20,1538,MEDIORG,ST,38000,38000,100.00
20,1539,MEDPLUS,EQ,104557,59228,56.65
20,1540,MEGASOFT,EQ,1218391,556982,45.71
20,1541,MEGASTAR,EQ,49122,26117,53.17
20,1542,MEGATHERM,SM,53600,30800,57.46
20,1543,MENONBE,EQ,39566,18425,46.57
20,1544,METAL,EQ,143172,119312,83.33
20,1545,METALIETF,EQ,2626430,1209667,46.06
20,1546,METROBRAND,EQ,37445,20682,55.23
20,1547,METROPOLIS,EQ,139288,23540,16.90
20,1548,MFSL,EQ,194452,82211,42.28
20,1549,MGEL,EQ,1174497,444041,37.81
20,1550,MGL,EQ,773443,365070,47.20
20,1551,MHHL,SM,322500,213000,66.05
20,1552,MHRIL,EQ,68351,25223,36.90
20,1553,MICEL,EQ,219904,132030,60.04
20,1554,MID150BEES,EQ,402829,270448,67.14
20,1555,MID150CASE,EQ,323738,235182,72.65
20,1556,MIDCAP,EQ,40822,19511,47.80
20,1557,MIDCAPETF,EQ,1528029,1283985,84.03
20,1558,MIDCAPIETF,EQ,782689,331836,42.40
20,1559,MIDHANI,EQ,172682,63218,36.61
20,1560,MIDQ50ADD,EQ,2423,1595,65.83
20,1561,MIDSELIETF,EQ,496304,327755,66.04
20,1562,MIDSMALL,EQ,233874,156436,66.89
20,1563,MIEL,ST,8000,8000,100.00
20,1564,MILTON,SM,8800,8800,100.00
20,1565,MINDACORP,EQ,962996,229271,23.81
20,1566,MINDSPACE,RR,162714,151095,92.86
20,1567,MINDTECK,EQ,33148,15873,47.89
20,1568,MIRCELECTR,EQ,570592,345554,60.56
20,1569,MIRZAINT,EQ,61886,34550,55.83
20,1570,MITCON,EQ,2320,1316,56.72
20,1571,MITCONPP,E1,5398,2385,44.18
20,1572,MITTAL,EQ,7624903,2539066,33.30
20,1573,M&M,EQ,2715102,1712332,63.07
20,1574,M&MFIN,EQ,2581985,1198671,46.42
20,1575,MMFL,EQ,77829,39058,50.18
20,1576,MMP,EQ,11797,9244,78.36
20,1577,MMTC,EQ,50812526,2763652,5.44
20,1578,MNC,EQ,16555,15740,95.08
20,1579,MOBIKWIK,EQ,25565223,1368540,5.35
20,1580,MODEFENCE,EQ,364778,196639,53.91
20,1581,MODIRUBBER,EQ,1853,572,30.87
20,1582,MODISONLTD,EQ,18293,12579,68.76
20,1583,MOGSEC,EQ,19363,13071,67.51
20,1584,MOHEALTH,EQ,96049,71441,74.38
20,1585,MOIL,EQ,904868,254865,28.17
20,1586,MOKSH,EQ,216269,157875,73.00
20,1587,MOL,EQ,1738505,484837,27.89
20,1588,MOLDTECH,EQ,66773,42949,64.32
20,1589,MOLDTKPAC,EQ,48852,30524,62.48
20,1590,MOLOWVOL,EQ,9086,8837,97.26
20,1591,MOM100,EQ,636361,351858,55.29
20,1592,MOM30IETF,EQ,6962696,4020333,57.74
20,1593,MOM50,EQ,4798,3379,70.43
20,1594,MOMENTUM,EQ,293946,185252,63.02
20,1595,MOMENTUM50,EQ,734246,697499,95.00
20,1596,MOMOMENTUM,EQ,222175,185750,83.61
20,1597,MON100,EQ,580708,378729,65.22
20,1598,MONARCH,EQ,546474,191829,35.10
20,1599,MONIFTY500,EQ,118824,104617,88.04
20,1600,MONOPHARMA,SM,18000,16000,88.89
20,1601,MONQ50,EQ,112552,72088,64.05
20,1602,MONTECARLO,EQ,19758,8546,43.25
20,1603,MOQUALITY,EQ,3827,2707,70.73
20,1604,MOREALTY,EQ,50792,38818,76.43
20,1605,MOREPENLAB,EQ,3345573,918619,27.46
20,1606,MOS,ST,17200,15200,88.37
20,1607,MOSMALL250,EQ,13373474,13097934,97.94
20,1608,MOTHERSON,EQ,12550733,6844684,54.54
20,1609,MOTILALOFS,EQ,1162389,465805,40.07
20,1610,MOTISONS,EQ,1581368,911840,57.66
20,1611,MOTOGENFIN,EQ,110555,26538,24.00
20,1612,MOVALUE,EQ,30168,19130,63.41
20,1613,MPHASIS,EQ,384582,218225,56.74
20,1614,MPSLTD,EQ,10224,5194,50.80
20,1615,MPTODAY,SM,2000,2000,100.00
20,1616,MRF,EQ,7672,2374,30.94
20,1617,MRO-TEK,EQ,14144,9212,65.13
20,1618,MRPL,EQ,17257510,2049817,11.88
20,1619,MSPL,EQ,517002,342817,66.31
20,1620,MSTCLTD,EQ,1030422,137103,13.31
20,1621,MSUMI,EQ,5886485,4308285,73.19
20,1622,MTARTECH,EQ,60732,31179,51.34
20,1623,MTNL,EQ,1856512,475695,25.62
20,1624,MUFIN,EQ,110503,50626,45.81
20,1625,MUFTI,EQ,87438,50305,57.53
20,1626,MUKANDLTD,EQ,87131,48331,55.47
20,1627,MUKKA,EQ,628935,172568,27.44
20,1628,MUKTAARTS,EQ,318350,57788,18.15
20,1629,MULTICAP,EQ,84605,76402,90.30
20,1630,MUNJALAU,EQ,156420,67539,43.18
20,1631,MUNJALSHOW,EQ,24937,13404,53.75
20,1632,MURUDCERA,EQ,40217,24488,60.89
20,1633,MUTHOOTCAP,EQ,15689,7862,50.11
20,1634,MUTHOOTFIN,EQ,284401,166590,58.58
20,1635,MUTHOOTMF,EQ,335847,109409,32.58
20,1636,MVGJL,EQ,632603,272935,43.14
20,1637,MVKAGRO,SM,26400,20400,77.27
20,1638,MWL,SM,2400,2400,100.00
20,1639,MYMUDRA,SM,31200,25200,80.77
20,1640,NACLIND,EQ,163479,88479,54.12
20,1641,NAGAFERT,EQ,483516,232655,48.12
20,1642,NAHARCAP,EQ,4936,3021,61.20
20,1643,NAHARINDUS,EQ,8316,5549,66.73
20,1644,NAHARPOLY,EQ,17701,10319,58.30
20,1645,NAHARSPING,EQ,17221,12219,70.95
20,1646,NAMAN,ST,4000,4000,100.00
20,1647,NAM-INDIA,EQ,774679,432993,55.89
20,1648,NAMOEWASTE,ST,32000,25600,80.00
20,1649,NARMADA,EQ,272057,112958,41.52
20,1650,NATCOPHARM,EQ,335942,194705,57.96
20,1651,NATHBIOGEN,EQ,20722,11326,54.66
20,1652,NATIONALUM,EQ,7879952,3706407,47.04
20,1653,NAUKRI,EQ,532886,322602,60.54
20,1654,NAVA,EQ,116041,53948,46.49
20,1655,NAVINFLUOR,EQ,149010,66793,44.82
20,1656,NAVKARCORP,EQ,569678,248536,43.63
20,1657,NAVNETEDUL,EQ,46983,22413,47.70
20,1658,NAZARA,EQ,278840,92288,33.10
20,1659,NBCC,EQ,13903442,3900595,28.05
20,1660,NCC,EQ,4089644,1587018,38.81
20,1661,NCLIND,EQ,53225,28988,54.46
20,1662,NDL,EQ,2249295,1533400,68.17
20,1663,NDLVENTURE,EQ,7471,6272,83.95
20,1664,NDRAUTO,EQ,45368,18308,40.35
20,1665,NDTV,EQ,61131,23236,38.01
20,1666,NECCLTD,EQ,636407,266720,41.91
20,1667,NEELAM,ST,6000,6000,100.00
20,1668,NELCAST,EQ,26307,13951,53.03
20,1669,NELCO,EQ,97028,45572,46.97
20,1670,NEOGEN,EQ,22324,10848,48.59
20,1671,NEPHROCARE,ST,8000,7600,95.00
20,1672,NESCO,EQ,80130,34251,42.74
20,1673,NESTLEIND,EQ,449500,281934,62.72
20,1674,NETF,EQ,6937,3669,52.89
20,1675,NETWEB,EQ,95954,51620,53.80
20,1676,NETWORK18,EQ,3101585,1355511,43.70
20,1677,NEULANDLAB,EQ,58525,21708,37.09
20,1678,NEWGEN,EQ,229565,91443,39.83
20,1679,NEWJAISA,SM,15000,12000,80.00
20,1680,NEXT50,EQ,10974,8787,80.07
20,1681,NEXT50IETF,EQ,1137307,468422,41.19
20,1682,NFL,EQ,1170220,310741,26.55
20,1683,NGIL,EQ,122119,6882,5.64
20,1684,NGILPP1,E1,2121,1621,76.43
20,1685,NGLFINE,EQ,1224,822,67.16
20,1686,NH,EQ,860204,284657,33.09
20,1687,NHIT,IV,2600000,2600000,100.00
20,1688,NHPC,EQ,15063154,6698154,44.47
20,1689,NIACL,EQ,470073,139022,29.57
20,1690,NIDAN,SM,21000,20000,95.24
20,1691,NIF100BEES,EQ,32359,16311,50.41
20,1692,NIF100IETF,EQ,107853,54208,50.26
20,1693,NIF10GETF,EQ,1162,1147,98.71
20,1694,NIF5GETF,EQ,1195,655,54.81
20,1695,NIFITETF,EQ,303,171,56.44
20,1696,NIFMID150,EQ,1076,860,79.93
20,1697,NIFTY1,EQ,50096,42597,85.03
20,1698,NIFTY50ADD,EQ,10108,6672,66.01
20,1699,NIFTYBEES,EQ,5056466,3304391,65.35
20,1700,NIFTYBETF,EQ,6747,5560,82.41
20,1701,NIFTYETF,EQ,103963,51679,49.71
20,1702,NIFTYIETF,EQ,374948,184545,49.22
20,1703,NIFTYQLITY,EQ,397752,395985,99.56
20,1704,NIITLTD,EQ,694841,243131,34.99
20,1705,NIITMTS,EQ,30007,15820,52.72
20,1706,NILAINFRA,EQ,2186111,611968,27.99
20,1707,NILKAMAL,EQ,2908,2325,79.95
20,1708,NINSYS,EQ,4741,3326,70.15
20,1709,NIPPOBATRY,EQ,3172,1893,59.68
20,1710,NIRMAN,ST,97500,81900,84.00
20,1711,NITINSPIN,EQ,238852,132346,55.41
20,1712,NITIRAJ,EQ,5404,3688,68.25
20,1713,NIVABUPA,EQ,945050,406691,43.03
20,1714,NLCINDIA,EQ,981600,394607,40.20
20,1715,NMDC,EQ,31517108,13869026,44.00
20,1716,NMSTEEL,ST,65600,62400,95.12
20,1717,NOCIL,EQ,377827,203049,53.74
20,1718,NORTHARC,EQ,227673,100225,44.02
20,1719,NOVAAGRI,EQ,2373140,602662,25.40
20,1720,NPBET,EQ,823,635,77.16
20,1721,NPST,SM,6550,4650,70.99
20,1722,NRAIL,EQ,9480,5611,59.19
20,1723,NRBBEARING,EQ,238121,93267,39.17
20,1724,NSIL,EQ,33287,16066,48.27
20,1725,NSLNISP,EQ,1770518,833243,47.06
20,1726,NTPC,EQ,8993608,4907068,54.56
20,1727,NTPCGREEN,EQ,10740596,3381357,31.48
20,1728,NUCLEUS,EQ,9967,4967,49.83
20,1729,NURECA,EQ,68507,24803,36.21
20,1730,NUVAMA,EQ,129432,68736,53.11
20,1731,NUVOCO,EQ,107361,46094,42.93
20,1732,NV20,EQ,12776,8836,69.16
20,1733,NV20BEES,EQ,27061,13331,49.26
20,1734,NV20IETF,EQ,553608,325250,58.75
20,1735,NXST,RR,419099,382929,91.37
20,1736,NYKAA,EQ,4520764,2382313,52.70
20,1737,OAL,EQ,14827,7324,49.40
20,1738,OBCL,EQ,31434,12833,40.83
20,1739,OBEROIRLTY,EQ,1610259,967716,60.10
20,1740,OBSCP,ST,38400,38400,100.00
20,1741,OCCL,EQ,11656,6810,58.42
20,1742,OCCLLTD,EQ,252534,111514,44.16
20,1743,OFSS,EQ,230698,111549,48.35
20,1744,OIL,EQ,7307026,1629029,22.29
20,1745,OILIETF,EQ,2205802,1024140,46.43
20,1746,OLAELEC,EQ,61605465,10173128,16.51
20,1747,OLECTRA,EQ,211312,77842,36.84
20,1748,OLIL,SM,12000,12000,100.00
20,1749,OMAXAUTO,EQ,19954,13795,69.13
20,1750,OMAXE,EQ,245925,143218,58.24
20,1751,OMFURN,ST,163200,132000,80.88
20,1752,OMINFRAL,EQ,123177,55296,44.89
20,1753,ONDOOR,ST,13200,10200,77.27
20,1754,ONELIFECAP,EQ,30590,16897,55.24
20,1755,ONEPOINT,EQ,8913296,2796164,31.37
20,1756,ONGC,EQ,42237794,16235309,38.44
20,1757,ONMOBILE,EQ,354301,100344,28.32
20,1758,ONWARDTEC,EQ,22795,10839,47.55
20,1759,ONYX,ST,218000,214000,98.17
20,1760,OPTIEMUS,EQ,217839,133158,61.13
20,1761,ORCHPHARMA,EQ,34102,10223,29.98
20,1762,ORIANA,SM,56550,36150,63.93
20,1763,ORICONENT,EQ,1751915,615658,35.14
20,1764,ORIENTALTL,EQ,519510,344571,66.33
20,1765,ORIENTBELL,EQ,19125,15484,80.96
20,1766,ORIENTCEM,EQ,630262,481469,76.39
20,1767,ORIENTCER,EQ,34408,23870,69.37
20,1768,ORIENTELEC,EQ,81191,31916,39.31
20,1769,ORIENTHOT,EQ,98747,48480,49.10
20,1770,ORIENTPPR,EQ,1335672,578112,43.28
20,1771,ORIENTTECH,EQ,1940294,550078,28.35
20,1772,ORISSAMINE,EQ,7252,3613,49.82
20,1773,ORTINGLOBE,EQ,3632,2310,63.60
20,1774,OSELDEVICE,ST,151200,106400,70.37
20,1775,OSWALAGRO,EQ,45195,31101,68.82
20,1776,OSWALGREEN,EQ,474046,173968,36.70
20,1777,OWAIS,SM,109400,64900,59.32
20,1778,PAGEIND,EQ,39288,22069,56.17
20,1779,PAISALO,EQ,1619287,535613,33.08
20,1780,PAKKA,EQ,130267,74886,57.49
20,1781,PALASHSECU,EQ,3481,2329,66.91
20,1782,PANACEABIO,EQ,134841,72671,53.89
20,1783,PANAMAPET,EQ,38064,22087,58.03
20,1784,PANSARI,EQ,927,602,64.94
20,1785,PAR,EQ,42595,16043,37.66
20,1786,PARACABLES,EQ,1706119,653398,38.30
20,1787,PARADEEP,EQ,5011675,1291299,25.77
20,1788,PARAGMILK,EQ,736769,403018,54.70
20,1789,PARAGON,ST,6000,6000,100.00
20,1790,PARAMATRIX,SM,9600,9600,100.00
20,1791,PARAMOUNT,SM,3600,2400,66.67
20,1792,PARAS,EQ,1045605,224486,21.47
20,1793,PARASPETRO,EQ,189695,175044,92.28
20,1794,PARIN,ST,14000,12000,85.71
20,1795,PARKHOTELS,EQ,1578246,814284,51.59
20,1796,PARTYCRUS,SM,15000,14000,93.33
20,1797,PASHUPATI,ST,30400,30400,100.00
20,1798,PATANJALI,EQ,634537,300376,47.34
20,1799,PATELENG,EQ,3445537,1693326,49.15
20,1800,PATINTLOG,EQ,143099,65697,45.91
20,1801,PAYTM,EQ,13442675,4215628,31.36
20,1802,PCBL,EQ,3205315,1725740,53.84
20,1803,PCCL,SM,17600,11600,65.91
20,1804,PCJEWELLER,EQ,16533150,8085159,48.90
20,1805,PDMJEPAPER,EQ,303163,137141,45.24
20,1806,PDSL,EQ,66627,36800,55.23
20,1807,PEARLPOLY,EQ,85853,36770,42.83
20,1808,PEL,EQ,549129,269542,49.09
20,1809,PELATRO,ST,22200,22200,100.00
20,1810,PENIND,EQ,510853,181573,35.54
20,1811,PENINLAND,EQ,212708,103179,48.51
20,1812,PENTAGON,SM,14000,11000,78.57
20,1813,PERFECT,ST,12000,12000,100.00
20,1814,PERSISTENT,EQ,454176,233042,51.31
20,1815,PETRONET,EQ,3724125,1952181,52.42
20,1816,PFC,EQ,7504204,3402622,45.34
20,1817,PFIZER,EQ,78281,17178,21.94
20,1818,PFOCUS,EQ,38344,24738,64.52
20,1819,PFS,EQ,339696,147950,43.55
20,1820,PGEL,EQ,969150,427182,44.08
20,1821,PGHH,EQ,5296,2778,52.45
20,1822,PGHL,EQ,2646,1330,50.26
20,1823,PGIL,EQ,118470,52037,43.92
20,1824,PGINVIT,IV,1814403,1626033,89.62
20,1825,PHANTOMFX,ST,32100,30900,96.26
20,1826,PHARMABEES,EQ,3527596,2016128,57.15
20,1827,PHOENIXLTD,EQ,2745754,474619,17.29
20,1828,PHOGLOBAL,ST,4000,4000,100.00
20,1829,PIDILITIND,EQ,425543,282732,66.44
20,1830,PIIND,EQ,569680,392956,68.98
20,1831,PILANIINVS,EQ,8716,3771,43.27
20,1832,PILITA,EQ,56891,45761,80.44
20,1833,PITTIENG,EQ,91750,43610,47.53
20,1834,PIXTRANS,EQ,19634,6886,35.07
20,1835,PLASTIBLEN,EQ,18746,14216,75.83
20,1836,PLATIND,EQ,210673,91031,43.21
20,1837,PLAZACABLE,EQ,24150,18765,77.70
20,1838,PNB,EQ,23423194,10046457,42.89
20,1839,PNBGILTS,EQ,303035,159616,52.67
20,1840,PNBHOUSING,EQ,658333,277481,42.15
20,1841,PNC,EQ,20044,12035,60.04
20,1842,PNCINFRA,EQ,342375,114233,33.36
20,1843,PNGJL,EQ,324100,147518,45.52
20,1844,POCL,EQ,59566,30306,50.88
20,1845,PODDARMENT,EQ,1242,839,67.55
20,1846,POKARNA,EQ,1120099,175084,15.63
20,1847,POLICYBZR,EQ,1748241,1112706,63.65
20,1848,POLYCAB,EQ,271536,95133,35.04
20,1849,POLYMED,EQ,120394,46888,38.95
20,1850,POLYPLEX,EQ,192450,81073,42.13
20,1851,POLYSIL,SM,4000,4000,100.00
20,1852,PONNIERODE,EQ,9748,4635,47.55
20,1853,POONAWALLA,EQ,8264965,4503922,54.49
20,1854,POSITRON,ST,21600,21000,97.22
20,1855,POWERGRID,EQ,6907996,3625419,52.48
20,1856,POWERINDIA,EQ,37249,15433,41.43
20,1857,POWERMECH,EQ,46684,19845,42.51
20,1858,PPAP,EQ,21359,10266,48.06
20,1859,PPL,EQ,57052,28984,50.80
20,1860,PPLPHARMA,EQ,1668051,725973,43.52
20,1861,PPSL,SM,627000,483000,77.03
20,1862,PRAENG,EQ,57072,39429,69.09
20,1863,PRAJIND,EQ,602389,243403,40.41
20,1864,PRAKASH,EQ,460240,256774,55.79
20,1865,PRAKASHSTL,EQ,528627,264131,49.97
20,1866,PRAMARA,SM,5000,5000,100.00
20,1867,PRANIK,SM,65600,44800,68.29
20,1868,PRATHAM,ST,21600,21600,100.00
20,1869,PRECAM,EQ,235196,94604,40.22
20,1870,PRECISION,ST,10000,10000,100.00
20,1871,PRECWIRE,EQ,1352337,564809,41.77
20,1872,PREMEXPLN,EQ,138585,49084,35.42
20,1873,PREMIERENE,EQ,1908335,541784,28.39
20,1874,PREMIUM,SM,192000,192000,100.00
20,1875,PRESSTONIC,ST,4000,4000,100.00
20,1876,PRESTIGE,EQ,525611,262480,49.94
20,1877,PRICOLLTD,EQ,406685,189702,46.65
20,1878,PRIMESECU,EQ,38597,29123,75.45
20,1879,PRINCEPIPE,EQ,94171,42855,45.51
20,1880,PRITI,EQ,34537,22963,66.49
20,1881,PRITIKA,ST,9000,9000,100.00
20,1882,PRITIKAUTO,EQ,211641,102763,48.56
20,1883,PRIVISCL,EQ,26399,17506,66.31
20,1884,PRIZOR,ST,38400,38400,100.00
20,1885,PRLIND,SM,180000,109000,60.56
20,1886,PROV,SM,480,480,100.00
20,1887,PRSMJOHNSN,EQ,139166,39664,28.50
20,1888,PRUDENT,EQ,37238,26970,72.43
20,1889,PSB,EQ,309100,109837,35.53
20,1890,PSFL,SM,56000,42000,75.00
20,1891,PSPPROJECT,EQ,97718,18921,19.36
20,1892,PSUBANK,EQ,9291,4590,49.40
20,1893,PSUBANKADD,EQ,15869,13639,85.95
20,1894,PSUBNKBEES,EQ,1855912,773664,41.69
20,1895,PSUBNKIETF,EQ,166590,62522,37.53
20,1896,PTC,EQ,1244419,625541,50.27
20,1897,PTCIL,EQ,36826,12894,35.01
20,1898,PTL,EQ,44914,26712,59.47
20,1899,PULZ,ST,10000,10000,100.00
20,1900,PUNJABCHEM,EQ,1866,1080,57.88
20,1901,PURPLEUTED,SM,34000,29000,85.29
20,1902,PURVA,EQ,65710,20049,30.51
20,1903,PURVFLEXI,SM,3200,3200,100.00
20,1904,PVP,EQ,591915,195403,33.01
20,1905,PVRINOX,EQ,962377,221900,23.06
20,1906,PVSL,EQ,35973,15734,43.74
20,1907,PVTBANIETF,EQ,1564157,681520,43.57
20,1908,PVTBANKADD,EQ,36300,26700,73.55
20,1909,PYRAMID,EQ,78535,39014,49.68
20,1910,QGOLDHALF,EQ,34100,29951,87.83
20,1911,QMSMEDI,SM,11000,8000,72.73
20,1912,QNIFTY,EQ,2230,982,44.04
20,1913,QUADPRO,SM,84000,84000,100.00
20,1914,QUAL30IETF,EQ,43398,17851,41.13
20,1915,QUESS,EQ,296870,95375,32.13
20,1916,QUESTLAB,SM,105600,76800,72.73
20,1917,QUICKHEAL,EQ,41283,20509,49.68
20,1918,QUICKTOUCH,ST,12000,11500,95.83
20,1919,QVCEL,ST,22400,22400,100.00
20,1920,RACE,EQ,8127,4876,60.00
20,1921,RACLGEAR,EQ,13217,11847,89.63
20,1922,RADHIKAJWE,EQ,548131,357548,65.23
20,1923,RADIANTCMS,EQ,45520,29821,65.51
20,1924,RADICO,EQ,184040,95472,51.88
20,1925,RADIOCITY,EQ,170571,105854,62.06
20,1926,RADIOCITY,P1,165319,165291,99.98
20,1927,RADIOWALLA,SM,3200,3200,100.00
20,1928,RAILTEL,EQ,3613402,567668,15.71
20,1929,RAIN,EQ,805818,274725,34.09
20,1930,RAINBOW,EQ,60552,26289,43.42
20,1931,RAJESHEXPO,EQ,357056,128666,36.04
20,1932,RAJINDLTD,SM,46500,22500,48.39
20,1933,RAJMET,EQ,423357,255141,60.27
20,1934,RAJPUTANA,SM,15000,13000,86.67
20,1935,RAJRATAN,EQ,63110,28743,45.54
20,1936,RAJSREESUG,EQ,64704,36252,56.03
20,1937,RALLIS,EQ,347517,229583,66.06
20,1938,RAMANEWS,EQ,28787,21266,73.87
20,1939,RAMAPHO,EQ,542576,176093,32.45
20,1940,RAMASTEEL,EQ,6921649,2334458,33.73
20,1941,RAMCOCEM,EQ,440544,251718,57.14
20,1942,RAMCOIND,EQ,109157,48339,44.28
20,1943,RAMCOSYS,EQ,43719,20925,47.86
20,1944,RAMKY,EQ,168212,126928,75.46
20,1945,RAMRAT,EQ,30068,16496,54.86
20,1946,RANASUG,EQ,666824,379898,56.97
20,1947,RANEENGINE,EQ,3503,2554,72.91
20,1948,RANEHOLDIN,EQ,6384,3789,59.35
20,1949,RAPPID,ST,10200,10200,100.00
20,1950,RATEGAIN,EQ,101351,57519,56.75
20,1951,RATNAMANI,EQ,41155,26876,65.30
20,1952,RATNAVEER,EQ,130885,67770,51.78
20,1953,RAYMOND,EQ,249437,110537,44.31
20,1954,RAYMONDLSL,EQ,105885,59369,56.07
20,1955,RBA,EQ,1936975,1116112,57.62
20,1956,RBL,EQ,4168,2714,65.12
20,1957,RBLBANK,EQ,7623810,2343305,30.74
20,1958,RBMINFRA,ST,36000,33400,92.78
20,1959,RBS,ST,19200,17600,91.67
20,1960,RBZJEWEL,EQ,890501,404669,45.44
20,1961,RCDL,SM,30000,24000,80.00
20,1962,RCF,EQ,2120300,521772,24.61
20,1963,RECLTD,EQ,6585994,2253757,34.22
20,1964,REDINGTON,EQ,2078247,755567,36.36
20,1965,REDTAPE,EQ,39422,15618,39.62
20,1966,REFEX,EQ,330734,171401,51.82
20,1967,REFRACTORY,ST,25000,21000,84.00
20,1968,RELAXO,EQ,38967,22019,56.51
20,1969,RELCHEMQ,EQ,5488,3084,56.20
20,1970,RELIABLE,EQ,6479,4258,65.72
20,1971,RELIANCE,EQ,19346579,12339259,63.78
20,1972,RELIGARE,EQ,809214,450145,55.63
20,1973,RELINFRA,EQ,1733254,761173,43.92
20,1974,RELTD,EQ,58296,35871,61.53
20,1975,REMSONSIND,EQ,24464,12168,49.74
20,1976,REMUS,SM,4650,2550,54.84
20,1977,RENUKA,EQ,3044486,916223,30.09
20,1978,REPCOHOME,EQ,335691,268596,80.01
20,1979,REPRO,EQ,5580,3839,68.80
20,1980,RESPONIND,EQ,269378,129802,48.19
20,1981,RETAIL,EQ,4322,3556,82.28
20,1982,REXPIPES,SM,2000,2000,100.00
20,1983,RGL,EQ,2175143,1149612,52.85
20,1984,RHIM,EQ,77818,31725,40.77
20,1985,RICOAUTO,EQ,813163,230307,28.32
20,1986,RIIL,EQ,179135,39705,22.16
20,1987,RILINFRA,ST,126600,122300,96.60
20,1988,RISHABH,EQ,21792,11760,53.96
20,1989,RITCO,EQ,43944,21323,48.52
20,1990,RITES,EQ,1364701,436119,31.96
20,1991,RITEZONE,SM,4800,4800,100.00
20,1992,RKEC,EQ,40543,20769,51.23
20,1993,RKFORGE,EQ,595239,452003,75.94
20,1994,RKSWAMY,EQ,90894,67904,74.71
20,1995,RMDRIP,ST,2000,1500,75.00
20,1996,RML,EQ,2058,1029,50.00
20,1997,RNFI,ST,375600,366000,97.44
20,1998,ROCKINGDCE,SM,27250,19000,69.72
20,1999,ROHLTD,EQ,133273,53321,40.01
20,2000,ROLEXRINGS,EQ,10503,3737,35.58
20,2001,ROML,EQ,11906,5506,46.25
20,2002,ROSSARI,EQ,112058,47788,42.65
20,2003,ROSSTECH,EQ,10338,6399,61.90
20,2004,ROTO,EQ,176295,66833,37.91
20,2005,ROUTE,EQ,180211,31372,17.41
20,2006,ROXHITECH,SM,62400,49600,79.49
20,2007,RPEL,EQ,75980,48847,64.29
20,2008,RPGLIFE,EQ,11082,3762,33.95
20,2009,RPOWER,EQ,17710671,7630538,43.08
20,2010,RPPL,EQ,31467,17741,56.38
20,2011,RPSGVENT,EQ,52835,24055,45.53
20,2012,RPTECH,EQ,101708,36479,35.87
20,2013,RRKABEL,EQ,90452,59416,65.69
20,2014,RSWM,EQ,30420,16129,53.02
20,2015,RSYSTEMS,EQ,90648,62715,69.19
20,2016,RTNINDIA,EQ,1194870,427120,35.75
20,2017,RTNPOWER,EQ,9864019,4945394,50.14
20,2018,RUBFILA,EQ,85190,54264,63.70
20,2019,RUBYMILLS,EQ,14398,6782,47.10
20,2020,RUCHINFRA,EQ,56787,39326,69.25
20,2021,RUCHIRA,EQ,33587,15882,47.29
20,2022,RULKA,SM,10200,7800,76.47
20,2023,RUPA,EQ,84028,40690,48.42
20,2024,RUSHIL,EQ,362301,169978,46.92
20,2025,RUSTOMJEE,EQ,27687,15679,56.63
20,2026,RVNL,EQ,2899992,737197,25.42
20,2027,SAAKSHI,SM,7200,5400,75.00
20,2028,SABAR,ST,435000,435000,100.00
20,2029,SADBHAV,EQ,1099614,564461,51.33
20,2030,SADBHIN,EQ,137891,92945,67.40
20,2031,SADHAV,SM,13200,9000,68.18
20,2032,SADHNANIQ,EQ,149011,90153,60.50
20,2033,SAFARI,EQ,17909,8287,46.27
20,2034,SAGARDEEP,EQ,14682,11044,75.22
20,2035,SAGCEM,EQ,61953,34799,56.17
20,2036,SAGILITY,EQ,41622829,17767629,42.69
20,2037,SAHAJSOLAR,ST,15000,13600,90.67
20,2038,SAHANA,ST,23375,22500,96.26
20,2039,SAHASRA,SM,60800,38800,63.82
20,2040,SAHYADRI,EQ,3662,2235,61.03
20,2041,SAIFL,SM,9600,7200,75.00
20,2042,SAIL,EQ,15060506,5958258,39.56
20,2043,SAILIFE,EQ,767227,302676,39.45
20,2044,SAKAR,EQ,6745,2757,40.87
20,2045,SAKHTISUG,EQ,60492,37291,61.65
20,2046,SAKSOFT,EQ,84773,40915,48.26
20,2047,SALASAR,EQ,7498309,3386643,45.17
20,2048,SALONA,EQ,1090,628,57.61
20,2049,SALSTEEL,EQ,43142,25082,58.14
20,2050,SALZERELEC,EQ,332569,107925,32.45
20,2051,SAMHI,EQ,753840,339380,45.02
20,2052,SAMMAANCAP,EQ,4590369,1822633,39.71
20,2053,SANATHAN,EQ,369725,231823,62.70
20,2054,SANDESH,EQ,980,473,48.27
20,2055,SANDHAR,EQ,137709,66215,48.08
20,2056,SANDUMA,EQ,75013,42163,56.21
20,2057,SANGAMIND,EQ,15212,7077,46.52
20,2058,SANGANI,ST,6000,6000,100.00
20,2059,SANGHIIND,EQ,270962,117917,43.52
20,2060,SANGHVIMOV,EQ,236561,110444,46.69
20,2061,SANGINITA,EQ,16134,9382,58.15
20,2062,SANOFI,EQ,15460,7475,48.35
20,2063,SANOFICONR,EQ,20225,17781,87.92
20,2064,SANSERA,EQ,174890,86309,49.35
20,2065,SANSTAR,EQ,274498,130987,47.72
20,2066,SAPPHIRE,EQ,473682,110554,23.34
20,2067,SARDAEN,EQ,287762,149804,52.06
20,2068,SAREGAMA,EQ,750845,177240,23.61
20,2069,SAROJA,SM,9600,8000,83.33
20,2070,SARTELE,SM,46500,29500,63.44
20,2071,SARVESHWAR,EQ,3364607,1558301,46.31
20,2072,SASKEN,EQ,10154,4351,42.85
20,2073,SASTASUNDR,EQ,8841,5942,67.21
20,2074,SATECH,ST,91000,76000,83.52
20,2075,SATIA,EQ,248394,150845,60.73
20,2076,SATIN,EQ,1244505,276852,22.25
20,2077,SATINDLTD,EQ,346875,176024,50.75
20,2078,SAURASHCEM,EQ,55004,32214,58.57
20,2079,SBC,EQ,2715142,1581790,58.26
20,2080,SBCL,EQ,46294,20818,44.97
20,2081,SBFC,EQ,890894,375117,42.11
20,2082,SBGLP,EQ,163013,96420,59.15
20,2083,SBICARD,EQ,793910,295020,37.16
20,2084,SBIETFCON,EQ,3531,2784,78.84
20,2085,SBIETFIT,EQ,5746,4135,71.96
20,2086,SBIETFPB,EQ,11139,9922,89.07
20,2087,SBIETFQLTY,EQ,10595,8240,77.77
20,2088,SBILIFE,EQ,1229808,775496,63.06
20,2089,SBIN,EQ,15641490,8959386,57.28
20,2090,SBIN,T0,5,5,100.00
20,2091,SBINEQWETF,EQ,20780,11972,57.61
20,2092,SBISILVER,EQ,47016,37910,80.63
20,2093,SCHAEFFLER,EQ,37166,20461,55.05
20,2094,SCHAND,EQ,32404,18733,57.81
20,2095,SCHNEIDER,EQ,171224,71528,41.77
20,2096,SCI,EQ,950078,278550,29.32
20,2097,SCILAL,EQ,850023,380585,44.77
20,2098,SCLZC25,YN,180,180,100.00
20,2099,SCLZC25F,Y5,10,10,100.00
20,2100,SCML,SM,4000,2000,50.00
20,2101,SDBL,EQ,857133,321543,37.51
20,2102,SDL26BEES,EQ,5260,4409,83.82
20,2103,SDREAMS,SM,7000,5000,71.43
20,2104,SEAMECLTD,EQ,22344,13371,59.84
20,2105,SECL,ST,150000,150000,100.00
20,2106,SECMARK,EQ,2320,1691,72.89
20,2107,SECURKLOUD,EQ,21398,10152,47.44
20,2108,SEL,ST,8200,8200,100.00
20,2109,SELAN,EQ,17313,8782,50.72
20,2110,SELMC,EQ,22409,17167,76.61
20,2111,SENCO,EQ,211129,78236,37.06
20,2112,SENORES,EQ,504450,185035,36.68
20,2113,SENSEXADD,EQ,1040,673,64.71
20,2114,SENSEXETF,EQ,10196,7392,72.50
20,2115,SENSEXIETF,EQ,14638,5310,36.28
20,2116,SEPC,EQ,12041226,3702707,30.75
20,2117,SEQUENT,EQ,390698,192921,49.38
20,2118,SERVICE,SM,16000,14000,87.50
20,2119,SERVOTECH,EQ,639925,328551,51.34
20,2120,SESHAPAPER,EQ,46578,36008,77.31
20,2121,SETF10GILT,EQ,23667,21102,89.16
20,2122,SETFGOLD,EQ,2207982,2013617,91.20
20,2123,SETFNIF50,EQ,1861226,1771908,95.20
20,2124,SETFNIFBK,EQ,1087244,576730,53.05
20,2125,SETFNN50,EQ,45140,35919,79.57
20,2126,SFL,EQ,77460,28912,37.33
20,2127,SFLZC25A,ZK,282,282,100.00
20,2128,SFLZC26A,ZC,1200,575,47.92
20,2129,SFML,SM,91200,65600,71.93
20,2130,SGBAPR28I,GB,110,88,80.00
20,2131,SGBAUG27,GB,7,7,100.00
20,2132,SGBAUG28V,GB,919,674,73.34
20,2133,SGBAUG29V,GB,272,141,51.84
20,2134,SGBAUG30,GB,75,53,70.67
20,2135,SGBD29VIII,GB,101,92,91.09
20,2136,SGBDE30III,GB,152,120,78.95
20,2137,SGBDE31III,GB,1017,828,81.42
20,2138,SGBDEC25,GB,5,5,100.00
20,2139,SGBDEC2512,GB,4,4,100.00
20,2140,SGBDEC25XI,GB,1,1,100.00
20,2141,SGBFEB27,GB,1,1,100.00
20,2142,SGBFEB29XI,GB,89,89,100.00
20,2143,SGBFEB32IV,GB,1354,1011,74.67
20,2144,SGBJ28VIII,GB,13,13,100.00
20,2145,SGBJAN26,GB,10,10,100.00
20,2146,SGBJAN27,GB,19,19,100.00
20,2147,SGBJAN29IX,GB,226,207,91.59
20,2148,SGBJAN29X,GB,280,241,86.07
20,2149,SGBJAN30IX,GB,16,11,68.75
20,2150,SGBJU29III,GB,71,53,74.65
20,2151,SGBJUL25,GB,5,5,100.00
20,2152,SGBJUL28IV,GB,274,269,98.18
20,2153,SGBJUL29IV,GB,83,65,78.31
20,2154,SGBJUN27,GB,11,11,100.00
20,2155,SGBJUN28,GB,167,139,83.23
20,2156,SGBJUN29II,GB,38,35,92.11
20,2157,SGBJUN30,GB,297,282,94.95
20,2158,SGBJUN31I,GB,482,404,83.82
20,2159,SGBMAR25,GB,76,75,98.68
20,2160,SGBMAR28X,GB,28,25,89.29
20,2161,SGBMAR30X,GB,46,44,95.65
20,2162,SGBMAR31IV,GB,503,437,86.88
20,2163,SGBMAY25,GB,7,7,100.00
20,2164,SGBMAY26,GB,12,12,100.00
20,2165,SGBMAY28,GB,202,136,67.33
20,2166,SGBMAY29I,GB,189,128,67.72
20,2167,SGBMR29XII,GB,6,4,66.67
20,2168,SGBN28VIII,GB,98,70,71.43
20,2169,SGBNOV25,GB,2,2,100.00
20,2170,SGBNOV25IX,GB,4,4,100.00
20,2171,SGBNOV26,GB,18,18,100.00
20,2172,SGBNV29VII,GB,70,53,75.71
20,2173,SGBOC28VII,GB,51,46,90.20
20,2174,SGBOCT25,GB,12,12,100.00
20,2175,SGBOCT25IV,GB,83,81,97.59
20,2176,SGBOCT25V,GB,5,5,100.00
20,2177,SGBOCT26,GB,2,2,100.00
20,2178,SGBOCT27,GB,20,20,100.00
20,2179,SGBSEP27,GB,4,4,100.00
20,2180,SGBSEP28VI,GB,636,558,87.74
20,2181,SGBSEP29VI,GB,113,59,52.21
20,2182,SGBSEP31II,GB,633,476,75.20
20,2183,SGL,EQ,21127,9895,46.84
20,2184,SHAH,EQ,945454,699551,73.99
20,2185,SHALBY,EQ,78309,37194,47.50
20,2186,SHALPAINTS,EQ,86980,39432,45.33
20,2187,SHANKARA,EQ,24082,12891,53.53
20,2188,SHANTI,EQ,796026,168377,21.15
20,2189,SHANTIGEAR,EQ,12764,7111,55.71
20,2190,SHARDACROP,EQ,216985,81095,37.37
20,2191,SHARDAMOTR,EQ,11840,6362,53.73
20,2192,SHAREINDIA,EQ,779017,283689,36.42
20,2193,SHARIABEES,EQ,3716,2015,54.22
20,2194,SHEETAL,SM,40000,34000,85.00
20,2195,SHEMAROO,EQ,34280,10895,31.78
20,2196,SHERA,SM,14000,10000,71.43
20,2197,SHIGAN,SM,9000,4500,50.00
20,2198,SHILPAMED,EQ,218593,104264,47.70
20,2199,SHIVALIK,EQ,18403,9190,49.94
20,2200,SHIVAMAUTO,EQ,424088,102497,24.17
20,2201,SHIVAMILLS,EQ,21116,9054,42.88
20,2202,SHIVATEX,EQ,5337,2937,55.03
20,2203,SHK,EQ,529720,201649,38.07
20,2204,SHOPERSTOP,EQ,633885,114636,18.08
20,2205,SHREDIGCEM,EQ,130333,74386,57.07
20,2206,SHREECEM,EQ,18111,6081,33.58
20,2207,SHREEKARNI,SM,10800,8850,81.94
20,2208,SHREEOSFM,SM,31000,31000,100.00
20,2209,SHREEPUSHK,EQ,64207,38202,59.50
20,2210,SHRENIK,EQ,1583441,1349025,85.20
20,2211,SHREYANIND,EQ,5071,3217,63.44
20,2212,SHRIPISTON,EQ,42786,20755,48.51
20,2213,SHRIRAMFIN,EQ,995207,522559,52.51
20,2214,SHRIRAMPPS,EQ,458039,203094,44.34
20,2215,SHRITECH,SM,82000,54000,65.85
20,2216,SHUBHSHREE,ST,25200,24000,95.24
20,2217,SHYAMCENT,EQ,63846,47903,75.03
20,2218,SHYAMMETL,EQ,520065,345260,66.39
20,2219,SIDDHIKA,SM,1000,1000,100.00
20,2220,SIEMENS,EQ,537373,319146,59.39
20,2221,SIGACHI,EQ,1248346,372675,29.85
20,2222,SIGIND,EQ,8901,4985,56.00
20,2223,SIGMA,EQ,26235,4412,16.82
20,2224,SIGNATURE,EQ,842814,51283,6.08
20,2225,SIGNORIA,SM,6000,5000,83.33
20,2226,SIKKO,EQ,48548,14282,29.42
20,2227,SIL,EQ,85674,52382,61.14
20,2228,SILGO,EQ,59029,27302,46.25
20,2229,SILKFLEX,ST,2000,2000,100.00
20,2230,SILLYMONKS,EQ,14411,6446,44.73
20,2231,SILVER,EQ,120251,70452,58.59
20,2232,SILVER1,EQ,48702,35453,72.80
20,2233,SILVERADD,EQ,25999,22811,87.74
20,2234,SILVERBEES,EQ,4640899,3193356,68.81
20,2235,SILVERETF,EQ,71755,43574,60.73
20,2236,SILVERIETF,EQ,277216,201954,72.85
20,2237,SILVERTUC,EQ,13573,5048,37.19
20,2238,SILVRETF,EQ,11386,10414,91.46
20,2239,SINCLAIR,EQ,140170,54460,38.85
20,2240,SINDHUTRAD,EQ,2346795,632982,26.97
20,2241,SINTERCOM,EQ,12265,6169,50.30
20,2242,SIRCA,EQ,59132,39360,66.56
20,2243,SIS,EQ,23959,13791,57.56
20,2244,SIYSIL,EQ,156397,53754,34.37
20,2245,SJLOGISTIC,ST,19750,19000,96.20
20,2246,SJS,EQ,32400,12330,38.06
20,2247,SJVN,EQ,6771947,1842471,27.21
20,2248,SKFINDIA,EQ,15454,9198,59.52
20,2249,SKIPPER,EQ,866670,355302,41.00
20,2250,SKMEGGPROD,EQ,28236,14216,50.35
20,2251,SKP,SM,5000,2500,50.00
20,2252,SLONE,ST,12000,12000,100.00
20,2253,SMALLCAP,EQ,2666667,2282737,85.60
20,2254,SMCGLOBAL,EQ,77407,45147,58.32
20,2255,SMLISUZU,EQ,7353,3685,50.12
20,2256,SMLT,EQ,17978,9368,52.11
20,2257,SMSPHARMA,EQ,71568,34371,48.03
20,2258,SMVD,SM,8080,4040,50.00
20,2259,SNOWMAN,EQ,224399,97227,43.33
20,2260,SOBHA,EQ,470750,176443,37.48
20,2261,SOLARA,EQ,87049,42300,48.59
20,2262,SOLARAPP,E1,395,380,96.20
20,2263,SOLARINDS,EQ,70794,36965,52.21
20,2264,SOLEX,SM,13000,6750,51.92
20,2265,SOMANYCERA,EQ,7417,4346,58.60
20,2266,SOMICONVEY,EQ,11978,6734,56.22
20,2267,SONACOMS,EQ,1581135,1107813,70.06
20,2268,SONAMAC,ST,11000,9000,81.82
20,2269,SONATSOFTW,EQ,194647,111299,57.18
20,2270,SONUINFRA,ST,3000,3000,100.00
20,2271,SOTAC,SM,1200,1200,100.00
20,2272,SOTL,EQ,21341,8880,41.61
20,2273,SOUTHBANK,EQ,16442247,7375681,44.86
20,2274,SOUTHWEST,EQ,47933,26727,55.76
20,2275,SPAL,EQ,16035,7203,44.92
20,2276,SPANDANA,EQ,14115286,1537424,10.89
20,2277,SPARC,EQ,384184,199865,52.02
20,2278,SPCENET,EQ,624396,624396,100.00
20,2279,SPCL,ST,28800,24000,83.33
20,2280,SPECIALITY,EQ,18883,10561,55.93
20,2281,SPECTRUM,SM,19125,11750,61.44
20,2282,SPECTSTM,ST,14400,13600,94.44
20,2283,SPENCERS,EQ,441416,188042,42.60
20,2284,SPIC,EQ,372176,157400,42.29
20,2285,SPLIL,EQ,24816,19276,77.68
20,2286,SPLPETRO,EQ,41535,29128,70.13
20,2287,SPORTKING,EQ,76033,37044,48.72
20,2288,SPPPOLY,ST,108000,108000,100.00
20,2289,SREEL,EQ,7231,6232,86.18
20,2290,SRF,EQ,977298,490226,50.16
20,2291,SRGHFL,EQ,2224,1152,51.80
20,2292,SRHHYPOLTD,EQ,18924,10874,57.46
20,2293,SRIVASAVI,SM,2000,2000,100.00
20,2294,SSDL,EQ,39797,20417,51.30
20,2295,SSEGL,ST,47000,43800,93.19
20,2296,SSFL,ST,10500,9500,90.48
20,2297,SSWL,EQ,177589,68852,38.77
20,2298,STANLEY,EQ,57561,36058,62.64
20,2299,STAR,EQ,639187,407208,63.71
20,2300,STARCEMENT,EQ,952319,442437,46.46
20,2301,STARHEALTH,EQ,276831,127314,45.99
20,2302,STARPAPER,EQ,22741,12450,54.75
20,2303,STARTECK,EQ,18315,460,2.51
20,2304,STCINDIA,EQ,2345289,217322,9.27
20,2305,STEELCAS,EQ,39537,28444,71.94
20,2306,STEELCITY,EQ,27363,12718,46.48
20,2307,STEELXIND,EQ,896161,543874,60.69
20,2308,STEL,EQ,11193,6522,58.27
20,2309,STERTOOLS,EQ,114358,44699,39.09
20,2310,STLTECH,EQ,862189,334225,38.76
20,2311,STOVEKRAFT,EQ,62712,26992,43.04
20,2312,STYLAMIND,EQ,13462,6148,45.67
20,2313,STYLEBAAZA,EQ,94837,43630,46.01
20,2314,STYRENIX,EQ,32477,18330,56.44
20,2315,SUBEXLTD,EQ,1932793,750371,38.82
20,2316,SUBROS,EQ,47453,19762,41.65
20,2317,SUDARSCHEM,EQ,387755,313250,80.79
20,2318,SUKHJITS,EQ,6724,4709,70.03
20,2319,SULA,EQ,125401,56904,45.38
20,2320,SUMICHEM,EQ,159338,75778,47.56
20,2321,SUMMITSEC,EQ,4158,2736,65.80
20,2322,SUNCLAY,EQ,33780,15530,45.97
20,2323,SUNDARAM,EQ,989828,812908,82.13
20,2324,SUNDARMFIN,EQ,90955,41699,45.85
20,2325,SUNDARMHLD,EQ,309511,145939,47.15
20,2326,SUNDRMFAST,EQ,28432,14603,51.36
20,2327,SUNLITE,SM,2400,1200,50.00
20,2328,SUNPHARMA,EQ,1298188,874578,67.37
20,2329,SUNREST,SM,1600,1600,100.00
20,2330,SUNTECK,EQ,233187,106366,45.61
20,2331,SUNTV,EQ,164131,51797,31.56
20,2332,SUPERHOUSE,EQ,3166,1779,56.19
20,2333,SUPRAJIT,EQ,66612,23162,34.77
20,2334,SUPREMEIND,EQ,223288,110209,49.36
20,2335,SUPREMEPWR,ST,26500,25000,94.34
20,2336,SUPRIYA,EQ,168683,91106,54.01
20,2337,SURAJEST,EQ,296753,144724,48.77
20,2338,SURAKSHA,EQ,140525,51276,36.49
20,2339,SURANASOL,EQ,136003,74337,54.66
20,2340,SURANAT&P,EQ,206845,142054,68.68
20,2341,SURANI,ST,7000,6800,97.14
20,2342,SURYALAXMI,EQ,9783,6501,66.45
20,2343,SURYAROSNI,EQ,292812,151223,51.65
20,2344,SURYODAY,EQ,442506,189588,42.84
20,2345,SUTLEJTEX,EQ,262185,108739,41.47
20,2346,SUVEN,EQ,2869497,457286,15.94
20,2347,SUVENPHAR,EQ,97134,47238,48.63
20,2348,SUVIDHAA,EQ,2080354,920327,44.24
20,2349,SUYOG,EQ,25315,13435,53.07
20,2350,SUZLON,EQ,37159538,20014308,53.86
20,2351,SWANENERGY,EQ,2989031,1062248,35.54
20,2352,SWARAJ,ST,8000,7500,93.75
20,2353,SWARAJENG,EQ,4687,2314,49.37
20,2354,SWASTIK,SM,21600,15600,72.22
20,2355,SWELECTES,EQ,13057,5078,38.89
20,2356,SWIGGY,EQ,9326257,3888103,41.69
20,2357,SWSOLAR,EQ,612544,244668,39.94
20,2358,SYLVANPLY,SM,4000,4000,100.00
20,2359,SYMPHONY,EQ,283851,120145,42.33
20,2360,SYNCOMF,EQ,2165004,1051529,48.57
20,2361,SYNGENE,EQ,273457,144766,52.94
20,2362,SYNOPTICS,SM,4200,3600,85.71
20,2363,SYRMA,EQ,763851,392540,51.39
20,2364,SYSTANGO,SM,54800,32800,59.85
20,2365,TAC,ST,28800,28800,100.00
20,2366,TAINWALCHM,EQ,4703,3179,67.60
20,2367,TAJGVK,EQ,331419,100940,30.46
20,2368,TAKE,EQ,49994,38192,76.39
20,2369,TALBROAUTO,EQ,79563,31867,40.05
20,2370,TANLA,EQ,1529481,288054,18.83
20,2371,TARACHAND,EQ,338678,201343,59.45
20,2372,TARC,EQ,1015193,495366,48.80
20,2373,TARMAT,EQ,15508,10106,65.17
20,2374,TARSONS,EQ,39717,20766,52.28
20,2375,TASTYBITE,EQ,2218,1050,47.34
20,2376,TATACHEM,EQ,1682463,1004462,59.70
20,2377,TATACOMM,EQ,872411,446436,51.17
20,2378,TATACONSUM,EQ,1235226,640018,51.81
20,2379,TATAELXSI,EQ,380865,108184,28.40
20,2380,TATAGOLD,EQ,3687379,2049012,55.57
20,2381,TATAINVEST,EQ,28963,11368,39.25
20,2382,TATAMOTORS,EQ,11861066,4321148,36.43
20,2383,TATAPOWER,EQ,8183207,2854497,34.88
20,2384,TATASTEEL,EQ,31570331,16175067,51.24
20,2385,TATATECH,EQ,2186334,563695,25.78
20,2386,TATSILV,EQ,800549,494103,61.72
20,2387,TATVA,EQ,13992,6890,49.24
20,2388,TBI,ST,6000,6000,100.00
20,2389,TBOTEK,EQ,231195,82628,35.74
20,2390,TBZ,EQ,534355,238577,44.65
20,2391,TCHF30,NB,520,510,98.08
20,2392,TCI,EQ,13723,5572,40.60
20,2393,TCIEXP,EQ,15199,8942,58.83
20,2394,TCL,SM,17600,9600,54.55
20,2395,TCLCONS,EQ,148727,55577,37.37
20,2396,TCPLPACK,EQ,880,533,60.57
20,2397,TCS,EQ,2181277,1258381,57.69
20,2398,TDPOWERSYS,EQ,343637,180265,52.46
20,2399,TEAMLEASE,EQ,18696,12580,67.29
20,2400,TECH,EQ,4807,3494,72.69
20,2401,TECHERA,ST,9600,9600,100.00
20,2402,TECHLABS,ST,64250,57250,89.11
20,2403,TECHM,EQ,673344,232389,34.51
20,2404,TECHNOE,EQ,101692,53250,52.36
20,2405,TECILCHEM,EQ,1746,836,47.88
20,2406,TEGA,EQ,66648,40545,60.83
20,2407,TEJASNET,EQ,409962,152076,37.10
20,2408,TEXINFRA,EQ,581539,330452,56.82
20,2409,TEXMOPIPES,EQ,89020,55380,62.21
20,2410,TEXRAIL,EQ,1239742,488549,39.41
20,2411,TFCILTD,EQ,404670,129692,32.05
20,2412,TGBHOTELS,EQ,72519,52960,73.03
20,2413,TGL,ST,39000,37600,96.41
20,2414,THANGAMAYL,EQ,20748,9131,44.01
20,2415,THEINVEST,EQ,15748,7962,50.56
20,2416,THEJO,EQ,3603,2114,58.67
20,2417,THEMISMED,EQ,256920,127533,49.64
20,2418,THERMAX,EQ,51603,27875,54.02
20,2419,THESL,ST,9000,9000,100.00
20,2420,THOMASCOOK,EQ,980531,500167,51.01
20,2421,THYROCARE,EQ,114821,33310,29.01
20,2422,TI,EQ,826524,329724,39.89
20,2423,TIIL,EQ,7550,4508,59.71
20,2424,TIINDIA,EQ,198255,122568,61.82
20,2425,TIMESCAN,SM,2000,2000,100.00
20,2426,TIMETECHNO,EQ,897313,335064,37.34
20,2427,TIMKEN,EQ,129887,88641,68.24
20,2428,TIPSMUSIC,EQ,552031,265569,48.11
20,2429,TIRUMALCHM,EQ,182940,83045,45.39
20,2430,TITAGARH,EQ,768065,216088,28.13
20,2431,TITAN,EQ,1317377,657441,49.91
20,2432,TMB,EQ,117031,42977,36.72
20,2433,TNIDETF,EQ,73913,50772,68.69
20,2434,TNPETRO,EQ,52267,25990,49.73
20,2435,TNPL,EQ,269560,97395,36.13
20,2436,TOKYOPLAST,EQ,4455,3256,73.09
20,2437,TOLINS,EQ,261011,110206,42.22
20,2438,TOP100CASE,EQ,631170,497955,78.89
20,2439,TOP10ADD,EQ,991347,971578,98.01
20,2440,TORNTPHARM,EQ,167593,107388,64.08
20,2441,TORNTPOWER,EQ,587136,306288,52.17
20,2442,TOTAL,EQ,4202,2259,53.76
20,2443,TOUCHWOOD,EQ,4156,2456,59.10
20,2444,TPLPLASTEH,EQ,150642,32320,21.45
20,2445,TRACXN,EQ,173006,98728,57.07
20,2446,TRANSRAILL,EQ,4342618,753878,17.36
20,2447,TRANSTEEL,ST,312000,302000,96.79
20,2448,TRANSWIND,ST,4000,4000,100.00
20,2449,TRANSWORLD,EQ,74478,39126,52.53
20,2450,TREJHARA,EQ,32504,25188,77.49
20,2451,TREL,EQ,299650,166571,55.59
20,2452,TRENT,EQ,1257939,545248,43.34
20,2453,TRF,EQ,20328,10875,53.50
20,2454,TRIDENT,EQ,4849190,1447515,29.85
20,2455,TRIDHYA,SM,3000,3000,100.00
20,2456,TRIGYN,EQ,110511,66306,60.00
20,2457,TRITURBINE,EQ,500461,205990,41.16
20,2458,TRIVENI,EQ,438185,145288,33.16
20,2459,TROM,SM,25200,19200,76.19
20,2460,TRUST,SM,137400,89400,65.07
20,2461,TTKHLTCARE,EQ,1546,833,53.88
20,2462,TTKPRESTIG,EQ,11766,5932,50.42
20,2463,TTML,EQ,2437608,583563,23.94
20,2464,TUNWAL,SM,130000,90000,69.23
20,2465,TVSELECT,EQ,36294,20764,57.21
20,2466,TVSHLTD,EQ,10764,6889,64.00
20,2467,TVSMOTOR,EQ,678020,404623,59.68
20,2468,TVSSCS,EQ,303926,148538,48.87
20,2469,TVSSRICHAK,EQ,2538,686,27.03
20,2470,TVTODAY,EQ,65359,40072,61.31
20,2471,UBL,EQ,1198258,344928,28.79
20,2472,UCL,SM,6000,6000,100.00
20,2473,UCOBANK,EQ,2965117,708738,23.90
20,2474,UDAICEMENT,EQ,228420,135690,59.40
20,2475,UDS,EQ,127660,59161,46.34
20,2476,UFLEX,EQ,35345,17529,49.59
20,2477,UFO,EQ,42460,26773,63.05
20,2478,UGARSUGAR,EQ,177823,80600,45.33
20,2479,UGROCAP,EQ,150878,87624,58.08
20,2480,UHTL,ST,26000,26000,100.00
20,2481,UJJIVANSFB,EQ,20816393,7858121,37.75
20,2482,ULTRACEMCO,EQ,159583,89720,56.22
20,2483,UMA,SM,12000,8000,66.67
20,2484,UMAEXPORTS,EQ,54019,20151,37.30
20,2485,UMESLTD,EQ,58433,47053,80.52
20,2486,UNICHEMLAB,EQ,14207,6974,49.09
20,2487,UNIDT,EQ,12666,5745,45.36
20,2488,UNIECOM,EQ,220343,106789,48.46
20,2489,UNIENTER,EQ,9340,4644,49.72
20,2490,UNIHEALTH,SM,3000,3000,100.00
20,2491,UNIINFO,EQ,9094,3127,34.39
20,2492,UNILEX,SM,25600,19200,75.00
20,2493,UNIMECH,EQ,557001,136089,24.43
20,2494,UNIONBANK,EQ,11406449,3968705,34.79
20,2495,UNIPARTS,EQ,20912,14543,69.54
20,2496,UNITDSPR,EQ,1413532,955124,67.57
20,2497,UNITEDTEA,EQ,14504,7498,51.70
20,2498,UNIVASTU,EQ,111335,52759,47.39
20,2499,UNIVCABLES,EQ,31039,16446,52.98
20,2500,UNOMINDA,EQ,798436,365605,45.79
20,2501,UPL,EQ,1559514,672306,43.11
20,2502,UPLPP,E1,174297,123387,70.79
20,2503,URAVI,EQ,1011,700,69.24
20,2504,URBAN,ST,6400,6400,100.00
20,2505,USHAFIN,SM,6400,4000,62.50
20,2506,USHAMART,EQ,376001,136189,36.22
20,2507,USK,EQ,609740,273648,44.88
20,2508,UTIAMC,EQ,203451,96338,47.35
20,2509,UTIBANKETF,EQ,8614274,8485994,98.51
20,2510,UTINEXT50,EQ,80259,62682,78.10
20,2511,UTINIFTETF,EQ,18324,17347,94.67
20,2512,UTISENSETF,EQ,800,623,77.88
20,2513,UTISXN50,EQ,1995,1225,61.40
20,2514,UTKARSHBNK,EQ,2285610,1095891,47.95
20,2515,UTSSAV,ST,37200,37200,100.00
20,2516,UTTAMSUGAR,EQ,28329,15520,54.78
20,2517,UYFINCORP,EQ,40896,34670,84.78
20,2518,VADILALIND,EQ,3290,1185,36.02
20,2519,VAIBHAVGBL,EQ,250249,117380,46.91
20,2520,VAKRANGEE,EQ,39746368,11551648,29.06
20,2521,VAL30IETF,EQ,47713,23398,49.04
20,2522,VALIANTLAB,EQ,42032,23242,55.30
20,2523,VALIANTORG,EQ,17288,7965,46.07
20,2524,VARDHACRLC,EQ,7732,6065,78.44
20,2525,VARROC,EQ,254639,65759,25.82
20,2526,VASA,SM,8000,4000,50.00
20,2527,VASCONEQ,EQ,407618,190185,46.66
20,2528,VASWANI,EQ,118690,64022,53.94
20,2529,VBL,EQ,5003681,3058466,61.12
20,2530,VDEAL,SM,6000,6000,100.00
20,2531,VEDL,EQ,4953341,2231297,45.05
20,2532,VEEDOL,EQ,12085,6459,53.45
20,2533,VEEKAYEM,ST,7500,7500,100.00
20,2534,VENKEYS,EQ,21393,9631,45.02
20,2535,VENTIVE,EQ,513520,247809,48.26
20,2536,VENUSPIPES,EQ,119495,74341,62.21
20,2537,VENUSREM,EQ,28982,14589,50.34
20,2538,VERANDA,EQ,102645,74492,72.57
20,2539,VERITAAS,SM,6000,4800,80.00
20,2540,VERTOZ,EQ,1334683,865022,64.81
20,2541,VESUVIUS,EQ,7520,3387,45.04
20,2542,VGUARD,EQ,117329,44692,38.09
20,2543,VHL,EQ,1000,433,43.30
20,2544,VIDHIING,EQ,22735,12075,53.11
20,2545,VIESL,SM,61600,41600,67.53
20,2546,VIJAYA,EQ,710729,222460,31.30
20,2547,VIKASECO,EQ,5022230,2143707,42.68
20,2548,VIKASLIFE,EQ,3226438,1836270,56.91
20,2549,VILAS,ST,13750,12750,92.73
20,2550,VILINBIO,SM,16000,16000,100.00
20,2551,VIMTALABS,EQ,71139,24916,35.02
20,2552,VINATIORGA,EQ,18427,8724,47.34
20,2553,VINCOFE,EQ,300666,193054,64.21
20,2554,VINDHYATEL,EQ,42464,23368,55.03
20,2555,VINEETLAB,EQ,164542,88362,53.70
20,2556,VINSYS,SM,53500,41000,76.64
20,2557,VINYAS,ST,3400,3400,100.00
20,2558,VINYLINDIA,EQ,13216,8088,61.20
20,2559,VIPCLOTHNG,EQ,123946,70978,57.27
20,2560,VIPIND,EQ,176350,87248,49.47
20,2561,VIRINCHI,EQ,122882,74786,60.86
20,2562,VISAKAIND,EQ,2830995,622036,21.97
20,2563,VISHNU,EQ,59848,31916,53.33
20,2564,VISHNUINFR,ST,49000,48500,98.98
20,2565,VISHWARAJ,EQ,611903,241578,39.48
20,2566,VISHWAS,SM,9600,8000,83.33
20,2567,VITAL,SM,12000,8400,70.00
20,2568,VIVIANA,ST,16375,11500,70.23
20,2569,VIVIDHA,EQ,280299,136148,48.57
20,2570,VLEGOV,EQ,1645071,555463,33.77
20,2571,VLINFRA,ST,27000,27000,100.00
20,2572,VLSFINANCE,EQ,22029,10240,46.48
20,2573,VMARCIND,ST,4000,3500,87.50
20,2574,VMART,EQ,25192,11885,47.18
20,2575,VMM,EQ,28699821,6097166,21.24
20,2576,VOLTAMP,EQ,27943,11986,42.89
20,2577,VOLTAS,EQ,1193905,741306,62.09
20,2578,VPRPL,EQ,713422,271284,38.03
20,2579,VRAJ,EQ,42778,16213,37.90
20,2580,VRLLOG,EQ,30422,15678,51.54
20,2581,VSSL,EQ,24486,14170,57.87
20,2582,VSTIND,EQ,99734,44493,44.61
20,2583,VSTL,EQ,10021,4936,49.26
20,2584,VSTTILLERS,EQ,3687,2375,64.42
20,2585,VTL,EQ,115100,51146,44.44
20,2586,WAAREEENER,EQ,757064,258766,34.18
20,2587,WABAG,EQ,380547,161918,42.55
20,2588,WALCHANNAG,EQ,219555,101869,46.40
20,2589,WALPAR,SM,8000,4000,50.00
20,2590,WCIL,EQ,218508,113630,52.00
20,2591,WEIZMANIND,EQ,8581,5369,62.57
20,2592,WEL,EQ,295847,77945,26.35
20,2593,WELCORP,EQ,474155,191735,40.44
20,2594,WELENT,EQ,292319,94863,32.45
20,2595,WELINV,EQ,416,340,81.73
20,2596,WELSPUNLIV,EQ,983422,499375,50.78
20,2597,WENDT,EQ,167,94,56.29
20,2598,WESTLIFE,EQ,103269,46523,45.05
20,2599,WEWIN,EQ,4727,3353,70.93
20,2600,WHEELS,EQ,12262,6168,50.30
20,2601,WHIRLPOOL,EQ,68447,34439,50.31
20,2602,WILLAMAGOR,EQ,56535,31763,56.18
20,2603,WINDLAS,EQ,34521,22577,65.40
20,2604,WINDMACHIN,EQ,127641,64853,50.81
20,2605,WINNY,ST,7000,3000,42.86
20,2606,WINSOL,SM,68000,49600,72.94
20,2607,WIPRO,EQ,7937785,3829612,48.25
20,2608,WOCKPHARMA,EQ,237268,94706,39.92
20,2609,WOL3D,SM,5000,5000,100.00
20,2610,WOMANCART,ST,3600,3600,100.00
20,2611,WONDERLA,EQ,62991,28873,45.84
20,2612,WORTH,EQ,82167,46706,56.84
20,2613,WSI,EQ,135985,69112,50.82
20,2614,WSTCSTPAPR,EQ,93948,44655,47.53
20,2615,WTICAB,ST,23500,21500,91.49
20,2616,XCHANGING,EQ,114567,55272,48.24
20,2617,XELPMOC,EQ,24941,7462,29.92
20,2618,XPROINDIA,EQ,22078,11966,54.20
20,2619,XTGLOBAL,EQ,198134,123488,62.33
20,2620,YASHO,EQ,9812,5165,52.64
20,2621,YASHOPTICS,SM,28800,25600,88.89
20,2622,YATHARTH,EQ,440502,294501,66.86
20,2623,YATRA,EQ,103609,52209,50.39
20,2624,YESBANK,EQ,87612688,34803051,39.72
20,2625,YUKEN,EQ,8945,5639,63.04
20,2626,ZAGGLE,EQ,785927,540415,68.76
20,2627,ZEAL,SM,9000,6000,66.67
20,2628,ZEEL,EQ,33626381,8383023,24.93
20,2629,ZEELEARN,EQ,2413813,1851891,76.72
20,2630,ZEEMEDIA,EQ,6212474,3951504,63.61
20,2631,ZENITHDRUG,ST,101600,96000,94.49
20,2632,ZENITHEXPO,EQ,292,228,78.08
20,2633,ZENITHSTL,EQ,79007,66683,84.40
20,2634,ZENSARTECH,EQ,624438,217290,34.80
20,2635,ZENTEC,EQ,184536,69173,37.48
20,2636,ZFCVINDIA,EQ,9911,7521,75.89
20,2637,ZIMLAB,EQ,52109,32147,61.69
20,2638,ZODIAC,EQ,14119,7292,51.65
20,2639,ZODIACLOTH,EQ,9678,6073,62.75
20,2640,ZOMATO,EQ,57146621,27331403,47.83
20,2641,ZOTA,EQ,255300,77695,30.43
20,2642,ZTECH,ST,4500,4500,100.00
20,2643,ZUARI,EQ,255811,92598,36.20
20,2644,ZUARIIND,EQ,25464,14282,56.09
20,2645,ZYDUSLIFE,EQ,1389234,601429,43.29
20,2646,ZYDUSWELL,EQ,6767,2934,43.36
