Security Wise Delivery Position - Compulsory Rolling Settlement
10,MTO,14012025,1372421580,0002613
Trade Date <14-JAN-2025>,Settlement Type <N>
Record Type,Sr No,Name of Security,Quantity Traded,Deliverable Quantity(gross across client level),% of Deliverable Quantity to Traded Quantity
20,1,0MOFSL27,N3,100,100,100.00
20,2,1003IIFL29,NC,64,64,100.00
20,3,1003ISFL28,N4,124,124,100.00
20,4,1003SFIL28,NX,138,138,100.00
20,5,1015ECL29,NR,1150,1140,99.13
20,6,1018GS2026,GS,1022,1022,100.00
20,7,1025SCL34B,N1,16,16,100.00
20,8,1040UCL27B,N1,10,10,100.00
20,9,1050NFL26,N7,53,53,100.00
20,10,1050UCL25,N7,123,121,98.37
20,11,105IIFL29,N7,200,200,100.00
20,12,1060ECL29,NS,229,119,51.97
20,13,1065NFL27,NC,478,478,100.00
20,14,1075SCL34,ZR,50,50,100.00
20,15,10CAGL27,N5,60,60,100.00
20,16,10IFSL26,N7,105,105,100.00
20,17,10IIFL28A,NE,28,28,100.00
20,18,10IIFL29,N6,181,181,100.00
20,19,10ISFL26,N3,28,28,100.00
20,20,10NIDO26,N6,120,120,100.00
20,21,10SCL30A,BV,5,5,100.00
20,22,182D030725,TB,100,100,100.00
20,23,182D120625,TB,100,100,100.00
20,24,182D270225,TB,700,700,100.00
20,25,20MICRONS,EQ,101660,57063,56.13
20,26,360ONE,EQ,423370,219171,51.77
20,27,364D050625,TB,800,800,100.00
20,28,364D080126,TB,4500,4500,100.00
20,29,364D100725,TB,100,100,100.00
20,30,3IINFOLTD,EQ,524629,219914,41.92
20,31,3MINDIA,EQ,10089,3345,33.15
20,32,515GS2025,GS,2,1,50.00
20,33,574GS2026,GS,2,2,100.00
20,34,5PAISA,EQ,32525,13691,42.09
20,35,601GS2028,GS,1,1,100.00
20,36,63MOONS,EQ,274445,151379,55.16
20,37,654GS2032,GS,100,100,100.00
20,38,664GS2027,GS,3500,3500,100.00
20,39,667GS2050,GS,501,501,100.00
20,40,676GS2061,GS,19284,18284,94.81
20,41,679GS2034,GS,2498,2299,92.03
20,42,695GS2061,GS,903,501,55.48
20,43,697GR2034,GS,3,3,100.00
20,44,699GS2026,GS,103305,102305,99.03
20,45,699GS2051,GS,1831,1827,99.78
20,46,702GS2027,GS,199,199,100.00
20,47,704GS2029,GS,420,300,71.43
20,48,706GS2028,GS,10250,10250,100.00
20,49,709GS2054,GS,299,299,100.00
20,50,709GS2074,GS,200,200,100.00
20,51,710GS2029,GS,2444,2221,90.88
20,52,717GS2030,GS,3500,3500,100.00
20,53,718GS2037,GS,3000,3000,100.00
20,54,719GS2060,GS,1,1,100.00
20,55,71GS2034,GS,3,3,100.00
20,56,725GS2063,GS,5720,5720,100.00
20,57,726GS2032,GS,100,100,100.00
20,58,726GS2033,GS,1,1,100.00
20,59,727GS2026,GS,11,11,100.00
20,60,729NHAI26,NC,1,1,100.00
20,61,732GS2030,GS,1300,1200,92.31
20,62,733GS2026,GS,2600,2600,100.00
20,63,734GS2064,GS,302,302,100.00
20,64,736PFCL28,N2,23310,23310,100.00
20,65,737GS2028,GS,6050,6050,100.00
20,66,738GS2027,GS,998083,902930,90.47
20,67,738REC27TF,N2,15,15,100.00
20,68,739NHAI26,N8,151,151,100.00
20,69,73GS2053,GS,1807,1807,100.00
20,70,740IIFCL33,N1,910,910,100.00
20,71,741GS2036,GS,20,20,100.00
20,72,743REC35,NH,4,4,100.00
20,73,746GS2073,GS,4762,4762,100.00
20,74,747PN43,SG,500,500,100.00
20,75,74GS2062,GS,126,126,100.00
20,76,750IRFC35,NK,42,42,100.00
20,77,753IRFC30,NJ,103,103,100.00
20,78,754GS2036,GS,371173,360923,97.24
20,79,761RJ43,SG,400,400,100.00
20,80,762NTPC35F,ND,25,25,100.00
20,81,762PN38,SG,400,400,100.00
20,82,764HUDCO31,N8,180,180,100.00
20,83,764IRFC31,NO,1508,821,54.44
20,84,764NABAR31,N2,30,30,100.00
20,85,769NHAI31,NE,1087,1000,92.00
20,86,76NHAI31,NA,1,1,100.00
20,87,774IREDA31,N7,150,150,100.00
20,88,797IGT31,NL,307,307,100.00
20,89,79NHIT35,N1,900,800,88.89
20,90,79NHIT40,N2,449,449,100.00
20,91,79NHIT47,N3,2081,1881,90.39
20,92,810IRFC27,N2,596,481,80.70
20,93,81ABFL33,N5,75,75,100.00
20,94,81TCHF28,N8,133,127,95.49
20,95,82HUDCO27,N2,4266,3836,89.92
20,96,82IGT31,NJ,760,735,96.71
20,97,830NHAI27,N2,3452,2819,81.66
20,98,830PFCL27,N5,973,500,51.39
20,99,833GS2026,GS,433,433,100.00
20,100,835IFL25,NV,500,500,100.00
20,101,842IIFL26,NL,390,390,100.00
20,102,847SCL25,Z2,15,15,100.00
20,103,849NTPC25,N7,203566,119796,58.85
20,104,84TCHF28,NA,20,20,100.00
20,105,850NHAI29,N5,182,182,100.00
20,106,85IFL26,NX,2469,2040,82.62
20,107,863NHB29,N2,5,3,60.00
20,108,865IFL28,NZ,200,200,100.00
20,109,865IHFL27,N1,40,20,50.00
20,110,865IIFL28,NS,512,512,100.00
20,111,865IRFC29,NA,1,1,100.00
20,112,865LTF26,NN,109,109,100.00
20,113,865SCL26,N8,2,2,100.00
20,114,865TCAPS27,N8,230,137,59.57
20,115,871REC28,N9,55,55,100.00
20,116,873NTPC28,N5,52,52,100.00
20,117,875IIFL26,NM,55,55,100.00
20,118,875NHAI29,N6,600,600,100.00
20,119,876HUDCO28,ND,345,345,100.00
20,120,87LTF27,NH,492,441,89.63
20,121,880IREDA29,N5,150,150,100.00
20,122,880IREDA34,N6,890,490,55.06
20,123,885IHL26,N1,10,10,100.00
20,124,885MOFSL26,N0,146,146,100.00
20,125,888IHFL25F,NC,5,5,100.00
20,126,888REC29,NF,15,15,100.00
20,127,889SCFL27,YC,50,50,100.00
20,128,889SCL26,NS,304,304,100.00
20,129,891IIFCL34,N4,908,770,84.80
20,130,891NTPC33,N6,2622,350,13.35
20,131,892NHPC33,N6,499,494,99.00
20,132,892PFCL33,N8,1345,1145,85.13
20,133,894SCL25,Z3,4,4,100.00
20,134,897GS2030,GS,6,6,100.00
20,135,898LTF29,N7,10,10,100.00
20,136,89IHFL29,N1,10,10,100.00
20,137,8ABFL26,N0,15,10,66.67
20,138,901HUDCO34,NE,652,447,68.56
20,139,901NHB34,N6,624,419,67.15
20,140,903SFL28,YI,16,16,100.00
20,141,905LTF27,NF,57,50,87.72
20,142,905PEL26,N1,28,28,100.00
20,143,910TCAP28,NA,20,20,100.00
20,144,915SCL26,NE,200,200,100.00
20,145,916SCL25,ZW,10,10,100.00
20,146,91D200325,TB,200,200,100.00
20,147,91D300125,TB,200,100,50.00
20,148,91SFL27,ZI,50,50,100.00
20,149,920IIFLS26,N8,215,215,100.00
20,150,920PEL28,N2,300,300,100.00
20,151,921ISFL25,N0,100,100,100.00
20,152,925ERFL28,N6,2,2,100.00
20,153,925SCL27,YR,29,29,100.00
20,154,92GS2030,GS,1250,1240,99.20
20,155,92SFIL28,ND,100,100,100.00
20,156,930SFL28,YP,5,5,100.00
20,157,93MOFSL34,N6,103,103,100.00
20,158,943ECL28,NJ,152,150,98.68
20,159,945IFSL25,N4,41,41,100.00
20,160,948SCL26A,NN,30,30,100.00
20,161,948SFIL25A,NG,246,246,100.00
20,162,950SCL23A,AP,4,4,100.00
20,163,955SCL25,ZU,1,1,100.00
20,164,956AEL29,N6,50,50,100.00
20,165,957IIFLS27,NA,5,5,100.00
20,166,957NIDO26,N5,73,73,100.00
20,167,960ISFL25,N1,310,310,100.00
20,168,965AEL27,N4,553,553,100.00
20,169,965SCL25C,N0,113,112,99.12
20,170,96IIFL28,N5,1287,1287,100.00
20,171,96IIFL28A,NF,825,825,100.00
20,172,96SFIL24A,NB,61,61,100.00
20,173,970CAGL28,ND,172,172,100.00
20,174,975SCL29,N0,5,5,100.00
20,175,97MOFSL34,N7,500,500,100.00
20,176,985ECL28,NK,114,114,100.00
20,177,985IIFL22,NC,110,110,100.00
20,178,990SCL26,N7,1,1,100.00
20,179,99AEL29,N7,1507,995,66.03
20,180,9IHFL27,N1,40,40,100.00
20,181,9MMFSML,N2,150,150,100.00
20,182,9PEL25,N0,151,151,100.00
20,183,9SCL26BA,NA,100,50,50.00
20,184,AAATECH,EQ,24949,12691,50.87
20,185,AADHARHFC,EQ,421874,285855,67.76
20,186,AAKASH,EQ,89015,52533,59.02
20,187,AARON,EQ,4912,2877,58.57
20,188,AARTIDRUGS,EQ,161613,90253,55.85
20,189,AARTIIND,EQ,1807357,502424,27.80
20,190,AARTIPHARM,EQ,287621,103067,35.83
20,191,AARTISURF,EQ,5878,3606,61.35
20,192,AARVI,EQ,10253,4380,42.72
20,193,AATMAJ,SM,4000,4000,100.00
20,194,AAVAS,EQ,125939,79516,63.14
20,195,ABAN,EQ,102118,54723,53.59
20,196,ABB,EQ,254776,138221,54.25
20,197,ABBOTINDIA,EQ,10667,4160,39.00
20,198,ABCAPITAL,EQ,4081644,1325077,32.46
20,199,ABCOTS,ST,8000,6500,81.25
20,200,ABDL,EQ,300466,147592,49.12
20,201,ABFRL,EQ,2405933,786540,32.69
20,202,ABGSEC,EQ,2438,2252,92.37
20,203,ABHAPOWER,ST,68800,68800,100.00
20,204,ABINFRA,EQ,144518,87114,60.28
20,205,ABREL,EQ,249424,98319,39.42
20,206,ABSLAMC,EQ,269011,141029,52.42
20,207,ABSLBANETF,EQ,32722,27670,84.56
20,208,ABSLLIQUID,EQ,1442,1150,79.75
20,209,ABSLNN50ET,EQ,18108,14206,78.45
20,210,ABSLPSE,EQ,149640,91779,61.33
20,211,ABSMARINE,SM,43500,34000,78.16
20,212,ACC,EQ,340567,145674,42.77
20,213,ACCELYA,EQ,14849,9833,66.22
20,214,ACCENTMIC,SM,27500,19500,70.91
20,215,ACCORD,SM,2000,2000,100.00
20,216,ACCURACY,EQ,183093,137962,75.35
20,217,ACE,EQ,292894,113099,38.61
20,218,ACEINTEG,EQ,10350,3720,35.94
20,219,ACI,EQ,163407,74349,45.50
20,220,ACL,EQ,16499,7325,44.40
20,221,ACLGATI,EQ,563729,248276,44.04
20,222,ACMESOLAR,EQ,666982,319396,47.89
20,223,ADANIENSOL,EQ,9525701,1240280,13.02
20,224,ADANIENT,EQ,4120705,716492,17.39
20,225,ADANIGREEN,EQ,17198310,2006795,11.67
20,226,ADANIPORTS,EQ,6277854,1936382,30.84
20,227,ADANIPOWER,EQ,51113423,6081716,11.90
20,228,ADFFOODS,EQ,69215,28377,41.00
20,229,ADL,EQ,420,264,62.86
20,230,ADORWELD,EQ,6628,3291,49.65
20,231,ADSL,EQ,1492090,322879,21.64
20,232,ADVANIHOTR,EQ,89897,38284,42.59
20,233,ADVENZYMES,EQ,212769,146572,68.89
20,234,AEGISLOG,EQ,6976251,246598,3.53
20,235,AEROFLEX,EQ,854501,392361,45.92
20,236,AERON,SM,72000,45000,62.50
20,237,AESTHETIK,SM,16000,12000,75.00
20,238,AETHER,EQ,34585,14235,41.16
20,239,AFCONS,EQ,1208943,372888,30.84
20,240,AFFLE,EQ,234878,135718,57.78
20,241,AFFORDABLE,EQ,8285,6153,74.27
20,242,AFIL,EQ,173152,95742,55.29
20,243,AGARIND,EQ,15447,7846,50.79
20,244,AGARWALFT,SM,7500,6000,80.00
20,245,AGARWALTUF,SM,103200,88800,86.05
20,246,AGI,EQ,263445,104715,39.75
20,247,AGIIL,EQ,4938,2376,48.12
20,248,AGNI,SM,17500,17500,100.00
20,249,AGRITECH,EQ,6772,3731,55.09
20,250,AGROPHOS,EQ,33901,14700,43.36
20,251,AGSTRA,EQ,341475,150465,44.06
20,252,AHIMSA,ST,3000,3000,100.00
20,253,AHL,EQ,129495,38955,30.08
20,254,AHLADA,EQ,14413,8060,55.92
20,255,AHLEAST,EQ,9063,3572,39.41
20,256,AHLUCONT,EQ,103690,68768,66.32
20,257,AIAENG,EQ,22521,11042,49.03
20,258,AIIL,EQ,115803,62144,53.66
20,259,AIMTRON,ST,54000,47200,87.41
20,260,AIRAN,EQ,169566,82099,48.42
20,261,AIROLAM,EQ,7482,2939,39.28
20,262,AIRTELPP,E1,172593,93856,54.38
20,263,AJANTPHARM,EQ,121318,67945,56.01
20,264,AJMERA,EQ,50382,18752,37.22
20,265,AJOONI,EQ,1942770,1020026,52.50
20,266,AKANKSHA,ST,20000,20000,100.00
20,267,AKASH,EQ,4979,3035,60.96
20,268,AKG,EQ,18246,8575,47.00
20,269,AKIKO,SM,24000,19200,80.00
20,270,AKSHARCHEM,EQ,16285,10527,64.64
20,271,AKUMS,EQ,138472,61664,44.53
20,272,AKZOINDIA,EQ,11643,5780,49.64
20,273,ALANKIT,EQ,1040026,273555,26.30
20,274,ALBERTDAVD,EQ,8625,4997,57.94
20,275,ALEMBICLTD,EQ,463292,194114,41.90
20,276,ALICON,EQ,21890,12474,56.98
20,277,ALKALI,EQ,12794,5327,41.64
20,278,ALKEM,EQ,53375,25427,47.64
20,279,ALKYLAMINE,EQ,72622,12367,17.03
20,280,ALLCARGO,EQ,1986956,811201,40.83
20,281,ALLDIGI,EQ,12050,5043,41.85
20,282,ALLETEC,ST,28400,23200,81.69
20,283,ALOKINDS,EQ,7386984,1984600,26.87
20,284,ALPA,EQ,159929,56271,35.18
20,285,ALPEXSOLAR,SM,70400,42400,60.23
20,286,ALPHA,EQ,1267298,844346,66.63
20,287,ALPHAETF,EQ,1130930,684902,60.56
20,288,ALPHAGEO,EQ,26562,9836,37.03
20,289,ALPL30IETF,EQ,889846,766218,86.11
20,290,ALUWIND,SM,30000,19500,65.00
20,291,AMBER,EQ,513511,106708,20.78
20,292,AMBEY,SM,28000,26000,92.86
20,293,AMBICAAGAR,EQ,32673,19536,59.79
20,294,AMBIKCO,EQ,7618,3569,46.85
20,295,AMBUJACEM,EQ,1755495,579675,33.02
20,296,AMDIND,EQ,7428,5477,73.73
20,297,AMEYA,ST,8000,8000,100.00
20,298,AMIORG,EQ,220274,90974,41.30
20,299,AMJLAND,EQ,49603,24550,49.49
20,300,AMNPLST,EQ,14652,4522,30.86
20,301,AMRUTANJAN,EQ,29792,13817,46.38
20,302,ANANDRATHI,EQ,254363,43211,16.99
20,303,ANANTRAJ,EQ,1505754,399958,26.56
20,304,ANDHRAPAP,EQ,114883,71133,61.92
20,305,ANDHRSUGAR,EQ,108949,51026,46.83
20,306,ANGELONE,EQ,6227921,679497,10.91
20,307,ANLON,SM,9200,8400,91.30
20,308,ANMOL,EQ,171145,61707,36.06
20,309,ANNAPURNA,SM,74750,51500,68.90
20,310,ANTGRAPHIC,EQ,445186,323031,72.56
20,311,ANUHPHR,EQ,45229,20199,44.66
20,312,ANUP,EQ,50639,16426,32.44
20,313,ANURAS,EQ,36769,12281,33.40
20,314,ANYA,ST,2020000,1990000,98.51
20,315,APARINDS,EQ,121656,54705,44.97
20,316,APCL,EQ,5088,3062,60.18
20,317,APCOTEXIND,EQ,12448,7003,56.26
20,318,APEX,EQ,76815,30756,40.04
20,319,APEXECO,SM,67200,36800,54.76
20,320,APLAPOLLO,EQ,722631,400217,55.38
20,321,APLLTD,EQ,97155,41930,43.16
20,322,APOLLO,EQ,8702294,2274461,26.14
20,323,APOLLOHOSP,EQ,362659,222228,61.28
20,324,APOLLOPIPE,EQ,25568,11518,45.05
20,325,APOLLOTYRE,EQ,923545,166290,18.01
20,326,APOLSINHOT,EQ,1434,879,61.30
20,327,APS,SM,35750,26250,73.43
20,328,APTECHT,EQ,82566,29749,36.03
20,329,APTUS,EQ,289504,172798,59.69
20,330,ARCHIDPLY,EQ,17862,13236,74.10
20,331,ARCHIES,EQ,55389,34829,62.88
20,332,ARE&M,EQ,735814,369238,50.18
20,333,ARHAM,SM,13000,13000,100.00
20,334,ARIHANTCAP,EQ,261629,122955,47.00
20,335,ARIHANTSUP,EQ,60933,22916,37.61
20,336,ARISTO,ST,1600,1600,100.00
20,337,ARKADE,EQ,1488533,512462,34.43
20,338,ARMANFIN,EQ,41560,18652,44.88
20,339,AROGRANITE,EQ,4885,2743,56.15
20,340,ARROWGREEN,EQ,21304,11846,55.60
20,341,ARTEMISMED,EQ,71259,28866,40.51
20,342,ARVEE,EQ,1729,484,27.99
20,343,ARVIND,EQ,301310,91088,30.23
20,344,ARVINDFASN,EQ,242953,119501,49.19
20,345,ARVSMART,EQ,59093,30376,51.40
20,346,ASAHIINDIA,EQ,132368,62276,47.05
20,347,ASAHISONG,EQ,20799,12874,61.90
20,348,ASAL,EQ,22008,9975,45.32
20,349,ASALCBR,EQ,39388,19048,48.36
20,350,ASHALOG,ST,8000,8000,100.00
20,351,ASHAPURMIN,EQ,222093,94494,42.55
20,352,ASHIANA,EQ,154468,47761,30.92
20,353,ASHOKA,EQ,2074398,747616,36.04
20,354,ASHOKLEY,EQ,2950353,914908,31.01
20,355,ASIANENE,EQ,127339,49680,39.01
20,356,ASIANPAINT,EQ,1317678,894383,67.88
20,357,ASIANTILES,EQ,353629,152234,43.05
20,358,ASKAUTOLTD,EQ,261439,148276,56.72
20,359,ASLIND,SM,10000,8000,80.00
20,360,ASMS,EQ,1044472,618561,59.22
20,361,ASPINWALL,EQ,7916,4739,59.87
20,362,ASPIRE,ST,26000,24000,92.31
20,363,ASTEC,EQ,8747,3361,38.42
20,364,ASTERDM,EQ,422184,254367,60.25
20,365,ASTRAL,EQ,465502,252409,54.22
20,366,ASTRAMICRO,EQ,139477,54951,39.40
20,367,ASTRAZEN,EQ,20237,3087,15.25
20,368,ASTRON,EQ,47094,32429,68.86
20,369,ATAM,EQ,26358,16977,64.41
20,370,ATFL,EQ,7884,3339,42.35
20,371,ATGL,EQ,11803732,477583,4.05
20,372,ATL,EQ,345588,167949,48.60
20,373,ATMASTCO,ST,58000,58000,100.00
20,374,ATUL,EQ,27923,15818,56.65
20,375,ATULAUTO,EQ,42038,15935,37.91
20,376,AUBANK,EQ,3979231,2855891,71.77
20,377,AURDIS,ST,3125,3125,100.00
20,378,AURIONPRO,EQ,42872,19790,46.16
20,379,AUROIMPEX,SM,9600,8000,83.33
20,380,AUROPHARMA,EQ,525458,178129,33.90
20,381,AURUM,EQ,25023,12110,48.40
20,382,AURUMPP1,E1,1449,1446,99.79
20,383,AUSL,SM,8000,6000,75.00
20,384,AUTOAXLES,EQ,4633,2747,59.29
20,385,AUTOBEES,EQ,90177,36718,40.72
20,386,AUTOIETF,EQ,287350,130909,45.56
20,387,AUTOIND,EQ,70590,40511,57.39
20,388,AVADHSUGAR,EQ,63997,29904,46.73
20,389,AVALON,EQ,670025,465321,69.45
20,390,AVANTEL,EQ,856546,392273,45.80
20,391,AVANTIFEED,EQ,586743,185606,31.63
20,392,AVG,EQ,70589,39088,55.37
20,393,AVIANSH,ST,68000,62000,91.18
20,394,AVL,EQ,71459,31416,43.96
20,395,AVPINFRA,ST,3200,3200,100.00
20,396,AVTNPL,EQ,64459,41184,63.89
20,397,AWFIS,EQ,494577,259543,52.48
20,398,AWHCL,EQ,104671,60234,57.55
20,399,AWL,EQ,9750729,3574627,36.66
20,400,AXISBANK,EQ,6892897,4107752,59.59
20,401,AXISBNKETF,EQ,3437,3311,96.33
20,402,AXISBPSETF,EQ,1122279,856395,76.31
20,403,AXISCETF,EQ,3968,3824,96.37
20,404,AXISGOLD,EQ,168085,137864,82.02
20,405,AXISHCETF,EQ,5408,3444,63.68
20,406,AXISILVER,EQ,45528,27811,61.09
20,407,AXISNIFTY,EQ,3397,2976,87.61
20,408,AXISTECETF,EQ,1527,901,59.00
20,409,AXITA,EQ,2774181,1233406,44.46
20,410,AXSENSEX,EQ,3334,3104,93.10
20,411,AYMSYNTEX,EQ,61700,40275,65.28
20,412,AZAD,EQ,105792,50557,47.79
20,413,BABAFP,SM,8000,6400,80.00
20,414,BAHETI,ST,3375,3000,88.89
20,415,BAIDFIN,EQ,973414,369878,38.00
20,416,BAJAJ-AUTO,EQ,355464,190726,53.66
20,417,BAJAJCON,EQ,272034,133287,49.00
20,418,BAJAJELEC,EQ,10113,4389,43.40
20,419,BAJAJFINSV,EQ,2084348,1166819,55.98
20,420,BAJAJHCARE,EQ,229944,63104,27.44
20,421,BAJAJHFL,EQ,14891431,6323870,42.47
20,422,BAJAJHIND,EQ,8230621,2519884,30.62
20,423,BAJAJHLDNG,EQ,26276,9517,36.22
20,424,BAJEL,EQ,505502,97409,19.27
20,425,BAJFINANCE,EQ,998011,482480,48.34
20,426,BALAJEE,EQ,223469,81827,36.62
20,427,BALAMINES,EQ,89986,23292,25.88
20,428,BALAXI,EQ,760837,109765,14.43
20,429,BALCO,ST,3600,3600,100.00
20,430,BALKRISHNA,EQ,20912,11234,53.72
20,431,BALKRISIND,EQ,240699,88974,36.96
20,432,BALMLAWRIE,EQ,242838,116746,48.08
20,433,BALPHARMA,EQ,12332,6005,48.69
20,434,BALRAMCHIN,EQ,818796,220785,26.96
20,435,BALUFORGE,EQ,384998,186244,48.38
20,436,BANARISUG,EQ,2065,1150,55.69
20,437,BANCOINDIA,EQ,168161,61966,36.85
20,438,BANDHANBNK,EQ,12624790,4865418,38.54
20,439,BANKA,EQ,12302,8514,69.21
20,440,BANKBARODA,EQ,10793343,4766507,44.16
20,441,BANKBEES,EQ,622652,271676,43.63
20,442,BANKBETF,EQ,5940,3502,58.96
20,443,BANKETF,EQ,10876,9412,86.54
20,444,BANKETFADD,EQ,3076,2504,81.40
20,445,BANKIETF,EQ,177954,103749,58.30
20,446,BANKINDIA,EQ,17015919,7823881,45.98
20,447,BANKNIFTY1,EQ,31987,20367,63.67
20,448,BANKPSU,EQ,9231,3835,41.54
20,449,BANSALWIRE,EQ,84538,41062,48.57
20,450,BANSWRAS,EQ,37880,22447,59.26
20,451,BARBEQUE,EQ,285950,247810,86.66
20,452,BASF,EQ,17488,4990,28.53
20,453,BASILIC,ST,144900,135600,93.58
20,454,BASML,EQ,28385,16021,56.44
20,455,BATAINDIA,EQ,174605,44794,25.65
20,456,BAWEJA,SM,12000,8000,66.67
20,457,BAYERCROP,EQ,16338,9911,60.66
20,458,BBETF0432,EQ,58412,58251,99.72
20,459,BBL,EQ,63146,34517,54.66
20,460,BBNPNBETF,EQ,491,427,86.97
20,461,BBNPPGOLD,EQ,484,374,77.27
20,462,BBOX,EQ,149359,72206,48.34
20,463,BBTC,EQ,41726,16872,40.44
20,464,BBTCL,EQ,3450,1706,49.45
20,465,BCLIND,EQ,694068,281405,40.54
20,466,BCONCEPTS,EQ,24925,15860,63.63
20,467,BDL,EQ,593195,193045,32.54
20,468,BEACON,SM,20000,10000,50.00
20,469,BEARDSELL,EQ,61092,31530,51.61
20,470,BECTORFOOD,EQ,95961,49809,51.91
20,471,BEDMUTHA,EQ,12754,8749,68.60
20,472,BEL,EQ,18938129,7432040,39.24
20,473,BEML,EQ,240136,87007,36.23
20,474,BEPL,EQ,377737,161136,42.66
20,475,BERGEPAINT,EQ,928304,465089,50.10
20,476,BESTAGRO,EQ,20598,9044,43.91
20,477,BETA,SM,5800,3800,65.52
20,478,BEWLTD,ST,67500,67500,100.00
20,479,BFINVEST,EQ,33895,14542,42.90
20,480,BFSI,EQ,268297,213580,79.61
20,481,BHAGCHEM,EQ,54119,24915,46.04
20,482,BHAGERIA,EQ,18962,10728,56.58
20,483,BHAGYANGR,EQ,20007,9099,45.48
20,484,BHANDARI,EQ,617622,354646,57.42
20,485,BHARATFORG,EQ,1507971,988976,65.58
20,486,BHARATGEAR,EQ,13570,7137,52.59
20,487,BHARATRAS,EQ,2068,1288,62.28
20,488,BHARATWIRE,EQ,152710,76752,50.26
20,489,BHARTIARTL,EQ,7284572,4774075,65.54
20,490,BHARTIHEXA,EQ,385290,265351,68.87
20,491,BHEL,EQ,16773870,5733734,34.18
20,492,BHINVIT,IV,59091,47148,79.79
20,493,BIGBLOC,EQ,126158,58073,46.03
20,494,BIKAJI,EQ,280424,179680,64.07
20,495,BIKEWO,SM,28000,12000,42.86
20,496,BINANIIND,EQ,51976,37156,71.49
20,497,BIOCON,EQ,16972762,2784135,16.40
20,498,BIOFILCHEM,EQ,29115,15599,53.58
20,499,BIRDYS,SM,14400,14400,100.00
20,500,BIRET,RR,133368,89892,67.40
20,501,BIRLACABLE,EQ,22992,10076,43.82
20,502,BIRLACORPN,EQ,45161,24530,54.32
20,503,BLACKBUCK,EQ,125557,46962,37.40
20,504,BLAL,EQ,93347,50950,54.58
20,505,BLBLIMITED,EQ,92777,25213,27.18
20,506,BLISSGVS,EQ,619048,191754,30.98
20,507,BLKASHYAP,EQ,466830,264309,56.62
20,508,BLS,EQ,3162140,1342227,42.45
20,509,BLSE,EQ,130679,53131,40.66
20,510,BLUEDART,EQ,21830,13258,60.73
20,511,BLUEJET,EQ,134689,47006,34.90
20,512,BLUEPEBBLE,SM,7200,5200,72.22
20,513,BLUESTARCO,EQ,395477,167734,42.41
20,514,BMETRICS,SM,4800,4000,83.33
20,515,BODALCHEM,EQ,306260,148771,48.58
20,516,BOMDYEING,EQ,1797209,825332,45.92
20,517,BOROLTD,EQ,77769,36007,46.30
20,518,BOROSCI,EQ,43253,16293,37.67
20,519,BOSCHLTD,EQ,12720,4993,39.25
20,520,BOSS,ST,16000,16000,100.00
20,521,BPCL,EQ,6710730,3483242,51.91
20,522,BPL,EQ,175671,58168,33.11
20,523,BRIGADE,EQ,113528,53808,47.40
20,524,BRITANNIA,EQ,283367,170781,60.27
20,525,BRNL,EQ,356356,103077,28.93
20,526,BSE,EQ,2409116,627636,26.05
20,527,BSE500IETF,EQ,205317,148088,72.13
20,528,BSHSL,EQ,12877,5984,46.47
20,529,BSL,EQ,10411,4824,46.34
20,530,BSLGOLDETF,EQ,21165,9892,46.74
20,531,BSLNIFTY,EQ,262926,184599,70.21
20,532,BSLSENETFG,EQ,1282,695,54.21
20,533,BSOFT,EQ,1284222,309173,24.07
20,534,BTML,EQ,1154413,445277,38.57
20,535,BULKCORP,SM,1200,1200,100.00
20,536,BURNPUR,EQ,199496,105805,53.04
20,537,BUTTERFLY,EQ,2830,1296,45.80
20,538,BVCL,EQ,76159,28087,36.88
20,539,C2C,SM,178800,117000,65.44
20,540,CADSYS,ST,3000,3000,100.00
20,541,CALSOFT,EQ,782186,480198,61.39
20,542,CAMLINFINE,EQ,3265207,1253890,38.40
20,543,CAMPUS,EQ,635511,176303,27.74
20,544,CAMS,EQ,370586,190256,51.34
20,545,CANARYS,SM,28000,24000,85.71
20,546,CANBK,EQ,26041305,8624109,33.12
20,547,CANFINHOME,EQ,1028887,485962,47.23
20,548,CANTABIL,EQ,218635,91044,41.64
20,549,CAPACITE,EQ,675776,259701,38.43
20,550,CAPITALSFB,EQ,83614,56324,67.36
20,551,CAPLIPOINT,EQ,160961,47989,29.81
20,552,CARBORUNIV,EQ,44757,24091,53.83
20,553,CAREERP,EQ,16838,9491,56.37
20,554,CARERATING,EQ,74785,51741,69.19
20,555,CARRARO,EQ,104789,43193,41.22
20,556,CARTRADE,EQ,386694,163303,42.23
20,557,CARYSIL,EQ,108032,32536,30.12
20,558,CASTROLIND,EQ,2028486,702405,34.63
20,559,CBAZAAR,SM,32000,24000,75.00
20,560,CCHHL,EQ,65649,38744,59.02
20,561,CCL,EQ,234032,114702,49.01
20,562,CDSL,EQ,2693590,758875,28.17
20,563,CEATLTD,EQ,78265,31410,40.13
20,564,CEIGALL,EQ,145538,74785,51.39
20,565,CELEBRITY,EQ,104130,57503,55.22
20,566,CELLECOR,SM,3762000,2067000,54.94
20,567,CELLO,EQ,129506,65828,50.83
20,568,CELLPOINT,SM,6000,6000,100.00
20,569,CENTENKA,EQ,21705,8212,37.83
20,570,CENTEXT,EQ,77749,48422,62.28
20,571,CENTRALBK,EQ,15149496,4814876,31.78
20,572,CENTRUM,EQ,264873,121374,45.82
20,573,CENTUM,EQ,14203,6629,46.67
20,574,CENTURYPLY,EQ,99529,41144,41.34
20,575,CERA,EQ,10926,5265,48.19
20,576,CESC,EQ,6388587,2896229,45.33
20,577,CEWATER,EQ,247134,52824,21.37
20,578,CGCL,EQ,615561,24113,3.92
20,579,CGPOWER,EQ,7807377,4787903,61.33
20,580,CGRAPHICS,SM,56800,44800,78.87
20,581,CHALET,EQ,237449,133606,56.27
20,582,CHAMBLFERT,EQ,919415,329203,35.81
20,583,CHAVDA,SM,22000,15000,68.18
20,584,CHEMBOND,EQ,7164,4369,60.99
20,585,CHEMCON,EQ,27101,15153,55.91
20,586,CHEMFAB,EQ,6918,3402,49.18
20,587,CHEMPLASTS,EQ,56529,19158,33.89
20,588,CHENNPETRO,EQ,910652,255110,28.01
20,589,CHETANA,SM,32000,22400,70.00
20,590,CHEVIOT,EQ,2761,1693,61.32
20,591,CHOICEIN,EQ,416592,130706,31.38
20,592,CHOLAFIN,EQ,2019116,1309184,64.84
20,593,CHOLAHLDNG,EQ,167683,93411,55.71
20,594,CIEINDIA,EQ,567346,499158,87.98
20,595,CIGNITITEC,EQ,132525,55810,42.11
20,596,CINEVISTA,EQ,179028,67538,37.72
20,597,CIPLA,EQ,1028726,577768,56.16
20,598,CLEAN,EQ,53221,19059,35.81
20,599,CLEDUCATE,EQ,133046,64131,48.20
20,600,CLOUD,SZ,125000,113000,90.40
20,601,CLSEL,EQ,60999,25374,41.60
20,602,CLSL,SM,14000,10000,71.43
20,603,CMMIPL,SZ,15000,15000,100.00
20,604,CMNL,ST,4500,4500,100.00
20,605,CMRSL,SM,10400,9600,92.31
20,606,CMSINFO,EQ,393265,219084,55.71
20,607,COALINDIA,EQ,5698113,3289491,57.73
20,608,COASTCORP,EQ,15278,8147,53.33
20,609,COCHINSHIP,EQ,385406,177302,46.00
20,610,COFORGE,EQ,860841,469475,54.54
20,611,COLPAL,EQ,299770,173810,57.98
20,612,COMMITTED,ST,30400,30400,100.00
20,613,COMMOIETF,EQ,28996,17321,59.74
20,614,COMPUSOFT,EQ,42340,25310,59.78
20,615,CONCOR,EQ,994938,369813,37.17
20,616,CONCORDBIO,EQ,129256,41633,32.21
20,617,CONFIPET,EQ,473389,171748,36.28
20,618,CONS,EQ,891,681,76.43
20,619,CONSOFINVT,EQ,4727,2430,51.41
20,620,CONSUMBEES,EQ,65190,37897,58.13
20,621,CONSUMER,EQ,43884,25227,57.49
20,622,CONSUMIETF,EQ,13795,4338,31.45
20,623,CONTI,ST,3333,3333,100.00
20,624,CONTROLPR,EQ,35778,18054,50.46
20,625,COOLCAPS,ST,72500,72500,100.00
20,626,CORALFINAC,EQ,16800,6602,39.30
20,627,CORDSCABLE,EQ,75397,41799,55.44
20,628,COROMANDEL,EQ,247856,138796,56.00
20,629,COSMOFIRST,EQ,129804,49333,38.01
20,630,COUNCODOS,EQ,93995,44027,46.84
20,631,CPS,ST,600,600,100.00
20,632,CPSEETF,EQ,1724077,1053461,61.10
20,633,CRAFTSMAN,EQ,25714,13276,51.63
20,634,CRAYONS,SM,5000,5000,100.00
20,635,CREATIVE,EQ,43612,35146,80.59
20,636,CREDITACC,EQ,1228450,203640,16.58
20,637,CREST,EQ,29343,14890,50.74
20,638,CRISIL,EQ,96508,24018,24.89
20,639,CROMPTON,EQ,2406473,1723741,71.63
20,640,CROWN,EQ,5271,5020,95.24
20,641,CSBBANK,EQ,262826,119985,45.65
20,642,CSLFINANCE,EQ,10178,5503,54.07
20,643,CTE,EQ,33276,18204,54.71
20,644,CUB,EQ,2859492,1665347,58.24
20,645,CUBEXTUB,EQ,515489,148693,28.85
20,646,CUMMINSIND,EQ,331376,199059,60.07
20,647,CUPID,EQ,458860,314281,68.49
20,648,CYBERMEDIA,EQ,13183,8530,64.70
20,649,CYIENT,EQ,309726,142399,45.98
20,650,CYIENTDLM,EQ,205067,114031,55.61
20,651,DABUR,EQ,2539143,1328801,52.33
20,652,DALBHARAT,EQ,264680,109156,41.24
20,653,DALMIASUG,EQ,153705,60063,39.08
20,654,DAMCAPITAL,EQ,2661533,495329,18.61
20,655,DAMODARIND,EQ,4929,2881,58.45
20,656,DANGEE,EQ,419880,333418,79.41
20,657,DANISH,SM,87600,46800,53.42
20,658,DATAMATICS,EQ,69845,26375,37.76
20,659,DATAPATTNS,EQ,161396,48914,30.31
20,660,DAVANGERE,EQ,2852310,1466943,51.43
20,661,DBCORP,EQ,234304,138775,59.23
20,662,DBEIL,EQ,228909,71689,31.32
20,663,DBL,EQ,182721,60238,32.97
20,664,DBOL,EQ,109044,58971,54.08
20,665,DBREALTY,EQ,1314714,528993,40.24
20,666,DBSTOCKBRO,EQ,73638,12613,17.13
20,667,DCAL,EQ,352198,101386,28.79
20,668,DCBBANK,EQ,644539,295927,45.91
20,669,DCG,SM,85200,55200,64.79
20,670,DCI,EQ,13032,4692,36.00
20,671,DCM,EQ,56511,24703,43.71
20,672,DCMNVL,EQ,18146,11289,62.21
20,673,DCMSHRIRAM,EQ,19154,6421,33.52
20,674,DCMSRIND,EQ,127072,71407,56.19
20,675,DCW,EQ,1390906,732827,52.69
20,676,DCXINDIA,EQ,593438,216130,36.42
20,677,DECCANCE,EQ,52403,42018,80.18
20,678,DECCANTRAN,ST,19200,15600,81.25
20,679,DEEDEV,EQ,87367,41748,47.78
20,680,DEEPAKFERT,EQ,582750,239100,41.03
20,681,DEEPAKNTR,EQ,95029,31091,32.72
20,682,DEEPINDS,EQ,189275,71451,37.75
20,683,DELAPLEX,SM,7800,6000,76.92
20,684,DELHIVERY,EQ,1602282,1015115,63.35
20,685,DELTACORP,EQ,5879134,941881,16.02
20,686,DELTAMAGNT,EQ,9496,3673,38.68
20,687,DELTIC,ST,1740000,1731000,99.48
20,688,DEN,EQ,2640637,473913,17.95
20,689,DENEERS,ST,1200,1200,100.00
20,690,DENORA,EQ,7055,3063,43.42
20,691,DENTALKART,SM,23750,18750,78.95
20,692,DESTINY,ST,1500,1500,100.00
20,693,DEVIT,EQ,281783,87966,31.22
20,694,DEVYANI,EQ,1823208,597828,32.79
20,695,DHAMPURSUG,EQ,433309,120603,27.83
20,696,DHANI,EQ,3796419,1822528,48.01
20,697,DHANLAXMI,ST,82000,76000,92.68
20,698,DHANUKA,EQ,14756,4312,29.22
20,699,DHARIWAL,SM,2400,2400,100.00
20,700,DHARMAJ,EQ,48473,18850,38.89
20,701,DHRUV,EQ,43637,23664,54.23
20,702,DHTL,SM,2400,2400,100.00
20,703,DHUNINV,EQ,1949,861,44.18
20,704,DIACABS,EQ,347201,303662,87.46
20,705,DIAMINESQ,EQ,4175,2733,65.46
20,706,DIAMONDYD,EQ,73465,27325,37.19
20,707,DICIND,EQ,3563,2184,61.30
20,708,DIFFNKG,EQ,60736,31385,51.67
20,709,DIGIDRIVE,EQ,68391,28940,42.32
20,710,DIGIKORE,ST,8000,8000,100.00
20,711,DIGISPICE,EQ,128085,80001,62.46
20,712,DISHTV,EQ,14708164,3480557,23.66
20,713,DIVGIITTS,EQ,10011,5564,55.58
20,714,DIVISLAB,EQ,439344,260294,59.25
20,715,DIVOPPBEES,EQ,60222,38787,64.41
20,716,DIVYADHAN,SM,10000,10000,100.00
20,717,DIXON,EQ,433841,195260,45.01
20,718,DKEGL,SM,3000,1500,50.00
20,719,DLF,EQ,4474786,2649943,59.22
20,720,DLINKINDIA,EQ,95142,36333,38.19
20,721,DMART,EQ,746217,389633,52.21
20,722,DNAMEDIA,EQ,799118,375099,46.94
20,723,DODLA,EQ,97766,67835,69.39
20,724,DOLATALGO,EQ,457155,162694,35.59
20,725,DOLLAR,EQ,55077,28035,50.90
20,726,DOLLEX,SM,44000,32000,72.73
20,727,DOMS,EQ,135533,75428,55.65
20,728,DONEAR,EQ,150080,60626,40.40
20,729,DPABHUSHAN,EQ,9178,1821,19.84
20,730,DPEL,ST,27000,27000,100.00
20,731,DPSCLTD,EQ,350639,191117,54.51
20,732,DPWIRES,EQ,6268,3383,53.97
20,733,DRCSYSTEMS,EQ,157560,72275,45.87
20,734,DREAMFOLKS,EQ,74187,36989,49.86
20,735,DREDGECORP,EQ,21008,10325,49.15
20,736,DRONE,ST,3500,3500,100.00
20,737,DRREDDY,EQ,1370223,873510,63.75
20,738,DSSL,EQ,34492,15822,45.87
20,739,DTIL,EQ,25759,3666,14.23
20,740,DTL,SM,6000,3600,60.00
20,741,DUCOL,SM,8800,8800,100.00
20,742,DUCON,EQ,624145,311329,49.88
20,743,DUGLOBAL,SM,12500,12500,100.00
20,744,DURLAX,SM,12000,10000,83.33
20,745,DVL,EQ,20036,10562,52.72
20,746,DWARKESH,EQ,1577026,616951,39.12
20,747,DYCL,EQ,60039,22563,37.58
20,748,DYNAMATECH,EQ,9079,2941,32.39
20,749,DYNAMIC,ST,47500,46000,96.84
20,750,DYNPRO,EQ,44205,38147,86.30
20,751,EASEMYTRIP,EQ,106876053,54383558,50.88
20,752,EBANKNIFTY,EQ,1200,633,52.75
20,753,EBBETF0425,EQ,57231,43900,76.71
20,754,EBBETF0430,EQ,5890,3993,67.79
20,755,EBBETF0431,EQ,3179,2780,87.45
20,756,EBBETF0433,EQ,3548,2932,82.64
20,757,ECAPINSURE,EQ,9796,9649,98.50
20,758,ECLERX,EQ,94788,43055,45.42
20,759,ECOSMOBLTY,EQ,167141,67630,40.46
20,760,EDELWEISS,EQ,2661336,1363785,51.24
20,761,EFACTOR,ST,4000,4000,100.00
20,762,EFFWA,ST,23200,23200,100.00
20,763,EFORCE,SM,12000,9600,80.00
20,764,EGOLD,EQ,4200,2266,53.95
20,765,EICHERMOT,EQ,448429,275666,61.47
20,766,EIDPARRY,EQ,226010,95672,42.33
20,767,EIEL,EQ,6513255,1031957,15.84
20,768,EIFFL,EQ,4412,1664,37.72
20,769,EIHAHOTELS,EQ,13995,5951,42.52
20,770,EIHOTEL,EQ,460945,237906,51.61
20,771,EIMCOELECO,EQ,8102,5804,71.64
20,772,EKC,EQ,609230,214746,35.25
20,773,ELDEHSG,EQ,2248,1516,67.44
20,774,ELECON,EQ,539796,216844,40.17
20,775,ELECTCAST,EQ,1220896,530061,43.42
20,776,ELGIEQUIP,EQ,104206,49173,47.19
20,777,ELIN,EQ,158083,84528,53.47
20,778,EMAMILTD,EQ,698297,413336,59.19
20,779,EMAMIPAP,EQ,24366,12963,53.20
20,780,EMBASSY,RR,247298,222728,90.06
20,781,EMBDL,EQ,6465671,1642839,25.41
20,782,EMCURE,EQ,27851,15403,55.31
20,783,EMIL,EQ,276571,132271,47.83
20,784,EMKAYTOOLS,SM,1200,1050,87.50
20,785,EMMBI,EQ,130252,51580,39.60
20,786,EMMIL,ST,17750,17250,97.18
20,787,EMSLIMITED,EQ,299638,90112,30.07
20,788,EMUDHRA,EQ,102878,22849,22.21
20,789,EMULTIMQ,EQ,213791,187642,87.77
20,790,ENDURANCE,EQ,299593,264164,88.17
20,791,ENFUSE,ST,10200,10200,100.00
20,792,ENGINERSIN,EQ,2314444,724824,31.32
20,793,ENIL,EQ,15357,6771,44.09
20,794,ENSER,ST,10000,10000,100.00
20,795,ENTERO,EQ,12493,5751,46.03
20,796,ENVIRO,SM,78000,64000,82.05
20,797,EPACK,EQ,3327369,1030376,30.97
20,798,EPIGRAL,EQ,143429,42861,29.88
20,799,EPL,EQ,586819,248535,42.35
20,800,EQUAL50ADD,EQ,50261,39494,78.58
20,801,EQUITASBNK,EQ,2800870,1578517,56.36
20,802,ERIS,EQ,121599,79025,64.99
20,803,ESABINDIA,EQ,3288,1700,51.70
20,804,ESAFSFB,EQ,315218,154349,48.97
20,805,ESCONET,ST,3600,3600,100.00
20,806,ESCORTS,EQ,261047,131705,50.45
20,807,ESFL,SM,195480,145080,74.22
20,808,ESG,EQ,4118,2892,70.23
20,809,ESILVER,EQ,36345,35421,97.46
20,810,ESPRIT,ST,86400,68800,79.63
20,811,ESTER,EQ,321264,122964,38.28
20,812,ETHOSLTD,EQ,37488,14276,38.08
20,813,ETML,SM,66000,51600,78.18
20,814,EUREKAFORB,EQ,130390,75203,57.68
20,815,EUROBOND,SM,3000,3000,100.00
20,816,EVEREADY,EQ,54952,23234,42.28
20,817,EVERESTIND,EQ,12895,7045,54.63
20,818,EVINDIA,EQ,491816,222314,45.20
20,819,EXCELINDUS,EQ,6879,3021,43.92
20,820,EXICOM,EQ,314226,181780,57.85
20,821,EXIDEIND,EQ,2978181,1159916,38.95
20,822,EXPLEOSOL,EQ,10485,7479,71.33
20,823,EXXARO,EQ,514450,247404,48.09
20,824,FACT,EQ,244248,36763,15.05
20,825,FAIRCHEMOR,EQ,13463,5537,41.13
20,826,FALCONTECH,SM,9600,9600,100.00
20,827,FAZE3Q,EQ,7161,3475,48.53
20,828,FCL,EQ,339944,162848,47.90
20,829,FCSSOFT,EQ,3761985,1917741,50.98
20,830,FDC,EQ,91328,33465,36.64
20,831,FEDERALBNK,EQ,5224795,1533291,29.35
20,832,FEDFINA,EQ,320051,173909,54.34
20,833,FELIX,ST,13500,13500,100.00
20,834,FIBERWEB,EQ,97044,47043,48.48
20,835,FICRF3GP,MF,600,600,100.00
20,836,FIDEL,ST,6000,6000,100.00
20,837,FIEMIND,EQ,31933,16624,52.06
20,838,FILATEX,EQ,2249518,1251496,55.63
20,839,FINCABLES,EQ,157496,81101,51.49
20,840,FINEORG,EQ,15894,7587,47.73
20,841,FINIETF,EQ,123660,68430,55.34
20,842,FINOPB,EQ,74029,40981,55.36
20,843,FINPIPE,EQ,1560010,782009,50.13
20,844,FIRSTCRY,EQ,2380126,1901383,79.89
20,845,FIVESTAR,EQ,453181,203585,44.92
20,846,FLAIR,EQ,68326,28577,41.82
20,847,FLUOROCHEM,EQ,83328,27851,33.42
20,848,FMCGIETF,EQ,1428689,912459,63.87
20,849,FMGOETZE,EQ,57907,30058,51.91
20,850,FOCUS,EQ,160674,89235,55.54
20,851,FONEBOX,SM,1000,1000,100.00
20,852,FOODSIN,EQ,982817,209424,21.31
20,853,FORCAS,ST,4800,4800,100.00
20,854,FORCEMOT,EQ,25096,9664,38.51
20,855,FORGEAUTO,SM,44400,21600,48.65
20,856,FORTIS,EQ,912483,540005,59.18
20,857,FOSECOIND,EQ,1394,701,50.29
20,858,FRESHARA,ST,63600,63600,100.00
20,859,FROG,SM,12800,8800,68.75
20,860,FSL,EQ,3380389,1116638,33.03
20,861,FUSION,EQ,288777,137878,47.75
20,862,GABRIEL,EQ,127628,45562,35.70
20,863,GAEL,EQ,643808,218208,33.89
20,864,GAIL,EQ,16272268,10745370,66.03
20,865,GAJANAND,ST,6000,6000,100.00
20,866,GALAPREC,EQ,93673,26734,28.54
20,867,GALAXYSURF,EQ,10701,5763,53.85
20,868,GALLANTT,EQ,15611,10137,64.93
20,869,GANDHAR,EQ,142994,73095,51.12
20,870,GANDHITUBE,EQ,8027,4468,55.66
20,871,GANECOS,EQ,156055,69793,44.72
20,872,GANESHBE,EQ,57719,27772,48.12
20,873,GANESHHOUC,EQ,146049,38435,26.32
20,874,GANESHIN,SM,92800,62400,67.24
20,875,GANGAFORGE,EQ,545909,412523,75.57
20,876,GANGESSECU,EQ,3590,1650,45.96
20,877,GARFIBRES,EQ,97862,51737,52.87
20,878,GARUDA,EQ,2016706,582649,28.89
20,879,GATEWAY,EQ,675305,298400,44.19
20,880,GEECEE,EQ,6555,3220,49.12
20,881,GEEKAYWIRE,EQ,89361,48899,54.72
20,882,GENCON,EQ,42422,27905,65.78
20,883,GENESYS,EQ,185432,60393,32.57
20,884,GENSOL,EQ,94783,40653,42.89
20,885,GENUSPAPER,EQ,181880,88779,48.81
20,886,GENUSPOWER,EQ,419414,165676,39.50
20,887,GEOJITFSL,EQ,324356,124910,38.51
20,888,GEPIL,EQ,198583,92490,46.57
20,889,GESHIP,EQ,317006,156334,49.32
20,890,GFLLIMITED,EQ,126606,76928,60.76
20,891,GGBL,SM,66000,39900,60.45
20,892,GHCL,EQ,330427,136243,41.23
20,893,GHCLTEXTIL,EQ,129709,56295,43.40
20,894,GICHSGFIN,EQ,134351,62728,46.69
20,895,GICL,ST,18000,18000,100.00
20,896,GICRE,EQ,1981825,512556,25.86
20,897,GILLETTE,EQ,30871,20069,65.01
20,898,GILT5YBEES,EQ,96150,73988,76.95
20,899,GINNIFILA,EQ,107089,63503,59.30
20,900,GIPCL,EQ,700104,388725,55.52
20,901,GKWLIMITED,EQ,683,418,61.20
20,902,GLAND,EQ,169799,98225,57.85
20,903,GLAXO,EQ,66252,38672,58.37
20,904,GLENMARK,EQ,548516,277263,50.55
20,905,GLOBAL,EQ,52072,25748,49.45
20,906,GLOBALPET,SM,3000,3000,100.00
20,907,GLOBE,EQ,1538972,932662,60.60
20,908,GLOBUSSPR,EQ,85192,38362,45.03
20,909,GLOSTERLTD,EQ,2076,1304,62.81
20,910,GLS,EQ,84155,49584,58.92
20,911,GMBREW,EQ,44355,18655,42.06
20,912,GMDCLTD,EQ,554369,233813,42.18
20,913,GMMPFAUDLR,EQ,100671,50973,50.63
20,914,GMRAIRPORT,EQ,23038361,10991769,47.71
20,915,GMRP&UI,EQ,1520739,647587,42.58
20,916,GNA,EQ,50425,18746,37.18
20,917,GNFC,EQ,326738,109456,33.50
20,918,GOACARBON,EQ,26386,7343,27.83
20,919,GOCLCORP,EQ,42783,21215,49.59
20,920,GOCOLORS,EQ,18826,8102,43.04
20,921,GODAVARIB,EQ,117604,68474,58.22
20,922,GODFRYPHLP,EQ,38230,14971,39.16
20,923,GODIGIT,EQ,861150,637386,74.02
20,924,GODREJAGRO,EQ,65465,26443,40.39
20,925,GODREJCP,EQ,1426008,967041,67.81
20,926,GODREJIND,EQ,59941,26861,44.81
20,927,GODREJPROP,EQ,723270,326917,45.20
20,928,GOKEX,EQ,139499,52720,37.79
20,929,GOKULAGRO,EQ,102368,51162,49.98
20,930,GOLD1,EQ,633530,561394,88.61
20,931,GOLDBEES,EQ,15911570,12982133,81.59
20,932,GOLDCASE,EQ,948718,682833,71.97
20,933,GOLDETF,EQ,287053,226357,78.86
20,934,GOLDETFADD,EQ,55344,50524,91.29
20,935,GOLDIAM,EQ,5083907,1028119,20.22
20,936,GOLDIETF,EQ,1267976,709902,55.99
20,937,GOLDSHARE,EQ,206920,174565,84.36
20,938,GOLDSTAR,SM,45000,22500,50.00
20,939,GOODLUCK,EQ,72452,36488,50.36
20,940,GOPAL,EQ,442793,180572,40.78
20,941,GOYALALUM,EQ,265810,185895,69.94
20,942,GOYALSALT,SM,12600,12000,95.24
20,943,GPECO,ST,11400,10200,89.47
20,944,GPIL,EQ,1858503,953356,51.30
20,945,GPPL,EQ,936146,396258,42.33
20,946,GPTHEALTH,EQ,91036,37831,41.56
20,947,GPTINFRA,EQ,197073,106318,53.95
20,948,GRANULES,EQ,2927415,1842676,62.95
20,949,GRAPHISAD,ST,4800,4800,100.00
20,950,GRAPHITE,EQ,507949,228678,45.02
20,951,GRASIM,EQ,865382,615697,71.15
20,952,GRAVITA,EQ,292633,128654,43.96
20,953,GREAVESCOT,EQ,2950207,657896,22.30
20,954,GREENCHEF,SM,17600,12800,72.73
20,955,GREENLAM,EQ,6254,2369,37.88
20,956,GREENPANEL,EQ,69057,27746,40.18
20,957,GREENPLY,EQ,108850,38853,35.69
20,958,GREENPOWER,EQ,13662252,3025482,22.14
20,959,GRINDWELL,EQ,31449,14354,45.64
20,960,GRINFRA,EQ,18876,4661,24.69
20,961,GRMOVER,EQ,194364,31403,16.16
20,962,GROBTEA,EQ,244,120,49.18
20,963,GROWWDEFNC,EQ,251744,175082,69.55
20,964,GROWWEV,EQ,351122,216327,61.61
20,965,GROWWGOLD,EQ,52003,28291,54.40
20,966,GROWWLIQID,EQ,83361,64929,77.89
20,967,GRPLTD,EQ,804,440,54.73
20,968,GRSE,EQ,740461,144411,19.50
20,969,GRWRHITECH,EQ,77453,26887,34.71
20,970,GSEC10IETF,EQ,768,571,74.35
20,971,GSEC10YEAR,EQ,5128,3465,67.57
20,972,GSEC5IETF,EQ,19186,9911,51.66
20,973,GSFC,EQ,1059291,379087,35.79
20,974,GSLSU,EQ,140633,87122,61.95
20,975,GSMFOILS,ST,20000,18000,90.00
20,976,GSPL,EQ,270309,101252,37.46
20,977,GSS,EQ,36025,14312,39.73
20,978,GSTL,ST,7000,7000,100.00
20,979,GTL,EQ,781544,325152,41.60
20,980,GTLINFRA,EQ,100494159,32731368,32.57
20,981,GTPL,EQ,110132,39331,35.71
20,982,GUFICBIO,EQ,103818,34677,33.40
20,983,GUJALKALI,EQ,39163,16541,42.24
20,984,GUJAPOLLO,EQ,36748,25830,70.29
20,985,GUJGASLTD,EQ,462700,123915,26.78
20,986,GULFOILLUB,EQ,125714,55291,43.98
20,987,GULFPETRO,EQ,102641,39709,38.69
20,988,GULPOLY,EQ,127041,65664,51.69
20,989,GVPTECH,EQ,95249,70134,73.63
20,990,HAL,EQ,1803243,878513,48.72
20,991,HAPPSTMNDS,EQ,333900,115961,34.73
20,992,HAPPYFORGE,EQ,10931,4049,37.04
20,993,HARDWYN,EQ,576901,256785,44.51
20,994,HARIOMPIPE,EQ,77961,36875,47.30
20,995,HARRMALAYA,EQ,31824,17697,55.61
20,996,HARSHA,EQ,80562,47304,58.72
20,997,HATHWAY,EQ,5294320,1670111,31.55
20,998,HATSUN,EQ,8757,4065,46.42
20,999,HAVELLS,EQ,2260391,1379452,61.03
20,1000,HAVISHA,EQ,27876,20884,74.92
20,1001,HBLENGINE,EQ,1120198,411673,36.75
20,1002,HBSL,EQ,13724,8311,60.56
20,1003,HCC,EQ,30031889,8711340,29.01
20,1004,HCG,EQ,527553,358041,67.87
20,1005,HCL-INSYS,EQ,172502,107167,62.13
20,1006,HCLTECH,EQ,15819311,8771029,55.45
20,1007,HDFCAMC,EQ,662998,211783,31.94
20,1008,HDFCBANK,EQ,13330716,9362523,70.23
20,1009,HDFCBSE500,EQ,363278,261109,71.88
20,1010,HDFCGOLD,EQ,1661565,1286130,77.40
20,1011,HDFCGROWTH,EQ,6977,3795,54.39
20,1012,HDFCLIFE,EQ,3122102,1877072,60.12
20,1013,HDFCLIQUID,EQ,4366,4099,93.88
20,1014,HDFCLOWVOL,EQ,6695,4562,68.14
20,1015,HDFCMID150,EQ,245404,147679,60.18
20,1016,HDFCMOMENT,EQ,271854,238334,87.67
20,1017,HDFCNEXT50,EQ,104818,56325,53.74
20,1018,HDFCNIF100,EQ,58245,41132,70.62
20,1019,HDFCNIFBAN,EQ,40843,23460,57.44
20,1020,HDFCNIFIT,EQ,9797,3614,36.89
20,1021,HDFCNIFTY,EQ,99126,73348,73.99
20,1022,HDFCPSUBK,EQ,18282,12208,66.78
20,1023,HDFCPVTBAN,EQ,270301,201951,74.71
20,1024,HDFCQUAL,EQ,5940,4080,68.69
20,1025,HDFCSENSEX,EQ,26289,21196,80.63
20,1026,HDFCSILVER,EQ,399169,217816,54.57
20,1027,HDFCSML250,EQ,902593,488701,54.14
20,1028,HDFCVALUE,EQ,4254,4006,94.17
20,1029,HEADSUP,EQ,37633,16518,43.89
20,1030,HEALTHADD,EQ,899,610,67.85
20,1031,HEALTHIETF,EQ,56167,28849,51.36
20,1032,HEALTHY,EQ,145992,96385,66.02
20,1033,HEG,EQ,950415,527789,55.53
20,1034,HEIDELBERG,EQ,415933,104392,25.10
20,1035,HEMIPROP,EQ,393938,172782,43.86
20,1036,HERANBA,EQ,59542,25398,42.66
20,1037,HERITGFOOD,EQ,215610,107594,49.90
20,1038,HEROMOTOCO,EQ,242769,123166,50.73
20,1039,HESTERBIO,EQ,2454,988,40.26
20,1040,HEUBACHIND,EQ,18480,11390,61.63
20,1041,HEXATRADEX,EQ,14273,9247,64.79
20,1042,HFCL,EQ,13523471,3586078,26.52
20,1043,HGINFRA,EQ,42034,14246,33.89
20,1044,HGS,EQ,17449,7450,42.70
20,1045,HIGREEN,ST,23200,23200,100.00
20,1046,HIKAL,EQ,236495,103986,43.97
20,1047,HIL,EQ,14964,10071,67.30
20,1048,HILTON,EQ,234886,113523,48.33
20,1049,HIMATSEIDE,EQ,947454,367646,38.80
20,1050,HINDALCO,EQ,8506497,4941570,58.09
20,1051,HINDCOMPOS,EQ,10221,3935,38.50
20,1052,HINDCOPPER,EQ,4808444,1566617,32.58
20,1053,HINDMOTORS,EQ,671763,268518,39.97
20,1054,HINDOILEXP,EQ,350572,123895,35.34
20,1055,HINDPETRO,EQ,3392260,1507268,44.43
20,1056,HINDUNILVR,EQ,2052741,1174624,57.22
20,1057,HINDWAREAP,EQ,53115,23188,43.66
20,1058,HINDZINC,EQ,1148840,563712,49.07
20,1059,HIRECT,EQ,39790,20745,52.14
20,1060,HISARMETAL,EQ,30910,21560,69.75
20,1061,HITECH,EQ,623226,262893,42.18
20,1062,HITECHCORP,EQ,5641,2708,48.01
20,1063,HLEGLAS,EQ,39743,20209,50.85
20,1064,HLVLTD,EQ,1043525,512020,49.07
20,1065,HMAAGRO,EQ,185266,88372,47.70
20,1066,HMVL,EQ,45027,27085,60.15
20,1067,HNDFDS,EQ,106460,63871,60.00
20,1068,HNGSNGBEES,EQ,73547,41102,55.89
20,1069,HOACFOODS,ST,750,750,100.00
20,1070,HOLMARC,ST,13500,13500,100.00
20,1071,HOMEFIRST,EQ,1211993,1083276,89.38
20,1072,HOMESFY,SM,3900,3300,84.62
20,1073,HONASA,EQ,912362,704065,77.17
20,1074,HONAUT,EQ,3266,1094,33.50
20,1075,HONDAPOWER,EQ,3142,1120,35.65
20,1076,HOVS,EQ,22820,12982,56.89
20,1077,HPAL,EQ,104255,55675,53.40
20,1078,HPIL,EQ,3559,1529,42.96
20,1079,HPL,EQ,225304,81638,36.23
20,1080,HRHNEXT,ST,6000,6000,100.00
20,1081,HSCL,EQ,1508655,282381,18.72
20,1082,HTMEDIA,EQ,384674,174694,45.41
20,1083,HUDCO,EQ,6062370,1589773,26.22
20,1084,HUHTAMAKI,EQ,51495,28992,56.30
20,1085,HVAX,ST,1800,1800,100.00
20,1086,HYUNDAI,EQ,330495,198090,59.94
20,1087,IBLFL,ST,4000,4000,100.00
20,1088,ICEMAKE,EQ,21426,11878,55.44
20,1089,ICICIB22,EQ,2577811,2251329,87.33
20,1090,ICICIBANK,EQ,10342698,6654720,64.34
20,1091,ICICIGI,EQ,322102,165455,51.37
20,1092,ICICIPRULI,EQ,503856,308193,61.17
20,1093,ICIL,EQ,249163,97715,39.22
20,1094,ICRA,EQ,2255,1086,48.16
20,1095,IDBI,EQ,23420402,7847926,33.51
20,1096,IDEA,EQ,563020922,171334402,30.43
20,1097,IDEAFORGE,EQ,106819,39125,36.63
20,1098,IDENTICAL,SM,82000,58000,70.73
20,1099,IDFCFIRSTB,EQ,25869399,10118654,39.11
20,1100,IDFNIFTYET,EQ,1279,823,64.35
20,1101,IEML,SM,8000,5000,62.50
20,1102,IEX,EQ,3706333,1270900,34.29
20,1103,IFBAGRO,EQ,4177,2831,67.78
20,1104,IFBIND,EQ,38995,16380,42.01
20,1105,IFCI,EQ,11432086,2175740,19.03
20,1106,IFCIZC25,NM,325,325,100.00
20,1107,IFGLEXPOR,EQ,9883,5121,51.82
20,1108,IGARASHI,EQ,50308,19936,39.63
20,1109,IGIL,EQ,2485322,1065933,42.89
20,1110,IGL,EQ,4099788,1647061,40.17
20,1111,IGPL,EQ,30218,21169,70.05
20,1112,IHFL261224,N1,10,10,100.00
20,1113,IIFL,EQ,990163,380136,38.39
20,1114,IIFLCAPS,EQ,537587,283983,52.83
20,1115,IIFLHF29,NE,1,1,100.00
20,1116,IIFLZC25,ND,91,91,100.00
20,1117,IIFLZC26,NN,330,330,100.00
20,1118,IIFLZC26A,NR,20,10,50.00
20,1119,IIFLZC28,NG,65,65,100.00
20,1120,IIFLZC28C,N6,117,2,1.71
20,1121,IKIO,EQ,142392,41636,29.24
20,1122,IKS,EQ,197613,98982,50.09
20,1123,IMAGICAA,EQ,576660,258947,44.90
20,1124,IMC1,N0,28,20,71.43
20,1125,IMFA,EQ,182455,55790,30.58
20,1126,IMPAL,EQ,1131,722,63.84
20,1127,INCREDIBLE,EQ,3515,2395,68.14
20,1128,INDBANK,EQ,181495,89349,49.23
20,1129,INDGN,EQ,459343,263102,57.28
20,1130,INDHOTEL,EQ,5079100,3272125,64.42
20,1131,INDIACEM,EQ,539245,326693,60.58
20,1132,INDIAGLYCO,EQ,146894,49409,33.64
20,1133,INDIAMART,EQ,350675,192581,54.92
20,1134,INDIANB,EQ,3151183,1759507,55.84
20,1135,INDIANHUME,EQ,31098,15890,51.10
20,1136,INDIASHLTR,EQ,77238,44235,57.27
20,1137,INDIFRA,SM,18000,16000,88.89
20,1138,INDIGO,EQ,1163662,777691,66.83
20,1139,INDIGOPNTS,EQ,49577,20634,41.62
20,1140,INDIGRID,IV,289004,260915,90.28
20,1141,INDNIPPON,EQ,18459,13798,74.75
20,1142,INDOAMIN,EQ,222882,70709,31.72
20,1143,INDOBORAX,EQ,36110,15313,42.41
20,1144,INDOCO,EQ,28320,15371,54.28
20,1145,INDOFARM,EQ,2097805,351190,16.74
20,1146,INDORAMA,EQ,226121,59878,26.48
20,1147,INDOSTAR,EQ,75669,33725,44.57
20,1148,INDOWIND,EQ,490874,169417,34.51
20,1149,INDRAMEDCO,EQ,346857,170119,49.05
20,1150,INDTERRAIN,EQ,194730,59693,30.65
20,1151,INDUSINDBK,EQ,5735697,2635436,45.95
20,1152,INDUSTOWER,EQ,12001185,7085098,59.04
20,1153,INFIBEAM,EQ,7886034,3245853,41.16
20,1154,INFINIUM,SM,500,500,100.00
20,1155,INFOBEAN,EQ,10129,5277,52.10
20,1156,INFOLLION,ST,17600,17200,97.73
20,1157,INFOMEDIA,EQ,18287,11495,62.86
20,1158,INFRABEES,EQ,8582,6523,76.01
20,1159,INFRAIETF,EQ,243827,129522,53.12
20,1160,INFY,EQ,5792162,3570363,61.64
20,1161,INGERRAND,EQ,56415,41234,73.09
20,1162,INM,SM,2400,1800,75.00
20,1163,INNOMET,SM,3600,2400,66.67
20,1164,INNOVACAP,EQ,72915,31528,43.24
20,1165,INNOVANA,EQ,6927,3503,50.57
20,1166,INOXGREEN,EQ,2596952,847590,32.64
20,1167,INOXINDIA,EQ,209171,140378,67.11
20,1168,INOXWIND,EQ,25599575,4553648,17.79
20,1169,INSECTICID,EQ,22639,10379,45.85
20,1170,INSPIRE,SM,4000,2000,50.00
20,1171,INSPIRISYS,EQ,10268,6441,62.73
20,1172,INTELLECT,EQ,476059,144521,30.36
20,1173,INTENTECH,EQ,33188,15341,46.22
20,1174,INTERARCH,EQ,421992,131138,31.08
20,1175,INTLCONV,EQ,190088,68500,36.04
20,1176,INVENTURE,EQ,2225584,1035728,46.54
20,1177,IOB,EQ,25580989,5831916,22.80
20,1178,IOC,EQ,17430438,8620641,49.46
20,1179,IOLCP,EQ,211820,75799,35.78
20,1180,IONEXCHANG,EQ,150648,66247,43.97
20,1181,IPCALAB,EQ,201246,78001,38.76
20,1182,IPHL,ST,4800,4800,100.00
20,1183,IPL,EQ,136836,62757,45.86
20,1184,IPSL,ST,6000,6000,100.00
20,1185,IRB,EQ,16562862,5139771,31.03
20,1186,IRBINVIT,IV,174592,145640,83.42
20,1187,IRCON,EQ,4468280,1190102,26.63
20,1188,IRCTC,EQ,1291155,550867,42.66
20,1189,IREDA,EQ,21359771,2517282,11.79
20,1190,IRFC,EQ,30467846,6100813,20.02
20,1191,IRISDOREME,EQ,75043,12873,17.15
20,1192,IRMENERGY,EQ,72444,45229,62.43
20,1193,ISEC,EQ,140281,64623,46.07
20,1194,ISFT,EQ,19920,7967,39.99
20,1195,ISGEC,EQ,154560,75242,48.68
20,1196,ISHAN,SM,576000,336000,58.33
20,1197,IT,EQ,126328,116840,92.49
20,1198,ITALIANE,SM,2000,2000,100.00
20,1199,ITBEES,EQ,3492482,1921123,55.01
20,1200,ITC,EQ,18048459,11503124,63.73
20,1201,ITDC,EQ,29372,8496,28.93
20,1202,ITDCEM,EQ,412572,196146,47.54
20,1203,ITETF,EQ,86713,59391,68.49
20,1204,ITETFADD,EQ,2785,2535,91.02
20,1205,ITIETF,EQ,505588,248575,49.17
20,1206,IVC,EQ,199894,127037,63.55
20,1207,IVP,EQ,4128,2322,56.25
20,1208,IVZINGOLD,EQ,201,174,86.57
20,1209,IVZINNIFTY,EQ,44,44,100.00
20,1210,IWEL,EQ,9959,5139,51.60
20,1211,IXIGO,EQ,855464,287007,33.55
20,1212,JAGRAN,EQ,99495,52019,52.28
20,1213,JAGSNPHARM,EQ,228371,67737,29.66
20,1214,JAIBALAJI,EQ,51281,15295,29.83
20,1215,JAICORPLTD,EQ,2135216,638728,29.91
20,1216,JAINAM,ST,3000,3000,100.00
20,1217,JAIPURKURT,EQ,56003,27077,48.35
20,1218,JALAN,ST,261000,255000,97.70
20,1219,JAMNAAUTO,EQ,1131576,406444,35.92
20,1220,JASH,EQ,1676519,590142,35.20
20,1221,JAYAGROGN,EQ,5479,2537,46.30
20,1222,JAYBARMARU,EQ,54922,26249,47.79
20,1223,JAYBEE,ST,23000,23000,100.00
20,1224,JAYNECOIND,EQ,105340,49669,47.15
20,1225,JAYSREETEA,EQ,119574,56332,47.11
20,1226,JBCHEPHARM,EQ,55485,33731,60.79
20,1227,JBMA,EQ,982854,58058,5.91
20,1228,JCHAC,EQ,11891,5572,46.86
20,1229,JEYYAM,SM,72000,60000,83.33
20,1230,JGCHEM,EQ,85469,36408,42.60
20,1231,JHS,EQ,113333,73199,64.59
20,1232,JINDALPHOT,EQ,12711,5311,41.78
20,1233,JINDALPOLY,EQ,43413,11947,27.52
20,1234,JINDALSAW,EQ,1224251,698435,57.05
20,1235,JINDALSTEL,EQ,2581715,1126658,43.64
20,1236,JINDRILL,EQ,53492,24918,46.58
20,1237,JINDWORLD,EQ,270415,92660,34.27
20,1238,JIOFIN,EQ,19834738,9682424,48.82
20,1239,JISLDVREQS,EQ,25350,11589,45.72
20,1240,JISLJALEQS,EQ,4394079,1426081,32.45
20,1241,JITFINFRA,EQ,57566,24094,41.85
20,1242,JIWANRAM,SM,288000,234000,81.25
20,1243,J&KBANK,EQ,3729514,942251,25.26
20,1244,JKCEMENT,EQ,39676,18940,47.74
20,1245,JKIL,EQ,269906,124410,46.09
20,1246,JKLAKSHMI,EQ,33729,15408,45.68
20,1247,JKPAPER,EQ,349767,102929,29.43
20,1248,JKTYRE,EQ,250539,93137,37.17
20,1249,JLHL,EQ,174236,157216,90.23
20,1250,JMA,EQ,3293,2001,60.77
20,1251,JMFINANCIL,EQ,3662899,1636033,44.66
20,1252,JNKINDIA,EQ,67743,20773,30.66
20,1253,JOCIL,EQ,1038,697,67.15
20,1254,JPOLYINVST,EQ,10056,3326,33.07
20,1255,JPPOWER,EQ,28529459,8605734,30.16
20,1256,JSFB,EQ,67743,36535,53.93
20,1257,JSL,EQ,1503398,716840,47.68
20,1258,JSLL,SM,14940,12240,81.93
20,1259,JSWENERGY,EQ,7595937,2258849,29.74
20,1260,JSWINFRA,EQ,1372625,649713,47.33
20,1261,JSWSTEEL,EQ,1948192,858805,44.08
20,1262,JTEKTINDIA,EQ,166668,97746,58.65
20,1263,JTLIND,EQ,1895489,959533,50.62
20,1264,JUBLFOOD,EQ,1873900,1207506,64.44
20,1265,JUBLINGREA,EQ,302217,119144,39.42
20,1266,JUBLPHARMA,EQ,205361,99516,48.46
20,1267,JUNIORBEES,EQ,515655,281212,54.53
20,1268,JUNIPER,EQ,642633,447351,69.61
20,1269,JUSTDIAL,EQ,1187444,242105,20.39
20,1270,JWL,EQ,1049954,394208,37.55
20,1271,JYOTHYLAB,EQ,452212,175877,38.89
20,1272,JYOTICNC,EQ,322439,176425,54.72
20,1273,JYOTISTRUC,EQ,9360132,4197540,44.84
20,1274,K2INFRA,ST,42000,38400,91.43
20,1275,KABRAEXTRU,EQ,92299,29515,31.98
20,1276,KAJARIACER,EQ,233460,163701,70.12
20,1277,KAKATCEM,EQ,7420,3810,51.35
20,1278,KALAMANDIR,EQ,353271,204330,57.84
20,1279,KALANA,SM,34000,18000,52.94
20,1280,KALYANKJIL,EQ,18395591,4348614,23.64
20,1281,KAMATHOTEL,EQ,35458,19543,55.12
20,1282,KAMDHENU,EQ,1782508,1031099,57.85
20,1283,KANANIIND,EQ,99863,65671,65.76
20,1284,KANDARP,ST,8000,8000,100.00
20,1285,KANORICHEM,EQ,24201,13780,56.94
20,1286,KANPRPLA,EQ,4943,3083,62.37
20,1287,KANSAINER,EQ,348674,177209,50.82
20,1288,KAPSTON,EQ,4063,2843,69.97
20,1289,KARMAENG,EQ,6049,4014,66.36
20,1290,KARNIKA,ST,400,400,100.00
20,1291,KARURVYSYA,EQ,1150064,469260,40.80
20,1292,KATARIA,SM,33000,24000,72.73
20,1293,KAUSHALYA,EQ,1612,1278,79.28
20,1294,KAYNES,EQ,697679,206076,29.54
20,1295,KBCGLOBAL,EQ,11138119,4057078,36.43
20,1296,KCEIL,ST,39000,38000,97.44
20,1297,KCP,EQ,216798,81146,37.43
20,1298,KCPSUGIND,EQ,377538,224402,59.44
20,1299,KDDL,EQ,4537,1753,38.64
20,1300,KDL,ST,7850,7500,95.54
20,1301,KEC,EQ,866047,544947,62.92
20,1302,KECL,EQ,204445,83044,40.62
20,1303,KEI,EQ,280853,127845,45.52
20,1304,KEL,SM,1200,1200,100.00
20,1305,KELLTONTEC,EQ,1774231,493450,27.81
20,1306,KESORAMIND,EQ,569459,268351,47.12
20,1307,KEYFINSERV,EQ,18875,5017,26.58
20,1308,KFINTECH,EQ,1826936,897286,49.11
20,1309,KHADIM,EQ,10686,6490,60.73
20,1310,KHAICHEM,EQ,128347,51210,39.90
20,1311,KHAITANLTD,EQ,2200,1057,48.05
20,1312,KHANDSE,EQ,167614,82449,49.19
20,1313,KHFM,SM,3100,3100,100.00
20,1314,KICL,EQ,3966,2224,56.08
20,1315,KILITCH,EQ,8173,5610,68.64
20,1316,KIMS,EQ,468909,164660,35.12
20,1317,KINGFA,EQ,12178,3330,27.34
20,1318,KIOCL,EQ,152761,40017,26.20
20,1319,KIRIINDUS,EQ,326266,155829,47.76
20,1320,KIRLOSBROS,EQ,139279,31817,22.84
20,1321,KIRLOSENG,EQ,204712,90084,44.01
20,1322,KIRLOSIND,EQ,2639,1261,47.78
20,1323,KIRLPNU,EQ,160214,99088,61.85
20,1324,KKCL,EQ,44524,28203,63.34
20,1325,KLL,SM,52800,40800,77.27
20,1326,KMEW,EQ,12818,9213,71.88
20,1327,KMSUGAR,EQ,379256,207245,54.65
20,1328,KNAGRI,ST,10400,10000,96.15
20,1329,KNRCON,EQ,545213,189612,34.78
20,1330,KODYTECH,SM,6500,5300,81.54
20,1331,KOHINOOR,EQ,101707,44309,43.57
20,1332,KOKUYOCMLN,EQ,47771,20013,41.89
20,1333,KOLTEPATIL,EQ,334320,149301,44.66
20,1334,KONSTELEC,ST,23000,22000,95.65
20,1335,KONTOR,SM,15600,13800,88.46
20,1336,KORE,ST,750,750,100.00
20,1337,KOTAKBANK,EQ,4948961,3540629,71.54
20,1338,KOTARISUG,EQ,65672,41532,63.24
20,1339,KOTHARIPET,EQ,66170,26823,40.54
20,1340,KOTYARK,SM,15900,11400,71.70
20,1341,KPEL,EQ,278149,105195,37.82
20,1342,KPIGREEN,EQ,3339424,1104629,33.08
20,1343,KPIL,EQ,229142,125775,54.89
20,1344,KPITTECH,EQ,566294,235858,41.65
20,1345,KPRMILL,EQ,234329,124356,53.07
20,1346,KRBL,EQ,291294,111927,38.42
20,1347,KRISHANA,EQ,13722,8991,65.52
20,1348,KRISHCA,SM,25500,19000,74.51
20,1349,KRISHIVAL,SM,2000,1500,75.00
20,1350,KRISHNADEF,SM,80750,51000,63.16
20,1351,KRITINUT,EQ,32495,13805,42.48
20,1352,KRN,EQ,1088108,293042,26.93
20,1353,KRONOX,EQ,184239,61182,33.21
20,1354,KROSS,EQ,146140,54843,37.53
20,1355,KRSNAA,EQ,76629,30929,40.36
20,1356,KRYSTAL,EQ,59544,25235,42.38
20,1357,KSB,EQ,105867,60317,56.97
20,1358,KSCL,EQ,73472,35435,48.23
20,1359,KSHITIJPOL,EQ,372099,241114,64.80
20,1360,KSL,EQ,46412,23846,51.38
20,1361,KSOLVES,EQ,27636,11347,41.06
20,1362,KTKBANK,EQ,1594484,866011,54.31
20,1363,KTL,ST,18000,15000,83.33
20,1364,KUANTUM,EQ,68042,38334,56.34
20,1365,LAGNAM,EQ,15784,4397,27.86
20,1366,LAKSHYA,SM,107200,62400,58.21
20,1367,LALPATHLAB,EQ,363323,231446,63.70
20,1368,LAMOSAIC,ST,4200,4200,100.00
20,1369,LANCORHOL,EQ,69639,35433,50.88
20,1370,LANDMARK,EQ,18178,10051,55.29
20,1371,LAOPALA,EQ,50263,19378,38.55
20,1372,LASA,EQ,46647,22680,48.62
20,1373,LATENTVIEW,EQ,189404,88117,46.52
20,1374,LAURUSLABS,EQ,1049655,471012,44.87
20,1375,LAWSIKHO,SM,10500,7000,66.67
20,1376,LAXMICOT,EQ,17857,6565,36.76
20,1377,LEMERITE,ST,64000,63200,98.75
20,1378,LEMONTREE,EQ,3158785,1654249,52.37
20,1379,LEXUS,EQ,14089,5350,37.97
20,1380,LFIC,EQ,12065,7269,60.25
20,1381,LGBBROSLTD,EQ,26085,16578,63.55
20,1382,LIBAS,EQ,85799,36707,42.78
20,1383,LIBERTSHOE,EQ,10700,4628,43.25
20,1384,LICHSGFIN,EQ,1196723,638310,53.34
20,1385,LICI,EQ,879737,326395,37.10
20,1386,LICMFGOLD,EQ,729,475,65.16
20,1387,LICNETFGSC,EQ,31269,28881,92.36
20,1388,LICNETFN50,EQ,11218,10949,97.60
20,1389,LICNETFSEN,EQ,695,217,31.22
20,1390,LICNFNHGP,EQ,508,349,68.70
20,1391,LICNMID100,EQ,3537,3230,91.32
20,1392,LIKHITHA,EQ,61606,28233,45.83
20,1393,LINC,EQ,31222,13296,42.59
20,1394,LINCOLN,EQ,48678,21910,45.01
20,1395,LINDEINDIA,EQ,33530,15158,45.21
20,1396,LIQUID,EQ,119486,76092,63.68
20,1397,LIQUID1,EQ,198251,142205,71.73
20,1398,LIQUIDADD,EQ,747920,421910,56.41
20,1399,LIQUIDBEES,EQ,2972436,2497792,84.03
20,1400,LIQUIDBETF,EQ,17481,15467,88.48
20,1401,LIQUIDCASE,EQ,11268224,7180347,63.72
20,1402,LIQUIDETF,EQ,327802,234038,71.40
20,1403,LIQUIDIETF,EQ,2164212,1325817,61.26
20,1404,LIQUIDPLUS,EQ,4798,4538,94.58
20,1405,LIQUIDSBI,EQ,443,405,91.42
20,1406,LIQUIDSHRI,EQ,2521,2333,92.54
20,1407,LLOYDS,SM,3000,2000,66.67
20,1408,LLOYDSENGG,EQ,5064300,1151739,22.74
20,1409,LLOYDSENT,EQ,2083750,1048004,50.29
20,1410,LLOYDSME,EQ,431694,141789,32.84
20,1411,LMW,EQ,1992,1204,60.44
20,1412,LODHA,EQ,2127808,1038237,48.79
20,1413,LOKESHMACH,EQ,63304,28182,44.52
20,1414,LOTUSEYE,EQ,7860,2793,35.53
20,1415,LOVABLE,EQ,13447,7037,52.33
20,1416,LOWVOL,EQ,236,236,100.00
20,1417,LOWVOL1,EQ,17401,14276,82.04
20,1418,LOWVOLIETF,EQ,1263046,1003463,79.45
20,1419,LRRPL,ST,6000,6000,100.00
20,1420,LT,EQ,2924491,2138494,73.12
20,1421,LTF,EQ,4953900,1938107,39.12
20,1422,LTFOODS,EQ,329325,92857,28.20
20,1423,LTGILTBEES,EQ,1386202,980614,70.74
20,1424,LTIM,EQ,469510,198477,42.27
20,1425,LTTS,EQ,181717,63977,35.21
20,1426,LUMAXIND,EQ,2634,1644,62.41
20,1427,LUMAXTECH,EQ,101859,37284,36.60
20,1428,LUPIN,EQ,455763,250825,55.03
20,1429,LUXIND,EQ,148965,56547,37.96
20,1430,LXCHEM,EQ,988302,579847,58.67
20,1431,LYKALABS,EQ,107174,39413,36.77
20,1432,LYPSAGEMS,EQ,20055,10938,54.54
20,1433,MACOBSTECH,SM,5600,4000,71.43
20,1434,MACPOWER,EQ,10600,7921,74.73
20,1435,MADHAV,EQ,10969,6032,54.99
20,1436,MADHAVBAUG,SM,1600,1600,100.00
20,1437,MADHUCON,EQ,67030,47623,71.05
20,1438,MADHUSUDAN,SM,22000,19000,86.36
20,1439,MADRASFERT,EQ,158199,42685,26.98
20,1440,MAFANG,EQ,344124,304722,88.55
20,1441,MAGADSUGAR,EQ,9321,4738,50.83
20,1442,MAGNUM,EQ,97684,74170,75.93
20,1443,MAGSON,SM,4000,4000,100.00
20,1444,MAHABANK,EQ,65432746,10660765,16.29
20,1445,MAHAPEXLTD,EQ,15756,9133,57.97
20,1446,MAHEPC,EQ,34434,21990,63.86
20,1447,MAHESHWARI,EQ,34530,14382,41.65
20,1448,MAHICKRA,SM,750,750,100.00
20,1449,MAHKTECH,EQ,892166,628002,70.39
20,1450,MAHLIFE,EQ,382897,196302,51.27
20,1451,MAHLOG,EQ,92195,44759,48.55
20,1452,MAHSCOOTER,EQ,4304,1727,40.13
20,1453,MAHSEAMLES,EQ,136526,53818,39.42
20,1454,MAITHANALL,EQ,99280,54847,55.24
20,1455,MAITREYA,ST,3600,2400,66.67
20,1456,MAKEINDIA,EQ,29782,26006,87.32
20,1457,MAL,SM,9600,9600,100.00
20,1458,MALLCOM,EQ,4616,2568,55.63
20,1459,MALUPAPER,EQ,13888,8618,62.05
20,1460,MAMATA,EQ,477131,186537,39.10
20,1461,MANAKALUCO,EQ,12576,6622,52.66
20,1462,MANAKSIA,EQ,63916,40740,63.74
20,1463,MANAKSTEEL,EQ,39347,23253,59.10
20,1464,MANALIPETC,EQ,204799,89228,43.57
20,1465,MANAPPURAM,EQ,8125147,2596059,31.95
20,1466,MANBA,EQ,146004,50040,34.27
20,1467,MANCREDIT,EQ,31507,4800,15.23
20,1468,MANDEEP,SM,6000,6000,100.00
20,1469,MANGALAM,EQ,46417,19607,42.24
20,1470,MANGCHEFER,EQ,251958,156071,61.94
20,1471,MANGLMCEM,EQ,82592,42399,51.34
20,1472,MANINDS,EQ,201748,98024,48.59
20,1473,MANINFRA,EQ,1134601,280648,24.74
20,1474,MANKIND,EQ,543462,310131,57.07
20,1475,MANOMAY,EQ,120030,85950,71.61
20,1476,MANORAMA,EQ,33723,17442,51.72
20,1477,MANORG,EQ,2775,1495,53.87
20,1478,MANUGRAPH,EQ,9890,6467,65.39
20,1479,MANYAVAR,EQ,614702,562548,91.52
20,1480,MAPMYINDIA,EQ,58450,29490,50.45
20,1481,MARALOVER,EQ,14762,7935,53.75
20,1482,MARATHON,EQ,180840,69119,38.22
20,1483,MARCO,SM,24000,12000,50.00
20,1484,MARICO,EQ,1619502,798476,49.30
20,1485,MARKSANS,EQ,1043044,406162,38.94
20,1486,MARUTI,EQ,627463,429465,68.44
20,1487,MASFIN,EQ,149008,78053,52.38
20,1488,MASON,ST,13000,13000,100.00
20,1489,MASPTOP50,EQ,489356,335148,68.49
20,1490,MASTEK,EQ,50477,21408,42.41
20,1491,MASTERTR,EQ,43315,28397,65.56
20,1492,MATRIMONY,EQ,10027,8159,81.37
20,1493,MAWANASUG,EQ,52660,25619,48.65
20,1494,MAXESTATES,EQ,134763,57652,42.78
20,1495,MAXHEALTH,EQ,1739436,1012836,58.23
20,1496,MAXIND,EQ,26433,10625,40.20
20,1497,MAXPOSURE,SM,13000,10000,76.92
20,1498,MAYURUNIQ,EQ,28068,14095,50.22
20,1499,MAZDA,EQ,158488,19896,12.55
20,1500,MAZDOCK,EQ,5145777,553886,10.76
20,1501,MBAPL,EQ,120985,66140,54.67
20,1502,MBLINFRA,EQ,175799,34653,19.71
20,1503,MCON,ST,2000,2000,100.00
20,1504,MCX,EQ,341931,181650,53.12
20,1505,MDL,SM,2000,2000,100.00
20,1506,MEDANTA,EQ,188794,112805,59.75
20,1507,MEDIASSIST,EQ,236441,113165,47.86
20,1508,MEDICAMEQ,EQ,21429,9008,42.04
20,1509,MEDICO,EQ,1347727,393107,29.17
20,1510,MEDIORG,ST,42000,28000,66.67
20,1511,MEDPLUS,EQ,286994,151584,52.82
20,1512,MEGAFLEX,SM,9000,6000,66.67
20,1513,MEGASTAR,EQ,10804,4317,39.96
20,1514,MEGATHERM,SM,25600,12800,50.00
20,1515,MENONBE,EQ,53441,31927,59.74
20,1516,METAL,EQ,189618,129823,68.47
20,1517,METALIETF,EQ,1585830,779820,49.17
20,1518,METROBRAND,EQ,71598,40366,56.38
20,1519,METROPOLIS,EQ,68755,23697,34.47
20,1520,MFSL,EQ,745831,465171,62.37
20,1521,MGEL,EQ,818576,220944,26.99
20,1522,MGL,EQ,1241633,205990,16.59
20,1523,MHHL,SM,267000,216000,80.90
20,1524,MHRIL,EQ,154209,88530,57.41
20,1525,MICEL,EQ,269141,133037,49.43
20,1526,MICROPRO,SM,3200,3200,100.00
20,1527,MID150BEES,EQ,716053,450580,62.93
20,1528,MID150CASE,EQ,1615505,1423355,88.11
20,1529,MIDCAP,EQ,58754,49737,84.65
20,1530,MIDCAPETF,EQ,1223046,794016,64.92
20,1531,MIDCAPIETF,EQ,825309,300762,36.44
20,1532,MIDHANI,EQ,284554,85864,30.17
20,1533,MIDQ50ADD,EQ,1410,1155,81.91
20,1534,MIDSELIETF,EQ,319731,147209,46.04
20,1535,MIDSMALL,EQ,465280,344260,73.99
20,1536,MIEL,ST,8000,8000,100.00
20,1537,MINDACORP,EQ,1462528,478191,32.70
20,1538,MINDSPACE,RR,751948,739312,98.32
20,1539,MINDTECK,EQ,44421,20391,45.90
20,1540,MIRCELECTR,EQ,964746,627697,65.06
20,1541,MIRZAINT,EQ,76816,35729,46.51
20,1542,MITCON,EQ,7134,4849,67.97
20,1543,MITCONPP,E1,1510,436,28.87
20,1544,MITTAL,EQ,5092119,3169420,62.24
20,1545,M&M,EQ,2851530,1769779,62.06
20,1546,M&MFIN,EQ,1956607,1080219,55.21
20,1547,MMFL,EQ,34727,15067,43.39
20,1548,MMP,EQ,15116,8534,56.46
20,1549,MMTC,EQ,1748481,385973,22.07
20,1550,MNC,EQ,33865,30789,90.92
20,1551,MOBIKWIK,EQ,18105940,507206,2.80
20,1552,MODEFENCE,EQ,1118934,1010545,90.31
20,1553,MODIRUBBER,EQ,1871,1155,61.73
20,1554,MODISONLTD,EQ,24064,12254,50.92
20,1555,MOGSEC,EQ,16648,13228,79.46
20,1556,MOHEALTH,EQ,48373,28286,58.47
20,1557,MOIL,EQ,1757833,347772,19.78
20,1558,MOKSH,EQ,362565,293712,81.01
20,1559,MOL,EQ,598360,227099,37.95
20,1560,MOLDTECH,EQ,39081,16589,42.45
20,1561,MOLDTKPAC,EQ,60868,33143,54.45
20,1562,MOLOWVOL,EQ,173220,170778,98.59
20,1563,MOM100,EQ,469768,178754,38.05
20,1564,MOM30IETF,EQ,1543986,862932,55.89
20,1565,MOM50,EQ,2576,2023,78.53
20,1566,MOMENTUM,EQ,74251,68147,91.78
20,1567,MOMENTUM50,EQ,381028,339420,89.08
20,1568,MOMOMENTUM,EQ,131489,87815,66.79
20,1569,MON100,EQ,805031,499894,62.10
20,1570,MONARCH,EQ,189274,53752,28.40
20,1571,MONIFTY500,EQ,161100,142339,88.35
20,1572,MONOPHARMA,SM,4000,4000,100.00
20,1573,MONQ50,EQ,96615,66214,68.53
20,1574,MONTECARLO,EQ,27404,10969,40.03
20,1575,MOQUALITY,EQ,513,386,75.24
20,1576,MOREALTY,EQ,295624,171254,57.93
20,1577,MOREPENLAB,EQ,4795499,1697984,35.41
20,1578,MOS,ST,33600,29200,86.90
20,1579,MOSMALL250,EQ,598600,488045,81.53
20,1580,MOTHERSON,EQ,8124099,3520906,43.34
20,1581,MOTILALOFS,EQ,2922375,692171,23.69
20,1582,MOTISONS,EQ,1448497,760939,52.53
20,1583,MOTOGENFIN,EQ,18117,13133,72.49
20,1584,MOVALUE,EQ,155812,131666,84.50
20,1585,MPHASIS,EQ,736104,500039,67.93
20,1586,MPSLTD,EQ,27558,16178,58.71
20,1587,MRF,EQ,8640,2411,27.91
20,1588,MRO-TEK,EQ,8554,4711,55.07
20,1589,MRPL,EQ,1672464,442439,26.45
20,1590,MSPL,EQ,212486,115744,54.47
20,1591,MSTCLTD,EQ,194380,72408,37.25
20,1592,MSUMI,EQ,13134645,10776035,82.04
20,1593,MTARTECH,EQ,114226,58812,51.49
20,1594,MTNL,EQ,2582405,673654,26.09
20,1595,MUFIN,EQ,89476,46270,51.71
20,1596,MUFTI,EQ,92145,38790,42.10
20,1597,MUKANDLTD,EQ,169767,118671,69.90
20,1598,MUKKA,EQ,418286,173395,41.45
20,1599,MUKTAARTS,EQ,13422,6573,48.97
20,1600,MULTICAP,EQ,247162,226014,91.44
20,1601,MUNJALAU,EQ,132870,60327,45.40
20,1602,MUNJALSHOW,EQ,40297,22913,56.86
20,1603,MURUDCERA,EQ,27911,18233,65.33
20,1604,MUTHOOTCAP,EQ,31780,18378,57.83
20,1605,MUTHOOTFIN,EQ,312670,170613,54.57
20,1606,MUTHOOTMF,EQ,110622,58242,52.65
20,1607,MVGJL,EQ,460393,145493,31.60
20,1608,MVKAGRO,SM,27600,25200,91.30
20,1609,MWL,SM,13200,12000,90.91
20,1610,MYMUDRA,SM,3600,3600,100.00
20,1611,NACLIND,EQ,371639,161097,43.35
20,1612,NAGAFERT,EQ,656081,357672,54.52
20,1613,NAHARCAP,EQ,5212,1860,35.69
20,1614,NAHARINDUS,EQ,24608,12752,51.82
20,1615,NAHARPOLY,EQ,27637,13408,48.51
20,1616,NAHARSPING,EQ,25733,9021,35.06
20,1617,NAM-INDIA,EQ,887166,524867,59.16
20,1618,NAMOEWASTE,ST,96000,76800,80.00
20,1619,NARMADA,EQ,278131,117557,42.27
20,1620,NATCOPHARM,EQ,275913,129985,47.11
20,1621,NATHBIOGEN,EQ,16658,9931,59.62
20,1622,NATIONALUM,EQ,10643287,4760957,44.73
20,1623,NAUKRI,EQ,374627,198946,53.11
20,1624,NAVA,EQ,274654,156142,56.85
20,1625,NAVINFLUOR,EQ,145782,45554,31.25
20,1626,NAVKARCORP,EQ,522282,155745,29.82
20,1627,NAVNETEDUL,EQ,76420,45768,59.89
20,1628,NAZARA,EQ,248522,98885,39.79
20,1629,NBCC,EQ,10324827,2780342,26.93
20,1630,NCC,EQ,3079651,1189577,38.63
20,1631,NCLIND,EQ,76444,28757,37.62
20,1632,NDL,EQ,1692680,988017,58.37
20,1633,NDLVENTURE,EQ,10132,7528,74.30
20,1634,NDRAUTO,EQ,15049,5381,35.76
20,1635,NDTV,EQ,734408,73044,9.95
20,1636,NECCLTD,EQ,204100,84637,41.47
20,1637,NEELAM,ST,6000,6000,100.00
20,1638,NELCAST,EQ,25727,11769,45.75
20,1639,NELCO,EQ,78215,27746,35.47
20,1640,NEOGEN,EQ,44415,12358,27.82
20,1641,NEPHROCARE,SM,26000,20000,76.92
20,1642,NESCO,EQ,42899,17191,40.07
20,1643,NESTLEIND,EQ,702549,372301,52.99
20,1644,NETF,EQ,1924,1470,76.40
20,1645,NETWEB,EQ,223176,74384,33.33
20,1646,NETWORK18,EQ,3737264,1520160,40.68
20,1647,NEULANDLAB,EQ,32880,13010,39.57
20,1648,NEWGEN,EQ,180447,57965,32.12
20,1649,NEWJAISA,SM,39000,28500,73.08
20,1650,NEXT50,EQ,15563,9959,63.99
20,1651,NEXT50IETF,EQ,915498,431944,47.18
20,1652,NFL,EQ,1729883,410828,23.75
20,1653,NGIL,EQ,90712,9369,10.33
20,1654,NGLFINE,EQ,1745,923,52.89
20,1655,NH,EQ,184526,95757,51.89
20,1656,NHPC,EQ,17957402,6117931,34.07
20,1657,NIACL,EQ,1525879,392672,25.73
20,1658,NIDAN,SM,5000,5000,100.00
20,1659,NIF100BEES,EQ,50764,27249,53.68
20,1660,NIF100IETF,EQ,482701,301872,62.54
20,1661,NIF10GETF,EQ,659,354,53.72
20,1662,NIF5GETF,EQ,98,98,100.00
20,1663,NIFITETF,EQ,508,370,72.83
20,1664,NIFMID150,EQ,3946,3093,78.38
20,1665,NIFTY1,EQ,102749,63422,61.73
20,1666,NIFTY50ADD,EQ,10796,8099,75.02
20,1667,NIFTYBEES,EQ,4342336,3050330,70.25
20,1668,NIFTYBETF,EQ,3174,1796,56.58
20,1669,NIFTYETF,EQ,990585,893957,90.25
20,1670,NIFTYIETF,EQ,325682,223992,68.78
20,1671,NIFTYQLITY,EQ,72676,68630,94.43
20,1672,NIITLTD,EQ,1275958,461838,36.20
20,1673,NIITMTS,EQ,68806,27980,40.67
20,1674,NILAINFRA,EQ,1649495,611633,37.08
20,1675,NILKAMAL,EQ,2065,1486,71.96
20,1676,NINSYS,EQ,6925,2581,37.27
20,1677,NIPPOBATRY,EQ,5130,3105,60.53
20,1678,NIRMAN,SM,36300,23100,63.64
20,1679,NITINSPIN,EQ,109249,63018,57.68
20,1680,NITIRAJ,EQ,7786,1936,24.87
20,1681,NIVABUPA,EQ,1072412,445048,41.50
20,1682,NLCINDIA,EQ,1116938,208235,18.64
20,1683,NMDC,EQ,40674327,20031335,49.25
20,1684,NMSTEEL,SM,62400,36800,58.97
20,1685,NOCIL,EQ,464070,182320,39.29
20,1686,NORTHARC,EQ,158466,81479,51.42
20,1687,NOVAAGRI,EQ,198839,87115,43.81
20,1688,NPBET,EQ,177,129,72.88
20,1689,NPST,SM,31550,24500,77.65
20,1690,NRAIL,EQ,2175,1061,48.78
20,1691,NRBBEARING,EQ,87239,42450,48.66
20,1692,NSIL,EQ,15171,4922,32.44
20,1693,NSLNISP,EQ,4551434,1184839,26.03
20,1694,NTPC,EQ,22732888,14071782,61.90
20,1695,NTPCGREEN,EQ,16869986,7072550,41.92
20,1696,NUCLEUS,EQ,20469,7755,37.89
20,1697,NURECA,EQ,504539,81070,16.07
20,1698,NUVAMA,EQ,92434,41410,44.80
20,1699,NUVOCO,EQ,72738,41331,56.82
20,1700,NV20,EQ,15217,10259,67.42
20,1701,NV20BEES,EQ,52158,49092,94.12
20,1702,NV20IETF,EQ,553502,415774,75.12
20,1703,NXST,RR,164997,132944,80.57
20,1704,NYKAA,EQ,15903730,11901336,74.83
20,1705,OAL,EQ,16766,6998,41.74
20,1706,OBCL,EQ,15971,9379,58.73
20,1707,OBEROIRLTY,EQ,1212125,687697,56.73
20,1708,OCCL,EQ,16689,7576,45.40
20,1709,OCCLLTD,EQ,203787,107763,52.88
20,1710,OFSS,EQ,147770,62917,42.58
20,1711,OIL,EQ,2788151,778972,27.94
20,1712,OILIETF,EQ,428783,276219,64.42
20,1713,OLAELEC,EQ,34095762,6469757,18.98
20,1714,OLECTRA,EQ,3501369,329390,9.41
20,1715,OLIL,SM,9600,8400,87.50
20,1716,OMAXAUTO,EQ,42951,24966,58.13
20,1717,OMAXE,EQ,149661,70595,47.17
20,1718,OMFURN,ST,21600,19200,88.89
20,1719,OMINFRAL,EQ,170089,68839,40.47
20,1720,ONDOOR,ST,1200,1200,100.00
20,1721,ONELIFECAP,EQ,28680,15262,53.21
20,1722,ONEPOINT,EQ,1307700,587765,44.95
20,1723,ONGC,EQ,8470150,2815386,33.24
20,1724,ONMOBILE,EQ,317197,109354,34.48
20,1725,ONWARDTEC,EQ,86091,48574,56.42
20,1726,ONYX,ST,4000,2000,50.00
20,1727,OPTIEMUS,EQ,345740,192650,55.72
20,1728,ORCHPHARMA,EQ,90385,47188,52.21
20,1729,ORIANA,SM,78300,45825,58.52
20,1730,ORICONENT,EQ,887633,372957,42.02
20,1731,ORIENTALTL,EQ,274645,94656,34.46
20,1732,ORIENTBELL,EQ,5307,2744,51.71
20,1733,ORIENTCEM,EQ,216065,120469,55.76
20,1734,ORIENTCER,EQ,38957,18450,47.36
20,1735,ORIENTELEC,EQ,173070,89801,51.89
20,1736,ORIENTHOT,EQ,91877,34155,37.17
20,1737,ORIENTPPR,EQ,928862,352166,37.91
20,1738,ORIENTTECH,EQ,1104926,351221,31.79
20,1739,ORISSAMINE,EQ,8913,3840,43.08
20,1740,ORTINGLOBE,EQ,6675,5194,77.81
20,1741,OSELDEVICE,ST,15200,15200,100.00
20,1742,OSWALAGRO,EQ,18175,10090,55.52
20,1743,OSWALGREEN,EQ,585722,198775,33.94
20,1744,OWAIS,SM,23800,14300,60.08
20,1745,PAGEIND,EQ,13713,6432,46.90
20,1746,PAISALO,EQ,1500197,550011,36.66
20,1747,PAKKA,EQ,136328,53603,39.32
20,1748,PALASHSECU,EQ,72882,11919,16.35
20,1749,PANACEABIO,EQ,121473,63400,52.19
20,1750,PANAMAPET,EQ,76921,44834,58.29
20,1751,PANSARI,EQ,64,42,65.63
20,1752,PAR,EQ,45523,21992,48.31
20,1753,PARACABLES,EQ,1070585,367637,34.34
20,1754,PARADEEP,EQ,4329172,1242969,28.71
20,1755,PARAGMILK,EQ,508505,272036,53.50
20,1756,PARAGON,ST,3600,3600,100.00
20,1757,PARAMATRIX,SM,3600,3600,100.00
20,1758,PARAMOUNT,SM,2400,2400,100.00
20,1759,PARAS,EQ,128538,39752,30.93
20,1760,PARASPETRO,EQ,139422,121729,87.31
20,1761,PARKHOTELS,EQ,495213,269535,54.43
20,1762,PARTYCRUS,SM,10000,9000,90.00
20,1763,PATANJALI,EQ,528921,235729,44.57
20,1764,PATELENG,EQ,2587397,943357,36.46
20,1765,PATINTLOG,EQ,237372,142681,60.11
20,1766,PAYTM,EQ,7565857,1605546,21.22
20,1767,PCBL,EQ,4327039,1589965,36.74
20,1768,PCCL,SM,10400,9600,92.31
20,1769,PCJEWELLER,EQ,10493492,5813957,55.41
20,1770,PDMJEPAPER,EQ,40943,38444,93.90
20,1771,PDSL,EQ,87294,49080,56.22
20,1772,PEARLPOLY,EQ,121621,35899,29.52
20,1773,PEL,EQ,2744992,321680,11.72
20,1774,PELATRO,ST,11400,11400,100.00
20,1775,PENIND,EQ,552108,204848,37.10
20,1776,PENINLAND,EQ,586705,279014,47.56
20,1777,PENTAGON,SM,9000,9000,100.00
20,1778,PERFECT,ST,12000,12000,100.00
20,1779,PERSISTENT,EQ,839681,551156,65.64
20,1780,PETRONET,EQ,2577463,1566653,60.78
20,1781,PFC,EQ,16819358,7139496,42.45
20,1782,PFIZER,EQ,24081,10302,42.78
20,1783,PFOCUS,EQ,18853,7556,40.08
20,1784,PFS,EQ,814565,402397,49.40
20,1785,PGEL,EQ,1161303,581394,50.06
20,1786,PGHH,EQ,3391,1650,48.66
20,1787,PGHL,EQ,6796,3465,50.99
20,1788,PGIL,EQ,179349,105830,59.01
20,1789,PGINVIT,IV,1089971,967644,88.78
20,1790,PHANTOMFX,ST,13500,12900,95.56
20,1791,PHARMABEES,EQ,3309817,1940936,58.64
20,1792,PHOENIXLTD,EQ,967145,516659,53.42
20,1793,PHOGLOBAL,ST,20000,20000,100.00
20,1794,PIDILITIND,EQ,283968,184782,65.07
20,1795,PIIND,EQ,223455,122732,54.92
20,1796,PILANIINVS,EQ,6253,2565,41.02
20,1797,PILITA,EQ,58751,33401,56.85
20,1798,PITTIENG,EQ,52032,22173,42.61
20,1799,PIXTRANS,EQ,39210,14164,36.12
20,1800,PLADAINFO,SM,3000,3000,100.00
20,1801,PLASTIBLEN,EQ,7464,4409,59.07
20,1802,PLATIND,EQ,308280,144311,46.81
20,1803,PLAZACABLE,EQ,43415,25053,57.71
20,1804,PNB,EQ,26803252,7972036,29.74
20,1805,PNBGILTS,EQ,400657,174119,43.46
20,1806,PNBHOUSING,EQ,751004,281758,37.52
20,1807,PNC,EQ,15651,6889,44.02
20,1808,PNCINFRA,EQ,748741,214485,28.65
20,1809,PNGJL,EQ,752167,413726,55.00
20,1810,POCL,EQ,144580,83147,57.51
20,1811,PODDARMENT,EQ,2099,1576,75.08
20,1812,POKARNA,EQ,67293,34868,51.82
20,1813,POLICYBZR,EQ,1594900,855061,53.61
20,1814,POLYCAB,EQ,566958,250229,44.14
20,1815,POLYMED,EQ,72424,41682,57.55
20,1816,POLYPLEX,EQ,84554,34855,41.22
20,1817,PONNIERODE,EQ,9589,5135,53.55
20,1818,POONAWALLA,EQ,1363728,579346,42.48
20,1819,POSITRON,ST,12000,11100,92.50
20,1820,POWERGRID,EQ,15954608,11071989,69.40
20,1821,POWERINDIA,EQ,99738,52794,52.93
20,1822,POWERMECH,EQ,55985,26631,47.57
20,1823,PPAP,EQ,11496,5875,51.10
20,1824,PPL,EQ,59433,25169,42.35
20,1825,PPLPHARMA,EQ,9381857,996672,10.62
20,1826,PPSL,SM,105000,93000,88.57
20,1827,PRAENG,EQ,111913,52993,47.35
20,1828,PRAJIND,EQ,712595,322491,45.26
20,1829,PRAKASH,EQ,1054019,592152,56.18
20,1830,PRAKASHSTL,EQ,497004,190385,38.31
20,1831,PRAMARA,SM,3000,3000,100.00
20,1832,PRANIK,SM,14400,11200,77.78
20,1833,PRATHAM,ST,24000,23200,96.67
20,1834,PRECAM,EQ,257809,57627,22.35
20,1835,PRECISION,ST,4000,4000,100.00
20,1836,PRECWIRE,EQ,366296,147078,40.15
20,1837,PREMEXPLN,EQ,68608,27134,39.55
20,1838,PREMIERENE,EQ,1977483,747672,37.81
20,1839,PREMIUM,SM,30000,30000,100.00
20,1840,PRESSTONIC,ST,11200,11200,100.00
20,1841,PRESTIGE,EQ,943578,651415,69.04
20,1842,PRICOLLTD,EQ,249833,98844,39.56
20,1843,PRIMESECU,EQ,71766,34888,48.61
20,1844,PRINCEPIPE,EQ,94962,36047,37.96
20,1845,PRITI,EQ,28031,14187,50.61
20,1846,PRITIKA,ST,11000,8000,72.73
20,1847,PRITIKAUTO,EQ,197197,100804,51.12
20,1848,PRIVISCL,EQ,12650,6870,54.31
20,1849,PRIZOR,ST,6400,6400,100.00
20,1850,PRLIND,SM,90000,57000,63.33
20,1851,PROLIFE,SM,8500,8000,94.12
20,1852,PROPEQUITY,SM,600,600,100.00
20,1853,PROV,SM,320,320,100.00
20,1854,PRSMJOHNSN,EQ,946847,149460,15.79
20,1855,PRUDENT,EQ,27816,13403,48.18
20,1856,PSB,EQ,4352609,751136,17.26
20,1857,PSFL,SM,30000,18000,60.00
20,1858,PSPPROJECT,EQ,68521,25392,37.06
20,1859,PSUBANK,EQ,9386,3655,38.94
20,1860,PSUBANKADD,EQ,6955,4475,64.34
20,1861,PSUBNKBEES,EQ,2362959,1065330,45.08
20,1862,PSUBNKIETF,EQ,159206,70818,44.48
20,1863,PTC,EQ,1928358,993797,51.54
20,1864,PTCIL,EQ,31814,17825,56.03
20,1865,PTL,EQ,52004,33565,64.54
20,1866,PULZ,ST,6000,6000,100.00
20,1867,PUNJABCHEM,EQ,3304,2035,61.59
20,1868,PURPLEUTED,SM,25000,19000,76.00
20,1869,PURVA,EQ,77540,31333,40.41
20,1870,PURVFLEXI,SM,2400,2400,100.00
20,1871,PVP,EQ,253061,131180,51.84
20,1872,PVRINOX,EQ,876149,476932,54.44
20,1873,PVSL,EQ,89408,50809,56.83
20,1874,PVTBANIETF,EQ,1222862,826829,67.61
20,1875,PVTBANKADD,EQ,171468,105122,61.31
20,1876,PYRAMID,EQ,50401,19059,37.81
20,1877,QFIL,SM,1000,1000,100.00
20,1878,QGOLDHALF,EQ,202895,196833,97.01
20,1879,QMSMEDI,SM,44000,43000,97.73
20,1880,QNIFTY,EQ,896,638,71.21
20,1881,QUADFUTURE,EQ,14675829,4564265,31.10
20,1882,QUADPRO,SM,108000,84000,77.78
20,1883,QUAL30IETF,EQ,382109,339242,88.78
20,1884,QUESS,EQ,347968,123111,35.38
20,1885,QUESTLAB,ST,12000,12000,100.00
20,1886,QUICKHEAL,EQ,76978,36884,47.91
20,1887,QUICKTOUCH,ST,8000,8000,100.00
20,1888,QVCEL,ST,8000,8000,100.00
20,1889,RACE,EQ,6037,3321,55.01
20,1890,RACLGEAR,EQ,2809,1828,65.08
20,1891,RADHIKAJWE,EQ,229734,125393,54.58
20,1892,RADIANTCMS,EQ,117948,80838,68.54
20,1893,RADICO,EQ,413212,235807,57.07
20,1894,RADIOCITY,EQ,166295,118278,71.13
20,1895,RADIOCITY,P1,1258,1255,99.76
20,1896,RADIOWALLA,SM,1600,1600,100.00
20,1897,RAILTEL,EQ,1782361,378702,21.25
20,1898,RAIN,EQ,1306184,491519,37.63
20,1899,RAINBOW,EQ,158490,79562,50.20
20,1900,RAJESHEXPO,EQ,608635,172849,28.40
20,1901,RAJINDLTD,SM,27000,22500,83.33
20,1902,RAJMET,EQ,911327,456604,50.10
20,1903,RAJPUTANA,SM,89000,59000,66.29
20,1904,RAJRATAN,EQ,20381,7594,37.26
20,1905,RAJSREESUG,EQ,51038,23328,45.71
20,1906,RALLIS,EQ,894363,625755,69.97
20,1907,RAMANEWS,EQ,37281,24869,66.71
20,1908,RAMAPHO,EQ,32928,13491,40.97
20,1909,RAMASTEEL,EQ,7155109,2056534,28.74
20,1910,RAMCOCEM,EQ,268838,119282,44.37
20,1911,RAMCOIND,EQ,206499,112242,54.35
20,1912,RAMCOSYS,EQ,53246,28784,54.06
20,1913,RAMKY,EQ,38448,23261,60.50
20,1914,RAMRAT,EQ,13108,7017,53.53
20,1915,RANASUG,EQ,383773,197245,51.40
20,1916,RANEENGINE,EQ,5212,2094,40.18
20,1917,RANEHOLDIN,EQ,31266,6836,21.86
20,1918,RAPPID,ST,13800,13200,95.65
20,1919,RATEGAIN,EQ,165431,96792,58.51
20,1920,RATNAMANI,EQ,18425,9439,51.23
20,1921,RATNAVEER,EQ,197461,88912,45.03
20,1922,RAYMOND,EQ,276102,104533,37.86
20,1923,RAYMONDLSL,EQ,336120,271329,80.72
20,1924,RBA,EQ,1271312,580613,45.67
20,1925,RBL,EQ,3808,2056,53.99
20,1926,RBLBANK,EQ,5479589,1795580,32.77
20,1927,RBMINFRA,SM,19000,13200,69.47
20,1928,RBS,ST,9600,8000,83.33
20,1929,RBZJEWEL,EQ,245896,128125,52.11
20,1930,RCDL,SM,24000,15000,62.50
20,1931,RCF,EQ,2176840,453263,20.82
20,1932,RECLTD,EQ,12167491,4367663,35.90
20,1933,REDINGTON,EQ,2900497,1209108,41.69
20,1934,REDTAPE,EQ,51094,23385,45.77
20,1935,REFEX,EQ,264904,97133,36.67
20,1936,REFRACTORY,ST,2000,2000,100.00
20,1937,RELAXO,EQ,46706,23679,50.70
20,1938,RELCHEMQ,EQ,15749,10730,68.13
20,1939,RELIABLE,EQ,3310,1720,51.96
20,1940,RELIANCE,EQ,13095266,8016799,61.22
20,1941,RELIGARE,EQ,664317,356914,53.73
20,1942,RELINFRA,EQ,5086386,2812198,55.29
20,1943,RELTD,EQ,69443,34278,49.36
20,1944,REMSONSIND,EQ,26668,14426,54.09
20,1945,REMUS,SM,650,500,76.92
20,1946,RENUKA,EQ,7882786,1859383,23.59
20,1947,REPCOHOME,EQ,196475,114221,58.14
20,1948,REPRO,EQ,17677,5146,29.11
20,1949,RESPONIND,EQ,139083,60441,43.46
20,1950,RETAIL,EQ,1584,1037,65.47
20,1951,REXPIPES,SM,2000,2000,100.00
20,1952,RGL,EQ,546678,266865,48.82
20,1953,RHIM,EQ,87750,35262,40.18
20,1954,RICHA,SM,4000,4000,100.00
20,1955,RICOAUTO,EQ,600700,259570,43.21
20,1956,RIIL,EQ,186043,30130,16.20
20,1957,RILINFRA,SM,29800,17600,59.06
20,1958,RISHABH,EQ,40590,26183,64.51
20,1959,RITCO,EQ,96482,33069,34.27
20,1960,RITES,EQ,1380639,389525,28.21
20,1961,RKEC,EQ,89450,24900,27.84
20,1962,RKFORGE,EQ,1040130,123888,11.91
20,1963,RKSWAMY,EQ,69263,35245,50.89
20,1964,RMDRIP,ST,2000,2000,100.00
20,1965,RML,EQ,24902,21270,85.41
20,1966,RNFI,ST,86400,80400,93.06
20,1967,ROCKINGDCE,SM,24500,15750,64.29
20,1968,ROHLTD,EQ,337156,56270,16.69
20,1969,ROLEXRINGS,EQ,6206,2494,40.19
20,1970,ROML,EQ,65613,13956,21.27
20,1971,ROSSARI,EQ,132352,24391,18.43
20,1972,ROSSTECH,EQ,21299,12074,56.69
20,1973,ROTO,EQ,141597,65644,46.36
20,1974,ROUTE,EQ,38085,16739,43.95
20,1975,ROXHITECH,SM,36800,27200,73.91
20,1976,RPEL,EQ,57538,26304,45.72
20,1977,RPGLIFE,EQ,9606,4246,44.20
20,1978,RPOWER,EQ,22424263,10831360,48.30
20,1979,RPPL,EQ,110276,65428,59.33
20,1980,RPSGVENT,EQ,54904,28774,52.41
20,1981,RPTECH,EQ,189320,71693,37.87
20,1982,RRKABEL,EQ,84027,27095,32.25
20,1983,RSWM,EQ,37156,17858,48.06
20,1984,RSYSTEMS,EQ,93434,54384,58.21
20,1985,RTNINDIA,EQ,2474395,782821,31.64
20,1986,RTNPOWER,EQ,13667358,5532088,40.48
20,1987,RUBFILA,EQ,23794,13450,56.53
20,1988,RUBYMILLS,EQ,28164,12246,43.48
20,1989,RUCHINFRA,EQ,609486,145161,23.82
20,1990,RUCHIRA,EQ,17069,7736,45.32
20,1991,RULKA,SM,7500,6600,88.00
20,1992,RUPA,EQ,79504,36816,46.31
20,1993,RUSHIL,EQ,439919,148050,33.65
20,1994,RUSTOMJEE,EQ,81579,55414,67.93
20,1995,RVNL,EQ,6050286,1574280,26.02
20,1996,SAAKSHI,SM,13200,9000,68.18
20,1997,SABAR,ST,15000,15000,100.00
20,1998,SABTNL,EQ,543,543,100.00
20,1999,SADBHAV,EQ,1282171,750251,58.51
20,2000,SADBHIN,EQ,304506,218888,71.88
20,2001,SADHAV,SM,18000,13200,73.33
20,2002,SADHNANIQ,EQ,336122,135278,40.25
20,2003,SAFARI,EQ,24622,11061,44.92
20,2004,SAGARDEEP,EQ,16550,8668,52.37
20,2005,SAGCEM,EQ,51989,27521,52.94
20,2006,SAHAJ,SM,60000,40000,66.67
20,2007,SAHAJSOLAR,SM,21600,13600,62.96
20,2008,SAHANA,ST,21375,21125,98.83
20,2009,SAHASRA,SM,89600,72400,80.80
20,2010,SAHYADRI,EQ,7974,5410,67.85
20,2011,SAIFL,SM,1600,800,50.00
20,2012,SAIL,EQ,19913009,4949955,24.86
20,2013,SAILIFE,EQ,418137,169291,40.49
20,2014,SAJHOTELS,SM,1220000,884000,72.46
20,2015,SAKAR,EQ,8954,6223,69.50
20,2016,SAKHTISUG,EQ,133518,55825,41.81
20,2017,SAKSOFT,EQ,109740,51032,46.50
20,2018,SALASAR,EQ,9308366,2918972,31.36
20,2019,SALONA,EQ,1842,1037,56.30
20,2020,SALSTEEL,EQ,101793,39348,38.65
20,2021,SALZERELEC,EQ,85233,33937,39.82
20,2022,SAMHI,EQ,981364,503077,51.26
20,2023,SAMMAANCAP,EQ,5402611,3206007,59.34
20,2024,SANATHAN,EQ,144251,77755,53.90
20,2025,SANDESH,EQ,1820,1129,62.03
20,2026,SANDHAR,EQ,64370,27688,43.01
20,2027,SANDUMA,EQ,109969,55419,50.40
20,2028,SANGAMIND,EQ,24262,14849,61.20
20,2029,SANGANI,ST,9000,6000,66.67
20,2030,SANGHIIND,EQ,404796,133553,32.99
20,2031,SANGHVIMOV,EQ,140181,72108,51.44
20,2032,SANGINITA,EQ,59081,36330,61.49
20,2033,SANOFI,EQ,13663,7748,56.71
20,2034,SANOFICONR,EQ,2980,1847,61.98
20,2035,SANSERA,EQ,178357,95292,53.43
20,2036,SANSTAR,EQ,322103,123790,38.43
20,2037,SAPPHIRE,EQ,448350,325544,72.61
20,2038,SARDAEN,EQ,866964,469955,54.21
20,2039,SAREGAMA,EQ,1120498,226375,20.20
20,2040,SAROJA,SM,3200,1600,50.00
20,2041,SARTELE,SM,69500,54000,77.70
20,2042,SARVESHWAR,EQ,4422528,1784746,40.36
20,2043,SASKEN,EQ,3368,1519,45.10
20,2044,SASTASUNDR,EQ,29074,17781,61.16
20,2045,SATECH,ST,58000,46000,79.31
20,2046,SATIA,EQ,230444,109093,47.34
20,2047,SATIN,EQ,226496,105314,46.50
20,2048,SATINDLTD,EQ,294115,115503,39.27
20,2049,SATIPOLY,SM,2500,2500,100.00
20,2050,SAURASHCEM,EQ,106150,33829,31.87
20,2051,SBC,EQ,2906917,1061846,36.53
20,2052,SBCL,EQ,682705,327198,47.93
20,2053,SBFC,EQ,1042397,448137,42.99
20,2054,SBGLP,EQ,659045,300180,45.55
20,2055,SBICARD,EQ,1627465,829533,50.97
20,2056,SBIETFCON,EQ,3559,3015,84.71
20,2057,SBIETFIT,EQ,3535,2689,76.07
20,2058,SBIETFPB,EQ,6322,3780,59.79
20,2059,SBIETFQLTY,EQ,15810,13192,83.44
20,2060,SBILIFE,EQ,2024378,1335347,65.96
20,2061,SBIN,EQ,11960975,5383740,45.01
20,2062,SBINEQWETF,EQ,26362,15607,59.20
20,2063,SBISILVER,EQ,78325,67060,85.62
20,2064,SCHAEFFLER,EQ,33227,23152,69.68
20,2065,SCHAND,EQ,56041,26064,46.51
20,2066,SCHNEIDER,EQ,126145,59053,46.81
20,2067,SCI,EQ,2493700,601008,24.10
20,2068,SCILAL,EQ,610207,280155,45.91
20,2069,SCLZC25,YN,2,2,100.00
20,2070,SCML,SM,6000,5000,83.33
20,2071,SCPL,EQ,11546,8048,69.70
20,2072,SDBL,EQ,796273,368410,46.27
20,2073,SDL26BEES,EQ,98676,92858,94.10
20,2074,SDREAMS,SM,17000,15000,88.24
20,2075,SEAMECLTD,EQ,9793,4929,50.33
20,2076,SECL,ST,6250,6250,100.00
20,2077,SECMARK,EQ,2147,1770,82.44
20,2078,SECURKLOUD,EQ,12145,6736,55.46
20,2079,SEL,ST,3200,3000,93.75
20,2080,SELAN,EQ,27560,13355,48.46
20,2081,SELMC,EQ,15628,12832,82.11
20,2082,SENCO,EQ,267394,92162,34.47
20,2083,SENORES,EQ,431298,138704,32.16
20,2084,SENSEXADD,EQ,1153,951,82.48
20,2085,SENSEXETF,EQ,8228,7074,85.97
20,2086,SENSEXIETF,EQ,7640,3395,44.44
20,2087,SEPC,EQ,7945445,3099454,39.01
20,2088,SEQUENT,EQ,692001,405635,58.62
20,2089,SERVICE,SM,22000,16000,72.73
20,2090,SERVOTECH,EQ,794161,349088,43.96
20,2091,SESHAPAPER,EQ,13351,8049,60.29
20,2092,SETF10GILT,EQ,7998,6466,80.85
20,2093,SETFGOLD,EQ,1203771,979571,81.38
20,2094,SETFNIF50,EQ,924197,548823,59.38
20,2095,SETFNIFBK,EQ,34988,23485,67.12
20,2096,SETFNN50,EQ,54561,39556,72.50
20,2097,SFL,EQ,106515,50354,47.27
20,2098,SFML,SM,52800,33600,63.64
20,2099,SGBAPR28I,GB,53,40,75.47
20,2100,SGBAUG27,GB,51,44,86.27
20,2101,SGBAUG28V,GB,433,406,93.76
20,2102,SGBAUG29V,GB,215,144,66.98
20,2103,SGBAUG30,GB,181,133,73.48
20,2104,SGBD29VIII,GB,47,45,95.74
20,2105,SGBDC27VII,GB,24,22,91.67
20,2106,SGBDE30III,GB,78,68,87.18
20,2107,SGBDE31III,GB,1343,1034,76.99
20,2108,SGBDEC2513,GB,10,10,100.00
20,2109,SGBDEC25XI,GB,7,7,100.00
20,2110,SGBFEB27,GB,9,9,100.00
20,2111,SGBFEB28IX,GB,5,3,60.00
20,2112,SGBFEB29XI,GB,40,38,95.00
20,2113,SGBFEB32IV,GB,908,501,55.18
20,2114,SGBJ28VIII,GB,6,6,100.00
20,2115,SGBJAN26,GB,1,1,100.00
20,2116,SGBJAN27,GB,12,12,100.00
20,2117,SGBJAN29IX,GB,438,377,86.07
20,2118,SGBJAN29X,GB,12,10,83.33
20,2119,SGBJAN30IX,GB,80,66,82.50
20,2120,SGBJU29III,GB,386,206,53.37
20,2121,SGBJUL25,GB,111,91,81.98
20,2122,SGBJUL27,GB,2,1,50.00
20,2123,SGBJUL28IV,GB,689,518,75.18
20,2124,SGBJUL29IV,GB,280,231,82.50
20,2125,SGBJUN28,GB,234,220,94.02
20,2126,SGBJUN29II,GB,393,317,80.66
20,2127,SGBJUN30,GB,174,150,86.21
20,2128,SGBJUN31I,GB,538,390,72.49
20,2129,SGBMAR25,GB,17,16,94.12
20,2130,SGBMAR28X,GB,10,10,100.00
20,2131,SGBMAR30X,GB,35,27,77.14
20,2132,SGBMAR31IV,GB,183,127,69.40
20,2133,SGBMAY25,GB,2,2,100.00
20,2134,SGBMAY28,GB,74,68,91.89
20,2135,SGBMAY29I,GB,556,320,57.55
20,2136,SGBMR29XII,GB,83,77,92.77
20,2137,SGBN28VIII,GB,536,532,99.25
20,2138,SGBNOV258,GB,3,3,100.00
20,2139,SGBNOV26,GB,7,7,100.00
20,2140,SGBNV29VII,GB,156,105,67.31
20,2141,SGBOC28VII,GB,175,129,73.71
20,2142,SGBOCT25,GB,1,1,100.00
20,2143,SGBOCT25IV,GB,28,26,92.86
20,2144,SGBOCT27,GB,4,4,100.00
20,2145,SGBOCT27VI,GB,10,6,60.00
20,2146,SGBSEP27,GB,9,9,100.00
20,2147,SGBSEP28VI,GB,339,298,87.91
20,2148,SGBSEP29VI,GB,192,188,97.92
20,2149,SGBSEP31II,GB,1067,750,70.29
20,2150,SGL,EQ,20932,11874,56.73
20,2151,SGLTL,EQ,15156194,2784424,18.37
20,2152,SHAH,EQ,702373,466113,66.36
20,2153,SHAKTIPUMP,EQ,2922246,808756,27.68
20,2154,SHALBY,EQ,61738,30370,49.19
20,2155,SHALPAINTS,EQ,122877,53865,43.84
20,2156,SHANKARA,EQ,40613,19605,48.27
20,2157,SHANTI,EQ,69686,50125,71.93
20,2158,SHANTIGEAR,EQ,12041,6494,53.93
20,2159,SHARDACROP,EQ,119032,29256,24.58
20,2160,SHARDAMOTR,EQ,15829,8621,54.46
20,2161,SHAREINDIA,EQ,1095717,409172,37.34
20,2162,SHARIABEES,EQ,8527,6246,73.25
20,2163,SHEETAL,SM,68000,48000,70.59
20,2164,SHEMAROO,EQ,76254,16351,21.44
20,2165,SHERA,SM,14000,10000,71.43
20,2166,SHIGAN,SM,6000,6000,100.00
20,2167,SHILPAMED,EQ,244170,105718,43.30
20,2168,SHIVALIK,EQ,32488,14634,45.04
20,2169,SHIVAMAUTO,EQ,152221,53947,35.44
20,2170,SHIVAMILLS,EQ,16724,4649,27.80
20,2171,SHIVATEX,EQ,23545,13565,57.61
20,2172,SHK,EQ,235071,127920,54.42
20,2173,SHOPERSTOP,EQ,79029,19962,25.26
20,2174,SHREDIGCEM,EQ,156045,66663,42.72
20,2175,SHREECEM,EQ,12486,7448,59.65
20,2176,SHREEKARNI,SM,12000,9600,80.00
20,2177,SHREEOSFM,SM,2000,1000,50.00
20,2178,SHREEPUSHK,EQ,40459,18739,46.32
20,2179,SHRENIK,EQ,736601,479280,65.07
20,2180,SHREYANIND,EQ,5724,3812,66.60
20,2181,SHRIPISTON,EQ,48538,29101,59.96
20,2182,SHRIRAMFIN,EQ,6987503,4072439,58.28
20,2183,SHRIRAMPPS,EQ,946111,318315,33.64
20,2184,SHRITECH,SM,48000,24000,50.00
20,2185,SHUBHSHREE,ST,4800,4800,100.00
20,2186,SHYAMCENT,EQ,132935,80056,60.22
20,2187,SHYAMMETL,EQ,614778,281460,45.78
20,2188,SIDDHIKA,ST,2000,2000,100.00
20,2189,SIEMENS,EQ,339149,187257,55.21
20,2190,SIGACHI,EQ,1395281,597518,42.82
20,2191,SIGIND,EQ,15022,7077,47.11
20,2192,SIGMA,EQ,47221,6308,13.36
20,2193,SIGNATURE,EQ,723504,159326,22.02
20,2194,SIKKO,EQ,14871,7766,52.22
20,2195,SIL,EQ,36548,19402,53.09
20,2196,SILGO,EQ,41319,10414,25.20
20,2197,SILKFLEX,SM,2000,2000,100.00
20,2198,SILLYMONKS,EQ,3731,3045,81.61
20,2199,SILVER,EQ,83607,56660,67.77
20,2200,SILVER1,EQ,151148,140658,93.06
20,2201,SILVERADD,EQ,19395,16095,82.99
20,2202,SILVERBEES,EQ,6119434,3383280,55.29
20,2203,SILVERETF,EQ,174173,98188,56.37
20,2204,SILVERIETF,EQ,956123,594390,62.17
20,2205,SILVERTUC,EQ,10215,1407,13.77
20,2206,SILVRETF,EQ,7619,7373,96.77
20,2207,SINCLAIR,EQ,86126,34228,39.74
20,2208,SINDHUTRAD,EQ,5443939,4114841,75.59
20,2209,SINTERCOM,EQ,16848,5003,29.69
20,2210,SIRCA,EQ,55686,32101,57.65
20,2211,SIS,EQ,61313,30069,49.04
20,2212,SIYSIL,EQ,234765,60578,25.80
20,2213,SJLOGISTIC,SM,28250,21000,74.34
20,2214,SJS,EQ,73838,39039,52.87
20,2215,SJVN,EQ,10042149,2985670,29.73
20,2216,SKFINDIA,EQ,17054,10019,58.75
20,2217,SKIPPER,EQ,1416191,744043,52.54
20,2218,SKMEGGPROD,EQ,61307,25794,42.07
20,2219,SKP,SM,25000,16000,64.00
20,2220,SLONE,ST,36000,36000,100.00
20,2221,SMALLCAP,EQ,1011832,836304,82.65
20,2222,SMCGLOBAL,EQ,88401,39894,45.13
20,2223,SMLISUZU,EQ,11129,4975,44.70
20,2224,SMLT,EQ,16985,7444,43.83
20,2225,SMSPHARMA,EQ,78224,32087,41.02
20,2226,SMVD,SM,4040,4040,100.00
20,2227,SNOWMAN,EQ,419557,145481,34.67
20,2228,SOBHA,EQ,175525,66346,37.80
20,2229,SOLARA,EQ,80578,39333,48.81
20,2230,SOLARAPP,E1,1113,1082,97.21
20,2231,SOLARINDS,EQ,131119,64521,49.21
20,2232,SOLEX,SM,9625,6125,63.64
20,2233,SOMANYCERA,EQ,12084,8264,68.39
20,2234,SOMICONVEY,EQ,12444,5223,41.97
20,2235,SONACOMS,EQ,1130150,586265,51.87
20,2236,SONAMAC,ST,6000,6000,100.00
20,2237,SONATSOFTW,EQ,310408,156828,50.52
20,2238,SONUINFRA,ST,6000,6000,100.00
20,2239,SOTAC,SM,1200,1200,100.00
20,2240,SOTL,EQ,39494,17059,43.19
20,2241,SOUTHBANK,EQ,13231677,4981455,37.65
20,2242,SOUTHWEST,EQ,56454,22018,39.00
20,2243,SPAL,EQ,16346,8084,49.46
20,2244,SPANDANA,EQ,1474333,500238,33.93
20,2245,SPARC,EQ,696722,397018,56.98
20,2246,SPCL,ST,22800,19800,86.84
20,2247,SPECIALITY,EQ,37638,20208,53.69
20,2248,SPECTRUM,SM,6125,4375,71.43
20,2249,SPECTSTM,ST,42400,42400,100.00
20,2250,SPENCERS,EQ,334894,203252,60.69
20,2251,SPIC,EQ,424484,172861,40.72
20,2252,SPLIL,EQ,26177,8918,34.07
20,2253,SPLPETRO,EQ,29409,16427,55.86
20,2254,SPORTKING,EQ,145980,75942,52.02
20,2255,SPPPOLY,ST,28000,24000,85.71
20,2256,SREEL,EQ,12185,8448,69.33
20,2257,SRF,EQ,289433,83804,28.95
20,2258,SRGHFL,EQ,4152,786,18.93
20,2259,SRHHYPOLTD,EQ,34411,12844,37.33
20,2260,SRIVASAVI,SM,1000,1000,100.00
20,2261,SSDL,EQ,51350,25495,49.65
20,2262,SSEGL,SM,89000,65800,73.93
20,2263,SSFL,ST,45500,43000,94.51
20,2264,SSWL,EQ,103416,43716,42.27
20,2265,STANLEY,EQ,87519,47843,54.67
20,2266,STAR,EQ,656324,483564,73.68
20,2267,STARCEMENT,EQ,1007531,409542,40.65
20,2268,STARHEALTH,EQ,443815,215073,48.46
20,2269,STARPAPER,EQ,5979,3630,60.71
20,2270,STARTECK,EQ,10566,1145,10.84
20,2271,STCINDIA,EQ,100077,35807,35.78
20,2272,STEELCAS,EQ,4353,2489,57.18
20,2273,STEELCITY,EQ,25509,13676,53.61
20,2274,STEELXIND,EQ,1633048,687098,42.07
20,2275,STEL,EQ,8482,5537,65.28
20,2276,STERTOOLS,EQ,116290,36768,31.62
20,2277,STLTECH,EQ,1108639,492575,44.43
20,2278,STOVEKRAFT,EQ,131084,83109,63.40
20,2279,STYLAMIND,EQ,21411,10538,49.22
20,2280,STYLEBAAZA,EQ,171435,83460,48.68
20,2281,STYRENIX,EQ,34284,14739,42.99
20,2282,SUBEXLTD,EQ,3015902,1147424,38.05
20,2283,SUBROS,EQ,28864,13128,45.48
20,2284,SUDARSCHEM,EQ,148408,99993,67.38
20,2285,SUKHJITS,EQ,5815,3064,52.69
20,2286,SULA,EQ,278773,153781,55.16
20,2287,SUMICHEM,EQ,328366,202115,61.55
20,2288,SUMMITSEC,EQ,10574,5146,48.67
20,2289,SUNCLAY,EQ,20216,10219,50.55
20,2290,SUNDARAM,EQ,750458,317229,42.27
20,2291,SUNDARMFIN,EQ,196230,38251,19.49
20,2292,SUNDARMHLD,EQ,60634,24493,40.39
20,2293,SUNDRMFAST,EQ,29825,15158,50.82
20,2294,SUNLITE,SM,7200,7200,100.00
20,2295,SUNPHARMA,EQ,1962645,1178633,60.05
20,2296,SUNTECK,EQ,862056,501641,58.19
20,2297,SUNTV,EQ,130683,32680,25.01
20,2298,SUPERHOUSE,EQ,4057,1901,46.86
20,2299,SUPRAJIT,EQ,101232,59603,58.88
20,2300,SUPREMEIND,EQ,134638,80367,59.69
20,2301,SUPREMEPWR,ST,18500,17000,91.89
20,2302,SUPRIYA,EQ,149621,61886,41.36
20,2303,SURAJEST,EQ,50630,22274,43.99
20,2304,SURAKSHA,EQ,177052,64985,36.70
20,2305,SURANASOL,EQ,210327,101233,48.13
20,2306,SURANAT&P,EQ,106166,56366,53.09
20,2307,SURANI,ST,1400,1400,100.00
20,2308,SURYALAXMI,EQ,20306,13422,66.10
20,2309,SURYAROSNI,EQ,2415358,842644,34.89
20,2310,SURYODAY,EQ,216679,116412,53.73
20,2311,SUTLEJTEX,EQ,52346,24003,45.85
20,2312,SUVEN,EQ,747127,327404,43.82
20,2313,SUVENPHAR,EQ,128650,91516,71.14
20,2314,SUVIDHAA,EQ,633672,230744,36.41
20,2315,SUYOG,EQ,15468,7565,48.91
20,2316,SUZLON,EQ,41045252,22357339,54.47
20,2317,SWANENERGY,EQ,4045780,1059578,26.19
20,2318,SWARAJ,ST,28500,27000,94.74
20,2319,SWARAJENG,EQ,5769,2673,46.33
20,2320,SWASTIK,SM,16800,15600,92.86
20,2321,SWELECTES,EQ,113356,30191,26.63
20,2322,SWIGGY,EQ,8019502,3900225,48.63
20,2323,SWSOLAR,EQ,1977059,1138756,57.60
20,2324,SYLVANPLY,SM,8000,6000,75.00
20,2325,SYMPHONY,EQ,88229,38524,43.66
20,2326,SYNCOMF,EQ,2971905,1614479,54.32
20,2327,SYNGENE,EQ,1114462,748502,67.16
20,2328,SYNOPTICS,SM,3600,2400,66.67
20,2329,SYRMA,EQ,890672,264402,29.69
20,2330,SYSTANGO,SM,24000,11600,48.33
20,2331,TAC,ST,1200,1200,100.00
20,2332,TAINWALCHM,EQ,3371,1806,53.57
20,2333,TAJGVK,EQ,276663,94297,34.08
20,2334,TAKE,EQ,126725,83170,65.63
20,2335,TALBROAUTO,EQ,70962,26160,36.86
20,2336,TANLA,EQ,954240,200303,20.99
20,2337,TARC,EQ,792546,424846,53.61
20,2338,TARMAT,EQ,35166,16886,48.02
20,2339,TARSONS,EQ,33684,14030,41.65
20,2340,TASTYBITE,EQ,1899,688,36.23
20,2341,TATACHEM,EQ,1120814,607991,54.25
20,2342,TATACOMM,EQ,382855,224825,58.72
20,2343,TATACONSUM,EQ,1558290,939797,60.31
20,2344,TATAELXSI,EQ,230728,78074,33.84
20,2345,TATAGOLD,EQ,5304616,2723568,51.34
20,2346,TATAINVEST,EQ,28674,9512,33.17
20,2347,TATAMOTORS,EQ,11377053,3304819,29.05
20,2348,TATAPOWER,EQ,11846097,4947777,41.77
20,2349,TATASTEEL,EQ,36877365,14243031,38.62
20,2350,TATATECH,EQ,988607,487278,49.29
20,2351,TATSILV,EQ,768126,497991,64.83
20,2352,TATVA,EQ,12293,6086,49.51
20,2353,TBI,SM,8400,8400,100.00
20,2354,TBOTEK,EQ,55052,20081,36.48
20,2355,TBZ,EQ,363118,83687,23.05
20,2356,TCI,EQ,33649,17816,52.95
20,2357,TCIEXP,EQ,21139,7799,36.89
20,2358,TCL,SM,4800,3200,66.67
20,2359,TCLCONS,EQ,99624,45551,45.72
20,2360,TCPLPACK,EQ,2026,1252,61.80
20,2361,TCS,EQ,3441709,2470988,71.80
20,2362,TDPOWERSYS,EQ,1849037,652136,35.27
20,2363,TEAMLEASE,EQ,18643,8468,45.42
20,2364,TECH,EQ,18506,10181,55.01
20,2365,TECHERA,ST,48000,46400,96.67
20,2366,TECHLABS,ST,56750,55875,98.46
20,2367,TECHM,EQ,2480288,1416937,57.13
20,2368,TECHNOE,EQ,240510,114150,47.46
20,2369,TECILCHEM,EQ,4218,2672,63.35
20,2370,TEGA,EQ,46816,12649,27.02
20,2371,TEJASNET,EQ,1372573,329610,24.01
20,2372,TEXINFRA,EQ,400784,175747,43.85
20,2373,TEXMOPIPES,EQ,52246,29609,56.67
20,2374,TEXRAIL,EQ,1737224,574903,33.09
20,2375,TFCILTD,EQ,778286,565047,72.60
20,2376,TGBHOTELS,EQ,20467,12618,61.65
20,2377,TGL,ST,37400,34800,93.05
20,2378,THANGAMAYL,EQ,64058,35790,55.87
20,2379,THEINVEST,EQ,28306,18001,63.59
20,2380,THEJO,EQ,10716,5002,46.68
20,2381,THEMISMED,EQ,62985,27038,42.93
20,2382,THERMAX,EQ,128683,65112,50.60
20,2383,THESL,ST,12000,9000,75.00
20,2384,THOMASCOOK,EQ,1664042,1123419,67.51
20,2385,THYROCARE,EQ,64673,32738,50.62
20,2386,TI,EQ,820474,279653,34.08
20,2387,TIIL,EQ,14715,11840,80.46
20,2388,TIINDIA,EQ,217620,94593,43.47
20,2389,TIL,EQ,9084,7679,84.53
20,2390,TIMESCAN,SM,2000,2000,100.00
20,2391,TIMETECHNO,EQ,1285470,599172,46.61
20,2392,TIMKEN,EQ,44398,24374,54.90
20,2393,TIPSMUSIC,EQ,277308,132295,47.71
20,2394,TIRUMALCHM,EQ,175411,85155,48.55
20,2395,TITAGARH,EQ,1960199,713710,36.41
20,2396,TITAN,EQ,1133561,758574,66.92
20,2397,TMB,EQ,41593,20951,50.37
20,2398,TNIDETF,EQ,39821,29327,73.65
20,2399,TNPETRO,EQ,219147,100826,46.01
20,2400,TNPL,EQ,258096,78449,30.40
20,2401,TOKYOPLAST,EQ,10600,5266,49.68
20,2402,TOLINS,EQ,150119,56048,37.34
20,2403,TOP100CASE,EQ,557377,524927,94.18
20,2404,TOP10ADD,EQ,378669,325728,86.02
20,2405,TORNTPHARM,EQ,147736,89554,60.62
20,2406,TORNTPOWER,EQ,561822,173448,30.87
20,2407,TOTAL,EQ,7658,4840,63.20
20,2408,TOUCHWOOD,EQ,2413,1431,59.30
20,2409,TPLPLASTEH,EQ,192759,42476,22.04
20,2410,TRACXN,EQ,476402,183718,38.56
20,2411,TRANSRAILL,EQ,5734769,762271,13.29
20,2412,TRANSTEEL,ST,38000,34000,89.47
20,2413,TRANSWORLD,EQ,49142,19074,38.81
20,2414,TREJHARA,EQ,22731,15067,66.28
20,2415,TREL,EQ,378158,191235,50.57
20,2416,TRENT,EQ,1130732,693025,61.29
20,2417,TRF,EQ,24195,9649,39.88
20,2418,TRIDENT,EQ,8033102,1813421,22.57
20,2419,TRIDHYA,SM,21000,18000,85.71
20,2420,TRIGYN,EQ,102505,59750,58.29
20,2421,TRITURBINE,EQ,384772,135598,35.24
20,2422,TRIVENI,EQ,925771,235921,25.48
20,2423,TROM,SM,12600,10200,80.95
20,2424,TRUST,SM,37800,25800,68.25
20,2425,TTKHLTCARE,EQ,1601,1133,70.77
20,2426,TTKPRESTIG,EQ,14253,5762,40.43
20,2427,TTML,EQ,4171846,808018,19.37
20,2428,TUNWAL,SM,112000,74000,66.07
20,2429,TVSELECT,EQ,32227,11139,34.56
20,2430,TVSHLTD,EQ,4533,1970,43.46
20,2431,TVSMOTOR,EQ,707155,431645,61.04
20,2432,TVSSCS,EQ,488167,184962,37.89
20,2433,TVSSRICHAK,EQ,3437,2128,61.91
20,2434,TVTODAY,EQ,122586,60953,49.72
20,2435,UBL,EQ,210753,99558,47.24
20,2436,UCOBANK,EQ,21598947,4338953,20.09
20,2437,UDAICEMENT,EQ,363765,217434,59.77
20,2438,UDS,EQ,137130,55468,40.45
20,2439,UFLEX,EQ,91525,43763,47.82
20,2440,UFO,EQ,114664,68389,59.64
20,2441,UGARSUGAR,EQ,930857,426998,45.87
20,2442,UGROCAP,EQ,169121,84194,49.78
20,2443,UHTL,ST,22000,18000,81.82
20,2444,UJJIVANSFB,EQ,8088027,2848433,35.22
20,2445,ULTRACEMCO,EQ,344404,237398,68.93
20,2446,UMA,SM,56000,4000,7.14
20,2447,UMAEXPORTS,EQ,683420,159921,23.40
20,2448,UMESLTD,EQ,43570,20123,46.19
20,2449,UNICHEMLAB,EQ,7368,3338,45.30
20,2450,UNIDT,EQ,108084,24994,23.12
20,2451,UNIECOM,EQ,418856,162633,38.83
20,2452,UNIENTER,EQ,6787,3659,53.91
20,2453,UNIHEALTH,SM,28000,26000,92.86
20,2454,UNIINFO,EQ,9845,4229,42.96
20,2455,UNILEX,SM,3200,3200,100.00
20,2456,UNIMECH,EQ,220325,50676,23.00
20,2457,UNIONBANK,EQ,17767397,8146733,45.85
20,2458,UNIPARTS,EQ,134528,122195,90.83
20,2459,UNITDSPR,EQ,2008577,974793,48.53
20,2460,UNITEDTEA,EQ,4869,2998,61.57
20,2461,UNIVASTU,EQ,488507,99966,20.46
20,2462,UNIVCABLES,EQ,32398,16219,50.06
20,2463,UNOMINDA,EQ,1299229,663481,51.07
20,2464,UPL,EQ,1831287,662644,36.18
20,2465,UPLPP,E1,126251,74051,58.65
20,2466,URAVI,EQ,6610,2458,37.19
20,2467,URBAN,ST,14000,14000,100.00
20,2468,USASEEDS,SM,600,600,100.00
20,2469,USHAFIN,SM,13600,12800,94.12
20,2470,USHAMART,EQ,485328,189835,39.11
20,2471,USK,EQ,130520,58873,45.11
20,2472,UTIAMC,EQ,107026,46871,43.79
20,2473,UTIBANKETF,EQ,255578,250878,98.16
20,2474,UTINEXT50,EQ,175044,142563,81.44
20,2475,UTINIFTETF,EQ,35925,34732,96.68
20,2476,UTISENSETF,EQ,835,710,85.03
20,2477,UTISXN50,EQ,6108,3018,49.41
20,2478,UTKARSHBNK,EQ,1993712,843124,42.29
20,2479,UTSSAV,ST,10800,10800,100.00
20,2480,UTTAMSUGAR,EQ,81694,30588,37.44
20,2481,UYFINCORP,EQ,23485,19116,81.40
20,2482,VADILALIND,EQ,6572,3140,47.78
20,2483,VAIBHAVGBL,EQ,459026,174413,38.00
20,2484,VAKRANGEE,EQ,17004677,5124510,30.14
20,2485,VAL30IETF,EQ,108049,69657,64.47
20,2486,VALIANTLAB,EQ,261349,113805,43.55
20,2487,VALIANTORG,EQ,52408,36867,70.35
20,2488,VARDHACRLC,EQ,50264,27869,55.45
20,2489,VARROC,EQ,227098,65693,28.93
20,2490,VASCONEQ,EQ,633468,257624,40.67
20,2491,VASWANI,EQ,80213,32038,39.94
20,2492,VBL,EQ,7824105,4754141,60.76
20,2493,VDEAL,SM,26400,25200,95.45
20,2494,VEDL,EQ,8727736,4006370,45.90
20,2495,VEEDOL,EQ,9677,5302,54.79
20,2496,VENKEYS,EQ,18508,9544,51.57
20,2497,VENTIVE,EQ,252008,105087,41.70
20,2498,VENUSPIPES,EQ,88589,27240,30.75
20,2499,VENUSREM,EQ,8716,3709,42.55
20,2500,VERANDA,EQ,158775,103727,65.33
20,2501,VERITAAS,SM,6000,3600,60.00
20,2502,VERTEXPLUS,SM,600,600,100.00
20,2503,VERTOZ,EQ,987724,603993,61.15
20,2504,VESUVIUS,EQ,9076,4650,51.23
20,2505,VGUARD,EQ,431037,179138,41.56
20,2506,VHL,EQ,1608,645,40.11
20,2507,VIAZ,SM,74000,68000,91.89
20,2508,VIDHIING,EQ,58936,28777,48.83
20,2509,VIESL,SM,39200,19200,48.98
20,2510,VIJAYA,EQ,566042,322784,57.02
20,2511,VIKASECO,EQ,2480825,1438244,57.97
20,2512,VIKASLIFE,EQ,4337198,2154537,49.68
20,2513,VILAS,ST,22000,19750,89.77
20,2514,VILINBIO,SM,8000,8000,100.00
20,2515,VIMTALABS,EQ,137894,64204,46.56
20,2516,VINATIORGA,EQ,30305,13479,44.48
20,2517,VINCOFE,EQ,251400,128003,50.92
20,2518,VINDHYATEL,EQ,8734,4738,54.25
20,2519,VINEETLAB,EQ,30596,17156,56.07
20,2520,VINSYS,SM,4000,3000,75.00
20,2521,VINYAS,ST,40000,40000,100.00
20,2522,VINYLINDIA,EQ,19472,10984,56.41
20,2523,VIPCLOTHNG,EQ,162437,81003,49.87
20,2524,VIPIND,EQ,192201,93449,48.62
20,2525,VIRINCHI,EQ,553320,332449,60.08
20,2526,VISAKAIND,EQ,341812,104143,30.47
20,2527,VISHNU,EQ,187304,62549,33.39
20,2528,VISHNUINFR,SM,22000,19500,88.64
20,2529,VISHWARAJ,EQ,1129458,508727,45.04
20,2530,VISHWAS,SM,3200,1600,50.00
20,2531,VITAL,SM,12000,10800,90.00
20,2532,VIVIANA,ST,8875,8125,91.55
20,2533,VIVIDHA,EQ,782610,375131,47.93
20,2534,VLEGOV,EQ,1427493,814102,57.03
20,2535,VLINFRA,ST,16500,15000,90.91
20,2536,VLSFINANCE,EQ,43111,17026,39.49
20,2537,VMARCIND,ST,15500,15250,98.39
20,2538,VMART,EQ,50440,19923,39.50
20,2539,VMM,EQ,17068402,4282069,25.09
20,2540,VOLTAMP,EQ,60057,34693,57.77
20,2541,VOLTAS,EQ,864485,511963,59.22
20,2542,VPRPL,EQ,717076,239098,33.34
20,2543,VR,ST,1200,1200,100.00
20,2544,VRAJ,EQ,201793,89056,44.13
20,2545,VRLLOG,EQ,56658,20330,35.88
20,2546,VSCL,ST,6000,3000,50.00
20,2547,VSSL,EQ,68442,42441,62.01
20,2548,VSTIND,EQ,199606,108331,54.27
20,2549,VSTL,EQ,19400,8324,42.91
20,2550,VSTTILLERS,EQ,12402,10586,85.36
20,2551,VTL,EQ,77578,26509,34.17
20,2552,WAAREEENER,EQ,1667039,330763,19.84
20,2553,WABAG,EQ,295922,115246,38.94
20,2554,WALCHANNAG,EQ,468855,257519,54.93
20,2555,WCIL,EQ,309917,153151,49.42
20,2556,WEIZMANIND,EQ,4179,2643,63.24
20,2557,WEL,EQ,403794,95531,23.66
20,2558,WELCORP,EQ,415120,155332,37.42
20,2559,WELENT,EQ,176886,59137,33.43
20,2560,WELINV,EQ,1777,742,41.76
20,2561,WELSPUNLIV,EQ,1459102,514494,35.26
20,2562,WENDT,EQ,568,264,46.48
20,2563,WESTLIFE,EQ,127748,82115,64.28
20,2564,WEWIN,EQ,7527,5037,66.92
20,2565,WHEELS,EQ,24088,9814,40.74
20,2566,WHIRLPOOL,EQ,189249,119645,63.22
20,2567,WILLAMAGOR,EQ,4584,3174,69.24
20,2568,WINDLAS,EQ,17471,9967,57.05
20,2569,WINDMACHIN,EQ,118336,53564,45.26
20,2570,WINNY,ST,11500,11000,95.65
20,2571,WINSOL,SM,31600,20000,63.29
20,2572,WIPRO,EQ,7670070,2496025,32.54
20,2573,WOCKPHARMA,EQ,432876,172748,39.91
20,2574,WOL3D,SM,2000,2000,100.00
20,2575,WOMANCART,ST,4400,4400,100.00
20,2576,WONDERLA,EQ,58670,22639,38.59
20,2577,WORTH,EQ,43226,18102,41.88
20,2578,WSI,EQ,180506,59197,32.80
20,2579,WSTCSTPAPR,EQ,71414,22683,31.76
20,2580,WTICAB,ST,16000,15500,96.88
20,2581,XCHANGING,EQ,270833,118881,43.89
20,2582,XELPMOC,EQ,41116,23729,57.71
20,2583,XPROINDIA,EQ,38921,19266,49.50
20,2584,XTGLOBAL,EQ,69918,17914,25.62
20,2585,YASHO,EQ,9359,5732,61.25
20,2586,YASHOPTICS,SM,46400,36800,79.31
20,2587,YATHARTH,EQ,550152,310150,56.38
20,2588,YATRA,EQ,115562,36632,31.70
20,2589,YCCL,SM,24000,15000,62.50
20,2590,YESBANK,EQ,95583809,37011376,38.72
20,2591,YUDIZ,SM,5600,4800,85.71
20,2592,YUKEN,EQ,10215,4033,39.48
20,2593,ZAGGLE,EQ,578372,300167,51.90
20,2594,ZEAL,SM,10200,5400,52.94
20,2595,ZEEL,EQ,6980366,2229255,31.94
20,2596,ZEELEARN,EQ,588502,296112,50.32
20,2597,ZEEMEDIA,EQ,1830010,1053817,57.59
20,2598,ZENITHDRUG,ST,8000,7200,90.00
20,2599,ZENITHEXPO,EQ,106,86,81.13
20,2600,ZENITHSTL,EQ,522846,200275,38.30
20,2601,ZENSARTECH,EQ,823290,352263,42.79
20,2602,ZENTEC,EQ,898893,325113,36.17
20,2603,ZFCVINDIA,EQ,7224,3872,53.60
20,2604,ZIMLAB,EQ,88493,30777,34.78
20,2605,ZODIAC,EQ,25550,10722,41.96
20,2606,ZODIACLOTH,EQ,9783,4189,42.82
20,2607,ZOMATO,EQ,85363264,52256956,61.22
20,2608,ZOTA,EQ,195376,61982,31.72
20,2609,ZTECH,ST,31200,31200,100.00
20,2610,ZUARI,EQ,149682,67256,44.93
20,2611,ZUARIIND,EQ,57711,25256,43.76
20,2612,ZYDUSLIFE,EQ,1057973,597437,56.47
20,2613,ZYDUSWELL,EQ,7716,3686,47.77
