Security Wise Delivery Position - Compulsory Rolling Settlement
10,MTO,25022025,888250667,0002647
Trade Date <25-FEB-2025>,Settlement Type <N>
Record Type,Sr No,Name of Security,Quantity Traded,Deliverable Quantity(gross across client level),% of Deliverable Quantity to Traded Quantity
20,1,1003IIFL29,NC,1,1,100.00
20,2,1003ISFL28,N4,30,30,100.00
20,3,1003SFIL28,NX,1,1,100.00
20,4,1015ECL29,NR,293,293,100.00
20,5,1018GS2026,GS,1997,1997,100.00
20,6,1025SCL34B,N1,31,31,100.00
20,7,1049DLS25A,Y5,10,10,100.00
20,8,1050NFL26,N7,37,37,100.00
20,9,1050UCL25,N7,9,9,100.00
20,10,105IIFL29,N7,42,42,100.00
20,11,105UCL2026,NB,11,11,100.00
20,12,1060ECL29,NS,861,826,95.93
20,13,1065NFL27,NC,40,40,100.00
20,14,1075SCFL34,Z6,10,10,100.00
20,15,10CAGL27,N5,1651,1641,99.39
20,16,10IIFL28A,NE,830,559,67.35
20,17,10IIFL29,N6,11,11,100.00
20,18,10NIDO26,N6,554,282,50.90
20,19,11UCL26,NC,50,50,100.00
20,20,182D080525,TB,4500,4500,100.00
20,21,182D170425,TB,1000,1000,100.00
20,22,182D240425,TB,100,100,100.00
20,23,182D240725,TB,100,100,100.00
20,24,20MICRONS,EQ,43614,23069,52.89
20,25,360ONE,EQ,1939581,573695,29.58
20,26,364D050226,TB,400,400,100.00
20,27,364D061125,TB,100,100,100.00
20,28,364D091025,TB,100,100,100.00
20,29,364D210825,TB,100,100,100.00
20,30,364D271125,TB,100,100,100.00
20,31,3IINFOLTD,EQ,316650,156776,49.51
20,32,3MINDIA,EQ,3078,1306,42.43
20,33,574GS2026,GS,4817,4007,83.18
20,34,5PAISA,EQ,20936,10460,49.96
20,35,610GS2031,GS,100,100,100.00
20,36,622GS2035,GS,300,300,100.00
20,37,63MOONS,EQ,29173,24267,83.18
20,38,664GS2027,GS,100,100,100.00
20,39,667GS2035,GS,3100,3100,100.00
20,40,667GS2050,GS,62000,33000,53.23
20,41,675GS2029,GS,1300,1300,100.00
20,42,676GS2061,GS,800,800,100.00
20,43,695GS2061,GS,16648,16648,100.00
20,44,698GR2054,GS,100,100,100.00
20,45,699GS2026,GS,3100,3100,100.00
20,46,702GS2027,GS,18728,18728,100.00
20,47,709GS2054,GS,1167,1167,100.00
20,48,710GS2029,GS,20609,20608,100.00
20,49,716GS2050,GS,500,500,100.00
20,50,718GS2037,GS,3933,3933,100.00
20,51,71GS2034,GS,12062,12062,100.00
20,52,725GS2063,GS,12500,12500,100.00
20,53,726GS2032,GS,18290,14540,79.50
20,54,726GS2033,GS,3412,3412,100.00
20,55,728IRFC30,NG,200,200,100.00
20,56,729IRFC26,NN,6,6,100.00
20,57,732GS2030,GS,1000,1000,100.00
20,58,732IRFC25,NI,100,100,100.00
20,59,733GS2026,GS,1200,1200,100.00
20,60,734GS2064,GS,3731,3731,100.00
20,61,734IRFC28,N4,2352,2352,100.00
20,62,735NHAI31,N9,500,500,100.00
20,63,736GS2052,GS,4451,3486,78.32
20,64,736NTPC25D,NB,1,1,100.00
20,65,737GS2028,GS,51,51,100.00
20,66,737NTPC35C,NA,36,36,100.00
20,67,738GS2027,GS,190779,183868,96.38
20,68,738REC27TF,N2,1876,1876,100.00
20,69,739NHAI26,N8,160,160,100.00
20,70,73GS2053,GS,720,720,100.00
20,71,741GS2036,GS,16200,16200,100.00
20,72,746GS2073,GS,5715,5200,90.99
20,73,74GS2062,GS,1387,1000,72.10
20,74,751HUDCO28,N5,1,1,100.00
20,75,753IRFC30,NJ,410,410,100.00
20,76,754GS2036,GS,674621,454929,67.43
20,77,762NTPC35F,ND,46,46,100.00
20,78,764HUDCO31,N8,1506,1500,99.60
20,79,764IRFC31,NO,3230,3230,100.00
20,80,764NABAR31,N2,2999,2999,100.00
20,81,769HUDCO31,N9,3,1,33.33
20,82,769NHAI31,NE,25,25,100.00
20,83,76NHAI31,NA,768,609,79.30
20,84,78ABFL33,N4,4,4,100.00
20,85,79NHIT35,N1,1,1,100.00
20,86,810IRFC27,N2,1355,1355,100.00
20,87,812REC27,NI,978,978,100.00
20,88,815GS2026,GS,2550,2550,100.00
20,89,81TCHF28,N8,10,10,100.00
20,90,824GS2027,GS,4000,4000,100.00
20,91,82HUDCO27,N2,1932,1932,100.00
20,92,82IGT31,NJ,220,220,100.00
20,93,830NHAI27,N2,267,261,97.75
20,94,835IFL25,NV,10,10,100.00
20,95,842IIFL26,NL,701,701,100.00
20,96,849NTPC25,N7,95467,94467,98.95
20,97,84TCHF28,NA,51,51,100.00
20,98,850NHAI29,N5,299,225,75.25
20,99,865IFL28,NZ,4,4,100.00
20,100,865IIFL28,NS,599,599,100.00
20,101,865IRFC29,NA,1,1,100.00
20,102,865LTF26,NN,15,15,100.00
20,103,865TCAPS27,N8,40,40,100.00
20,104,871REC28,N9,1070,880,82.24
20,105,872MMFSL26,N1,1,1,100.00
20,106,875IHFL29,ND,95,95,100.00
20,107,875NHAI29,N6,2102,1850,88.01
20,108,875PCHFL26,N8,10,10,100.00
20,109,876HUDCO28,ND,210,210,100.00
20,110,87LTF27,NH,4,2,50.00
20,111,880IREDA29,N5,24,24,100.00
20,112,880IREDA34,N6,251,251,100.00
20,113,885MOFSL26,N0,15,15,100.00
20,114,888ERFL28,N5,5,5,100.00
20,115,888IRFC29,NE,60,60,100.00
20,116,888REC29,NF,120,120,100.00
20,117,888SFIL25C,NR,27,27,100.00
20,118,890NHB34,N7,7,7,100.00
20,119,892PFCL33,N8,470,469,99.79
20,120,893NHB29,N6,19,19,100.00
20,121,898LTF29,N7,245,145,59.18
20,122,901HUDCO34,NE,1659,1559,93.97
20,123,901NHB34,N6,75,75,100.00
20,124,905LTF27,NF,10,10,100.00
20,125,905PEL26,N1,200,200,100.00
20,126,905SC24B,Z9,75,75,100.00
20,127,915SCL26,NE,20,20,100.00
20,128,91D060325,TB,1000,1000,100.00
20,129,91D100425,TB,100,100,100.00
20,130,91D170425,TB,100,100,100.00
20,131,91D200325,TB,100,100,100.00
20,132,91D240425,TB,100,100,100.00
20,133,91MOFSL27,N2,675,625,92.59
20,134,920PEL28,N2,25,25,100.00
20,135,921ISFL25,N0,53,53,100.00
20,136,925CAGL26,N9,5,5,100.00
20,137,925ERFL28,N6,225,162,72.00
20,138,92GS2030,GS,1254,1254,100.00
20,139,931SFL26,Z5,500,500,100.00
20,140,932AEL27,N3,15,15,100.00
20,141,935LTF29,N5,139,139,100.00
20,142,935MOFSL29,N5,92,92,100.00
20,143,93MOFSL34,N6,32,32,100.00
20,144,93SCL24A,ZN,237,232,97.89
20,145,943ECL28,NJ,30,30,100.00
20,146,945IFSL25,N4,1,1,100.00
20,147,948SCL26,N9,16,16,100.00
20,148,955SCL27A,ZJ,15,15,100.00
20,149,956AEL29,N6,336,236,70.24
20,150,957ICCL25,YW,30,15,50.00
20,151,957NIDO26,N5,92,92,100.00
20,152,960ISFL25,N1,15,15,100.00
20,153,965AEL27,N4,1894,1894,100.00
20,154,965IHFL25D,N7,200,200,100.00
20,155,965SCL26,YO,50,50,100.00
20,156,965SCL26A,ZB,50,50,100.00
20,157,96IIFL28,N5,420,420,100.00
20,158,96IIFL28A,NF,1895,1895,100.00
20,159,96SFIL24A,NB,50,50,100.00
20,160,970CAGL28,ND,100,100,100.00
20,161,971SCL28,AN,1,1,100.00
20,162,971SCL28I,BC,10,10,100.00
20,163,980SCL33C,ND,5,5,100.00
20,164,985ECL28,NK,158,158,100.00
20,165,985SFIL28,NO,23,23,100.00
20,166,990SCL26D,AH,15,15,100.00
20,167,990SCL27,YT,7,7,100.00
20,168,99SCL27V,N1,10,10,100.00
20,169,9IIFL28A,NT,110,110,100.00
20,170,9MMFSML,N2,76,75,98.68
20,171,9PCHFL31A,NA,55,55,100.00
20,172,9SCL25,YM,14,14,100.00
20,173,9SCL26BA,NA,1017,1017,100.00
20,174,AAATECH,EQ,24821,11686,47.08
20,175,AADHARHFC,EQ,810223,382793,47.25
20,176,AAKASH,EQ,103884,70182,67.56
20,177,AAREYDRUGS,EQ,38790,35830,92.37
20,178,AARON,EQ,89187,12604,14.13
20,179,AARTIDRUGS,EQ,78573,38378,48.84
20,180,AARTIIND,EQ,911831,301990,33.12
20,181,AARTIPHARM,EQ,633710,219834,34.69
20,182,AARTISURF,EQ,11040,6600,59.78
20,183,AARVI,EQ,11127,6259,56.25
20,184,AATMAJ,SM,8000,6000,75.00
20,185,AAVAS,EQ,108588,47746,43.97
20,186,ABB,EQ,415818,169413,40.74
20,187,ABBOTINDIA,EQ,43438,17027,39.20
20,188,ABCAPITAL,EQ,1897177,935033,49.29
20,189,ABCOTS,ST,20000,20000,100.00
20,190,ABDL,EQ,207323,108145,52.16
20,191,ABFRL,EQ,898864,295401,32.86
20,192,ABGSEC,EQ,81,81,100.00
20,193,ABHAPOWER,ST,19200,17600,91.67
20,194,ABINFRA,EQ,82783,13419,16.21
20,195,ABMINTLLTD,EQ,14,7,50.00
20,196,ABREL,EQ,141919,50265,35.42
20,197,ABSLAMC,EQ,301032,202501,67.27
20,198,ABSLBANETF,EQ,12219,9907,81.08
20,199,ABSLLIQUID,EQ,2129,2127,99.91
20,200,ABSLNN50ET,EQ,16478,14426,87.55
20,201,ABSLPSE,EQ,158624,118923,74.97
20,202,ABSMARINE,ST,18000,16000,88.89
20,203,ACC,EQ,156142,67415,43.18
20,204,ACCELYA,EQ,5504,3066,55.70
20,205,ACCENTMIC,SM,6500,5000,76.92
20,206,ACCURACY,EQ,51009,39903,78.23
20,207,ACE,EQ,259024,101901,39.34
20,208,ACEINTEG,EQ,4445,1927,43.35
20,209,ACI,EQ,634768,157473,24.81
20,210,ACL,EQ,7464,3556,47.64
20,211,ACLGATI,EQ,237790,85329,35.88
20,212,ACMESOLAR,EQ,356547,176932,49.62
20,213,ADANIENSOL,EQ,1654419,377534,22.82
20,214,ADANIENT,EQ,802131,175032,21.82
20,215,ADANIGREEN,EQ,5299509,1152715,21.75
20,216,ADANIPORTS,EQ,1665355,545984,32.78
20,217,ADANIPOWER,EQ,25236260,2286808,9.06
20,218,ADFFOODS,EQ,80680,24052,29.81
20,219,ADL,EQ,1653,1061,64.19
20,220,ADORWELD,EQ,27101,14762,54.47
20,221,ADROITINFO,EQ,17276,12544,72.61
20,222,ADSL,EQ,277189,114262,41.22
20,223,ADVANIHOTR,EQ,26147,13681,52.32
20,224,ADVENZYMES,EQ,272351,146682,53.86
20,225,AEGISLOG,EQ,1110384,309031,27.83
20,226,AEROFLEX,EQ,667998,216673,32.44
20,227,AERON,SM,25000,18000,72.00
20,228,AESTHETIK,SM,18000,18000,100.00
20,229,AETHER,EQ,144527,56468,39.07
20,230,AFCONS,EQ,1304672,605606,46.42
20,231,AFFLE,EQ,203567,71533,35.14
20,232,AFFORDABLE,EQ,7925,5083,64.14
20,233,AFIL,EQ,102044,48593,47.62
20,234,AGARIND,EQ,16435,6520,39.67
20,235,AGARWALEYE,EQ,695024,351628,50.59
20,236,AGARWALFT,ST,1500,1500,100.00
20,237,AGARWALTUF,SM,214800,106800,49.72
20,238,AGI,EQ,162607,72846,44.80
20,239,AGIIL,EQ,57964,53183,91.75
20,240,AGRITECH,EQ,7134,5390,75.55
20,241,AGROPHOS,EQ,40184,14777,36.77
20,242,AGUL,SM,2000,2000,100.00
20,243,AHLADA,EQ,13098,9694,74.01
20,244,AHLEAST,EQ,1658,1361,82.09
20,245,AHLUCONT,EQ,135755,79738,58.74
20,246,AIAENG,EQ,42257,27655,65.44
20,247,AIIL,EQ,84871,43479,51.23
20,248,AILIMITED,SM,6000,4500,75.00
20,249,AIMTRON,SM,18000,13200,73.33
20,250,AIRAN,EQ,65004,36636,56.36
20,251,AIROLAM,EQ,4147,2644,63.76
20,252,AIRTELPP,E1,146961,92271,62.79
20,253,AISL,SM,1200,600,50.00
20,254,AJANTPHARM,EQ,137390,55887,40.68
20,255,AJAXENGG,EQ,272650,129127,47.36
20,256,AJMERA,EQ,26644,9657,36.24
20,257,AJOONI,EQ,286787,171729,59.88
20,258,AKANKSHA,SM,19000,15000,78.95
20,259,AKASH,EQ,2302,999,43.40
20,260,AKG,EQ,14521,7521,51.79
20,261,AKIKO,SM,9600,9600,100.00
20,262,AKSHARCHEM,EQ,2836,1698,59.87
20,263,AKUMS,EQ,232016,169173,72.91
20,264,AKZOINDIA,EQ,34869,11957,34.29
20,265,ALANKIT,EQ,247480,148747,60.10
20,266,ALBERTDAVD,EQ,7417,5307,71.55
20,267,ALEMBICLTD,EQ,206851,96100,46.46
20,268,ALICON,EQ,11325,7254,64.05
20,269,ALIVUS,EQ,192148,102703,53.45
20,270,ALKALI,EQ,8805,5278,59.94
20,271,ALKEM,EQ,123125,83507,67.82
20,272,ALKYLAMINE,EQ,28464,11697,41.09
20,273,ALLCARGO,EQ,2193957,1208647,55.09
20,274,ALLDIGI,EQ,21289,15831,74.36
20,275,ALLETEC,SM,22400,17200,76.79
20,276,ALMONDZ,EQ,504856,259977,51.50
20,277,ALOKINDS,EQ,2381252,1204479,50.58
20,278,ALPA,EQ,10411,6476,62.20
20,279,ALPEXSOLAR,SM,25800,16400,63.57
20,280,ALPHA,EQ,1106040,690244,62.41
20,281,ALPHAETF,EQ,834280,558108,66.90
20,282,ALPL30IETF,EQ,588784,495888,84.22
20,283,ALUWIND,SM,4500,4500,100.00
20,284,AMBER,EQ,563985,70620,12.52
20,285,AMBEY,SM,26000,22000,84.62
20,286,AMBICAAGAR,EQ,25042,10698,42.72
20,287,AMBIKCO,EQ,11972,6916,57.77
20,288,AMBUJACEM,EQ,3465850,2186038,63.07
20,289,AMDIND,EQ,1929,1352,70.09
20,290,AMEYA,SM,2000,2000,100.00
20,291,AMIABLE,SM,3200,1600,50.00
20,292,AMIORG,EQ,274895,87597,31.87
20,293,AMJLAND,EQ,14910,8523,57.16
20,294,AMNPLST,EQ,7518,3964,52.73
20,295,AMRUTANJAN,EQ,39175,21979,56.10
20,296,ANANDRATHI,EQ,496501,393791,79.31
20,297,ANANTRAJ,EQ,1079305,319690,29.62
20,298,ANDHRAPAP,EQ,246042,73137,29.73
20,299,ANDHRSUGAR,EQ,83335,43079,51.69
20,300,ANGELONE,EQ,943432,256733,27.21
20,301,ANIKINDS,EQ,16732,9982,59.66
20,302,ANLON,SM,15200,7600,50.00
20,303,ANMOL,EQ,136642,53017,38.80
20,304,ANNAPURNA,SM,24750,15000,60.61
20,305,ANTGRAPHIC,EQ,485055,333395,68.73
20,306,ANUHPHR,EQ,12645,7576,59.91
20,307,ANUP,EQ,42132,18933,44.94
20,308,ANURAS,EQ,64404,30054,46.66
20,309,ANYA,SM,270000,220000,81.48
20,310,APARINDS,EQ,172546,75774,43.92
20,311,APCL,EQ,5008,3608,72.04
20,312,APCOTEXIND,EQ,25959,18319,70.57
20,313,APEX,EQ,44916,20927,46.59
20,314,APEXECO,SM,17600,11200,63.64
20,315,APLAPOLLO,EQ,589959,374635,63.50
20,316,APLLTD,EQ,52525,21022,40.02
20,317,APOLLO,EQ,4444307,966236,21.74
20,318,APOLLOHOSP,EQ,421160,308253,73.19
20,319,APOLLOPIPE,EQ,369705,176004,47.61
20,320,APOLLOTYRE,EQ,2001189,1233303,61.63
20,321,APOLSINHOT,EQ,733,429,58.53
20,322,APRAMEYA,ST,12000,12000,100.00
20,323,APS,SM,14000,8250,58.93
20,324,APTECHT,EQ,1195582,283132,23.68
20,325,APTUS,EQ,293823,172781,58.80
20,326,ARCHIDPLY,EQ,3311,1843,55.66
20,327,ARCHIES,EQ,17436,6071,34.82
20,328,ARE&M,EQ,1820249,438842,24.11
20,329,ARHAM,SM,16000,12000,75.00
20,330,ARIHANTCAP,EQ,134428,75527,56.18
20,331,ARIHANTSUP,EQ,14850,8267,55.67
20,332,ARKADE,EQ,326103,95057,29.15
20,333,ARMANFIN,EQ,16506,9176,55.59
20,334,AROGRANITE,EQ,11175,6941,62.11
20,335,ARTEMISMED,EQ,54828,30023,54.76
20,336,ARVEE,EQ,257,168,65.37
20,337,ARVIND,EQ,195575,80527,41.17
20,338,ARVINDFASN,EQ,230261,114670,49.80
20,339,ARVINDPORT,ST,7500,7500,100.00
20,340,ARVSMART,EQ,36057,14365,39.84
20,341,ASAHIINDIA,EQ,62230,33898,54.47
20,342,ASAHISONG,EQ,15393,13698,88.99
20,343,ASAL,EQ,38002,8629,22.71
20,344,ASALCBR,EQ,24818,10691,43.08
20,345,ASHALOG,SM,11000,10000,90.91
20,346,ASHAPURMIN,EQ,102790,61156,59.50
20,347,ASHIANA,EQ,128550,68032,52.92
20,348,ASHIMASYN,EQ,376046,116182,30.90
20,349,ASHOKA,EQ,1643685,565906,34.43
20,350,ASHOKAMET,EQ,30701,17705,57.67
20,351,ASHOKLEY,EQ,9896912,4967552,50.19
20,352,ASIANENE,EQ,316384,71521,22.61
20,353,ASIANPAINT,EQ,947724,545797,57.59
20,354,ASIANTILES,EQ,403131,226085,56.08
20,355,ASKAUTOLTD,EQ,125754,75154,59.76
20,356,ASLIND,SM,2000,2000,100.00
20,357,ASMS,EQ,187493,98806,52.70
20,358,ASPINWALL,EQ,1589,1072,67.46
20,359,ASPIRE,ST,10000,10000,100.00
20,360,ASTEC,EQ,29563,16876,57.08
20,361,ASTERDM,EQ,518711,235735,45.45
20,362,ASTRAL,EQ,279242,169223,60.60
20,363,ASTRAMICRO,EQ,69399,34431,49.61
20,364,ASTRAZEN,EQ,5971,1502,25.15
20,365,ASTRON,EQ,66707,38531,57.76
20,366,ATALREAL,EQ,4108894,2996276,72.92
20,367,ATAM,EQ,16927,9684,57.21
20,368,ATFL,EQ,11423,6256,54.77
20,369,ATGL,EQ,1266719,205261,16.20
20,370,ATL,EQ,185313,110414,59.58
20,371,ATMASTCO,ST,21200,19600,92.45
20,372,ATUL,EQ,235742,172534,73.19
20,373,ATULAUTO,EQ,40828,15679,38.40
20,374,AUBANK,EQ,1093537,448961,41.06
20,375,AURDIS,ST,3125,3125,100.00
20,376,AURIONPRO,EQ,44556,21054,47.25
20,377,AUROIMPEX,SM,11200,11200,100.00
20,378,AUROPHARMA,EQ,856818,545592,63.68
20,379,AURUM,EQ,21143,11706,55.37
20,380,AURUMPP1,E1,10798,10770,99.74
20,381,AUSL,SM,140000,66000,47.14
20,382,AUSOMENT,EQ,773,482,62.35
20,383,AUTOAXLES,EQ,3000,1960,65.33
20,384,AUTOBEES,EQ,102352,48523,47.41
20,385,AUTOIETF,EQ,194053,65321,33.66
20,386,AUTOIND,EQ,43020,24542,57.05
20,387,AVADHSUGAR,EQ,31288,17055,54.51
20,388,AVALON,EQ,651952,175628,26.94
20,389,AVANTEL,EQ,543387,128347,23.62
20,390,AVANTIFEED,EQ,650724,227182,34.91
20,391,AVIANSH,ST,8000,8000,100.00
20,392,AVL,EQ,46318,27272,58.88
20,393,AVPINFRA,ST,23200,21600,93.10
20,394,AVROIND,EQ,56446,32306,57.23
20,395,AVTNPL,EQ,36521,22459,61.50
20,396,AWFIS,EQ,136307,92497,67.86
20,397,AWHCL,EQ,42114,22482,53.38
20,398,AWL,EQ,983434,382083,38.85
20,399,AXISBANK,EQ,5708975,3184315,55.78
20,400,AXISBNKETF,EQ,201,184,91.54
20,401,AXISBPSETF,EQ,748549,722060,96.46
20,402,AXISCETF,EQ,3184,2919,91.68
20,403,AXISGOLD,EQ,211167,136068,64.44
20,404,AXISHCETF,EQ,1123,863,76.85
20,405,AXISILVER,EQ,44640,31366,70.26
20,406,AXISNIFTY,EQ,13322,7153,53.69
20,407,AXISTECETF,EQ,42730,41989,98.27
20,408,AXITA,EQ,2676260,385743,14.41
20,409,AXSENSEX,EQ,865,786,90.87
20,410,AYMSYNTEX,EQ,17279,9231,53.42
20,411,AZAD,EQ,152441,38982,25.57
20,412,BABAFP,SM,3200,3200,100.00
20,413,BAHETI,SM,28500,14625,51.32
20,414,BAIDFIN,EQ,52344,41357,79.01
20,415,BAJAJ-AUTO,EQ,237383,133142,56.09
20,416,BAJAJCON,EQ,170351,80909,47.50
20,417,BAJAJELEC,EQ,75432,32847,43.55
20,418,BAJAJFINSV,EQ,1761019,821231,46.63
20,419,BAJAJHCARE,EQ,266594,73230,27.47
20,420,BAJAJHFL,EQ,5486810,2305196,42.01
20,421,BAJAJHIND,EQ,6633952,3349381,50.49
20,422,BAJAJHLDNG,EQ,69293,21032,30.35
20,423,BAJEL,EQ,152743,81692,53.48
20,424,BAJFINANCE,EQ,1098541,540191,49.17
20,425,BALAJEE,EQ,62230,34451,55.36
20,426,BALAMINES,EQ,83762,35993,42.97
20,427,BALAXI,EQ,10374,7290,70.27
20,428,BALCO,ST,3600,3600,100.00
20,429,BALKRISHNA,EQ,13568,8756,64.53
20,430,BALKRISIND,EQ,214443,139802,65.19
20,431,BALMLAWRIE,EQ,436393,251030,57.52
20,432,BALPHARMA,EQ,5458,3450,63.21
20,433,BALRAMCHIN,EQ,246164,72154,29.31
20,434,BALUFORGE,EQ,311357,112287,36.06
20,435,BANARISUG,EQ,387,290,74.94
20,436,BANCOINDIA,EQ,79117,45278,57.23
20,437,BANDHANBNK,EQ,6796987,3047946,44.84
20,438,BANKA,EQ,4812,3324,69.08
20,439,BANKBARODA,EQ,5449460,2280045,41.84
20,440,BANKBEES,EQ,378942,227300,59.98
20,441,BANKBETF,EQ,12510,10543,84.28
20,442,BANKETF,EQ,1507,1457,96.68
20,443,BANKETFADD,EQ,1376,1214,88.23
20,444,BANKIETF,EQ,279864,183977,65.74
20,445,BANKINDIA,EQ,4698591,1746260,37.17
20,446,BANKNIFTY1,EQ,75163,63788,84.87
20,447,BANKPSU,EQ,1933,1160,60.01
20,448,BANSALWIRE,EQ,55038,32835,59.66
20,449,BANSWRAS,EQ,5940,4146,69.80
20,450,BARBEQUE,EQ,142741,97258,68.14
20,451,BARFLEX,SM,38000,32000,84.21
20,452,BASF,EQ,25601,7413,28.96
20,453,BASILIC,ST,13200,13200,100.00
20,454,BASML,EQ,143506,122346,85.25
20,455,BATAINDIA,EQ,1046583,551092,52.66
20,456,BAWEJA,SM,9600,7200,75.00
20,457,BAYERCROP,EQ,16866,10129,60.06
20,458,BBETF0432,EQ,2615,1438,54.99
20,459,BBL,EQ,30845,15489,50.22
20,460,BBNPNBETF,EQ,180,180,100.00
20,461,BBNPPGOLD,EQ,424,320,75.47
20,462,BBOX,EQ,165417,117749,71.18
20,463,BBTC,EQ,49070,8658,17.64
20,464,BBTCL,EQ,930,785,84.41
20,465,BCLIND,EQ,555805,312403,56.21
20,466,BCONCEPTS,EQ,10628,3357,31.59
20,467,BDL,EQ,855519,239981,28.05
20,468,BEACON,SM,22000,15000,68.18
20,469,BEARDSELL,EQ,16353,9314,56.96
20,470,BECTORFOOD,EQ,45786,21517,46.99
20,471,BEDMUTHA,EQ,20007,11367,56.82
20,472,BEL,EQ,14770656,8379843,56.73
20,473,BEML,EQ,209535,56429,26.93
20,474,BEPL,EQ,336247,112764,33.54
20,475,BERGEPAINT,EQ,1346011,392297,29.15
20,476,BETA,SM,1500,1100,73.33
20,477,BEWLTD,ST,15000,14000,93.33
20,478,BFINVEST,EQ,14393,7605,52.84
20,479,BFSI,EQ,401968,311331,77.45
20,480,BFUTILITIE,EQ,48676,30126,61.89
20,481,BHAGCHEM,EQ,44584,19582,43.92
20,482,BHAGERIA,EQ,16353,8853,54.14
20,483,BHAGYANGR,EQ,328823,58489,17.79
20,484,BHANDARI,EQ,186224,128076,68.78
20,485,BHARATFORG,EQ,660269,406619,61.58
20,486,BHARATGEAR,EQ,30342,27845,91.77
20,487,BHARATRAS,EQ,630,397,63.02
20,488,BHARATWIRE,EQ,72076,40401,56.05
20,489,BHARTIARTL,EQ,6286808,3723954,59.23
20,490,BHARTIHEXA,EQ,389916,231805,59.45
20,491,BHEL,EQ,18316744,7139352,38.98
20,492,BIGBLOC,EQ,303357,102409,33.76
20,493,BIKAJI,EQ,215853,46708,21.64
20,494,BIKEWO,ST,8000,8000,100.00
20,495,BINANIIND,EQ,11945,9259,77.51
20,496,BIOCON,EQ,4105011,683789,16.66
20,497,BIOFILCHEM,EQ,32147,12735,39.61
20,498,BIRDYS,SM,1200,1200,100.00
20,499,BIRET,RR,2063644,2043920,99.04
20,500,BIRLACABLE,EQ,20597,9831,47.73
20,501,BIRLACORPN,EQ,188368,114397,60.73
20,502,BLACKBUCK,EQ,38307,28827,75.25
20,503,BLAL,EQ,48101,28388,59.02
20,504,BLBLIMITED,EQ,58922,28990,49.20
20,505,BLISSGVS,EQ,364419,69676,19.12
20,506,BLKASHYAP,EQ,422665,306444,72.50
20,507,BLS,EQ,3968024,1256411,31.66
20,508,BLSE,EQ,93567,39511,42.23
20,509,BLUEDART,EQ,3282,1317,40.13
20,510,BLUEJET,EQ,393548,229058,58.20
20,511,BLUEPEBBLE,SM,5600,4000,71.43
20,512,BLUESTARCO,EQ,368401,140715,38.20
20,513,BODALCHEM,EQ,185055,112372,60.72
20,514,BOMDYEING,EQ,577396,243927,42.25
20,515,BOROLTD,EQ,97787,54630,55.87
20,516,BOROSCI,EQ,46372,20479,44.16
20,517,BOSCHLTD,EQ,25766,17379,67.45
20,518,BOSS,ST,8000,8000,100.00
20,519,BPCL,EQ,4172676,2002515,47.99
20,520,BPL,EQ,520043,95722,18.41
20,521,BRACEPORT,ST,9600,9600,100.00
20,522,BRIGADE,EQ,145434,77819,53.51
20,523,BRITANNIA,EQ,479647,319883,66.69
20,524,BRNL,EQ,106722,61896,58.00
20,525,BROOKS,EQ,28287,18463,65.27
20,526,BSE,EQ,1732174,333187,19.24
20,527,BSE500IETF,EQ,35058,22305,63.62
20,528,BSHSL,EQ,12935,5139,39.73
20,529,BSLGOLDETF,EQ,160293,88392,55.14
20,530,BSLNIFTY,EQ,123082,70480,57.26
20,531,BSLSENETFG,EQ,456,335,73.46
20,532,BSOFT,EQ,622391,226926,36.46
20,533,BULKCORP,SM,2400,2400,100.00
20,534,BUTTERFLY,EQ,5888,3686,62.60
20,535,BVCL,EQ,21954,11084,50.49
20,536,C2C,ST,4200,4200,100.00
20,537,CADSYS,ST,3500,3500,100.00
20,538,CAGL25,N8,50,25,50.00
20,539,CAMLINFINE,EQ,3410733,841145,24.66
20,540,CAMPUS,EQ,379754,117821,31.03
20,541,CAMS,EQ,363358,125153,34.44
20,542,CANARYS,SM,40000,36000,90.00
20,543,CANBK,EQ,13249250,5063537,38.22
20,544,CANFINHOME,EQ,2623068,1429695,54.50
20,545,CANTABIL,EQ,211027,78301,37.10
20,546,CAPACITE,EQ,261919,90859,34.69
20,547,CAPINVIT,IV,100107,94287,94.19
20,548,CAPITALSFB,EQ,13729,6366,46.37
20,549,CAPLIPOINT,EQ,69140,26310,38.05
20,550,CAPTRUST,EQ,11209,3732,33.29
20,551,CARBORUNIV,EQ,358917,234673,65.38
20,552,CAREERP,EQ,3122,1465,46.93
20,553,CARERATING,EQ,20684,11379,55.01
20,554,CARRARO,EQ,51989,30253,58.19
20,555,CARTRADE,EQ,273470,86193,31.52
20,556,CARYSIL,EQ,39815,28376,71.27
20,557,CASTROLIND,EQ,4201668,1431555,34.07
20,558,CBAZAAR,ST,56000,56000,100.00
20,559,CCHHL,EQ,15137,8872,58.61
20,560,CCL,EQ,319626,250025,78.22
20,561,CDSL,EQ,2575233,650526,25.26
20,562,CEATLTD,EQ,65819,11158,16.95
20,563,CEIGALL,EQ,73644,33369,45.31
20,564,CELEBRITY,EQ,53152,30622,57.61
20,565,CELLECOR,SM,141000,69000,48.94
20,566,CELLO,EQ,267213,212479,79.52
20,567,CELLPOINT,SM,12000,10800,90.00
20,568,CENTENKA,EQ,284831,52861,18.56
20,569,CENTEXT,EQ,41932,24215,57.75
20,570,CENTRALBK,EQ,5478536,862979,15.75
20,571,CENTRUM,EQ,139331,72888,52.31
20,572,CENTUM,EQ,15312,11931,77.92
20,573,CENTURYPLY,EQ,289574,55062,19.01
20,574,CERA,EQ,80915,41487,51.27
20,575,CESC,EQ,5296481,1413763,26.69
20,576,CEWATER,EQ,142546,78414,55.01
20,577,CGCL,EQ,273237,24814,9.08
20,578,CGPOWER,EQ,3637028,1713494,47.11
20,579,CGRAPHICS,SM,28000,21600,77.14
20,580,CHALET,EQ,747477,624338,83.53
20,581,CHAMBLFERT,EQ,5212880,738725,14.17
20,582,CHAMUNDA,SM,180000,102000,56.67
20,583,CHANDAN,ST,28800,24800,86.11
20,584,CHAVDA,SM,14000,9000,64.29
20,585,CHEMBOND,EQ,4192,2049,48.88
20,586,CHEMCON,EQ,26454,19460,73.56
20,587,CHEMFAB,EQ,5197,2802,53.92
20,588,CHEMPLASTS,EQ,31420,13661,43.48
20,589,CHENNPETRO,EQ,359306,145251,40.43
20,590,CHETANA,SM,3200,1600,50.00
20,591,CHEVIOT,EQ,1126,673,59.77
20,592,CHOICEIN,EQ,378536,158804,41.95
20,593,CHOLAFIN,EQ,1043022,453427,43.47
20,594,CHOLAHLDNG,EQ,701918,136711,19.48
20,595,CIEINDIA,EQ,119646,51696,43.21
20,596,CIFCZC25,ND,5,5,100.00
20,597,CIGNITITEC,EQ,62773,21013,33.47
20,598,CINEVISTA,EQ,13100,9232,70.47
20,599,CIPLA,EQ,992994,619040,62.34
20,600,CLEAN,EQ,43278,18119,41.87
20,601,CLEDUCATE,EQ,255878,116770,45.64
20,602,CLSEL,EQ,58848,19543,33.21
20,603,CLSL,SM,4000,4000,100.00
20,604,CMMIPL,SZ,378000,378000,100.00
20,605,CMRSL,SM,1600,1600,100.00
20,606,CMSINFO,EQ,328636,169175,51.48
20,607,COALINDIA,EQ,4525493,2540754,56.14
20,608,COASTCORP,EQ,7772,4032,51.88
20,609,COCHINSHIP,EQ,1003002,188118,18.76
20,610,COFORGE,EQ,254328,100989,39.71
20,611,COLPAL,EQ,376793,198801,52.76
20,612,COMMOIETF,EQ,13737,7037,51.23
20,613,COMPUSOFT,EQ,44044,19242,43.69
20,614,CONCOR,EQ,737203,430264,58.36
20,615,CONCORDBIO,EQ,68533,29920,43.66
20,616,CONFIPET,EQ,290253,132784,45.75
20,617,CONS,EQ,970,807,83.20
20,618,CONSOFINVT,EQ,6581,5430,82.51
20,619,CONSUMBEES,EQ,173343,128537,74.15
20,620,CONSUMER,EQ,161707,157400,97.34
20,621,CONSUMIETF,EQ,3915,2357,60.20
20,622,CONTROLPR,EQ,13076,9752,74.58
20,623,COOLCAPS,ST,4000,3750,93.75
20,624,CORALFINAC,EQ,13409,8003,59.68
20,625,CORDSCABLE,EQ,80627,26116,32.39
20,626,COROMANDEL,EQ,1471523,951624,64.67
20,627,COSMOFIRST,EQ,214536,176601,82.32
20,628,COUNCODOS,EQ,11022,6666,60.48
20,629,CPS,ST,1800,1200,66.67
20,630,CPSEETF,EQ,898977,424852,47.26
20,631,CRAFTSMAN,EQ,19040,11030,57.93
20,632,CRAYONS,SM,20000,17000,85.00
20,633,CREATIVE,EQ,7337,4066,55.42
20,634,CREATIVEYE,EQ,43945,18534,42.18
20,635,CREDITACC,EQ,8408229,905869,10.77
20,636,CREST,EQ,5066,4195,82.81
20,637,CRISIL,EQ,49310,19503,39.55
20,638,CROMPTON,EQ,2055461,1144823,55.70
20,639,CROWN,EQ,16884,11987,71.00
20,640,CSBBANK,EQ,69190,37158,53.70
20,641,CSLFINANCE,EQ,9327,4790,51.36
20,642,CTE,EQ,55783,35437,63.53
20,643,CUB,EQ,9403000,7558366,80.38
20,644,CUBEINVIT,IV,50000,50000,100.00
20,645,CUMMINSIND,EQ,379168,222518,58.69
20,646,CUPID,EQ,1336425,607577,45.46
20,647,CYBERMEDIA,EQ,11173,7650,68.47
20,648,CYBERTECH,EQ,64690,28499,44.05
20,649,CYIENT,EQ,350221,127910,36.52
20,650,CYIENTDLM,EQ,174058,75606,43.44
20,651,DABUR,EQ,1483864,968809,65.29
20,652,DALBHARAT,EQ,286519,160192,55.91
20,653,DALMIASUG,EQ,80581,37844,46.96
20,654,DAMCAPITAL,EQ,1074034,441793,41.13
20,655,DAMODARIND,EQ,4320,3085,71.41
20,656,DANGEE,EQ,86524,69640,80.49
20,657,DANISH,SM,32700,18900,57.80
20,658,DATAMATICS,EQ,42874,17123,39.94
20,659,DATAPATTNS,EQ,528027,66464,12.59
20,660,DAVANGERE,EQ,909529,444545,48.88
20,661,DBCORP,EQ,381589,192076,50.34
20,662,DBEIL,EQ,38284,13072,34.14
20,663,DBL,EQ,96516,28733,29.77
20,664,DBOL,EQ,139242,81944,58.85
20,665,DBREALTY,EQ,2752910,1681157,61.07
20,666,DBSTOCKBRO,EQ,115745,103883,89.75
20,667,DCAL,EQ,135819,52602,38.73
20,668,DCBBANK,EQ,686232,409797,59.72
20,669,DCG,SM,18000,10800,60.00
20,670,DCI,EQ,3776,1238,32.79
20,671,DCM,EQ,34320,14578,42.48
20,672,DCMFINSERV,EQ,5228,3197,61.15
20,673,DCMNVL,EQ,27117,26340,97.13
20,674,DCMSHRIRAM,EQ,36144,13718,37.95
20,675,DCMSRIND,EQ,58966,40214,68.20
20,676,DCW,EQ,639095,212379,33.23
20,677,DCXINDIA,EQ,192861,96264,49.91
20,678,DDEVPLSTIK,EQ,103593,65281,63.02
20,679,DECCANCE,EQ,166080,74459,44.83
20,680,DECCANTRAN,SM,6000,4800,80.00
20,681,DEEDEV,EQ,232429,110881,47.71
20,682,DEEM,SM,4000,4000,100.00
20,683,DEEPAKFERT,EQ,340659,117637,34.53
20,684,DEEPAKNTR,EQ,220692,106330,48.18
20,685,DEEPINDS,EQ,112713,43110,38.25
20,686,DELAPLEX,SM,3600,2400,66.67
20,687,DELHIVERY,EQ,3511048,1885096,53.69
20,688,DELTACORP,EQ,1284452,558531,43.48
20,689,DELTIC,ST,19000,16000,84.21
20,690,DEN,EQ,454839,219155,48.18
20,691,DENEERS,SM,5400,4800,88.89
20,692,DENORA,EQ,8452,4169,49.33
20,693,DENTA,EQ,1039361,344480,33.14
20,694,DENTALKART,SM,11500,9250,80.43
20,695,DESTINY,ST,24000,24000,100.00
20,696,DEVIT,EQ,65951,16032,24.31
20,697,DEVYANI,EQ,2785747,799363,28.69
20,698,DHAMPURSUG,EQ,242273,128289,52.95
20,699,DHANI,EQ,2499215,1229569,49.20
20,700,DHANLAXMI,ST,28000,28000,100.00
20,701,DHANUKA,EQ,13953,6285,45.04
20,702,DHARMAJ,EQ,63383,39659,62.57
20,703,DHTL,SM,8000,8000,100.00
20,704,DHUNINV,EQ,711,321,45.15
20,705,DIAMINESQ,EQ,11714,6680,57.03
20,706,DIAMONDYD,EQ,45165,29412,65.12
20,707,DICIND,EQ,15903,6935,43.61
20,708,DIGIDRIVE,EQ,21138,15651,74.04
20,709,DIGIKORE,ST,2600,2600,100.00
20,710,DIGISPICE,EQ,67023,37370,55.76
20,711,DISHTV,EQ,10518582,3364711,31.99
20,712,DIVGIITTS,EQ,15196,11918,78.43
20,713,DIVISLAB,EQ,188012,109977,58.49
20,714,DIVOPPBEES,EQ,41816,23912,57.18
20,715,DIXON,EQ,192840,89959,46.65
20,716,DLF,EQ,4142697,2023792,48.85
20,717,DLINKINDIA,EQ,59713,31709,53.10
20,718,DMART,EQ,375510,241474,64.31
20,719,DNAMEDIA,EQ,95802,50295,52.50
20,720,DODLA,EQ,14887,5712,38.37
20,721,DOLATALGO,EQ,122995,62371,50.71
20,722,DOLLAR,EQ,94209,63968,67.90
20,723,DOMS,EQ,85263,37118,43.53
20,724,DONEAR,EQ,153721,106544,69.31
20,725,DPABHUSHAN,EQ,7800,3222,41.31
20,726,DPEL,ST,12000,12000,100.00
20,727,DPSCLTD,EQ,97920,68269,69.72
20,728,DPWIRES,EQ,6533,4529,69.32
20,729,DRCSYSTEMS,EQ,238865,82889,34.70
20,730,DREAMFOLKS,EQ,78284,41262,52.71
20,731,DREDGECORP,EQ,28206,19748,70.01
20,732,DRONE,ST,38500,35000,90.91
20,733,DRREDDY,EQ,6463238,5224778,80.84
20,734,DSSL,EQ,20882,8940,42.81
20,735,DTIL,EQ,3276,1689,51.56
20,736,DTL,SM,1200,1200,100.00
20,737,DUCOL,SM,2400,1600,66.67
20,738,DUCON,EQ,237829,159008,66.86
20,739,DUGLOBAL,SM,110000,85000,77.27
20,740,DURLAX,SM,16000,12000,75.00
20,741,DVL,EQ,25263,16906,66.92
20,742,DWARKESH,EQ,328201,165384,50.39
20,743,DYCL,EQ,30703,20144,65.61
20,744,DYNAMATECH,EQ,6282,2553,40.64
20,745,DYNAMIC,ST,27000,25500,94.44
20,746,DYNPRO,EQ,23103,18859,81.63
20,747,E2E,EQ,114131,61506,53.89
20,748,EASEMYTRIP,EQ,36246420,10715905,29.56
20,749,EBANKNIFTY,EQ,364,323,88.74
20,750,EBBETF0425,EQ,10032,10031,99.99
20,751,EBBETF0430,EQ,59284,53131,89.62
20,752,EBBETF0431,EQ,5143,3914,76.10
20,753,EBBETF0433,EQ,5732,4385,76.50
20,754,ECAPINSURE,EQ,3228,2859,88.57
20,755,ECLERX,EQ,38900,15110,38.84
20,756,ECOSMOBLTY,EQ,213402,92396,43.30
20,757,EDELWEISS,EQ,2607760,1526545,58.54
20,758,EFACTOR,SM,11200,10400,92.86
20,759,EFFWA,SM,38400,26000,67.71
20,760,EFORCE,SM,45600,37200,81.58
20,761,EGOLD,EQ,69362,65490,94.42
20,762,EICHERMOT,EQ,402917,169516,42.07
20,763,EIDPARRY,EQ,383556,205954,53.70
20,764,EIEL,EQ,5406873,1475501,27.29
20,765,EIFFL,EQ,45662,22207,48.63
20,766,EIHAHOTELS,EQ,14342,7340,51.18
20,767,EIHOTEL,EQ,779336,411624,52.82
20,768,EIMCOELECO,EQ,2890,1497,51.80
20,769,EKC,EQ,225770,78205,34.64
20,770,ELDEHSG,EQ,5188,2266,43.68
20,771,ELECON,EQ,324841,127616,39.29
20,772,ELECTCAST,EQ,1303742,711475,54.57
20,773,ELGIEQUIP,EQ,94587,46294,48.94
20,774,ELGNZ,ST,50000,46000,92.00
20,775,ELIN,EQ,113163,59352,52.45
20,776,EMAIN,SM,33000,25000,75.76
20,777,EMAMILTD,EQ,270294,167488,61.97
20,778,EMAMIPAP,EQ,7137,4716,66.08
20,779,EMBASSY,RR,3083967,2965668,96.16
20,780,EMBDL,EQ,3828533,1660501,43.37
20,781,EMCURE,EQ,90143,49214,54.60
20,782,EMIL,EQ,200394,89334,44.58
20,783,EMKAYTOOLS,SM,2400,1800,75.00
20,784,EMMBI,EQ,25960,12327,47.48
20,785,EMMIL,ST,27500,27500,100.00
20,786,EMSLIMITED,EQ,211537,74987,35.45
20,787,EMUDHRA,EQ,197735,46644,23.59
20,788,EMULTIMQ,EQ,31294,28979,92.60
20,789,ENDURANCE,EQ,19405,9224,47.53
20,790,ENFUSE,ST,3000,3000,100.00
20,791,ENGINERSIN,EQ,3269344,655486,20.05
20,792,ENIL,EQ,15841,10606,66.95
20,793,ENSER,ST,355000,290000,81.69
20,794,ENTERO,EQ,22167,11508,51.92
20,795,ENVIRO,SM,44000,14000,31.82
20,796,EPACK,EQ,268095,130127,48.54
20,797,EPIGRAL,EQ,25697,10410,40.51
20,798,EPL,EQ,1111030,456785,41.11
20,799,EQUAL50ADD,EQ,9235,6942,75.17
20,800,EQUITASBNK,EQ,1389036,719774,51.82
20,801,ERIS,EQ,105931,59696,56.35
20,802,ESABINDIA,EQ,2458,1400,56.96
20,803,ESAFSFB,EQ,414184,150992,36.46
20,804,ESCONET,ST,72800,66400,91.21
20,805,ESCORTS,EQ,176061,80347,45.64
20,806,ESFL,SM,31320,22320,71.26
20,807,ESG,EQ,313170,312643,99.83
20,808,ESILVER,EQ,151298,151069,99.85
20,809,ESPRIT,ST,19200,16000,83.33
20,810,ESSENTIA,EQ,2580254,1272163,49.30
20,811,ESTER,EQ,102411,43078,42.06
20,812,ETHOSLTD,EQ,10587,4219,39.85
20,813,ETML,SM,12000,9600,80.00
20,814,EUREKAFORB,EQ,208286,122102,58.62
20,815,EUROBOND,SM,16000,11000,68.75
20,816,EVEREADY,EQ,127296,27274,21.43
20,817,EVINDIA,EQ,203341,95407,46.92
20,818,EXCELINDUS,EQ,7228,4615,63.85
20,819,EXCELLENT,SM,1600,1600,100.00
20,820,EXICOM,EQ,285977,150899,52.77
20,821,EXIDEIND,EQ,1686214,521535,30.93
20,822,EXPLEOSOL,EQ,10395,5819,55.98
20,823,EXXARO,EQ,209115,97598,46.67
20,824,FACT,EQ,726731,122458,16.85
20,825,FAIRCHEMOR,EQ,7807,5615,71.92
20,826,FALCONTECH,ST,3600,3600,100.00
20,827,FAZE3Q,EQ,4071,2798,68.73
20,828,FCL,EQ,326425,154208,47.24
20,829,FCSSOFT,EQ,2249382,796109,35.39
20,830,FDC,EQ,71829,40005,55.69
20,831,FEDERALBNK,EQ,8344437,3779870,45.30
20,832,FEDFINA,EQ,163629,90741,55.46
20,833,FELIX,SM,21000,17000,80.95
20,834,FIBERWEB,EQ,28002,14770,52.75
20,835,FICRF3GP,MF,212,212,100.00
20,836,FIDEL,ST,8000,8000,100.00
20,837,FIEMIND,EQ,42548,20781,48.84
20,838,FILATEX,EQ,429637,243605,56.70
20,839,FINCABLES,EQ,134976,24989,18.51
20,840,FINEORG,EQ,23535,11911,50.61
20,841,FINIETF,EQ,46879,24413,52.08
20,842,FINOPB,EQ,81205,46988,57.86
20,843,FINPIPE,EQ,436869,218415,50.00
20,844,FIRSTCRY,EQ,429189,224779,52.37
20,845,FIVESTAR,EQ,807567,587670,72.77
20,846,FLAIR,EQ,219996,111318,50.60
20,847,FLUOROCHEM,EQ,54349,35557,65.42
20,848,FMCGIETF,EQ,849997,483013,56.83
20,849,FMGOETZE,EQ,32634,16608,50.89
20,850,FOCUS,EQ,79177,54695,69.08
20,851,FOODSIN,EQ,92055,61219,66.50
20,852,FORCAS,ST,1600,1600,100.00
20,853,FORCEMOT,EQ,22633,11142,49.23
20,854,FORGEAUTO,SM,3600,3600,100.00
20,855,FORTIS,EQ,1219572,560245,45.94
20,856,FOSECOIND,EQ,729,281,38.55
20,857,FRESHARA,ST,28800,26400,91.67
20,858,FROG,SM,36800,15600,42.39
20,859,FSL,EQ,2113683,597180,28.25
20,860,FUSION,EQ,135070,75090,55.59
20,861,GABRIEL,EQ,214750,88981,41.43
20,862,GAEL,EQ,370448,157342,42.47
20,863,GAIL,EQ,6520927,2894310,44.38
20,864,GAJANAND,ST,6000,6000,100.00
20,865,GALAPREC,EQ,59524,15731,26.43
20,866,GALAXYSURF,EQ,6193,3318,53.58
20,867,GALLANTT,EQ,22599,11632,51.47
20,868,GANDHAR,EQ,120320,70764,58.81
20,869,GANDHITUBE,EQ,1497,978,65.33
20,870,GANECOS,EQ,73486,47442,64.56
20,871,GANESHBE,EQ,178193,121909,68.41
20,872,GANESHHOUC,EQ,110103,41559,37.75
20,873,GANESHIN,SM,41600,36800,88.46
20,874,GANGAFORGE,EQ,2313170,2199324,95.08
20,875,GANGESSECU,EQ,8233,5697,69.20
20,876,GARFIBRES,EQ,61741,33411,54.11
20,877,GARUDA,EQ,492252,147454,29.95
20,878,GATEWAY,EQ,1925487,1329777,69.06
20,879,GEECEE,EQ,4189,1675,39.99
20,880,GEEKAYWIRE,EQ,49991,25413,50.84
20,881,GENCON,EQ,368306,331508,90.01
20,882,GENESYS,EQ,395169,142137,35.97
20,883,GENSOL,EQ,106041,62005,58.47
20,884,GENUSPAPER,EQ,62692,40946,65.31
20,885,GENUSPOWER,EQ,315805,145036,45.93
20,886,GEOJITFSL,EQ,651978,140871,21.61
20,887,GEPIL,EQ,143186,58041,40.54
20,888,GESHIP,EQ,209243,109939,52.54
20,889,GFLLIMITED,EQ,40842,28471,69.71
20,890,GGBL,ST,14100,12600,89.36
20,891,GHCL,EQ,103497,29070,28.09
20,892,GHCLTEXTIL,EQ,185665,120452,64.88
20,893,GICHSGFIN,EQ,70259,39964,56.88
20,894,GICL,ST,27000,27000,100.00
20,895,GICRE,EQ,355286,94853,26.70
20,896,GILLETTE,EQ,121816,11325,9.30
20,897,GILT5YBEES,EQ,91847,59561,64.85
20,898,GINNIFILA,EQ,21097,13645,64.68
20,899,GIPCL,EQ,257282,146018,56.75
20,900,GLAND,EQ,1698369,144595,8.51
20,901,GLAXO,EQ,161274,45506,28.22
20,902,GLENMARK,EQ,643567,342256,53.18
20,903,GLOBAL,EQ,46869,24947,53.23
20,904,GLOBALPET,SM,22500,19500,86.67
20,905,GLOBE,EQ,6663414,5367612,80.55
20,906,GLOBUSSPR,EQ,44345,21343,48.13
20,907,GLOSTERLTD,EQ,1253,942,75.18
20,908,GMBREW,EQ,14949,6232,41.69
20,909,GMDCLTD,EQ,644237,250613,38.90
20,910,GMMPFAUDLR,EQ,23224,13503,58.14
20,911,GMRAIRPORT,EQ,3943887,1391582,35.28
20,912,GMRP&UI,EQ,5547571,4539264,81.82
20,913,GNA,EQ,134323,65858,49.03
20,914,GNFC,EQ,387034,218842,56.54
20,915,GOACARBON,EQ,27744,13445,48.46
20,916,GOCLCORP,EQ,61044,30082,49.28
20,917,GOCOLORS,EQ,68805,39901,57.99
20,918,GODFRYPHLP,EQ,476274,81349,17.08
20,919,GODIGIT,EQ,453737,164277,36.21
20,920,GODREJAGRO,EQ,178761,110794,61.98
20,921,GODREJCP,EQ,1746207,1294532,74.13
20,922,GODREJIND,EQ,590801,133103,22.53
20,923,GODREJPROP,EQ,544517,177986,32.69
20,924,GOKEX,EQ,126940,46820,36.88
20,925,GOKUL,EQ,115424,110747,95.95
20,926,GOKULAGRO,EQ,45357,23917,52.73
20,927,GOLD1,EQ,1269016,1080876,85.17
20,928,GOLDBEES,EQ,13144809,9319738,70.90
20,929,GOLDCASE,EQ,1042665,842873,80.84
20,930,GOLDETF,EQ,626375,520948,83.17
20,931,GOLDETFADD,EQ,2468813,2428088,98.35
20,932,GOLDIAM,EQ,801908,127169,15.86
20,933,GOLDIETF,EQ,2778413,2372229,85.38
20,934,GOLDSHARE,EQ,551647,520385,94.33
20,935,GOLDSTAR,SM,22500,22500,100.00
20,936,GOLDTECH,EQ,30152,11359,37.67
20,937,GOODLUCK,EQ,80263,42227,52.61
20,938,GOPAL,EQ,54109,30743,56.82
20,939,GOYALALUM,EQ,60921,32153,52.78
20,940,GOYALSALT,SM,3600,3600,100.00
20,941,GPECO,ST,27000,22800,84.44
20,942,GPIL,EQ,713140,349879,49.06
20,943,GPPL,EQ,690081,395919,57.37
20,944,GPTHEALTH,EQ,119549,84282,70.50
20,945,GPTINFRA,EQ,34682,18391,53.03
20,946,GRANULES,EQ,805990,325236,40.35
20,947,GRAPHISAD,SM,21600,19200,88.89
20,948,GRAPHITE,EQ,277230,98117,35.39
20,949,GRASIM,EQ,497013,314410,63.26
20,950,GRAVITA,EQ,266976,120479,45.13
20,951,GRCL,SM,750,750,100.00
20,952,GREAVESCOT,EQ,2729941,495675,18.16
20,953,GREENCHEF,SM,12000,8800,73.33
20,954,GREENLAM,EQ,26516,11692,44.09
20,955,GREENPANEL,EQ,72327,28564,39.49
20,956,GREENPLY,EQ,50261,23800,47.35
20,957,GREENPOWER,EQ,2302391,913949,39.70
20,958,GRINDWELL,EQ,45535,22271,48.91
20,959,GRINFRA,EQ,67243,37970,56.47
20,960,GRMOVER,EQ,272653,123029,45.12
20,961,GROBTEA,EQ,98,55,56.12
20,962,GROWWDEFNC,EQ,110830,78013,70.39
20,963,GROWWEV,EQ,188915,156687,82.94
20,964,GROWWGOLD,EQ,156137,59898,38.36
20,965,GROWWLIQID,EQ,34530,19158,55.48
20,966,GROWWRAIL,EQ,112012,53885,48.11
20,967,GRPLTD,EQ,856,595,69.51
20,968,GRSE,EQ,1219387,146916,12.05
20,969,GRWRHITECH,EQ,127554,51787,40.60
20,970,GSEC10IETF,EQ,472,463,98.09
20,971,GSEC10YEAR,EQ,7196,6082,84.52
20,972,GSEC5IETF,EQ,2373,1812,76.36
20,973,GSFC,EQ,689265,285411,41.41
20,974,GSLSU,EQ,317917,135025,42.47
20,975,GSMFOILS,ST,6000,6000,100.00
20,976,GSPL,EQ,410839,276294,67.25
20,977,GSS,EQ,52966,39611,74.79
20,978,GSTL,ST,2000,2000,100.00
20,979,GTL,EQ,292850,155687,53.16
20,980,GTLINFRA,EQ,34422143,10488624,30.47
20,981,GTPL,EQ,16896,6846,40.52
20,982,GUFICBIO,EQ,37658,20974,55.70
20,983,GUJALKALI,EQ,28551,9323,32.65
20,984,GUJAPOLLO,EQ,17205,8484,49.31
20,985,GUJGASLTD,EQ,2351215,886703,37.71
20,986,GUJTHEM,EQ,33559,15564,46.38
20,987,GULFOILLUB,EQ,81716,19326,23.65
20,988,GULFPETRO,EQ,80749,44435,55.03
20,989,GULPOLY,EQ,140044,38575,27.54
20,990,GVPTECH,EQ,31240,19387,62.06
20,991,GVT&D,EQ,236766,155831,65.82
20,992,HAL,EQ,1135200,421196,37.10
20,993,HAPPSTMNDS,EQ,1253083,180778,14.43
20,994,HAPPYFORGE,EQ,27346,16476,60.25
20,995,HARIOMPIPE,EQ,48585,27097,55.77
20,996,HARRMALAYA,EQ,19780,11624,58.77
20,997,HARSHA,EQ,17557,11101,63.23
20,998,HATHWAY,EQ,4373402,2377824,54.37
20,999,HATSUN,EQ,31780,20073,63.16
20,1000,HAVELLS,EQ,550271,232074,42.17
20,1001,HAVISHA,EQ,19551,15750,80.56
20,1002,HBLENGINE,EQ,669798,276802,41.33
20,1003,HBSL,EQ,3231,1958,60.60
20,1004,HCC,EQ,11269340,3978184,35.30
20,1005,HCG,EQ,219622,105464,48.02
20,1006,HCL-INSYS,EQ,131799,66166,50.20
20,1007,HCLTECH,EQ,1951519,1131656,57.99
20,1008,HDFCAMC,EQ,217126,120198,55.36
20,1009,HDFCBANK,EQ,12069354,7140142,59.16
20,1010,HDFCBSE500,EQ,111019,106646,96.06
20,1011,HDFCGOLD,EQ,2084307,1710255,82.05
20,1012,HDFCGROWTH,EQ,1581,1255,79.38
20,1013,HDFCLIFE,EQ,1606709,912951,56.82
20,1014,HDFCLIQUID,EQ,1437,1021,71.05
20,1015,HDFCLOWVOL,EQ,6372,4185,65.68
20,1016,HDFCMID150,EQ,186724,99559,53.32
20,1017,HDFCMOMENT,EQ,109523,81709,74.60
20,1018,HDFCNEXT50,EQ,210202,183949,87.51
20,1019,HDFCNIF100,EQ,21744,17972,82.65
20,1020,HDFCNIFBAN,EQ,20035,18679,93.23
20,1021,HDFCNIFIT,EQ,221133,212838,96.25
20,1022,HDFCNIFTY,EQ,43691,38185,87.40
20,1023,HDFCPSUBK,EQ,10722,9148,85.32
20,1024,HDFCPVTBAN,EQ,107162,77968,72.76
20,1025,HDFCQUAL,EQ,5115,4257,83.23
20,1026,HDFCSENSEX,EQ,27700,20011,72.24
20,1027,HDFCSILVER,EQ,302291,181281,59.97
20,1028,HDFCSML250,EQ,557157,383751,68.88
20,1029,HDFCVALUE,EQ,5353,4738,88.51
20,1030,HEADSUP,EQ,339544,243510,71.72
20,1031,HEALTHADD,EQ,1331,1331,100.00
20,1032,HEALTHIETF,EQ,49810,19126,38.40
20,1033,HEALTHY,EQ,65024,52320,80.46
20,1034,HECPROJECT,EQ,5575,5117,91.78
20,1035,HEG,EQ,382538,161351,42.18
20,1036,HEIDELBERG,EQ,56087,33362,59.48
20,1037,HEMIPROP,EQ,253692,128205,50.54
20,1038,HERANBA,EQ,112440,55809,49.63
20,1039,HERCULES,EQ,27834,20236,72.70
20,1040,HERITGFOOD,EQ,148159,68531,46.26
20,1041,HEROMOTOCO,EQ,661184,456811,69.09
20,1042,HESTERBIO,EQ,2466,1253,50.81
20,1043,HEUBACHIND,EQ,13107,9206,70.24
20,1044,HEXATRADEX,EQ,4076,2885,70.78
20,1045,HEXT,EQ,2093802,747130,35.68
20,1046,HFCL,EQ,7975278,1627973,20.41
20,1047,HGINFRA,EQ,50979,25525,50.07
20,1048,HGS,EQ,29220,21910,74.98
20,1049,HIGREEN,ST,40800,37600,92.16
20,1050,HIKAL,EQ,85059,45382,53.35
20,1051,HIL,EQ,12284,8471,68.96
20,1052,HILTON,EQ,61995,36909,59.54
20,1053,HIMATSEIDE,EQ,292267,126994,43.45
20,1054,HINDALCO,EQ,10249548,5428527,52.96
20,1055,HINDCOMPOS,EQ,2196,1548,70.49
20,1056,HINDCOPPER,EQ,2899712,946480,32.64
20,1057,HINDMOTORS,EQ,588708,199981,33.97
20,1058,HINDOILEXP,EQ,435722,173942,39.92
20,1059,HINDPETRO,EQ,4356438,2693186,61.82
20,1060,HINDUNILVR,EQ,1988040,1304193,65.60
20,1061,HINDWAREAP,EQ,213176,53285,25.00
20,1062,HINDZINC,EQ,732520,427646,58.38
20,1063,HIRECT,EQ,7424,3163,42.61
20,1064,HISARMETAL,EQ,18440,9400,50.98
20,1065,HITECH,EQ,502634,201089,40.01
20,1066,HITECHCORP,EQ,9889,8512,86.08
20,1067,HLEGLAS,EQ,19289,10053,52.12
20,1068,HLVLTD,EQ,426455,234376,54.96
20,1069,HMAAGRO,EQ,164790,87052,52.83
20,1070,HMVL,EQ,16463,6145,37.33
20,1071,HNDFDS,EQ,65200,40832,62.63
20,1072,HNGSNGBEES,EQ,272496,155520,57.07
20,1073,HOACFOODS,ST,3000,3000,100.00
20,1074,HOLMARC,ST,1500,1500,100.00
20,1075,HOMEFIRST,EQ,321334,187667,58.40
20,1076,HOMESFY,SM,1800,1500,83.33
20,1077,HONASA,EQ,208466,112018,53.73
20,1078,HONAUT,EQ,3296,1730,52.49
20,1079,HONDAPOWER,EQ,4197,2204,52.51
20,1080,HOVS,EQ,7412,4410,59.50
20,1081,HPAL,EQ,99630,57615,57.83
20,1082,HPIL,EQ,10671,3779,35.41
20,1083,HPL,EQ,91154,34739,38.11
20,1084,HRHNEXT,ST,1500,1500,100.00
20,1085,HSCL,EQ,472552,211073,44.67
20,1086,HTMEDIA,EQ,102882,74290,72.21
20,1087,HUBTOWN,EQ,69733,46867,67.21
20,1088,HUDCO,EQ,3883701,1011823,26.05
20,1089,HUHTAMAKI,EQ,88151,55761,63.26
20,1090,HVAX,ST,900,900,100.00
20,1091,HYBRIDFIN,EQ,7072,2229,31.52
20,1092,HYUNDAI,EQ,1269628,782414,61.63
20,1093,IBLFL,ST,2000,2000,100.00
20,1094,ICEMAKE,EQ,10289,4883,47.46
20,1095,ICICIB22,EQ,534678,408754,76.45
20,1096,ICICIBANK,EQ,11059417,6566578,59.38
20,1097,ICICIGI,EQ,1489542,1194445,80.19
20,1098,ICICIPRULI,EQ,583632,342907,58.75
20,1099,ICIL,EQ,253441,82922,32.72
20,1100,ICRA,EQ,10330,9229,89.34
20,1101,IDBI,EQ,3349966,976630,29.15
20,1102,IDEA,EQ,202132636,45506214,22.51
20,1103,IDEAFORGE,EQ,111467,60352,54.14
20,1104,IDEALTECHO,ST,2000,2000,100.00
20,1105,IDENTICAL,ST,10000,10000,100.00
20,1106,IDFCFIRSTB,EQ,16301552,6914875,42.42
20,1107,IDFNIFTYET,EQ,167,152,91.02
20,1108,IEML,ST,25000,23500,94.00
20,1109,IEX,EQ,4040595,1294344,32.03
20,1110,IFBAGRO,EQ,566,408,72.08
20,1111,IFBIND,EQ,86720,70230,80.98
20,1112,IFCI,EQ,4901058,1311582,26.76
20,1113,IFGLEXPOR,EQ,5286,3768,71.28
20,1114,IGARASHI,EQ,10317,3994,38.71
20,1115,IGIL,EQ,1117156,492945,44.12
20,1116,IGL,EQ,2219346,798214,35.97
20,1117,IGPL,EQ,11804,5237,44.37
20,1118,IHFL261224,N1,20,20,100.00
20,1119,IIFL,EQ,654948,354071,54.06
20,1120,IIFLCAPS,EQ,239242,125918,52.63
20,1121,IIFLZC25,ND,512,512,100.00
20,1122,IIFLZC26,NN,56,56,100.00
20,1123,IIFLZC28,NG,30,30,100.00
20,1124,IIFLZC28B,Y1,40,40,100.00
20,1125,IIFLZC28C,N6,130,130,100.00
20,1126,IKIO,EQ,266086,71581,26.90
20,1127,IKS,EQ,173502,83405,48.07
20,1128,IMAGICAA,EQ,566225,296525,52.37
20,1129,IMC1,N0,88,88,100.00
20,1130,IMC1,N2,248,248,100.00
20,1131,IMC1,N3,30,30,100.00
20,1132,IMFA,EQ,93876,48738,51.92
20,1133,IMPAL,EQ,2326,1829,78.63
20,1134,INCREDIBLE,EQ,5779,3672,63.54
20,1135,INDBANK,EQ,14650,7086,48.37
20,1136,INDGN,EQ,618933,289302,46.74
20,1137,INDHOTEL,EQ,3208719,1722296,53.68
20,1138,INDIACEM,EQ,470957,139544,29.63
20,1139,INDIAGLYCO,EQ,115167,30799,26.74
20,1140,INDIAMART,EQ,190799,59619,31.25
20,1141,INDIANB,EQ,757090,355167,46.91
20,1142,INDIANHUME,EQ,359671,44807,12.46
20,1143,INDIASHLTR,EQ,187197,129319,69.08
20,1144,INDIFRA,ST,14000,12000,85.71
20,1145,INDIGO,EQ,547833,239715,43.76
20,1146,INDIGOPNTS,EQ,49239,15885,32.26
20,1147,INDIGRID,IV,325947,312870,95.99
20,1148,INDNIPPON,EQ,11872,9661,81.38
20,1149,INDOAMIN,EQ,45087,22570,50.06
20,1150,INDOBORAX,EQ,34146,16269,47.65
20,1151,INDOCO,EQ,157471,82207,52.20
20,1152,INDOFARM,EQ,175083,26906,15.37
20,1153,INDORAMA,EQ,72932,39161,53.70
20,1154,INDOSTAR,EQ,33412,20711,61.99
20,1155,INDOTECH,EQ,17591,11539,65.60
20,1156,INDOWIND,EQ,298422,126608,42.43
20,1157,INDRAMEDCO,EQ,202204,120435,59.56
20,1158,INDSWFTLAB,EQ,61570,39984,64.94
20,1159,INDTERRAIN,EQ,113209,79341,70.08
20,1160,INDUSINDBK,EQ,3628538,2104985,58.01
20,1161,INDUSINVIT,IV,76832,64562,84.03
20,1162,INDUSTOWER,EQ,4709750,2521612,53.54
20,1163,INFIBEAM,EQ,3131424,1543968,49.31
20,1164,INFINIUM,SM,2500,2500,100.00
20,1165,INFOBEAN,EQ,22099,17396,78.72
20,1166,INFOLLION,SM,9600,6800,70.83
20,1167,INFRABEES,EQ,7879,4258,54.04
20,1168,INFRAIETF,EQ,80010,47933,59.91
20,1169,INFY,EQ,5092963,2777072,54.53
20,1170,INGERRAND,EQ,35773,29866,83.49
20,1171,INM,SM,3000,3000,100.00
20,1172,INNOMET,SM,4800,3600,75.00
20,1173,INNOVACAP,EQ,28201,13183,46.75
20,1174,INNOVANA,EQ,7330,2357,32.16
20,1175,INOXGREEN,EQ,809886,352238,43.49
20,1176,INOXINDIA,EQ,95566,56942,59.58
20,1177,INOXWIND,EQ,2713211,654946,24.14
20,1178,INSECTICID,EQ,22745,10552,46.39
20,1179,INSPIRE,SM,4000,4000,100.00
20,1180,INSPIRISYS,EQ,4606,2030,44.07
20,1181,INTELLECT,EQ,166615,49332,29.61
20,1182,INTENTECH,EQ,66268,52583,79.35
20,1183,INTERARCH,EQ,52289,20740,39.66
20,1184,INTLCONV,EQ,109927,75843,68.99
20,1185,INVENTURE,EQ,1911505,1109874,58.06
20,1186,IOB,EQ,5727515,893306,15.60
20,1187,IOC,EQ,7607411,4162226,54.71
20,1188,IOLCP,EQ,114759,59788,52.10
20,1189,IONEXCHANG,EQ,171543,67245,39.20
20,1190,IPCALAB,EQ,417539,191600,45.89
20,1191,IPHL,ST,8400,8400,100.00
20,1192,IPL,EQ,85909,48466,56.42
20,1193,IPSL,SM,2000,1500,75.00
20,1194,IRB,EQ,8252603,2825427,34.24
20,1195,IRBINVIT,IV,304514,251342,82.54
20,1196,IRCON,EQ,3253141,696043,21.40
20,1197,IRCTC,EQ,890830,285258,32.02
20,1198,IREDA,EQ,9808750,1578610,16.09
20,1199,IRFC,EQ,13266198,3398806,25.62
20,1200,IRISDOREME,EQ,113234,22497,19.87
20,1201,IRMENERGY,EQ,67640,48682,71.97
20,1202,ISEC,EQ,237071,171294,72.25
20,1203,ISFT,EQ,53668,42969,80.06
20,1204,ISGEC,EQ,117287,44918,38.30
20,1205,ISHAN,SM,816000,528000,64.71
20,1206,IT,EQ,438319,422488,96.39
20,1207,ITALIANE,SM,2000,2000,100.00
20,1208,ITBEES,EQ,3069717,1893818,61.69
20,1209,ITC,EQ,15760891,10991293,69.74
20,1210,ITCHOTELS,EQ,8816538,5447651,61.79
20,1211,ITDC,EQ,17312,7160,41.36
20,1212,ITDCEM,EQ,335365,220320,65.70
20,1213,ITETF,EQ,88406,73489,83.13
20,1214,ITETFADD,EQ,19866,18886,95.07
20,1215,ITIETF,EQ,972020,688230,70.80
20,1216,IVC,EQ,227126,176358,77.65
20,1217,IVP,EQ,30487,9713,31.86
20,1218,IVZINGOLD,EQ,474,277,58.44
20,1219,IVZINNIFTY,EQ,8,8,100.00
20,1220,IWEL,EQ,6007,3470,57.77
20,1221,IXIGO,EQ,757239,527462,69.66
20,1222,JAGRAN,EQ,157672,89362,56.68
20,1223,JAGSNPHARM,EQ,133904,66548,49.70
20,1224,JAIBALAJI,EQ,298265,117190,39.29
20,1225,JAICORPLTD,EQ,524016,274809,52.44
20,1226,JAIPURKURT,EQ,39563,2721,6.88
20,1227,JAKHARIA,ST,800,800,100.00
20,1228,JALAN,ST,144000,144000,100.00
20,1229,JAMNAAUTO,EQ,1045309,565214,54.07
20,1230,JASH,EQ,93661,39423,42.09
20,1231,JAYAGROGN,EQ,7648,2421,31.66
20,1232,JAYBARMARU,EQ,28970,18591,64.17
20,1233,JAYBEE,ST,109000,107000,98.17
20,1234,JAYNECOIND,EQ,102120,36032,35.28
20,1235,JAYSREETEA,EQ,51093,25159,49.24
20,1236,JBCHEPHARM,EQ,138876,73528,52.95
20,1237,JBMA,EQ,454712,149488,32.88
20,1238,JCHAC,EQ,17655,10211,57.84
20,1239,JEYYAM,SM,14000,12000,85.71
20,1240,JGCHEM,EQ,38917,17194,44.18
20,1241,JINDALPHOT,EQ,4869,2690,55.25
20,1242,JINDALPOLY,EQ,44216,23272,52.63
20,1243,JINDALSAW,EQ,1423375,428780,30.12
20,1244,JINDALSTEL,EQ,1648058,534650,32.44
20,1245,JINDRILL,EQ,2461847,336866,13.68
20,1246,JINDWORLD,EQ,2292600,564519,24.62
20,1247,JIOFIN,EQ,11683220,5215730,44.64
20,1248,JISLDVREQS,EQ,12787,5375,42.03
20,1249,JISLJALEQS,EQ,1517151,595893,39.28
20,1250,JIWANRAM,ST,18000,18000,100.00
20,1251,J&KBANK,EQ,1985170,851252,42.88
20,1252,JKCEMENT,EQ,108357,59668,55.07
20,1253,JKIL,EQ,97774,51742,52.92
20,1254,JKLAKSHMI,EQ,43096,23905,55.47
20,1255,JKPAPER,EQ,563120,284814,50.58
20,1256,JKTYRE,EQ,207708,82208,39.58
20,1257,JLHL,EQ,19261,10019,52.02
20,1258,JMA,EQ,1669,1156,69.26
20,1259,JMFINANCIL,EQ,1758321,612440,34.83
20,1260,JNKINDIA,EQ,62267,40262,64.66
20,1261,JOCIL,EQ,2599,1387,53.37
20,1262,JPOLYINVST,EQ,4247,2259,53.19
20,1263,JPPOWER,EQ,20751802,7277592,35.07
20,1264,JSFB,EQ,71393,28558,40.00
20,1265,JSL,EQ,674270,247533,36.71
20,1266,JSLL,SM,2250,1620,72.00
20,1267,JSWENERGY,EQ,3336761,945459,28.33
20,1268,JSWHL,EQ,3412,2337,68.49
20,1269,JSWINFRA,EQ,2097255,866469,41.31
20,1270,JSWSTEEL,EQ,1095348,582394,53.17
20,1271,JTEKTINDIA,EQ,42030,26513,63.08
20,1272,JTLIND,EQ,1145134,384896,33.61
20,1273,JUBLFOOD,EQ,1898688,701586,36.95
20,1274,JUBLINGREA,EQ,171227,57028,33.31
20,1275,JUBLPHARMA,EQ,255396,88758,34.75
20,1276,JUNIORBEES,EQ,430142,190385,44.26
20,1277,JUNIPER,EQ,265896,184998,69.58
20,1278,JUSTDIAL,EQ,204409,54104,26.47
20,1279,JWL,EQ,1597273,299937,18.78
20,1280,JYOTHYLAB,EQ,618832,362635,58.60
20,1281,JYOTICNC,EQ,534510,143113,26.77
20,1282,JYOTISTRUC,EQ,16601560,7290016,43.91
20,1283,K2INFRA,ST,3000,3000,100.00
20,1284,KABRAEXTRU,EQ,16355,7203,44.04
20,1285,KAJARIACER,EQ,160941,64387,40.01
20,1286,KAKATCEM,EQ,4194,3037,72.41
20,1287,KALAMANDIR,EQ,182581,110330,60.43
20,1288,KALANA,SM,32000,20000,62.50
20,1289,KALYANKJIL,EQ,6624720,1125763,16.99
20,1290,KAMATHOTEL,EQ,984461,236248,24.00
20,1291,KAMDHENU,EQ,1406510,997177,70.90
20,1292,KANANIIND,EQ,163712,136659,83.48
20,1293,KANDARP,SM,20000,12000,60.00
20,1294,KANORICHEM,EQ,14227,10521,73.95
20,1295,KANPRPLA,EQ,12726,9730,76.46
20,1296,KANSAINER,EQ,176768,99359,56.21
20,1297,KAPSTON,EQ,1682,1120,66.59
20,1298,KARMAENG,EQ,1647,1274,77.35
20,1299,KARNIKA,SM,128000,63200,49.38
20,1300,KARURVYSYA,EQ,1439919,745697,51.79
20,1301,KATARIA,ST,13200,10800,81.82
20,1302,KAUSHALYA,EQ,291,161,55.33
20,1303,KAYA,EQ,19136,15998,83.60
20,1304,KAYNES,EQ,623492,126096,20.22
20,1305,KCEIL,ST,7500,6500,86.67
20,1306,KCK,ST,162500,157500,96.92
20,1307,KCP,EQ,526755,275566,52.31
20,1308,KCPSUGIND,EQ,55136,34959,63.41
20,1309,KDDL,EQ,42069,28241,67.13
20,1310,KDL,ST,4350,4350,100.00
20,1311,KEC,EQ,317762,140811,44.31
20,1312,KECL,EQ,168785,69948,41.44
20,1313,KEI,EQ,289870,151957,52.42
20,1314,KELLTONTEC,EQ,386018,113763,29.47
20,1315,KEN,ST,153600,136800,89.06
20,1316,KESORAMIND,EQ,994768,720397,72.42
20,1317,KEYFINSERV,EQ,37582,6774,18.02
20,1318,KFINTECH,EQ,799924,258304,32.29
20,1319,KHADIM,EQ,193665,21546,11.13
20,1320,KHAICHEM,EQ,120532,32775,27.19
20,1321,KHAITANLTD,EQ,2831,1937,68.42
20,1322,KHANDSE,EQ,20415,16564,81.14
20,1323,KICL,EQ,2900,1870,64.48
20,1324,KILITCH,EQ,4239,2872,67.75
20,1325,KIMS,EQ,897653,647996,72.19
20,1326,KINGFA,EQ,9169,3895,42.48
20,1327,KIOCL,EQ,73988,32839,44.38
20,1328,KIRIINDUS,EQ,192872,64150,33.26
20,1329,KIRLOSBROS,EQ,122989,48207,39.20
20,1330,KIRLOSENG,EQ,852264,534243,62.69
20,1331,KIRLOSIND,EQ,1542,1044,67.70
20,1332,KIRLPNU,EQ,52958,23711,44.77
20,1333,KKCL,EQ,66238,44881,67.76
20,1334,KKJEWELS,ST,38000,33000,86.84
20,1335,KLL,SM,8800,7200,81.82
20,1336,KMEW,EQ,2510,1335,53.19
20,1337,KMSUGAR,EQ,90419,52644,58.22
20,1338,KNAGRI,SM,1600,1200,75.00
20,1339,KNRCON,EQ,524519,217623,41.49
20,1340,KODYTECH,SM,5100,3400,66.67
20,1341,KOHINOOR,EQ,228975,33193,14.50
20,1342,KOKUYOCMLN,EQ,77739,49444,63.60
20,1343,KOLTEPATIL,EQ,80491,35166,43.69
20,1344,KONSTELEC,ST,36000,34000,94.44
20,1345,KONTOR,SM,6000,3000,50.00
20,1346,KORE,ST,7250,7000,96.55
20,1347,KOTAKBANK,EQ,4019894,2639437,65.66
20,1348,KOTARISUG,EQ,33820,19260,56.95
20,1349,KOTHARIPET,EQ,23382,10505,44.93
20,1350,KOTYARK,ST,13400,12100,90.30
20,1351,KPEL,EQ,65198,31924,48.96
20,1352,KPIGREEN,EQ,567829,203345,35.81
20,1353,KPIL,EQ,235479,108040,45.88
20,1354,KPITTECH,EQ,534756,266702,49.87
20,1355,KPRMILL,EQ,89626,44083,49.19
20,1356,KRBL,EQ,230972,117868,51.03
20,1357,KRISHANA,EQ,61109,43250,70.78
20,1358,KRISHCA,ST,61000,61000,100.00
20,1359,KRISHNADEF,SM,19000,13750,72.37
20,1360,KRITI,EQ,17575,13533,77.00
20,1361,KRITINUT,EQ,18592,10341,55.62
20,1362,KRN,EQ,7324902,506602,6.92
20,1363,KRONOX,EQ,33336,13088,39.26
20,1364,KROSS,EQ,107582,34542,32.11
20,1365,KRSNAA,EQ,38764,12517,32.29
20,1366,KRYSTAL,EQ,50693,29678,58.54
20,1367,KSB,EQ,50047,21195,42.35
20,1368,KSCL,EQ,502138,146761,29.23
20,1369,KSL,EQ,80758,48647,60.24
20,1370,KSOLVES,EQ,21276,11635,54.69
20,1371,KTKBANK,EQ,796413,549793,69.03
20,1372,KTL,ST,6000,6000,100.00
20,1373,KUANTUM,EQ,42369,26118,61.64
20,1374,LAGNAM,EQ,5720,3218,56.26
20,1375,LAKSHYA,ST,24800,20000,80.65
20,1376,LALPATHLAB,EQ,827666,426402,51.52
20,1377,LAMOSAIC,ST,9600,9600,100.00
20,1378,LANCORHOL,EQ,76195,29262,38.40
20,1379,LANDMARK,EQ,38262,21373,55.86
20,1380,LAOPALA,EQ,123452,54999,44.55
20,1381,LASA,EQ,24420,21516,88.11
20,1382,LATENTVIEW,EQ,221488,130487,58.91
20,1383,LAURUSLABS,EQ,2927066,1295029,44.24
20,1384,LAWSIKHO,ST,41000,38000,92.68
20,1385,LAXMICOT,EQ,13195,2581,19.56
20,1386,LAXMIDENTL,EQ,240130,39134,16.30
20,1387,LEMERITE,ST,60800,40800,67.11
20,1388,LEMONTREE,EQ,3031161,1456004,48.03
20,1389,LEXUS,EQ,16842,15741,93.46
20,1390,LFIC,EQ,763,310,40.63
20,1391,LGBBROSLTD,EQ,7850,5153,65.64
20,1392,LIBAS,EQ,54471,27862,51.15
20,1393,LIBERTSHOE,EQ,17360,8304,47.83
20,1394,LICHSGFIN,EQ,1624129,923656,56.87
20,1395,LICI,EQ,1068103,398303,37.29
20,1396,LICMFGOLD,EQ,8229,8007,97.30
20,1397,LICNETFGSC,EQ,45467,39441,86.75
20,1398,LICNETFN50,EQ,414,350,84.54
20,1399,LICNETFSEN,EQ,14,13,92.86
20,1400,LICNFNHGP,EQ,1521,1025,67.39
20,1401,LICNMID100,EQ,3360,2873,85.51
20,1402,LIKHITHA,EQ,43650,20533,47.04
20,1403,LINC,EQ,48368,32174,66.52
20,1404,LINCOLN,EQ,12538,6177,49.27
20,1405,LINDEINDIA,EQ,67972,18352,27.00
20,1406,LIQUID,EQ,166214,77093,46.38
20,1407,LIQUID1,EQ,175827,91844,52.24
20,1408,LIQUIDADD,EQ,553080,427987,77.38
20,1409,LIQUIDBEES,EQ,2225875,1746575,78.47
20,1410,LIQUIDBETF,EQ,36267,33472,92.29
20,1411,LIQUIDCASE,EQ,4018611,3324328,82.72
20,1412,LIQUIDETF,EQ,164266,139798,85.10
20,1413,LIQUIDIETF,EQ,750853,678775,90.40
20,1414,LIQUIDPLUS,EQ,3521,2890,82.08
20,1415,LIQUIDSBI,EQ,1572,1232,78.37
20,1416,LIQUIDSHRI,EQ,5192,5192,100.00
20,1417,LLOYDS,SM,25000,22000,88.00
20,1418,LLOYDSENGG,EQ,5021294,1981781,39.47
20,1419,LLOYDSENT,EQ,559586,220142,39.34
20,1420,LLOYDSME,EQ,317181,152016,47.93
20,1421,LMW,EQ,9404,8719,92.72
20,1422,LODHA,EQ,1486433,932958,62.76
20,1423,LOTUSEYE,EQ,57919,24011,41.46
20,1424,LOVABLE,EQ,11921,7519,63.07
20,1425,LOWVOL,EQ,2976,2975,99.97
20,1426,LOWVOL1,EQ,63196,61788,97.77
20,1427,LOWVOLIETF,EQ,1328746,1037748,78.10
20,1428,LRRPL,ST,1500,1500,100.00
20,1429,LT,EQ,2529084,1610923,63.70
20,1430,LTF,EQ,2797955,790170,28.24
20,1431,LTFOODS,EQ,386428,166505,43.09
20,1432,LTGILTBEES,EQ,2610422,2243529,85.95
20,1433,LTIM,EQ,486917,272561,55.98
20,1434,LTTS,EQ,137207,40196,29.30
20,1435,LUMAXIND,EQ,4510,2907,64.46
20,1436,LUMAXTECH,EQ,35560,11627,32.70
20,1437,LUPIN,EQ,597879,371880,62.20
20,1438,LUXIND,EQ,17530,7936,45.27
20,1439,LXCHEM,EQ,527604,293372,55.60
20,1440,LYKALABS,EQ,38181,19598,51.33
20,1441,LYPSAGEMS,EQ,25465,15117,59.36
20,1442,MACOBSTECH,SM,1600,1600,100.00
20,1443,MADHAV,EQ,4014,3737,93.10
20,1444,MADHAVBAUG,SM,4400,3200,72.73
20,1445,MADHUCON,EQ,14520,8912,61.38
20,1446,MADHUSUDAN,SM,6000,5000,83.33
20,1447,MADRASFERT,EQ,93159,30414,32.65
20,1448,MAFANG,EQ,529034,443008,83.74
20,1449,MAGADSUGAR,EQ,6435,4239,65.87
20,1450,MAGNUM,EQ,32853,17789,54.15
20,1451,MAHABANK,EQ,5610150,1688527,30.10
20,1452,MAHAPEXLTD,EQ,8764,6335,72.28
20,1453,MAHESHWARI,EQ,5775,4402,76.23
20,1454,MAHICKRA,SM,21000,18750,89.29
20,1455,MAHKTECH,EQ,4739802,3186739,67.23
20,1456,MAHLIFE,EQ,220556,93035,42.18
20,1457,MAHLOG,EQ,146979,84884,57.75
20,1458,MAHSCOOTER,EQ,8411,6393,76.01
20,1459,MAHSEAMLES,EQ,671838,132854,19.77
20,1460,MAITHANALL,EQ,22151,15214,68.68
20,1461,MAITREYA,SM,4400,2000,45.45
20,1462,MAKEINDIA,EQ,5801,4838,83.40
20,1463,MAKS,SM,3000,3000,100.00
20,1464,MAL,SM,83200,59200,71.15
20,1465,MALLCOM,EQ,786,502,63.87
20,1466,MALUPAPER,EQ,9810,6905,70.39
20,1467,MAMATA,EQ,175619,31051,17.68
20,1468,MANAKALUCO,EQ,9508,6980,73.41
20,1469,MANAKSIA,EQ,16676,11183,67.06
20,1470,MANAKSTEEL,EQ,45998,26665,57.97
20,1471,MANALIPETC,EQ,201008,108107,53.78
20,1472,MANAPPURAM,EQ,10367351,4789644,46.20
20,1473,MANAV,SM,12000,12000,100.00
20,1474,MANBA,EQ,39024,15442,39.57
20,1475,MANCREDIT,EQ,33407,30331,90.79
20,1476,MANDEEP,SM,14000,12000,85.71
20,1477,MANGALAM,EQ,8000,6877,85.96
20,1478,MANGCHEFER,EQ,331799,146695,44.21
20,1479,MANGLMCEM,EQ,76364,52576,68.85
20,1480,MANINDS,EQ,269752,161006,59.69
20,1481,MANINFRA,EQ,289189,144986,50.14
20,1482,MANKIND,EQ,505375,293303,58.04
20,1483,MANOMAY,EQ,1626,1179,72.51
20,1484,MANORAMA,EQ,56021,42464,75.80
20,1485,MANORG,EQ,13378,10244,76.57
20,1486,MANUGRAPH,EQ,24262,19179,79.05
20,1487,MANYAVAR,EQ,74072,42572,57.47
20,1488,MAPMYINDIA,EQ,118701,54743,46.12
20,1489,MARALOVER,EQ,1635,1088,66.54
20,1490,MARATHON,EQ,23595,13678,57.97
20,1491,MARCO,SM,51000,36000,70.59
20,1492,MARICO,EQ,1225342,929931,75.89
20,1493,MARINETRAN,ST,8000,8000,100.00
20,1494,MARKSANS,EQ,924151,318870,34.50
20,1495,MARUTI,EQ,363355,176554,48.59
20,1496,MASFIN,EQ,51276,26152,51.00
20,1497,MASON,SM,24000,15000,62.50
20,1498,MASPTOP50,EQ,111081,106271,95.67
20,1499,MASTEK,EQ,96208,42772,44.46
20,1500,MASTER,SM,1000,1000,100.00
20,1501,MASTERTR,EQ,55573,35982,64.75
20,1502,MATRIMONY,EQ,8822,6382,72.34
20,1503,MAWANASUG,EQ,40873,27934,68.34
20,1504,MAXESTATES,EQ,172101,81024,47.08
20,1505,MAXHEALTH,EQ,2747013,1661218,60.47
20,1506,MAXIND,EQ,39437,19036,48.27
20,1507,MAXPOSURE,SM,3000,3000,100.00
20,1508,MAXVOLT,ST,40800,40800,100.00
20,1509,MAYURUNIQ,EQ,44198,32159,72.76
20,1510,MAZDOCK,EQ,3111381,336880,10.83
20,1511,MBAPL,EQ,18349,10060,54.83
20,1512,MBLINFRA,EQ,73494,39855,54.23
20,1513,MCLOUD,EQ,367595,234696,63.85
20,1514,MCON,ST,1000,1000,100.00
20,1515,MCX,EQ,291435,124542,42.73
20,1516,MDL,SM,1000,1000,100.00
20,1517,MEDANTA,EQ,265849,96075,36.14
20,1518,MEDIASSIST,EQ,83539,40511,48.49
20,1519,MEDICAMEQ,EQ,41934,23938,57.08
20,1520,MEDICO,EQ,1355908,482646,35.60
20,1521,MEDIORG,SM,6000,6000,100.00
20,1522,MEDPLUS,EQ,73851,43222,58.53
20,1523,MEGAFLEX,ST,6000,6000,100.00
20,1524,MEGASTAR,EQ,8762,6391,72.94
20,1525,MEGATHERM,SM,9600,6800,70.83
20,1526,MENONBE,EQ,26800,18576,69.31
20,1527,METAL,EQ,130260,104926,80.55
20,1528,METALIETF,EQ,2404391,1583938,65.88
20,1529,METROBRAND,EQ,329045,48441,14.72
20,1530,METROPOLIS,EQ,180341,94732,52.53
20,1531,MFSL,EQ,1265288,959447,75.83
20,1532,MGEL,EQ,917788,440846,48.03
20,1533,MGL,EQ,268793,133747,49.76
20,1534,MHHL,ST,13500,13500,100.00
20,1535,MHRIL,EQ,179033,98736,55.15
20,1536,MICEL,EQ,323304,191859,59.34
20,1537,MICROPRO,SM,8000,6400,80.00
20,1538,MID150BEES,EQ,528453,267609,50.64
20,1539,MID150CASE,EQ,556856,337968,60.69
20,1540,MIDCAP,EQ,25342,16805,66.31
20,1541,MIDCAPETF,EQ,1042168,801332,76.89
20,1542,MIDCAPIETF,EQ,787048,403893,51.32
20,1543,MIDHANI,EQ,228556,100280,43.88
20,1544,MIDQ50ADD,EQ,3543,2347,66.24
20,1545,MIDSELIETF,EQ,228206,109120,47.82
20,1546,MIDSMALL,EQ,414399,359573,86.77
20,1547,MIEL,ST,156000,148000,94.87
20,1548,MINDACORP,EQ,154368,58313,37.78
20,1549,MINDSPACE,RR,200040,160543,80.26
20,1550,MINDTECK,EQ,29598,11413,38.56
20,1551,MIRCELECTR,EQ,322546,163755,50.77
20,1552,MIRZAINT,EQ,142248,72407,50.90
20,1553,MITCON,EQ,75892,43216,56.94
20,1554,MITCONPP,E1,1276,1015,79.55
20,1555,MITTAL,EQ,1737025,1357901,78.17
20,1556,MKPL,EQ,143331,68959,48.11
20,1557,M&M,EQ,4916248,2142048,43.57
20,1558,M&MFIN,EQ,835037,258679,30.98
20,1559,MMFL,EQ,44917,31841,70.89
20,1560,MMP,EQ,13022,10154,77.98
20,1561,MMTC,EQ,1138311,434634,38.18
20,1562,MNC,EQ,17592,12269,69.74
20,1563,MOBIKWIK,EQ,3115823,288709,9.27
20,1564,MODEFENCE,EQ,226923,95658,42.15
20,1565,MODIRUBBER,EQ,705,240,34.04
20,1566,MODISONLTD,EQ,15954,7595,47.61
20,1567,MODTHREAD,EQ,648,646,99.69
20,1568,MOGSEC,EQ,358,90,25.14
20,1569,MOHEALTH,EQ,21969,16555,75.36
20,1570,MOIL,EQ,486045,191270,39.35
20,1571,MOKSH,EQ,71916,48456,67.38
20,1572,MOL,EQ,2091709,1017120,48.63
20,1573,MOLDTECH,EQ,85042,47284,55.60
20,1574,MOLDTKPAC,EQ,58585,36555,62.40
20,1575,MOLOWVOL,EQ,329700,309573,93.90
20,1576,MOM100,EQ,321610,161779,50.30
20,1577,MOM30IETF,EQ,1797184,1133857,63.09
20,1578,MOM50,EQ,3004,2774,92.34
20,1579,MOMENTUM,EQ,33846,29137,86.09
20,1580,MOMENTUM50,EQ,432325,263490,60.95
20,1581,MOMOMENTUM,EQ,111546,65244,58.49
20,1582,MON100,EQ,947003,533608,56.35
20,1583,MONARCH,EQ,39596,21233,53.62
20,1584,MONIFTY500,EQ,516236,281511,54.53
20,1585,MONOPHARMA,SM,2000,2000,100.00
20,1586,MONQ50,EQ,97485,74783,76.71
20,1587,MONTECARLO,EQ,14882,9699,65.17
20,1588,MOQUALITY,EQ,1666,1564,93.88
20,1589,MOREALTY,EQ,57533,34400,59.79
20,1590,MOREPENLAB,EQ,2033756,615393,30.26
20,1591,MOS,ST,28400,28000,98.59
20,1592,MOSCHIP,EQ,263397,121007,45.94
20,1593,MOSMALL250,EQ,778390,484825,62.29
20,1594,MOTHERSON,EQ,20562400,12865506,62.57
20,1595,MOTILALOFS,EQ,1331976,461128,34.62
20,1596,MOTISONS,EQ,1186283,728594,61.42
20,1597,MOTOGENFIN,EQ,5427,4658,85.83
20,1598,MOVALUE,EQ,183783,120409,65.52
20,1599,MPHASIS,EQ,268308,143584,53.51
20,1600,MPSLTD,EQ,48548,25269,52.05
20,1601,MRF,EQ,4923,1845,37.48
20,1602,MRO-TEK,EQ,5497,3287,59.80
20,1603,MRPL,EQ,900557,250144,27.78
20,1604,MSPL,EQ,458762,388630,84.71
20,1605,MSTCLTD,EQ,173199,68626,39.62
20,1606,MSUMI,EQ,7423498,4496195,60.57
20,1607,MTARTECH,EQ,117666,31561,26.82
20,1608,MTNL,EQ,2107615,598685,28.41
20,1609,MUFIN,EQ,702778,142342,20.25
20,1610,MUFTI,EQ,171749,110452,64.31
20,1611,MUKANDLTD,EQ,58379,33135,56.76
20,1612,MUKKA,EQ,575832,154862,26.89
20,1613,MUKTAARTS,EQ,9093,5572,61.28
20,1614,MULTICAP,EQ,1134882,1067888,94.10
20,1615,MUNJALAU,EQ,73634,33219,45.11
20,1616,MUNJALSHOW,EQ,17881,13302,74.39
20,1617,MURUDCERA,EQ,28017,20103,71.75
20,1618,MUTHOOTCAP,EQ,14506,9135,62.97
20,1619,MUTHOOTFIN,EQ,672944,359206,53.38
20,1620,MUTHOOTMF,EQ,93938,52060,55.42
20,1621,MVGJL,EQ,90565,32594,35.99
20,1622,MVKAGRO,SM,33600,27600,82.14
20,1623,MWL,SM,6000,6000,100.00
20,1624,MYMUDRA,ST,15600,14400,92.31
20,1625,NACLIND,EQ,81017,27677,34.16
20,1626,NAGAFERT,EQ,461303,293031,63.52
20,1627,NAGREEKEXP,EQ,10688,7865,73.59
20,1628,NAHARCAP,EQ,2077,1103,53.11
20,1629,NAHARINDUS,EQ,13599,6358,46.75
20,1630,NAHARPOLY,EQ,11729,4746,40.46
20,1631,NAHARSPING,EQ,30193,14709,48.72
20,1632,NAMAN,ST,11200,11200,100.00
20,1633,NAM-INDIA,EQ,699673,333930,47.73
20,1634,NAMOEWASTE,SM,16000,14400,90.00
20,1635,NATCAPSUQ,EQ,3602,2149,59.66
20,1636,NATCOPHARM,EQ,922543,317983,34.47
20,1637,NATHBIOGEN,EQ,9748,5337,54.75
20,1638,NATIONALUM,EQ,16670278,7027586,42.16
20,1639,NAUKRI,EQ,430736,227379,52.79
20,1640,NAVA,EQ,414997,199990,48.19
20,1641,NAVINFLUOR,EQ,163002,83799,51.41
20,1642,NAVKARCORP,EQ,306487,181430,59.20
20,1643,NAVNETEDUL,EQ,342268,273087,79.79
20,1644,NAZARA,EQ,226560,114579,50.57
20,1645,NBCC,EQ,8145061,2521777,30.96
20,1646,NCC,EQ,3750401,1471734,39.24
20,1647,NCLIND,EQ,61478,27411,44.59
20,1648,NDGL,EQ,41,24,58.54
20,1649,NDL,EQ,2833596,1670159,58.94
20,1650,NDLVENTURE,EQ,1626,1368,84.13
20,1651,NDRAUTO,EQ,10692,3629,33.94
20,1652,NDTV,EQ,83962,21688,25.83
20,1653,NECCLTD,EQ,111554,59932,53.72
20,1654,NECLIFE,EQ,725321,383774,52.91
20,1655,NEELAM,ST,18000,18000,100.00
20,1656,NELCAST,EQ,23488,12972,55.23
20,1657,NELCO,EQ,59244,19221,32.44
20,1658,NEOGEN,EQ,43791,16358,37.35
20,1659,NEPHROCARE,SM,13200,11600,87.88
20,1660,NESCO,EQ,32574,13846,42.51
20,1661,NESTLEIND,EQ,642834,316750,49.27
20,1662,NETF,EQ,2247,1890,84.11
20,1663,NETWEB,EQ,199497,56946,28.54
20,1664,NETWORK18,EQ,2241341,1030302,45.97
20,1665,NEULANDLAB,EQ,42822,13028,30.42
20,1666,NEWGEN,EQ,171492,70837,41.31
20,1667,NEWJAISA,SM,46500,36000,77.42
20,1668,NEXT30ADD,EQ,2415,2155,89.23
20,1669,NEXT50,EQ,156078,89513,57.35
20,1670,NEXT50IETF,EQ,617007,352278,57.09
20,1671,NFL,EQ,1075668,286522,26.64
20,1672,NGIL,EQ,5059,2357,46.59
20,1673,NGILPP1,E1,4,2,50.00
20,1674,NH,EQ,5068157,585459,11.55
20,1675,NHPC,EQ,20738338,7188592,34.66
20,1676,NIACL,EQ,375814,142687,37.97
20,1677,NIBE,EQ,19003,12175,64.07
20,1678,NIDAN,SM,6000,5000,83.33
20,1679,NIF100BEES,EQ,20678,12495,60.43
20,1680,NIF100IETF,EQ,157059,86380,55.00
20,1681,NIF10GETF,EQ,1214,892,73.48
20,1682,NIF5GETF,EQ,425,23,5.41
20,1683,NIFITETF,EQ,1547,1528,98.77
20,1684,NIFMID150,EQ,985,971,98.58
20,1685,NIFTY1,EQ,46253,38730,83.74
20,1686,NIFTY50ADD,EQ,9696,8917,91.97
20,1687,NIFTYBEES,EQ,3549369,1953448,55.04
20,1688,NIFTYBETF,EQ,2137,1405,65.75
20,1689,NIFTYETF,EQ,56661,36079,63.68
20,1690,NIFTYIETF,EQ,703213,403543,57.39
20,1691,NIFTYQLITY,EQ,29794,22932,76.97
20,1692,NIITLTD,EQ,532289,158711,29.82
20,1693,NIITMTS,EQ,58449,35823,61.29
20,1694,NILAINFRA,EQ,318574,195671,61.42
20,1695,NILKAMAL,EQ,2415,1824,75.53
20,1696,NINSYS,EQ,4904,2259,46.06
20,1697,NIPPOBATRY,EQ,13793,8753,63.46
20,1698,NIRAJ,EQ,23261,4722,20.30
20,1699,NIRMAN,SM,13200,6900,52.27
20,1700,NITINSPIN,EQ,45291,21508,47.49
20,1701,NITIRAJ,EQ,96531,29530,30.59
20,1702,NIVABUPA,EQ,419466,194270,46.31
20,1703,NLCINDIA,EQ,1449979,474889,32.75
20,1704,NMDC,EQ,11145339,3286617,29.49
20,1705,NMSTEEL,ST,6400,6400,100.00
20,1706,NOCIL,EQ,277800,135434,48.75
20,1707,NORTHARC,EQ,206201,117581,57.02
20,1708,NOVAAGRI,EQ,99115,50782,51.24
20,1709,NPBET,EQ,1893,1843,97.36
20,1710,NPST,SM,8400,5900,70.24
20,1711,NRAIL,EQ,8091,5712,70.60
20,1712,NRBBEARING,EQ,101408,58103,57.30
20,1713,NRL,EQ,41751,21829,52.28
20,1714,NSIL,EQ,7396,3276,44.29
20,1715,NSLNISP,EQ,2167424,810980,37.42
20,1716,NTPC,EQ,10686112,5821811,54.48
20,1717,NTPCGREEN,EQ,26571135,7807319,29.38
20,1718,NUCLEUS,EQ,35915,17684,49.24
20,1719,NUVAMA,EQ,52299,27620,52.81
20,1720,NUVOCO,EQ,75090,43805,58.34
20,1721,NV20,EQ,12408,10065,81.12
20,1722,NV20BEES,EQ,18514,15003,81.04
20,1723,NV20IETF,EQ,962144,560230,58.23
20,1724,NXST,RR,232709,212587,91.35
20,1725,NYKAA,EQ,2966867,1034768,34.88
20,1726,OAL,EQ,24375,12828,52.63
20,1727,OBCL,EQ,8663,7259,83.79
20,1728,OBEROIRLTY,EQ,969576,500283,51.60
20,1729,OBSCP,ST,42000,34800,82.86
20,1730,OCCL,EQ,8090,5086,62.87
20,1731,OCCLLTD,EQ,23492,12212,51.98
20,1732,OFSS,EQ,80633,29019,35.99
20,1733,OIL,EQ,2575940,565577,21.96
20,1734,OILCOUNTUB,EQ,27979,21020,75.13
20,1735,OILIETF,EQ,937718,753502,80.35
20,1736,OLAELEC,EQ,13934689,4602404,33.03
20,1737,OLECTRA,EQ,254471,67238,26.42
20,1738,OLIL,SM,54000,40800,75.56
20,1739,OMAXAUTO,EQ,19010,11573,60.88
20,1740,OMAXE,EQ,48268,25794,53.44
20,1741,OMFURN,ST,2400,2400,100.00
20,1742,OMINFRAL,EQ,68444,30716,44.88
20,1743,ONDOOR,ST,24900,24600,98.80
20,1744,ONEPOINT,EQ,2564273,663138,25.86
20,1745,ONESOURCE,EQ,557484,359621,64.51
20,1746,ONGC,EQ,5519036,2262198,40.99
20,1747,ONMOBILE,EQ,225317,94727,42.04
20,1748,ONWARDTEC,EQ,73347,39099,53.31
20,1749,ONYX,ST,6000,6000,100.00
20,1750,OPTIEMUS,EQ,321250,219697,68.39
20,1751,ORCHASP,EQ,190977,143595,75.19
20,1752,ORCHPHARMA,EQ,10270,10270,100.00
20,1753,ORIANA,SM,42750,20775,48.60
20,1754,ORICONENT,EQ,169346,103360,61.03
20,1755,ORIENTALTL,EQ,1699370,437186,25.73
20,1756,ORIENTBELL,EQ,26261,23668,90.13
20,1757,ORIENTCEM,EQ,443103,268250,60.54
20,1758,ORIENTCER,EQ,63092,16890,26.77
20,1759,ORIENTELEC,EQ,87845,51442,58.56
20,1760,ORIENTHOT,EQ,71202,29439,41.35
20,1761,ORIENTPPR,EQ,770556,460046,59.70
20,1762,ORIENTTECH,EQ,141449,64420,45.54
20,1763,ORISSAMINE,EQ,3915,1719,43.91
20,1764,ORTINGLOBE,EQ,6943,3460,49.83
20,1765,OSELDEVICE,ST,20800,20000,96.15
20,1766,OSIAHYPER,EQ,232168,178354,76.82
20,1767,OSWALAGRO,EQ,21400,10154,47.45
20,1768,OSWALGREEN,EQ,142486,54212,38.05
20,1769,OWAIS,SM,29300,19600,66.89
20,1770,PAGEIND,EQ,27459,14262,51.94
20,1771,PAISALO,EQ,1870436,969406,51.83
20,1772,PAKKA,EQ,50183,27898,55.59
20,1773,PALASHSECU,EQ,3443,1157,33.60
20,1774,PANACEABIO,EQ,75618,37070,49.02
20,1775,PANAMAPET,EQ,39539,23612,59.72
20,1776,PARACABLES,EQ,821234,448734,54.64
20,1777,PARADEEP,EQ,11147969,3113604,27.93
20,1778,PARAGMILK,EQ,188024,79065,42.05
20,1779,PARAGON,ST,14400,14400,100.00
20,1780,PARAMATRIX,SM,1200,1200,100.00
20,1781,PARAMOUNT,SM,4800,4800,100.00
20,1782,PARAS,EQ,96583,25505,26.41
20,1783,PARASPETRO,EQ,140897,111365,79.04
20,1784,PARIN,ST,9500,8500,89.47
20,1785,PARKHOTELS,EQ,291082,140464,48.26
20,1786,PASHUPATI,ST,30200,30200,100.00
20,1787,PASUPTAC,EQ,35839,24009,66.99
20,1788,PATANJALI,EQ,1100693,712711,64.75
20,1789,PATELENG,EQ,1934612,853173,44.10
20,1790,PATINTLOG,EQ,65310,47002,71.97
20,1791,PATTECH,SM,19500,19500,100.00
20,1792,PAVNAIND,EQ,1457,704,48.32
20,1793,PAYTM,EQ,3999447,757736,18.95
20,1794,PCBL,EQ,845512,364112,43.06
20,1795,PCCL,SM,10800,8400,77.78
20,1796,PCJEWELLER,EQ,7270269,3868521,53.21
20,1797,PDMJEPAPER,EQ,58778,36817,62.64
20,1798,PDSL,EQ,52911,32435,61.30
20,1799,PEARLPOLY,EQ,25933,14535,56.05
20,1800,PEL,EQ,429463,72723,16.93
20,1801,PELATRO,ST,600,600,100.00
20,1802,PENIND,EQ,845304,218556,25.86
20,1803,PENTAGON,SM,7000,7000,100.00
20,1804,PERFECT,ST,102000,99000,97.06
20,1805,PERSISTENT,EQ,338075,136533,40.39
20,1806,PETRONET,EQ,3438786,1511728,43.96
20,1807,PFC,EQ,6037957,3426838,56.75
20,1808,PFIZER,EQ,46306,10961,23.67
20,1809,PFOCUS,EQ,117431,100627,85.69
20,1810,PFS,EQ,677582,411679,60.76
20,1811,PGEL,EQ,790143,205818,26.05
20,1812,PGHH,EQ,6307,3492,55.37
20,1813,PGHL,EQ,23515,14291,60.77
20,1814,PGIL,EQ,56769,29826,52.54
20,1815,PGINVIT,IV,1043809,1029914,98.67
20,1816,PHANTOMFX,SM,113700,66300,58.31
20,1817,PHARMABEES,EQ,1643140,1005997,61.22
20,1818,PHOENIXLTD,EQ,785080,379311,48.31
20,1819,PIDILITIND,EQ,377261,241579,64.03
20,1820,PIIND,EQ,220228,144724,65.72
20,1821,PILANIINVS,EQ,3405,1503,44.14
20,1822,PILITA,EQ,196616,115760,58.88
20,1823,PITTIENG,EQ,65351,50922,77.92
20,1824,PIXTRANS,EQ,14206,8407,59.18
20,1825,PLADAINFO,SM,6000,6000,100.00
20,1826,PLASTIBLEN,EQ,7370,5289,71.76
20,1827,PLATIND,EQ,131839,52195,39.59
20,1828,PLAZACABLE,EQ,24994,16629,66.53
20,1829,PNB,EQ,17127179,7796988,45.52
20,1830,PNBGILTS,EQ,184389,76829,41.67
20,1831,PNBHOUSING,EQ,444917,164421,36.96
20,1832,PNCINFRA,EQ,570185,192899,33.83
20,1833,PNGJL,EQ,286774,97418,33.97
20,1834,POCL,EQ,68364,41904,61.30
20,1835,PODDARMENT,EQ,4137,3351,81.00
20,1836,POKARNA,EQ,17608,7632,43.34
20,1837,POLICYBZR,EQ,1110766,706490,63.60
20,1838,POLYCAB,EQ,141031,52233,37.04
20,1839,POLYMED,EQ,140590,44776,31.85
20,1840,POLYPLEX,EQ,32164,15616,48.55
20,1841,POLYSIL,SM,872000,422000,48.39
20,1842,PONNIERODE,EQ,17893,9776,54.64
20,1843,POONAWALLA,EQ,1159971,345066,29.75
20,1844,POSITRON,SM,8100,5700,70.37
20,1845,POWERGRID,EQ,21287363,15950677,74.93
20,1846,POWERINDIA,EQ,103341,14407,13.94
20,1847,POWERMECH,EQ,53428,17730,33.18
20,1848,PPAP,EQ,4184,2432,58.13
20,1849,PPL,EQ,36566,15344,41.96
20,1850,PPLPHARMA,EQ,13065159,1378974,10.55
20,1851,PPSL,SM,12000,9000,75.00
20,1852,PRAENG,EQ,1973154,428746,21.73
20,1853,PRAJIND,EQ,373484,151403,40.54
20,1854,PRAKASH,EQ,459362,230746,50.23
20,1855,PRAKASHSTL,EQ,209930,171328,81.61
20,1856,PRAMARA,SM,97000,60000,61.86
20,1857,PRANIK,SM,4800,4800,100.00
20,1858,PRATHAM,ST,1600,1600,100.00
20,1859,PRECAM,EQ,247054,86888,35.17
20,1860,PRECISION,ST,10000,8000,80.00
20,1861,PRECWIRE,EQ,367113,210081,57.23
20,1862,PREMEXPLN,EQ,91633,49500,54.02
20,1863,PREMIERENE,EQ,516657,127058,24.59
20,1864,PREMIERPOL,EQ,257178,120587,46.89
20,1865,PREMIUM,SM,3000,3000,100.00
20,1866,PRESSTONIC,ST,4800,4800,100.00
20,1867,PRESTIGE,EQ,592872,250833,42.31
20,1868,PRICOLLTD,EQ,245729,117587,47.85
20,1869,PRIMESECU,EQ,92033,82446,89.58
20,1870,PRINCEPIPE,EQ,144774,69542,48.03
20,1871,PRITI,EQ,18794,13236,70.43
20,1872,PRITIKAUTO,EQ,158858,104506,65.79
20,1873,PRIVISCL,EQ,24882,20540,82.55
20,1874,PRIZOR,ST,12000,11200,93.33
20,1875,PRLIND,SM,8000,8000,100.00
20,1876,PROLIFE,SM,3000,1500,50.00
20,1877,PROPEQUITY,SM,600,600,100.00
20,1878,PROTEAN,EQ,115505,57383,49.68
20,1879,PROV,SM,240,240,100.00
20,1880,PRSMJOHNSN,EQ,176596,78079,44.21
20,1881,PRUDENT,EQ,142710,116356,81.53
20,1882,PSB,EQ,902962,193872,21.47
20,1883,PSFL,SM,6000,6000,100.00
20,1884,PSPPROJECT,EQ,74924,47286,63.11
20,1885,PSRAJ,ST,5000,5000,100.00
20,1886,PSUBANK,EQ,12373,8307,67.14
20,1887,PSUBANKADD,EQ,3674,2915,79.34
20,1888,PSUBNKBEES,EQ,562408,275600,49.00
20,1889,PSUBNKIETF,EQ,100892,31509,31.23
20,1890,PTC,EQ,1799012,757376,42.10
20,1891,PTCIL,EQ,21597,11952,55.34
20,1892,PTL,EQ,17980,10813,60.14
20,1893,PULZ,SM,14000,14000,100.00
20,1894,PUNJABCHEM,EQ,7335,4787,65.26
20,1895,PURPLEUTED,SM,12000,9000,75.00
20,1896,PURVA,EQ,49516,28563,57.68
20,1897,PURVFLEXI,SM,32000,25600,80.00
20,1898,PVP,EQ,79999,41747,52.18
20,1899,PVRINOX,EQ,1017054,341104,33.54
20,1900,PVSL,EQ,16297,10445,64.09
20,1901,PVTBANIETF,EQ,1038074,846943,81.59
20,1902,PVTBANKADD,EQ,34338,15376,44.78
20,1903,PYRAMID,EQ,32478,14349,44.18
20,1904,QGOLDHALF,EQ,39148,31836,81.32
20,1905,QMSMEDI,SM,26000,26000,100.00
20,1906,QNIFTY,EQ,354,238,67.23
20,1907,QPOWER,EQ,3178446,455164,14.32
20,1908,QUADFUTURE,EQ,9126639,241352,2.64
20,1909,QUADPRO,SM,24000,24000,100.00
20,1910,QUAL30IETF,EQ,684500,576622,84.24
20,1911,QUESS,EQ,110768,62133,56.09
20,1912,QUESTLAB,ST,1200,1200,100.00
20,1913,QUICKHEAL,EQ,99525,48432,48.66
20,1914,QUICKTOUCH,ST,20500,20500,100.00
20,1915,QVCEL,ST,3200,3200,100.00
20,1916,RACE,EQ,10915,6041,55.35
20,1917,RACLGEAR,EQ,5296,3174,59.93
20,1918,RADHIKAJWE,EQ,100877,46491,46.09
20,1919,RADIANTCMS,EQ,198439,159398,80.33
20,1920,RADICO,EQ,126427,44463,35.17
20,1921,RADIOCITY,EQ,366611,326235,88.99
20,1922,RADIOCITY,P1,10731,10676,99.49
20,1923,RADIOWALLA,SM,1600,1600,100.00
20,1924,RAILTEL,EQ,1478990,283519,19.17
20,1925,RAIN,EQ,585595,212710,36.32
20,1926,RAINBOW,EQ,407673,364014,89.29
20,1927,RAJESHEXPO,EQ,828251,206821,24.97
20,1928,RAJINDLTD,SM,16500,15000,90.91
20,1929,RAJMET,EQ,1637066,888045,54.25
20,1930,RAJPUTANA,SM,12000,6000,50.00
20,1931,RAJRATAN,EQ,29407,13973,47.52
20,1932,RAJSREESUG,EQ,24794,16773,67.65
20,1933,RALLIS,EQ,343846,154938,45.06
20,1934,RAMAPHO,EQ,9141,3254,35.60
20,1935,RAMASTEEL,EQ,4333837,1203535,27.77
20,1936,RAMCOCEM,EQ,296631,134578,45.37
20,1937,RAMCOIND,EQ,101729,62713,61.65
20,1938,RAMCOSYS,EQ,28266,14858,52.56
20,1939,RAMKY,EQ,41603,26597,63.93
20,1940,RAMRAT,EQ,16575,5800,34.99
20,1941,RANASUG,EQ,164082,85905,52.35
20,1942,RANEENGINE,EQ,1531,920,60.09
20,1943,RANEHOLDIN,EQ,8581,6076,70.81
20,1944,RAPPID,ST,1800,1800,100.00
20,1945,RATEGAIN,EQ,378645,197064,52.04
20,1946,RATNAMANI,EQ,15869,8220,51.80
20,1947,RATNAVEER,EQ,98739,42720,43.27
20,1948,RAYMOND,EQ,119862,33290,27.77
20,1949,RAYMONDLSL,EQ,96150,39318,40.89
20,1950,RBA,EQ,1510473,898456,59.48
20,1951,RBL,EQ,3824,2535,66.29
20,1952,RBLBANK,EQ,4598405,912820,19.85
20,1953,RBMINFRA,ST,24800,24000,96.77
20,1954,RBS,ST,48000,41600,86.67
20,1955,RBZJEWEL,EQ,192904,100528,52.11
20,1956,RCDL,SM,3000,3000,100.00
20,1957,RCF,EQ,1586868,316233,19.93
20,1958,READYMIX,ST,135000,133000,98.52
20,1959,RECLTD,EQ,5352036,2157521,40.31
20,1960,REDINGTON,EQ,4002531,763475,19.07
20,1961,REDTAPE,EQ,76254,37050,48.59
20,1962,REFEX,EQ,143014,98104,68.60
20,1963,REFRACTORY,ST,3000,3000,100.00
20,1964,RELAXO,EQ,158248,61255,38.71
20,1965,RELCHEMQ,EQ,738,490,66.40
20,1966,RELIABLE,EQ,106258,40599,38.21
20,1967,RELIANCE,EQ,11552182,6716903,58.14
20,1968,RELIGARE,EQ,1760132,582175,33.08
20,1969,RELINFRA,EQ,3041715,1856718,61.04
20,1970,RELTD,EQ,25013,12424,49.67
20,1971,REMSONSIND,EQ,54026,31572,58.44
20,1972,REMUS,SM,5800,4000,68.97
20,1973,RENUKA,EQ,2687413,1080112,40.19
20,1974,REPCOHOME,EQ,127547,78382,61.45
20,1975,REPRO,EQ,5053,3201,63.35
20,1976,RESPONIND,EQ,323396,230253,71.20
20,1977,RETAIL,EQ,17801,17474,98.16
20,1978,REXPIPES,SM,6000,6000,100.00
20,1979,REXPRO,SM,11000,6000,54.55
20,1980,RGL,EQ,167037,75420,45.15
20,1981,RHIM,EQ,437054,287733,65.83
20,1982,RICOAUTO,EQ,335727,154166,45.92
20,1983,RIIL,EQ,70402,13704,19.47
20,1984,RILINFRA,SM,4000,3300,82.50
20,1985,RISHABH,EQ,51598,31503,61.05
20,1986,RITCO,EQ,24822,14028,56.51
20,1987,RITES,EQ,839583,278125,33.13
20,1988,RKDL,EQ,14518,9535,65.68
20,1989,RKEC,EQ,71012,36120,50.86
20,1990,RKFORGE,EQ,231171,74535,32.24
20,1991,RKSWAMY,EQ,87566,48758,55.68
20,1992,RMDRIP,ST,6000,5000,83.33
20,1993,RML,EQ,13330,10360,77.72
20,1994,RNFI,ST,28800,28800,100.00
20,1995,ROCKINGDCE,SM,1750,1250,71.43
20,1996,ROHLTD,EQ,132450,33166,25.04
20,1997,ROLEXRINGS,EQ,16000,7412,46.33
20,1998,ROML,EQ,123290,26693,21.65
20,1999,ROSSARI,EQ,28360,12390,43.69
20,2000,ROSSTECH,EQ,24342,13355,54.86
20,2001,ROTO,EQ,50051,28029,56.00
20,2002,ROUTE,EQ,86146,50606,58.74
20,2003,ROXHITECH,ST,16000,16000,100.00
20,2004,ROYALARC,ST,109200,106800,97.80
20,2005,RPEL,EQ,83499,46655,55.87
20,2006,RPGLIFE,EQ,14153,3781,26.72
20,2007,RPOWER,EQ,10968496,3979229,36.28
20,2008,RPPL,EQ,130116,81393,62.55
20,2009,RPSGVENT,EQ,34395,23844,69.32
20,2010,RPTECH,EQ,116691,86964,74.53
20,2011,RRKABEL,EQ,43200,19323,44.73
20,2012,RSWM,EQ,56729,43433,76.56
20,2013,RSYSTEMS,EQ,124274,91273,73.44
20,2014,RTNINDIA,EQ,2030307,846453,41.69
20,2015,RTNPOWER,EQ,7602054,3797338,49.95
20,2016,RUBFILA,EQ,31522,26174,83.03
20,2017,RUBYMILLS,EQ,8501,3480,40.94
20,2018,RUCHINFRA,EQ,785943,531607,67.64
20,2019,RUCHIRA,EQ,28899,17103,59.18
20,2020,RULKA,ST,6300,5700,90.48
20,2021,RUPA,EQ,97669,66496,68.08
20,2022,RUSHIL,EQ,203951,110324,54.09
20,2023,RUSTOMJEE,EQ,29706,20422,68.75
20,2024,RVNL,EQ,7546931,729452,9.67
20,2025,RVTH,EQ,1407,773,54.94
20,2026,SAAKSHI,SM,2400,2400,100.00
20,2027,SABAR,ST,45000,35000,77.78
20,2028,SADBHIN,EQ,97255,60668,62.38
20,2029,SADHAV,SM,14400,10800,75.00
20,2030,SAFARI,EQ,31288,18087,57.81
20,2031,SAGARDEEP,EQ,53681,8729,16.26
20,2032,SAGCEM,EQ,37766,21987,58.22
20,2033,SAH,EQ,177186,155703,87.88
20,2034,SAHAJ,SM,20000,20000,100.00
20,2035,SAHAJSOLAR,SM,5200,4200,80.77
20,2036,SAHANA,ST,11750,11500,97.87
20,2037,SAHASRA,ST,61200,60800,99.35
20,2038,SAHYADRI,EQ,5842,4285,73.35
20,2039,SAIFL,ST,4000,4000,100.00
20,2040,SAIL,EQ,18825311,4845251,25.74
20,2041,SAILIFE,EQ,249607,78609,31.49
20,2042,SAJHOTELS,ST,38000,34000,89.47
20,2043,SAKAR,EQ,38657,18473,47.79
20,2044,SAKHTISUG,EQ,56547,32250,57.03
20,2045,SAKSOFT,EQ,56543,30182,53.38
20,2046,SALASAR,EQ,13117859,4604679,35.10
20,2047,SALONA,EQ,72,16,22.22
20,2048,SALSTEEL,EQ,104616,42115,40.26
20,2049,SALZERELEC,EQ,58952,19031,32.28
20,2050,SAMHI,EQ,1094745,811492,74.13
20,2051,SAMMAANCAP,EQ,5654325,2945286,52.09
20,2052,SANATHAN,EQ,103307,76617,74.16
20,2053,SANDESH,EQ,1819,1467,80.65
20,2054,SANDHAR,EQ,67283,30763,45.72
20,2055,SANDUMA,EQ,162539,46476,28.59
20,2056,SANGAMIND,EQ,9724,6922,71.18
20,2057,SANGHIIND,EQ,162968,71476,43.86
20,2058,SANGHVIMOV,EQ,531204,255388,48.08
20,2059,SANGINITA,EQ,19484,14137,72.56
20,2060,SANOFI,EQ,9500,5552,58.44
20,2061,SANOFICONR,EQ,18373,13347,72.64
20,2062,SANSERA,EQ,54862,27178,49.54
20,2063,SANSTAR,EQ,205605,126217,61.39
20,2064,SAPPHIRE,EQ,672248,152347,22.66
20,2065,SARDAEN,EQ,397888,160289,40.28
20,2066,SAREGAMA,EQ,202032,92767,45.92
20,2067,SARTELE,SM,25500,14500,56.86
20,2068,SARVESHWAR,EQ,3179884,2099933,66.04
20,2069,SASKEN,EQ,12734,7913,62.14
20,2070,SASTASUNDR,EQ,19902,15579,78.28
20,2071,SATECH,ST,57000,56000,98.25
20,2072,SATIA,EQ,177722,117846,66.31
20,2073,SATIN,EQ,147893,55162,37.30
20,2074,SATINDLTD,EQ,117935,66032,55.99
20,2075,SATKARTAR,SM,25600,17600,68.75
20,2076,SAURASHCEM,EQ,21496,16067,74.74
20,2077,SBC,EQ,3368404,1640099,48.69
20,2078,SBCL,EQ,168217,108395,64.44
20,2079,SBFC,EQ,1266290,558067,44.07
20,2080,SBICARD,EQ,1018173,349614,34.34
20,2081,SBIETFCON,EQ,4463,2552,57.18
20,2082,SBIETFIT,EQ,3556,2978,83.75
20,2083,SBIETFPB,EQ,5277,3645,69.07
20,2084,SBIETFQLTY,EQ,122525,101281,82.66
20,2085,SBILIFE,EQ,964505,668217,69.28
20,2086,SBIN,EQ,8599635,4008662,46.61
20,2087,SBINEQWETF,EQ,25193,22247,88.31
20,2088,SBISILVER,EQ,5087593,5014355,98.56
20,2089,SCHAEFFLER,EQ,50455,25173,49.89
20,2090,SCHAND,EQ,23048,11488,49.84
20,2091,SCHNEIDER,EQ,202103,87290,43.19
20,2092,SCI,EQ,851887,344231,40.41
20,2093,SCILAL,EQ,380639,237155,62.30
20,2094,SCPL,EQ,6384,4544,71.18
20,2095,SDBL,EQ,1104079,486852,44.10
20,2096,SDL26BEES,EQ,17002,15991,94.05
20,2097,SDREAMS,ST,7000,7000,100.00
20,2098,SEAMECLTD,EQ,22353,14918,66.74
20,2099,SECL,ST,6250,6250,100.00
20,2100,SECMARK,EQ,434,333,76.73
20,2101,SECURKLOUD,EQ,14583,10629,72.89
20,2102,SEJALLTD,EQ,7777,6213,79.89
20,2103,SEL,ST,200,200,100.00
20,2104,SELAN,EQ,51149,23368,45.69
20,2105,SELMC,EQ,14663,9128,62.25
20,2106,SENCO,EQ,973502,499650,51.33
20,2107,SENORES,EQ,925609,187749,20.28
20,2108,SENSEXADD,EQ,92,80,86.96
20,2109,SENSEXETF,EQ,14681,13580,92.50
20,2110,SENSEXIETF,EQ,36137,29960,82.91
20,2111,SEPC,EQ,3813066,1641843,43.06
20,2112,SEQUENT,EQ,410836,171550,41.76
20,2113,SERVOTECH,EQ,327858,123266,37.60
20,2114,SESHAPAPER,EQ,12000,8693,72.44
20,2115,SETF10GILT,EQ,11124,8124,73.03
20,2116,SETFGOLD,EQ,2167690,1592090,73.45
20,2117,SETFNIF50,EQ,567576,318994,56.20
20,2118,SETFNIFBK,EQ,114517,109173,95.33
20,2119,SETFNN50,EQ,49291,32731,66.40
20,2120,SFL,EQ,88299,48869,55.34
20,2121,SFML,ST,8000,8000,100.00
20,2122,SGBAPR28I,GB,192,157,81.77
20,2123,SGBAUG27,GB,45,38,84.44
20,2124,SGBAUG28V,GB,2357,2088,88.59
20,2125,SGBAUG29V,GB,351,226,64.39
20,2126,SGBAUG30,GB,737,697,94.57
20,2127,SGBD29VIII,GB,281,197,70.11
20,2128,SGBDC27VII,GB,5,5,100.00
20,2129,SGBDE30III,GB,225,114,50.67
20,2130,SGBDE31III,GB,2218,2004,90.35
20,2131,SGBDEC2512,GB,8,8,100.00
20,2132,SGBFEB27,GB,2,1,50.00
20,2133,SGBFEB28IX,GB,9,9,100.00
20,2134,SGBFEB29XI,GB,36,31,86.11
20,2135,SGBFEB32IV,GB,2366,1686,71.26
20,2136,SGBJ28VIII,GB,3,3,100.00
20,2137,SGBJAN26,GB,17,17,100.00
20,2138,SGBJAN27,GB,12,11,91.67
20,2139,SGBJAN29IX,GB,616,488,79.22
20,2140,SGBJAN29X,GB,64,47,73.44
20,2141,SGBJAN30IX,GB,774,455,58.79
20,2142,SGBJU29III,GB,540,482,89.26
20,2143,SGBJUL25,GB,108,98,90.74
20,2144,SGBJUL27,GB,16,16,100.00
20,2145,SGBJUL28IV,GB,152,131,86.18
20,2146,SGBJUL29IV,GB,549,396,72.13
20,2147,SGBJUN28,GB,164,133,81.10
20,2148,SGBJUN29II,GB,268,216,80.60
20,2149,SGBJUN30,GB,171,155,90.64
20,2150,SGBJUN31I,GB,738,577,78.18
20,2151,SGBMAR25,GB,1206,1135,94.11
20,2152,SGBMAR28X,GB,7,7,100.00
20,2153,SGBMAR30X,GB,233,150,64.38
20,2154,SGBMAR31IV,GB,246,224,91.06
20,2155,SGBMAY25,GB,90,75,83.33
20,2156,SGBMAY26,GB,18,18,100.00
20,2157,SGBMAY28,GB,527,489,92.79
20,2158,SGBMAY29I,GB,818,664,81.17
20,2159,SGBMR29XII,GB,137,97,70.80
20,2160,SGBN28VIII,GB,322,190,59.01
20,2161,SGBNOV25,GB,4,3,75.00
20,2162,SGBNOV25IX,GB,1,1,100.00
20,2163,SGBNOV25VI,GB,6,6,100.00
20,2164,SGBNOV26,GB,42,40,95.24
20,2165,SGBNV29VII,GB,585,504,86.15
20,2166,SGBOC28VII,GB,87,74,85.06
20,2167,SGBOCT25IV,GB,3,3,100.00
20,2168,SGBOCT26,GB,1,1,100.00
20,2169,SGBOCT27VI,GB,22,22,100.00
20,2170,SGBSEP27,GB,86,85,98.84
20,2171,SGBSEP28VI,GB,765,542,70.85
20,2172,SGBSEP29VI,GB,355,320,90.14
20,2173,SGBSEP31II,GB,839,633,75.45
20,2174,SGL,EQ,5824,4014,68.92
20,2175,SGLTL,EQ,470124,147922,31.46
20,2176,SHAH,EQ,343873,270684,78.72
20,2177,SHAHALLOYS,EQ,7443,5422,72.85
20,2178,SHAKTIPUMP,EQ,282902,162338,57.38
20,2179,SHALBY,EQ,23328,12807,54.90
20,2180,SHALPAINTS,EQ,104774,62251,59.41
20,2181,SHANKARA,EQ,18547,8461,45.62
20,2182,SHANTHALA,ST,6000,4800,80.00
20,2183,SHANTI,EQ,81839,60198,73.56
20,2184,SHANTIGEAR,EQ,26032,11484,44.11
20,2185,SHARDACROP,EQ,183658,64334,35.03
20,2186,SHARDAMOTR,EQ,18471,6697,36.26
20,2187,SHAREINDIA,EQ,219520,89120,40.60
20,2188,SHARIABEES,EQ,3595,2787,77.52
20,2189,SHEETAL,SM,36000,22000,61.11
20,2190,SHEMAROO,EQ,7519,4452,59.21
20,2191,SHERA,SM,16000,13000,81.25
20,2192,SHIGAN,SM,22500,12000,53.33
20,2193,SHILPAMED,EQ,154287,76446,49.55
20,2194,SHIVALIK,EQ,20292,8312,40.96
20,2195,SHIVAMAUTO,EQ,54409,30890,56.77
20,2196,SHIVAMILLS,EQ,13718,5662,41.27
20,2197,SHIVATEX,EQ,2132,1118,52.44
20,2198,SHK,EQ,267251,104076,38.94
20,2199,SHOPERSTOP,EQ,12279,5408,44.04
20,2200,SHREDIGCEM,EQ,160929,76298,47.41
20,2201,SHREECEM,EQ,31625,19267,60.92
20,2202,SHREEKARNI,ST,1950,1800,92.31
20,2203,SHREEOSFM,SM,10000,7000,70.00
20,2204,SHREEPUSHK,EQ,228540,54338,23.78
20,2205,SHRENIK,EQ,1746036,1169146,66.96
20,2206,SHREYANIND,EQ,7444,4519,60.71
20,2207,SHRIPISTON,EQ,62581,34117,54.52
20,2208,SHRIRAMFIN,EQ,6222936,3247654,52.19
20,2209,SHRIRAMPPS,EQ,1090631,621869,57.02
20,2210,SHRITECH,SM,4000,4000,100.00
20,2211,SHUBHSHREE,ST,4800,2400,50.00
20,2212,SHYAMCENT,EQ,109912,72301,65.78
20,2213,SHYAMMETL,EQ,233406,118526,50.78
20,2214,SIDDHIKA,ST,1000,1000,100.00
20,2215,SIEMENS,EQ,288010,163042,56.61
20,2216,SIGACHI,EQ,2870037,672631,23.44
20,2217,SIGIND,EQ,15467,13948,90.18
20,2218,SIGMA,EQ,23692,2171,9.16
20,2219,SIGNATURE,EQ,499171,30349,6.08
20,2220,SIGNORIA,ST,1000,1000,100.00
20,2221,SIKKO,EQ,122572,85355,69.64
20,2222,SIL,EQ,24021,14109,58.74
20,2223,SILGO,EQ,246265,108018,43.86
20,2224,SILINV,EQ,2237,1540,68.84
20,2225,SILKFLEX,SM,4000,4000,100.00
20,2226,SILLYMONKS,EQ,12234,10623,86.83
20,2227,SILVER,EQ,153571,88958,57.93
20,2228,SILVER1,EQ,24990,19058,76.26
20,2229,SILVERADD,EQ,23715,22048,92.97
20,2230,SILVERBEES,EQ,4493551,3204057,71.30
20,2231,SILVERETF,EQ,156159,102279,65.50
20,2232,SILVERIETF,EQ,1881067,1714419,91.14
20,2233,SILVERTUC,EQ,10632,1209,11.37
20,2234,SILVRETF,EQ,21873,17162,78.46
20,2235,SIMPLEXINF,EQ,25960,20195,77.79
20,2236,SINCLAIR,EQ,36920,19450,52.68
20,2237,SINDHUTRAD,EQ,451049,190614,42.26
20,2238,SINTERCOM,EQ,10764,2692,25.01
20,2239,SIRCA,EQ,50948,41191,80.85
20,2240,SIS,EQ,33782,16066,47.56
20,2241,SIYSIL,EQ,35994,20453,56.82
20,2242,SJLOGISTIC,SM,24750,19000,76.77
20,2243,SJS,EQ,51518,30525,59.25
20,2244,SJVN,EQ,5834609,1405547,24.09
20,2245,SKFINDIA,EQ,32832,22449,68.38
20,2246,SKIPPER,EQ,235369,65841,27.97
20,2247,SKMEGGPROD,EQ,21113,10462,49.55
20,2248,SKP,SM,2000,1500,75.00
20,2249,SLONE,ST,6400,5600,87.50
20,2250,SMALLCAP,EQ,1159436,715150,61.68
20,2251,SMARTLINK,EQ,4667,4025,86.24
20,2252,SMCGLOBAL,EQ,136179,77982,57.26
20,2253,SMLISUZU,EQ,7079,3685,52.06
20,2254,SMLT,EQ,11351,5733,50.51
20,2255,SMSPHARMA,EQ,103544,40220,38.84
20,2256,SMVD,SM,64640,64640,100.00
20,2257,SNOWMAN,EQ,402558,240261,59.68
20,2258,SOBHA,EQ,221086,101285,45.81
20,2259,SOLARA,EQ,201818,120327,59.62
20,2260,SOLARAPP,E1,24151,23420,96.97
20,2261,SOLARINDS,EQ,76811,50666,65.96
20,2262,SOLEX,ST,8750,8750,100.00
20,2263,SOMANYCERA,EQ,17652,9629,54.55
20,2264,SOMICONVEY,EQ,6942,4900,70.58
20,2265,SONACOMS,EQ,650257,349114,53.69
20,2266,SONAMAC,ST,14000,13000,92.86
20,2267,SONAMLTD,EQ,83850,52770,62.93
20,2268,SONATSOFTW,EQ,651267,422236,64.83
20,2269,SONUINFRA,ST,9000,6000,66.67
20,2270,SOTL,EQ,25602,12795,49.98
20,2271,SOUTHBANK,EQ,6871701,4089734,59.52
20,2272,SOUTHWEST,EQ,56696,32131,56.67
20,2273,SPAL,EQ,10074,4439,44.06
20,2274,SPANDANA,EQ,330348,162051,49.05
20,2275,SPARC,EQ,936756,459536,49.06
20,2276,SPCL,ST,42000,37200,88.57
20,2277,SPECIALITY,EQ,55948,24960,44.61
20,2278,SPECTRUM,SM,11125,7000,62.92
20,2279,SPECTSTM,SM,12800,10400,81.25
20,2280,SPENCERS,EQ,63762,31512,49.42
20,2281,SPIC,EQ,310057,123374,39.79
20,2282,SPLIL,EQ,8848,6136,69.35
20,2283,SPLPETRO,EQ,28566,16446,57.57
20,2284,SPORTKING,EQ,84358,47817,56.68
20,2285,SPPPOLY,ST,10000,10000,100.00
20,2286,SRD,EQ,8553,3844,44.94
20,2287,SREEL,EQ,6410,4352,67.89
20,2288,SRF,EQ,510161,320438,62.81
20,2289,SRGHFL,EQ,7993,4290,53.67
20,2290,SRHHYPOLTD,EQ,5340,2688,50.34
20,2291,SRIVASAVI,SM,8000,7000,87.50
20,2292,SSDL,EQ,30880,23172,75.04
20,2293,SSEGL,SM,78000,34800,44.62
20,2294,SSFL,SM,4000,4000,100.00
20,2295,S&SPOWER,EQ,2929,1752,59.82
20,2296,SSWL,EQ,103433,62988,60.90
20,2297,STALLION,EQ,1623584,439723,27.08
20,2298,STANLEY,EQ,110816,81842,73.85
20,2299,STAR,EQ,240761,108526,45.08
20,2300,STARCEMENT,EQ,256288,85277,33.27
20,2301,STARHEALTH,EQ,926089,403182,43.54
20,2302,STARPAPER,EQ,6621,3713,56.08
20,2303,STARTECK,EQ,8211,287,3.50
20,2304,STCINDIA,EQ,28224,10473,37.11
20,2305,STEELCAS,EQ,2194,1542,70.28
20,2306,STEELCITY,EQ,72376,23273,32.16
20,2307,STEELXIND,EQ,2040870,1028696,50.40
20,2308,STEL,EQ,6891,4263,61.86
20,2309,STERTOOLS,EQ,57101,19601,34.33
20,2310,STLTECH,EQ,674978,374583,55.50
20,2311,STOVEKRAFT,EQ,78984,46776,59.22
20,2312,STYLAMIND,EQ,29584,19939,67.40
20,2313,STYLEBAAZA,EQ,897709,329562,36.71
20,2314,STYRENIX,EQ,28983,13803,47.62
20,2315,SUBEXLTD,EQ,2674569,1090098,40.76
20,2316,SUBROS,EQ,32951,14699,44.61
20,2317,SUDARSCHEM,EQ,118372,55631,47.00
20,2318,SUKHJITS,EQ,12172,8991,73.87
20,2319,SULA,EQ,389616,218341,56.04
20,2320,SUMICHEM,EQ,120181,49579,41.25
20,2321,SUMIT,EQ,56234,39944,71.03
20,2322,SUMMITSEC,EQ,8837,3688,41.73
20,2323,SUNCLAY,EQ,25097,16339,65.10
20,2324,SUNDARAM,EQ,338793,271808,80.23
20,2325,SUNDARMFIN,EQ,84815,39064,46.06
20,2326,SUNDARMHLD,EQ,67617,32518,48.09
20,2327,SUNDRMFAST,EQ,76598,47526,62.05
20,2328,SUNLITE,SM,3600,3600,100.00
20,2329,SUNPHARMA,EQ,2836717,2040458,71.93
20,2330,SUNTECK,EQ,292513,132637,45.34
20,2331,SUNTV,EQ,1245059,311394,25.01
20,2332,SUPERHOUSE,EQ,2106,1162,55.18
20,2333,SUPERSPIN,EQ,11322,8317,73.46
20,2334,SUPRAJIT,EQ,36210,15654,43.23
20,2335,SUPREME,EQ,36989,16914,45.73
20,2336,SUPREMEIND,EQ,162102,91154,56.23
20,2337,SUPREMEPWR,ST,31000,30000,96.77
20,2338,SUPRIYA,EQ,91943,29668,32.27
20,2339,SURAJEST,EQ,168428,127334,75.60
20,2340,SURAJLTD,EQ,345,204,59.13
20,2341,SURAKSHA,EQ,38442,21002,54.63
20,2342,SURANASOL,EQ,74535,42917,57.58
20,2343,SURANAT&P,EQ,51342,33756,65.75
20,2344,SURYALAXMI,EQ,19357,6323,32.67
20,2345,SURYAROSNI,EQ,336185,171795,51.10
20,2346,SURYODAY,EQ,123831,58260,47.05
20,2347,SUTLEJTEX,EQ,51079,22027,43.12
20,2348,SUVEN,EQ,237411,130368,54.91
20,2349,SUVENPHAR,EQ,168076,61853,36.80
20,2350,SUVIDHAA,EQ,186538,140270,75.20
20,2351,SUYOG,EQ,42555,31502,74.03
20,2352,SUZLON,EQ,21791959,8738488,40.10
20,2353,SWANENERGY,EQ,2215111,659789,29.79
20,2354,SWARAJ,SM,17500,16500,94.29
20,2355,SWARAJENG,EQ,5836,2526,43.28
20,2356,SWASTIK,SM,42000,33600,80.00
20,2357,SWELECTES,EQ,14363,7321,50.97
20,2358,SWIGGY,EQ,9161306,2081018,22.72
20,2359,SWSOLAR,EQ,2448274,1416085,57.84
20,2360,SYMPHONY,EQ,66789,34599,51.80
20,2361,SYNCOMF,EQ,1273197,670307,52.65
20,2362,SYNGENE,EQ,493018,319258,64.76
20,2363,SYNOPTICS,SM,4800,4800,100.00
20,2364,SYRMA,EQ,488327,176380,36.12
20,2365,SYSTANGO,SM,9200,6400,69.57
20,2366,TAC,ST,21200,20200,95.28
20,2367,TAINWALCHM,EQ,3339,1849,55.38
20,2368,TAJGVK,EQ,1491643,274788,18.42
20,2369,TALBROAUTO,EQ,117933,79070,67.05
20,2370,TANLA,EQ,344268,135745,39.43
20,2371,TAPIFRUIT,SM,3000,2250,75.00
20,2372,TARC,EQ,211129,126921,60.12
20,2373,TARIL,EQ,739989,398188,53.81
20,2374,TARMAT,EQ,33062,28307,85.62
20,2375,TARSONS,EQ,24311,15804,65.01
20,2376,TASTYBITE,EQ,5667,2436,42.99
20,2377,TATACHEM,EQ,492961,130382,26.45
20,2378,TATACOMM,EQ,597426,438461,73.39
20,2379,TATACONSUM,EQ,1663313,1146127,68.91
20,2380,TATAELXSI,EQ,162406,73857,45.48
20,2381,TATAGOLD,EQ,5621454,4208395,74.86
20,2382,TATAINVEST,EQ,1401848,47878,3.42
20,2383,TATAMOTORS,EQ,10251257,3566600,34.79
20,2384,TATAPOWER,EQ,4066133,1085809,26.70
20,2385,TATASTEEL,EQ,23575603,8361925,35.47
20,2386,TATATECH,EQ,542643,253866,46.78
20,2387,TATSILV,EQ,1180853,859922,72.82
20,2388,TATVA,EQ,46637,19351,41.49
20,2389,TBI,SM,20400,16800,82.35
20,2390,TBOTEK,EQ,198328,89026,44.89
20,2391,TBZ,EQ,149150,52410,35.14
20,2392,TCI,EQ,37549,22197,59.11
20,2393,TCIEXP,EQ,14747,9995,67.78
20,2394,TCL,SM,29600,24800,83.78
20,2395,TCPLPACK,EQ,35481,9718,27.39
20,2396,TCS,EQ,4101954,2871986,70.02
20,2397,TDPOWERSYS,EQ,334185,161150,48.22
20,2398,TEAMLEASE,EQ,185298,168154,90.75
20,2399,TECH,EQ,210546,204454,97.11
20,2400,TECHLABS,ST,65750,60000,91.25
20,2401,TECHM,EQ,1425126,889978,62.45
20,2402,TECHNOE,EQ,192339,83604,43.47
20,2403,TECILCHEM,EQ,1607,1161,72.25
20,2404,TEGA,EQ,120405,82318,68.37
20,2405,TEJASCARGO,ST,67200,66400,98.81
20,2406,TEJASNET,EQ,1172559,333371,28.43
20,2407,TEXINFRA,EQ,3380729,797218,23.58
20,2408,TEXMOPIPES,EQ,30662,18869,61.54
20,2409,TEXRAIL,EQ,2753605,688088,24.99
20,2410,TFCILTD,EQ,299908,164518,54.86
20,2411,TGBHOTELS,EQ,16904,7201,42.60
20,2412,TGL,ST,53000,42200,79.62
20,2413,THANGAMAYL,EQ,269942,99912,37.01
20,2414,THEINVEST,EQ,8757,3797,43.36
20,2415,THEJO,EQ,4865,2894,59.49
20,2416,THEMISMED,EQ,59779,25671,42.94
20,2417,THERMAX,EQ,96648,70737,73.19
20,2418,THESL,ST,3000,3000,100.00
20,2419,THOMASCOOK,EQ,825401,375603,45.51
20,2420,THYROCARE,EQ,13773,5863,42.57
20,2421,TI,EQ,805434,354682,44.04
20,2422,TICL,EQ,57915,38991,67.32
20,2423,TIIL,EQ,3085,2116,68.59
20,2424,TIINDIA,EQ,211611,95739,45.24
20,2425,TIL,EQ,62106,46573,74.99
20,2426,TIMETECHNO,EQ,614337,196243,31.94
20,2427,TIMKEN,EQ,199104,107568,54.03
20,2428,TIPSMUSIC,EQ,296881,148654,50.07
20,2429,TIRUMALCHM,EQ,99063,44573,44.99
20,2430,TITAGARH,EQ,865610,161559,18.66
20,2431,TITAN,EQ,642281,294410,45.84
20,2432,TMB,EQ,47193,26425,55.99
20,2433,TNIDETF,EQ,72281,58130,80.42
20,2434,TNPETRO,EQ,51784,21594,41.70
20,2435,TNPL,EQ,124925,63976,51.21
20,2436,TOKYOPLAST,EQ,737,568,77.07
20,2437,TOLINS,EQ,108938,46843,43.00
20,2438,TOP100CASE,EQ,250453,217852,86.98
20,2439,TOP10ADD,EQ,17212,12709,73.84
20,2440,TORNTPHARM,EQ,287650,185435,64.47
20,2441,TORNTPOWER,EQ,952901,390200,40.95
20,2442,TOTAL,EQ,28696,11434,39.85
20,2443,TPLPLASTEH,EQ,109188,34335,31.45
20,2444,TRACXN,EQ,367091,206880,56.36
20,2445,TRANSRAILL,EQ,670583,180220,26.88
20,2446,TRANSTEEL,ST,56000,50000,89.29
20,2447,TRANSWORLD,EQ,89542,35114,39.22
20,2448,TREEHOUSE,EQ,19639,5283,26.90
20,2449,TREJHARA,EQ,7031,4032,57.35
20,2450,TREL,EQ,183797,105040,57.15
20,2451,TRENT,EQ,976304,440739,45.14
20,2452,TRF,EQ,27867,15802,56.71
20,2453,TRIDENT,EQ,2884835,1193473,41.37
20,2454,TRIDHYA,SM,6000,6000,100.00
20,2455,TRIGYN,EQ,37731,19979,52.95
20,2456,TRITURBINE,EQ,758313,288252,38.01
20,2457,TRIVENI,EQ,1429397,433037,30.30
20,2458,TROM,SM,18600,9600,51.61
20,2459,TRUST,ST,58800,53400,90.82
20,2460,TTKHLTCARE,EQ,2777,2257,81.27
20,2461,TTKPRESTIG,EQ,37022,27491,74.26
20,2462,TTML,EQ,2946655,684980,23.25
20,2463,TUNWAL,SM,50000,36000,72.00
20,2464,TVSELECT,EQ,8999,4101,45.57
20,2465,TVSHLTD,EQ,6637,3314,49.93
20,2466,TVSMOTOR,EQ,455790,182865,40.12
20,2467,TVSSCS,EQ,492426,120496,24.47
20,2468,TVSSRICHAK,EQ,1569,908,57.87
20,2469,TVTODAY,EQ,53703,29255,54.48
20,2470,UBL,EQ,891431,551605,61.88
20,2471,UCOBANK,EQ,3551847,725178,20.42
20,2472,UDAICEMENT,EQ,111248,60006,53.94
20,2473,UDS,EQ,102091,42681,41.81
20,2474,UFLEX,EQ,49127,36820,74.95
20,2475,UFO,EQ,59157,36495,61.69
20,2476,UGARSUGAR,EQ,203910,116809,57.28
20,2477,UGROCAP,EQ,207231,115025,55.51
20,2478,UHTL,ST,60000,50000,83.33
20,2479,UJJIVANSFB,EQ,7458470,3713976,49.80
20,2480,ULTRACEMCO,EQ,296499,187990,63.40
20,2481,UMA,SM,40000,32000,80.00
20,2482,UMAEXPORTS,EQ,18869,10041,53.21
20,2483,UMESLTD,EQ,72739,28507,39.19
20,2484,UNICHEMLAB,EQ,22702,7504,33.05
20,2485,UNIDT,EQ,9262,5844,63.10
20,2486,UNIECOM,EQ,313257,132924,42.43
20,2487,UNIENTER,EQ,11161,7211,64.61
20,2488,UNIHEALTH,SM,11000,7000,63.64
20,2489,UNIINFO,EQ,15092,8594,56.94
20,2490,UNILEX,SM,8000,4800,60.00
20,2491,UNIMECH,EQ,115414,51023,44.21
20,2492,UNIONBANK,EQ,7251739,2036562,28.08
20,2493,UNIONGOLD,EQ,400,322,80.50
20,2494,UNIPARTS,EQ,40682,20572,50.57
20,2495,UNITDSPR,EQ,400379,139079,34.74
20,2496,UNITEDPOLY,EQ,4518,3463,76.65
20,2497,UNITEDTEA,EQ,4329,2745,63.41
20,2498,UNIVCABLES,EQ,27513,7190,26.13
20,2499,UNOMINDA,EQ,492861,284318,57.69
20,2500,UPL,EQ,1581083,674435,42.66
20,2501,URAVIDEF,EQ,467,219,46.90
20,2502,URBAN,SM,16000,16000,100.00
20,2503,USHAFIN,SM,7200,7200,100.00
20,2504,USHAMART,EQ,469528,187452,39.92
20,2505,USK,EQ,73386,45603,62.14
20,2506,UTIAMC,EQ,76010,37173,48.91
20,2507,UTIBANKETF,EQ,43168,37662,87.25
20,2508,UTINEXT50,EQ,101644,72958,71.78
20,2509,UTINIFTETF,EQ,14893,12729,85.47
20,2510,UTISENSETF,EQ,832,827,99.40
20,2511,UTISXN50,EQ,1768,1735,98.13
20,2512,UTKARSHBNK,EQ,1177166,666641,56.63
20,2513,UTSSAV,SM,28200,21000,74.47
20,2514,UTTAMSUGAR,EQ,45307,23721,52.36
20,2515,UYFINCORP,EQ,84761,72577,85.63
20,2516,VADILALIND,EQ,6919,3517,50.83
20,2517,VAIBHAVGBL,EQ,277218,111103,40.08
20,2518,VAISHALI,EQ,80365,54634,67.98
20,2519,VAKRANGEE,EQ,11278843,3807955,33.76
20,2520,VAL30IETF,EQ,100634,74383,73.91
20,2521,VALIANTLAB,EQ,18621,14342,77.02
20,2522,VALIANTORG,EQ,17256,11113,64.40
20,2523,VARDHACRLC,EQ,16247,11129,68.50
20,2524,VARROC,EQ,59937,23524,39.25
20,2525,VASCONEQ,EQ,673448,339930,50.48
20,2526,VASWANI,EQ,34578,13050,37.74
20,2527,VBL,EQ,10593112,4686851,44.24
20,2528,VCL,EQ,72906,65490,89.83
20,2529,VDEAL,SM,4800,2400,50.00
20,2530,VEDL,EQ,16517618,8960498,54.25
20,2531,VEEDOL,EQ,8442,4147,49.12
20,2532,VEEKAYEM,ST,2000,1500,75.00
20,2533,VELS,ST,10800,10800,100.00
20,2534,VENKEYS,EQ,10274,6165,60.01
20,2535,VENTIVE,EQ,257614,174648,67.79
20,2536,VENUSPIPES,EQ,102802,76254,74.18
20,2537,VENUSREM,EQ,56518,22940,40.59
20,2538,VERANDA,EQ,89257,43491,48.73
20,2539,VERITAAS,SM,2400,2400,100.00
20,2540,VESUVIUS,EQ,28136,11808,41.97
20,2541,VETO,EQ,41459,26717,64.44
20,2542,VGUARD,EQ,444363,232233,52.26
20,2543,VHL,EQ,1379,828,60.04
20,2544,VIAZ,SM,6000,6000,100.00
20,2545,VIDHIING,EQ,5310,2972,55.97
20,2546,VIESL,SM,25600,16000,62.50
20,2547,VIJAYA,EQ,6471297,336303,5.20
20,2548,VIKASECO,EQ,3373977,1194663,35.41
20,2549,VIKASLIFE,EQ,2994097,1403894,46.89
20,2550,VILAS,SM,16000,13000,81.25
20,2551,VILINBIO,SM,4000,4000,100.00
20,2552,VIMTALABS,EQ,71521,17875,24.99
20,2553,VINATIORGA,EQ,16426,6597,40.16
20,2554,VINCOFE,EQ,136738,62444,45.67
20,2555,VINDHYATEL,EQ,19530,13224,67.71
20,2556,VINEETLAB,EQ,35201,20512,58.27
20,2557,VINSYS,SM,14500,14000,96.55
20,2558,VINYAS,SM,600,600,100.00
20,2559,VINYLINDIA,EQ,32040,15863,49.51
20,2560,VIPCLOTHNG,EQ,42404,23463,55.33
20,2561,VIPIND,EQ,147937,69489,46.97
20,2562,VIRINCHI,EQ,123007,71926,58.47
20,2563,VISAKAIND,EQ,134257,83583,62.26
20,2564,VISHNU,EQ,101031,57148,56.56
20,2565,VISHNUINFR,SM,7000,6000,85.71
20,2566,VISHWARAJ,EQ,494798,237329,47.96
20,2567,VISHWAS,SM,16000,14400,90.00
20,2568,VITAL,SM,6000,6000,100.00
20,2569,VIVIANA,ST,5750,5625,97.83
20,2570,VIVIDHA,EQ,124731,86032,68.97
20,2571,VIVO,SM,1600,1600,100.00
20,2572,VLINFRA,ST,84000,84000,100.00
20,2573,VLSFINANCE,EQ,26055,12484,47.91
20,2574,VMARCIND,ST,16750,15250,91.04
20,2575,VMART,EQ,11480,4675,40.72
20,2576,VMM,EQ,16904394,9619123,56.90
20,2577,VOLERCAR,ST,121600,121600,100.00
20,2578,VOLTAMP,EQ,66916,16956,25.34
20,2579,VOLTAS,EQ,1218753,601495,49.35
20,2580,VPRPL,EQ,340087,119213,35.05
20,2581,VRAJ,EQ,26925,14190,52.70
20,2582,VRLLOG,EQ,41564,12075,29.05
20,2583,VSSL,EQ,25219,14823,58.78
20,2584,VSTIND,EQ,488485,251462,51.48
20,2585,VSTL,EQ,62613,58519,93.46
20,2586,VSTTILLERS,EQ,1835,1052,57.33
20,2587,VTL,EQ,78718,30930,39.29
20,2588,WAAREEENER,EQ,755602,147378,19.50
20,2589,WABAG,EQ,295757,75038,25.37
20,2590,WALCHANNAG,EQ,270845,133872,49.43
20,2591,WALPAR,SM,10000,8000,80.00
20,2592,WANBURY,EQ,132165,93952,71.09
20,2593,WCIL,EQ,120619,76984,63.82
20,2594,WEIZMANIND,EQ,1661,1230,74.05
20,2595,WEL,EQ,381722,121251,31.76
20,2596,WELCORP,EQ,310868,152940,49.20
20,2597,WELENT,EQ,263098,122022,46.38
20,2598,WELINV,EQ,1649,360,21.83
20,2599,WELSPUNLIV,EQ,1766014,852334,48.26
20,2600,WENDT,EQ,304,164,53.95
20,2601,WESTLIFE,EQ,76902,47933,62.33
20,2602,WEWIN,EQ,10596,3425,32.32
20,2603,WHEELS,EQ,17540,12297,70.11
20,2604,WHIRLPOOL,EQ,211385,115648,54.71
20,2605,WILLAMAGOR,EQ,4097,2530,61.75
20,2606,WINDLAS,EQ,62443,26265,42.06
20,2607,WINDMACHIN,EQ,137227,77815,56.71
20,2608,WINNY,ST,500,500,100.00
20,2609,WINSOL,SM,7200,6400,88.89
20,2610,WIPRO,EQ,10810040,5347307,49.47
20,2611,WOCKPHARMA,EQ,278858,144839,51.94
20,2612,WOMANCART,ST,1200,1200,100.00
20,2613,WONDERLA,EQ,45724,23825,52.11
20,2614,WORTH,EQ,7433,3799,51.11
20,2615,WSTCSTPAPR,EQ,177824,85243,47.94
20,2616,WTICAB,ST,3000,3000,100.00
20,2617,XCHANGING,EQ,78639,39849,50.67
20,2618,XELPMOC,EQ,7850,2309,29.41
20,2619,XPROINDIA,EQ,10892,6005,55.13
20,2620,XTGLOBAL,EQ,12671,6579,51.92
20,2621,YASHO,EQ,7353,3752,51.03
20,2622,YASHOPTICS,SM,264000,260800,98.79
20,2623,YATHARTH,EQ,296938,134328,45.24
20,2624,YATRA,EQ,243191,159810,65.71
20,2625,YESBANK,EQ,49082878,17582293,35.82
20,2626,YUDIZ,SM,2400,2400,100.00
20,2627,YUKEN,EQ,11729,6923,59.02
20,2628,ZAGGLE,EQ,1239770,855205,68.98
20,2629,ZEAL,SM,10200,6600,64.71
20,2630,ZEEL,EQ,11193664,4938141,44.12
20,2631,ZEELEARN,EQ,577452,356452,61.73
20,2632,ZEEMEDIA,EQ,1294669,522792,40.38
20,2633,ZENITHDRUG,ST,20000,20000,100.00
20,2634,ZENITHSTL,EQ,94079,49747,52.88
20,2635,ZENSARTECH,EQ,4262210,559343,13.12
20,2636,ZENTEC,EQ,551712,190990,34.62
20,2637,ZFCVINDIA,EQ,6550,2727,41.63
20,2638,ZIMLAB,EQ,42946,19156,44.60
20,2639,ZODIAC,EQ,25546,11823,46.28
20,2640,ZODIACLOTH,EQ,19091,10245,53.66
20,2641,ZOMATO,EQ,48478366,20481236,42.25
20,2642,ZOTA,EQ,55947,34190,61.11
20,2643,ZTECH,ST,8400,7800,92.86
20,2644,ZUARI,EQ,105995,43069,40.63
20,2645,ZUARIIND,EQ,34305,15552,45.33
20,2646,ZYDUSLIFE,EQ,867288,523221,60.33
20,2647,ZYDUSWELL,EQ,14317,5373,37.53
