Security Wise Delivery Position - Compulsory Rolling Settlement
10,MTO,21022025,1061216252,0002638
Trade Date <21-FEB-2025>,Settlement Type <N>
Record Type,Sr No,Name of Security,Quantity Traded,Deliverable Quantity(gross across client level),% of Deliverable Quantity to Traded Quantity
20,1,1003IIFL29,NC,122,122,100.00
20,2,1003ISFL28,N4,363,363,100.00
20,3,1015ECL29,NR,72,72,100.00
20,4,1015SCL29T,N1,10,10,100.00
20,5,1018GS2026,GS,1903,1901,99.89
20,6,1025SCL34Z,N1,7,7,100.00
20,7,1030SFIL26,NJ,1,1,100.00
20,8,1050ISFL28,N5,99,99,100.00
20,9,1050UCL25,N7,60,60,100.00
20,10,1060ECL29,NS,22,22,100.00
20,11,1065NFL27,NC,60,60,100.00
20,12,1075SCL34,ZR,488,488,100.00
20,13,1075UCL25,N9,50,50,100.00
20,14,10CAGL27,N5,3,3,100.00
20,15,10IIFL28,N4,52,52,100.00
20,16,10IIFL28A,NE,36,36,100.00
20,17,10IIFL29,N6,110,110,100.00
20,18,10NFL25,N9,6,6,100.00
20,19,1119NFL27,ND,1,1,100.00
20,20,11DLSL25A,Y3,20,20,100.00
20,21,182D140825,TB,100,100,100.00
20,22,182D270225,TB,100,100,100.00
20,23,182D290525,TB,500,500,100.00
20,24,20MICRONS,EQ,120705,62333,51.64
20,25,360ONE,EQ,481971,245413,50.92
20,26,364D060325,TB,200,200,100.00
20,27,364D120625,TB,500,500,100.00
20,28,364D131125,TB,12900,12900,100.00
20,29,364D220126,TB,100,100,100.00
20,30,364D240425,TB,500,500,100.00
20,31,364D271125,TB,600,600,100.00
20,32,3IINFOLTD,EQ,599585,314408,52.44
20,33,3MINDIA,EQ,5081,2468,48.57
20,34,563GS2026,GS,1000,1000,100.00
20,35,574GS2026,GS,4,2,50.00
20,36,5PAISA,EQ,30386,12495,41.12
20,37,610GS2031,GS,12,12,100.00
20,38,63MOONS,EQ,604056,226438,37.49
20,39,654GS2032,GS,5501,5000,90.89
20,40,667GS2035,GS,32,32,100.00
20,41,676GS2061,GS,216,216,100.00
20,42,695GS2061,GS,1000,1000,100.00
20,43,699GS2026,GS,100,100,100.00
20,44,699GS2051,GS,835,835,100.00
20,45,702GS2027,GS,4830,4830,100.00
20,46,702GS2031,GS,200,200,100.00
20,47,704GS2029,GS,3574,3474,97.20
20,48,709GS2054,GS,41,41,100.00
20,49,709GS2074,GS,100,100,100.00
20,50,710GS2029,GS,401,400,99.75
20,51,717GS2030,GS,34704,33379,96.18
20,52,718GS2033,GS,23635,23535,99.58
20,53,718GS2037,GS,24200,23400,96.69
20,54,71GS2034,GS,10500,10500,100.00
20,55,725GS2063,GS,66783,65654,98.31
20,56,726GS2032,GS,2500,1901,76.04
20,57,726GS2033,GS,28000,28000,100.00
20,58,728IRFC30,NG,650,500,76.92
20,59,729IRFC26,NN,50,50,100.00
20,60,732GS2030,GS,12100,12100,100.00
20,61,733GS2026,GS,1,1,100.00
20,62,734GS2064,GS,1101,1101,100.00
20,63,734IRFC28,N4,1070,1070,100.00
20,64,736GS2052,GS,1065,565,53.05
20,65,737GS2028,GS,200,200,100.00
20,66,738GS2027,GS,35688,35392,99.17
20,67,739NHAI26,N8,2,2,100.00
20,68,73GS2053,GS,1430,1430,100.00
20,69,743REC35,NH,117,117,100.00
20,70,746GS2073,GS,1300,1300,100.00
20,71,747KL39,SG,5000,5000,100.00
20,72,74GS2062,GS,46,46,100.00
20,73,750IRFC35,NK,79,79,100.00
20,74,753IRFC30,NJ,200,200,100.00
20,75,754GS2036,GS,242961,226782,93.34
20,76,764HUDCO31,N8,506,506,100.00
20,77,764IRFC31,NO,500,500,100.00
20,78,764NABAR31,N2,450,450,100.00
20,79,769HUDCO31,N9,166,166,100.00
20,80,769NHAI31,NE,1,1,100.00
20,81,76NHAI31,NA,468,468,100.00
20,82,772GS2049,GS,4400,4300,97.73
20,83,795GS2032,GS,956,956,100.00
20,84,797IGT31,NL,216,216,100.00
20,85,79NHIT35,N1,852,507,59.51
20,86,79NHIT40,N2,40,40,100.00
20,87,79NHIT47,N3,225,225,100.00
20,88,805ABFL28,N2,1,1,100.00
20,89,810IRFC27,N2,1405,930,66.19
20,90,812REC27,NI,3556,2856,80.31
20,91,81TCHF28,N8,99,99,100.00
20,92,820IIFL27,N9,1,1,100.00
20,93,824GS2027,GS,9,9,100.00
20,94,828GS2032,GS,4400,4400,100.00
20,95,82HUDCO27,N2,2056,1956,95.14
20,96,82IGT31,NJ,1000,1000,100.00
20,97,830NHAI27,N2,418,409,97.85
20,98,835IFL25,NV,190,190,100.00
20,99,835SCL23B,YM,1,1,100.00
20,100,840IRFC29,N8,83,83,100.00
20,101,842IIFL26,NL,551,551,100.00
20,102,843IHFL29,NC,105,105,100.00
20,103,849NTPC25,N7,12412,12412,100.00
20,104,84TCHF28,NA,50,50,100.00
20,105,865IFL28,NZ,20,20,100.00
20,106,865IIFL28,NS,200,105,52.50
20,107,865IRFC29,NA,1,1,100.00
20,108,865LTF26,NN,26,26,100.00
20,109,865TCAPS27,N8,541,451,83.36
20,110,871REC28,N9,252,252,100.00
20,111,875IHFL29,ND,72,72,100.00
20,112,875IIFL26,NM,2500,2500,100.00
20,113,875NHAI29,N6,517,283,54.74
20,114,876HUDCO28,ND,7,7,100.00
20,115,87LTF27,NH,2,1,50.00
20,116,880IREDA34,N6,118,118,100.00
20,117,885TCAPS29,NC,2,0,0.00
20,118,888ERFL28,N5,632,629,99.53
20,119,888IRFC29,NE,200,200,100.00
20,120,888SCL25E,N4,40,40,100.00
20,121,888SFIL25C,NR,300,300,100.00
20,122,890SFIL23A,NZ,46,46,100.00
20,123,891NTPC33,N6,159,150,94.34
20,124,892NHPC33,N6,20,0,0.00
20,125,892PFCL33,N8,203,202,99.51
20,126,898LTF29,N7,590,590,100.00
20,127,901HUDCO34,NE,101,101,100.00
20,128,901NHB34,N6,120,105,87.50
20,129,903SFL28,YI,250,250,100.00
20,130,905PEL26,N1,85,50,58.82
20,131,910TCAP28,NA,100,100,100.00
20,132,915SCL26,NE,166,135,81.33
20,133,91D030425,TB,300,300,100.00
20,134,91D240425,TB,300,300,100.00
20,135,91MOFSL27,N2,41,41,100.00
20,136,91SFL27,ZI,50,50,100.00
20,137,920PEL28,N2,590,590,100.00
20,138,925AEL26,N1,20,20,100.00
20,139,925SCL27,YR,6,5,83.33
20,140,92GS2030,GS,8068,8068,100.00
20,141,935LTF29,N5,109,109,100.00
20,142,93MOFSL34,N6,1,1,100.00
20,143,943ECL28,NJ,411,411,100.00
20,144,945IFSL25,N4,480,380,79.17
20,145,94SFL28,YL,30,30,100.00
20,146,955SCL25,ZU,10,10,100.00
20,147,955SCL27,Z5,45,45,100.00
20,148,956AEL29,N6,110,110,100.00
20,149,957ISFL26,N2,660,660,100.00
20,150,957NIDO26,N5,68,68,100.00
20,151,960ISFL25,N1,72,72,100.00
20,152,965AEL27,N4,149,149,100.00
20,153,965SCL25A,NF,60,30,50.00
20,154,965SCL25E,BF,100,100,100.00
20,155,96IIFL28,N5,673,620,92.12
20,156,96IIFL28A,NF,259,259,100.00
20,157,96SFIL24A,NB,84,84,100.00
20,158,971SCL28,AN,50,50,100.00
20,159,97SFL29,YZ,452,252,55.75
20,160,985SFIL28,NO,120,120,100.00
20,161,990SCL27,YT,15,15,100.00
20,162,99AEL29,N7,150,150,100.00
20,163,99SCL27V,N1,431,431,100.00
20,164,9IIFL28A,NT,198,198,100.00
20,165,9MMFSML,N2,10,10,100.00
20,166,9PCHFL31A,NA,100,100,100.00
20,167,9SCL26BA,NA,630,450,71.43
20,168,AAATECH,EQ,17785,11665,65.59
20,169,AADHARHFC,EQ,232952,115885,49.75
20,170,AAKASH,EQ,164009,92356,56.31
20,171,AAREYDRUGS,EQ,15737,12934,82.19
20,172,AARON,EQ,4436,1228,27.68
20,173,AARTIDRUGS,EQ,66725,28248,42.33
20,174,AARTIIND,EQ,768124,233219,30.36
20,175,AARTIPHARM,EQ,727372,204686,28.14
20,176,AARTISURF,EQ,7750,4291,55.37
20,177,AARVI,EQ,10420,4551,43.68
20,178,AATMAJ,SM,14000,14000,100.00
20,179,AAVAS,EQ,140878,113533,80.59
20,180,ABB,EQ,597090,246315,41.25
20,181,ABBOTINDIA,EQ,18419,9678,52.54
20,182,ABCAPITAL,EQ,2903247,1074650,37.02
20,183,ABCOTS,ST,16500,13000,78.79
20,184,ABDL,EQ,477882,230987,48.34
20,185,ABFRL,EQ,1028619,377212,36.67
20,186,ABGSEC,EQ,113,100,88.50
20,187,ABHAPOWER,ST,14400,14400,100.00
20,188,ABINFRA,EQ,74355,10860,14.61
20,189,ABMINTLLTD,EQ,295,263,89.15
20,190,ABREL,EQ,170338,89946,52.80
20,191,ABSLAMC,EQ,272081,128727,47.31
20,192,ABSLBANETF,EQ,115550,111567,96.55
20,193,ABSLLIQUID,EQ,1199,792,66.06
20,194,ABSLNN50ET,EQ,8673,6455,74.43
20,195,ABSLPSE,EQ,221956,155712,70.15
20,196,ABSMARINE,ST,27000,23000,85.19
20,197,ACC,EQ,231565,122508,52.90
20,198,ACCELYA,EQ,7890,4589,58.16
20,199,ACCENTMIC,SM,16000,13000,81.25
20,200,ACCURACY,EQ,88401,63463,71.79
20,201,ACE,EQ,386238,88263,22.85
20,202,ACEINTEG,EQ,19776,11062,55.94
20,203,ACI,EQ,2230438,498121,22.33
20,204,ACL,EQ,48638,19077,39.22
20,205,ACLGATI,EQ,264270,125813,47.61
20,206,ACMESOLAR,EQ,1666541,577596,34.66
20,207,ADANIENSOL,EQ,1211108,266395,22.00
20,208,ADANIENT,EQ,1540308,609815,39.59
20,209,ADANIGREEN,EQ,2895228,794801,27.45
20,210,ADANIPORTS,EQ,2360177,1036111,43.90
20,211,ADANIPOWER,EQ,2339494,721298,30.83
20,212,ADFFOODS,EQ,106200,38454,36.21
20,213,ADL,EQ,1159,657,56.69
20,214,ADORWELD,EQ,41211,19484,47.28
20,215,ADROITINFO,EQ,13262,10189,76.83
20,216,ADSL,EQ,391761,150800,38.49
20,217,ADVANIHOTR,EQ,42484,21529,50.68
20,218,ADVENZYMES,EQ,442096,277744,62.82
20,219,AEGISLOG,EQ,4233263,725814,17.15
20,220,AEROFLEX,EQ,959987,321076,33.45
20,221,AERON,SM,26000,18000,69.23
20,222,AESTHETIK,SM,10000,8000,80.00
20,223,AETHER,EQ,33077,14456,43.70
20,224,AFCONS,EQ,879170,441067,50.17
20,225,AFFLE,EQ,1249804,163218,13.06
20,226,AFFORDABLE,EQ,13923,5973,42.90
20,227,AFIL,EQ,247447,95778,38.71
20,228,AGARIND,EQ,42395,14075,33.20
20,229,AGARWALEYE,EQ,469512,188987,40.25
20,230,AGARWALFT,ST,1500,1500,100.00
20,231,AGARWALTUF,SM,85200,76800,90.14
20,232,AGI,EQ,255173,122347,47.95
20,233,AGIIL,EQ,8571,6115,71.35
20,234,AGNI,ST,7500,7500,100.00
20,235,AGRITECH,EQ,8004,3371,42.12
20,236,AGROPHOS,EQ,20030,12559,62.70
20,237,AHIMSA,ST,3000,3000,100.00
20,238,AHLADA,EQ,26095,20491,78.52
20,239,AHLEAST,EQ,2045,1539,75.26
20,240,AHLUCONT,EQ,155838,68101,43.70
20,241,AIAENG,EQ,56396,45756,81.13
20,242,AIIL,EQ,149761,98970,66.09
20,243,AILIMITED,ST,9000,9000,100.00
20,244,AIMTRON,SM,33200,23600,71.08
20,245,AIRAN,EQ,151837,60883,40.10
20,246,AIROLAM,EQ,3035,2204,72.62
20,247,AIRTELPP,E1,52441,34419,65.63
20,248,AJANTPHARM,EQ,242750,94368,38.87
20,249,AJAXENGG,EQ,1089413,800672,73.50
20,250,AJMERA,EQ,51062,21822,42.74
20,251,AJOONI,EQ,352154,227839,64.70
20,252,AKANKSHA,SM,44000,34000,77.27
20,253,AKASH,EQ,10414,4733,45.45
20,254,AKG,EQ,2154,1622,75.30
20,255,AKIKO,SM,14400,8000,55.56
20,256,AKSHARCHEM,EQ,3702,2551,68.91
20,257,AKUMS,EQ,183614,100832,54.92
20,258,AKZOINDIA,EQ,13867,7354,53.03
20,259,ALANKIT,EQ,373525,200372,53.64
20,260,ALBERTDAVD,EQ,7655,6075,79.36
20,261,ALEMBICLTD,EQ,443727,170716,38.47
20,262,ALICON,EQ,4923,1883,38.25
20,263,ALIVUS,EQ,59236,25528,43.10
20,264,ALKALI,EQ,10188,3520,34.55
20,265,ALKEM,EQ,278927,199685,71.59
20,266,ALKYLAMINE,EQ,22551,10420,46.21
20,267,ALLCARGO,EQ,3054991,884306,28.95
20,268,ALLDIGI,EQ,14970,9006,60.16
20,269,ALLETEC,ST,21200,20000,94.34
20,270,ALMONDZ,EQ,331883,213148,64.22
20,271,ALOKINDS,EQ,3471426,1735362,49.99
20,272,ALPA,EQ,29126,20102,69.02
20,273,ALPEXSOLAR,SM,68200,30800,45.16
20,274,ALPHA,EQ,2384236,1730240,72.57
20,275,ALPHAETF,EQ,1833320,1202299,65.58
20,276,ALPL30IETF,EQ,1273288,1052657,82.67
20,277,ALUWIND,SM,1500,1500,100.00
20,278,AMBER,EQ,1157560,196768,17.00
20,279,AMBEY,SM,16000,12000,75.00
20,280,AMBICAAGAR,EQ,30731,13979,45.49
20,281,AMBIKCO,EQ,12247,7893,64.45
20,282,AMBUJACEM,EQ,3329038,2013591,60.49
20,283,AMDIND,EQ,7127,4763,66.83
20,284,AMIABLE,SM,1600,1600,100.00
20,285,AMIORG,EQ,317362,111745,35.21
20,286,AMJLAND,EQ,17130,7944,46.37
20,287,AMNPLST,EQ,13949,7318,52.46
20,288,AMRUTANJAN,EQ,15990,9094,56.87
20,289,ANANDRATHI,EQ,409466,193700,47.31
20,290,ANANTRAJ,EQ,2111232,732829,34.71
20,291,ANDHRAPAP,EQ,185756,116826,62.89
20,292,ANDHRSUGAR,EQ,149673,72233,48.26
20,293,ANGELONE,EQ,848164,129142,15.23
20,294,ANIKINDS,EQ,5325,4167,78.25
20,295,ANLON,SM,12000,11600,96.67
20,296,ANMOL,EQ,120450,31141,25.85
20,297,ANNAPURNA,SM,48250,32250,66.84
20,298,ANTGRAPHIC,EQ,71417,71388,99.96
20,299,ANUHPHR,EQ,19187,13746,71.64
20,300,ANUP,EQ,77826,36291,46.63
20,301,ANURAS,EQ,141063,59627,42.27
20,302,ANYA,SM,90000,80000,88.89
20,303,APARINDS,EQ,193253,79667,41.22
20,304,APCL,EQ,9651,4088,42.36
20,305,APCOTEXIND,EQ,12556,6843,54.50
20,306,APEX,EQ,34292,10753,31.36
20,307,APEXECO,SM,41600,25600,61.54
20,308,APLAPOLLO,EQ,1727780,638528,36.96
20,309,APLLTD,EQ,48420,25901,53.49
20,310,APOLLO,EQ,7675958,2034807,26.51
20,311,APOLLOHOSP,EQ,220428,119033,54.00
20,312,APOLLOPIPE,EQ,293882,261084,88.84
20,313,APOLLOTYRE,EQ,1152287,325581,28.26
20,314,APOLSINHOT,EQ,1299,716,55.12
20,315,APRAMEYA,ST,36000,34000,94.44
20,316,APS,SM,47750,23250,48.69
20,317,APTECHT,EQ,152095,65171,42.85
20,318,APTUS,EQ,416441,249897,60.01
20,319,ARABIAN,SM,8000,6000,75.00
20,320,ARCHIDPLY,EQ,21802,16284,74.69
20,321,ARCHIES,EQ,11270,7851,69.66
20,322,ARE&M,EQ,1224387,268015,21.89
20,323,ARHAM,SM,5000,5000,100.00
20,324,ARIHANTACA,ST,41600,41600,100.00
20,325,ARIHANTCAP,EQ,213506,120250,56.32
20,326,ARIHANTSUP,EQ,40169,19814,49.33
20,327,ARISTO,SM,1600,1600,100.00
20,328,ARKADE,EQ,752674,263674,35.03
20,329,ARMANFIN,EQ,18482,9688,52.42
20,330,AROGRANITE,EQ,7551,6060,80.25
20,331,ARTEMISMED,EQ,67299,34340,51.03
20,332,ARVEE,EQ,736,458,62.23
20,333,ARVIND,EQ,387593,168062,43.36
20,334,ARVINDFASN,EQ,253348,123384,48.70
20,335,ARVINDPORT,ST,4500,4500,100.00
20,336,ARVSMART,EQ,63155,20217,32.01
20,337,ASAHIINDIA,EQ,528020,145089,27.48
20,338,ASAHISONG,EQ,9967,8357,83.85
20,339,ASAL,EQ,220638,32134,14.56
20,340,ASALCBR,EQ,46388,19152,41.29
20,341,ASHALOG,SM,10000,7000,70.00
20,342,ASHAPURMIN,EQ,192291,100512,52.27
20,343,ASHIANA,EQ,55737,25721,46.15
20,344,ASHIMASYN,EQ,887992,299297,33.70
20,345,ASHOKA,EQ,2988601,1334230,44.64
20,346,ASHOKAMET,EQ,33101,21907,66.18
20,347,ASHOKLEY,EQ,5645981,1514847,26.83
20,348,ASIANENE,EQ,91486,46588,50.92
20,349,ASIANPAINT,EQ,755633,453844,60.06
20,350,ASIANTILES,EQ,764620,440608,57.62
20,351,ASKAUTOLTD,EQ,121621,72409,59.54
20,352,ASLIND,SM,10000,10000,100.00
20,353,ASMS,EQ,513261,311964,60.78
20,354,ASPINWALL,EQ,9294,4802,51.67
20,355,ASPIRE,ST,8000,8000,100.00
20,356,ASTEC,EQ,24069,14448,60.03
20,357,ASTERDM,EQ,478787,293039,61.20
20,358,ASTRAL,EQ,473757,271292,57.26
20,359,ASTRAMICRO,EQ,174987,81117,46.36
20,360,ASTRAZEN,EQ,6305,2392,37.94
20,361,ASTRON,EQ,87298,45870,52.54
20,362,ATAM,EQ,24659,15392,62.42
20,363,ATFL,EQ,15851,8402,53.01
20,364,ATGL,EQ,590970,126334,21.38
20,365,ATL,EQ,216071,112155,51.91
20,366,ATMASTCO,ST,32000,27600,86.25
20,367,ATUL,EQ,99267,56699,57.12
20,368,ATULAUTO,EQ,45453,20781,45.72
20,369,AUBANK,EQ,1790208,902417,50.41
20,370,AURDIS,ST,1875,1875,100.00
20,371,AURIONPRO,EQ,83289,44557,53.50
20,372,AUROPHARMA,EQ,1093980,584261,53.41
20,373,AURUM,EQ,23466,9756,41.58
20,374,AURUMPP1,E1,1514,1498,98.94
20,375,AUSL,SM,2000,2000,100.00
20,376,AUSOMENT,EQ,2356,2249,95.46
20,377,AUTOAXLES,EQ,2292,1326,57.85
20,378,AUTOBEES,EQ,945665,637397,67.40
20,379,AUTOIETF,EQ,865732,392912,45.38
20,380,AUTOIND,EQ,42909,20119,46.89
20,381,AVADHSUGAR,EQ,75115,44895,59.77
20,382,AVALON,EQ,1081456,246571,22.80
20,383,AVANTEL,EQ,2056485,468729,22.79
20,384,AVANTIFEED,EQ,794020,220268,27.74
20,385,AVIANSH,ST,6000,6000,100.00
20,386,AVL,EQ,40148,24638,61.37
20,387,AVPINFRA,ST,38400,36000,93.75
20,388,AVROIND,EQ,33043,30558,92.48
20,389,AVTNPL,EQ,87741,44194,50.37
20,390,AWFIS,EQ,121444,67444,55.54
20,391,AWHCL,EQ,52918,25944,49.03
20,392,AWL,EQ,1000368,352398,35.23
20,393,AXISBANK,EQ,5019937,3606343,71.84
20,394,AXISBNKETF,EQ,867,867,100.00
20,395,AXISBPSETF,EQ,36554,17705,48.44
20,396,AXISCETF,EQ,1008,846,83.93
20,397,AXISGOLD,EQ,2392198,2309520,96.54
20,398,AXISHCETF,EQ,1811,1440,79.51
20,399,AXISILVER,EQ,28135,22435,79.74
20,400,AXISNIFTY,EQ,17097,17081,99.91
20,401,AXISTECETF,EQ,41931,41890,99.90
20,402,AXITA,EQ,1800693,612192,34.00
20,403,AXSENSEX,EQ,1244,864,69.45
20,404,AYMSYNTEX,EQ,26539,19755,74.44
20,405,AZAD,EQ,227309,75922,33.40
20,406,BABAFP,SM,8000,6400,80.00
20,407,BAHETI,SM,21750,9000,41.38
20,408,BAIDFIN,EQ,1489703,1436500,96.43
20,409,BAJAJ-AUTO,EQ,222132,106380,47.89
20,410,BAJAJCON,EQ,328571,176998,53.87
20,411,BAJAJELEC,EQ,1014585,82899,8.17
20,412,BAJAJFINSV,EQ,852037,405893,47.64
20,413,BAJAJHCARE,EQ,869693,219555,25.25
20,414,BAJAJHFL,EQ,8415656,3068846,36.47
20,415,BAJAJHIND,EQ,9215157,4140697,44.93
20,416,BAJAJHLDNG,EQ,45778,9309,20.34
20,417,BAJEL,EQ,183596,98439,53.62
20,418,BAJFINANCE,EQ,608647,321177,52.77
20,419,BALAJEE,EQ,111795,67217,60.13
20,420,BALAMINES,EQ,42650,12405,29.09
20,421,BALAXI,EQ,15819,8471,53.55
20,422,BALCO,ST,24000,20400,85.00
20,423,BALKRISHNA,EQ,20877,13894,66.55
20,424,BALKRISIND,EQ,138341,83457,60.33
20,425,BALMLAWRIE,EQ,659771,319039,48.36
20,426,BALPHARMA,EQ,12686,8122,64.02
20,427,BALRAMCHIN,EQ,528337,207220,39.22
20,428,BALUFORGE,EQ,645225,226961,35.18
20,429,BANARISUG,EQ,985,924,93.81
20,430,BANCOINDIA,EQ,194186,81993,42.22
20,431,BANDHANBNK,EQ,18633977,4955763,26.60
20,432,BANKA,EQ,5868,2274,38.75
20,433,BANKBARODA,EQ,7935366,4328252,54.54
20,434,BANKBEES,EQ,554959,296543,53.44
20,435,BANKBETF,EQ,91992,66136,71.89
20,436,BANKETF,EQ,3209,2818,87.82
20,437,BANKETFADD,EQ,69226,68132,98.42
20,438,BANKIETF,EQ,436320,285744,65.49
20,439,BANKINDIA,EQ,10401247,4392171,42.23
20,440,BANKNIFTY1,EQ,41471,20899,50.39
20,441,BANKPSU,EQ,1428,827,57.91
20,442,BANSALWIRE,EQ,90894,44287,48.72
20,443,BANSWRAS,EQ,16290,8188,50.26
20,444,BARBEQUE,EQ,305881,114615,37.47
20,445,BARFLEX,SM,86000,74000,86.05
20,446,BASF,EQ,19886,7099,35.70
20,447,BASILIC,ST,42600,41400,97.18
20,448,BASML,EQ,44201,32928,74.50
20,449,BATAINDIA,EQ,595310,142351,23.91
20,450,BAWEJA,SM,4000,4000,100.00
20,451,BAYERCROP,EQ,21766,9333,42.88
20,452,BBETF0432,EQ,4225,4035,95.50
20,453,BBL,EQ,81353,37541,46.15
20,454,BBNPNBETF,EQ,729,603,82.72
20,455,BBNPPGOLD,EQ,1533,1192,77.76
20,456,BBOX,EQ,236295,137251,58.08
20,457,BBTC,EQ,105774,17747,16.78
20,458,BBTCL,EQ,1569,581,37.03
20,459,BCLIND,EQ,1645366,755657,45.93
20,460,BCONCEPTS,EQ,9370,5348,57.08
20,461,BDL,EQ,935246,326116,34.87
20,462,BEACON,SM,6000,4000,66.67
20,463,BEARDSELL,EQ,41248,31011,75.18
20,464,BECTORFOOD,EQ,78953,44938,56.92
20,465,BEDMUTHA,EQ,40555,28695,70.76
20,466,BEL,EQ,16594628,5439980,32.78
20,467,BEML,EQ,391868,76902,19.62
20,468,BEPL,EQ,662825,277935,41.93
20,469,BERGEPAINT,EQ,602309,197888,32.85
20,470,BETA,SM,8700,7200,82.76
20,471,BEWLTD,ST,8500,7000,82.35
20,472,BFINVEST,EQ,18885,8164,43.23
20,473,BFSI,EQ,184279,141029,76.53
20,474,BFUTILITIE,EQ,49727,26316,52.92
20,475,BHAGCHEM,EQ,23197,12534,54.03
20,476,BHAGERIA,EQ,14530,8521,58.64
20,477,BHAGYANGR,EQ,27131,18911,69.70
20,478,BHANDARI,EQ,219982,130198,59.19
20,479,BHARATFORG,EQ,564026,211900,37.57
20,480,BHARATGEAR,EQ,17770,12993,73.12
20,481,BHARATRAS,EQ,4103,2034,49.57
20,482,BHARATWIRE,EQ,142079,64852,45.65
20,483,BHARTIARTL,EQ,5447583,3807131,69.89
20,484,BHARTIHEXA,EQ,87107,28645,32.88
20,485,BHEL,EQ,12105028,2759395,22.80
20,486,BIGBLOC,EQ,317962,130803,41.14
20,487,BIKAJI,EQ,1076046,362360,33.68
20,488,BIKEWO,ST,24000,18000,75.00
20,489,BINANIIND,EQ,11852,8708,73.47
20,490,BIOCON,EQ,5201717,1754337,33.73
20,491,BIOFILCHEM,EQ,5571,4095,73.51
20,492,BIRDYS,SM,1200,1200,100.00
20,493,BIRET,RR,295450,269621,91.26
20,494,BIRLACABLE,EQ,24269,10250,42.23
20,495,BIRLACORPN,EQ,113389,66822,58.93
20,496,BLACKBUCK,EQ,43570,20314,46.62
20,497,BLAL,EQ,63302,28796,45.49
20,498,BLBLIMITED,EQ,28271,23239,82.20
20,499,BLISSGVS,EQ,922266,257987,27.97
20,500,BLKASHYAP,EQ,580152,273442,47.13
20,501,BLS,EQ,1864416,688885,36.95
20,502,BLSE,EQ,235066,62650,26.65
20,503,BLUEDART,EQ,6741,1328,19.70
20,504,BLUEJET,EQ,329546,205820,62.46
20,505,BLUEPEBBLE,SM,5600,5600,100.00
20,506,BLUESTARCO,EQ,318911,155513,48.76
20,507,BMETRICS,SM,9600,8800,91.67
20,508,BODALCHEM,EQ,259108,115527,44.59
20,509,BOMDYEING,EQ,832594,259213,31.13
20,510,BOROLTD,EQ,143076,63875,44.64
20,511,BOROSCI,EQ,63260,35816,56.62
20,512,BOSCHLTD,EQ,20941,11791,56.31
20,513,BPCL,EQ,9845416,5788055,58.79
20,514,BPL,EQ,166451,80166,48.16
20,515,BRACEPORT,ST,1600,1600,100.00
20,516,BRIGADE,EQ,132979,36943,27.78
20,517,BRITANNIA,EQ,334003,225321,67.46
20,518,BRNL,EQ,70983,49007,69.04
20,519,BROOKS,EQ,32698,23936,73.20
20,520,BSE,EQ,3359740,514270,15.31
20,521,BSE500IETF,EQ,65619,35922,54.74
20,522,BSHSL,EQ,8067,3875,48.04
20,523,BSLGOLDETF,EQ,65077,42467,65.26
20,524,BSLNIFTY,EQ,355073,180117,50.73
20,525,BSLSENETFG,EQ,2501,2248,89.88
20,526,BSOFT,EQ,864428,147199,17.03
20,527,BULKCORP,SM,2400,2400,100.00
20,528,BUTTERFLY,EQ,11905,7407,62.22
20,529,BVCL,EQ,9514,6963,73.19
20,530,C2C,ST,5400,5400,100.00
20,531,CADSYS,ST,2000,2000,100.00
20,532,CAMLINFINE,EQ,3677225,1105926,30.08
20,533,CAMPUS,EQ,828138,202220,24.42
20,534,CAMS,EQ,624064,199183,31.92
20,535,CANARYS,SM,60000,36000,60.00
20,536,CANBK,EQ,18438389,7453146,40.42
20,537,CANFINHOME,EQ,743811,414820,55.77
20,538,CANTABIL,EQ,221697,81926,36.95
20,539,CAPACITE,EQ,798944,328918,41.17
20,540,CAPINVIT,IV,276361,268432,97.13
20,541,CAPITALSFB,EQ,19309,12289,63.64
20,542,CAPLIPOINT,EQ,90880,39493,43.46
20,543,CAPTRUST,EQ,4243,1940,45.72
20,544,CARBORUNIV,EQ,155391,90340,58.14
20,545,CAREERP,EQ,22447,12670,56.44
20,546,CARERATING,EQ,16205,9524,58.77
20,547,CARRARO,EQ,74889,35871,47.90
20,548,CARTRADE,EQ,341728,157688,46.14
20,549,CARYSIL,EQ,46146,26490,57.40
20,550,CASTROLIND,EQ,6079188,2192440,36.06
20,551,CBAZAAR,ST,24000,24000,100.00
20,552,CCHHL,EQ,55891,38021,68.03
20,553,CCL,EQ,225322,200184,88.84
20,554,CDSL,EQ,7809931,1750069,22.41
20,555,CEATLTD,EQ,85389,18737,21.94
20,556,CEIGALL,EQ,297574,100274,33.70
20,557,CELEBRITY,EQ,69922,50070,71.61
20,558,CELLECOR,SM,234000,174000,74.36
20,559,CELLO,EQ,142793,86067,60.27
20,560,CELLPOINT,SM,15600,14400,92.31
20,561,CENTENKA,EQ,93651,42623,45.51
20,562,CENTEXT,EQ,167917,95676,56.98
20,563,CENTRALBK,EQ,2802464,875398,31.24
20,564,CENTRUM,EQ,229629,141336,61.55
20,565,CENTUM,EQ,13827,6237,45.11
20,566,CENTURYPLY,EQ,3737682,419068,11.21
20,567,CERA,EQ,30342,19187,63.24
20,568,CESC,EQ,5095169,1275097,25.03
20,569,CEWATER,EQ,223244,112982,50.61
20,570,CGCL,EQ,185863,56539,30.42
20,571,CGPOWER,EQ,1720514,588385,34.20
20,572,CGRAPHICS,SM,41600,22400,53.85
20,573,CHALET,EQ,164595,62676,38.08
20,574,CHAMBLFERT,EQ,3790580,697364,18.40
20,575,CHAMUNDA,ST,93000,75000,80.65
20,576,CHANDAN,ST,57600,40000,69.44
20,577,CHAVDA,SM,18000,11000,61.11
20,578,CHEMBOND,EQ,1918,691,36.03
20,579,CHEMCON,EQ,20440,14873,72.76
20,580,CHEMFAB,EQ,3588,2112,58.86
20,581,CHEMPLASTS,EQ,54940,22984,41.83
20,582,CHENNPETRO,EQ,532028,169224,31.81
20,583,CHETANA,SM,1600,1600,100.00
20,584,CHEVIOT,EQ,2790,2171,77.81
20,585,CHOICEIN,EQ,159245,41926,26.33
20,586,CHOLAFIN,EQ,1316473,668876,50.81
20,587,CHOLAHLDNG,EQ,100762,42282,41.96
20,588,CIEINDIA,EQ,802574,206844,25.77
20,589,CIFCZC26,NF,50,50,100.00
20,590,CIGNITITEC,EQ,81745,30244,37.00
20,591,CINEVISTA,EQ,22922,17281,75.39
20,592,CIPLA,EQ,1413123,505132,35.75
20,593,CLEAN,EQ,44340,18459,41.63
20,594,CLEDUCATE,EQ,161729,77575,47.97
20,595,CLSEL,EQ,80345,18471,22.99
20,596,CLSL,SM,10000,8000,80.00
20,597,CMMIPL,SZ,21000,21000,100.00
20,598,CMNL,SM,22500,21000,93.33
20,599,CMRSL,SM,3200,3200,100.00
20,600,CMSINFO,EQ,328897,165342,50.27
20,601,COALINDIA,EQ,5235241,2847657,54.39
20,602,COASTCORP,EQ,13896,8656,62.29
20,603,COCHINSHIP,EQ,1106478,326381,29.50
20,604,COFORGE,EQ,611422,302389,49.46
20,605,COLPAL,EQ,401690,241862,60.21
20,606,COMMOIETF,EQ,106656,88603,83.07
20,607,COMPUSOFT,EQ,31321,17864,57.04
20,608,CONCOR,EQ,807734,452789,56.06
20,609,CONCORDBIO,EQ,109044,54234,49.74
20,610,CONFIPET,EQ,318462,142668,44.80
20,611,CONS,EQ,1189,1164,97.90
20,612,CONSOFINVT,EQ,2956,1865,63.09
20,613,CONSUMBEES,EQ,111405,72151,64.76
20,614,CONSUMER,EQ,83967,57041,67.93
20,615,CONSUMIETF,EQ,27149,12510,46.08
20,616,CONTROLPR,EQ,36817,27103,73.62
20,617,COOLCAPS,ST,500,500,100.00
20,618,CORALFINAC,EQ,12058,6791,56.32
20,619,CORDSCABLE,EQ,25029,11196,44.73
20,620,COROMANDEL,EQ,522853,317451,60.72
20,621,COSMOFIRST,EQ,119286,83971,70.39
20,622,COUNCODOS,EQ,17563,11494,65.44
20,623,CPS,ST,6000,5400,90.00
20,624,CPSEETF,EQ,3733421,2815266,75.41
20,625,CRAFTSMAN,EQ,62010,41665,67.19
20,626,CRAYONS,SM,11000,10000,90.91
20,627,CREATIVE,EQ,13957,7258,52.00
20,628,CREATIVEYE,EQ,36778,26888,73.11
20,629,CREDITACC,EQ,4016060,319362,7.95
20,630,CREST,EQ,8227,5936,72.15
20,631,CRISIL,EQ,47777,13782,28.85
20,632,CROMPTON,EQ,4204269,2564923,61.01
20,633,CROWN,EQ,30169,20800,68.94
20,634,CSBBANK,EQ,91897,49827,54.22
20,635,CSLFINANCE,EQ,20888,15002,71.82
20,636,CTE,EQ,54190,46616,86.02
20,637,CUB,EQ,1681970,702054,41.74
20,638,CUMMINSIND,EQ,627587,350576,55.86
20,639,CUPID,EQ,254233,109160,42.94
20,640,CYBERMEDIA,EQ,10743,4560,42.45
20,641,CYBERTECH,EQ,32926,15495,47.06
20,642,CYIENT,EQ,1921791,562566,29.27
20,643,CYIENTDLM,EQ,316605,97809,30.89
20,644,DABUR,EQ,2057493,1216402,59.12
20,645,DALBHARAT,EQ,142100,53280,37.49
20,646,DALMIASUG,EQ,57260,24550,42.87
20,647,DAMCAPITAL,EQ,1043227,334391,32.05
20,648,DAMODARIND,EQ,8313,7396,88.97
20,649,DANGEE,EQ,79484,52974,66.65
20,650,DANISH,SM,65100,35400,54.38
20,651,DATAMATICS,EQ,83698,38610,46.13
20,652,DATAPATTNS,EQ,945626,111945,11.84
20,653,DAVANGERE,EQ,1993337,1196788,60.04
20,654,DBCORP,EQ,381409,215570,56.52
20,655,DBEIL,EQ,68981,25653,37.19
20,656,DBL,EQ,154411,55477,35.93
20,657,DBOL,EQ,262968,151328,57.55
20,658,DBREALTY,EQ,2016375,1112227,55.16
20,659,DBSTOCKBRO,EQ,48358,40409,83.56
20,660,DCAL,EQ,218845,98428,44.98
20,661,DCBBANK,EQ,1192666,619475,51.94
20,662,DCG,SM,31200,25200,80.77
20,663,DCI,EQ,11307,5966,52.76
20,664,DCM,EQ,20280,7390,36.44
20,665,DCMFINSERV,EQ,13870,5053,36.43
20,666,DCMNVL,EQ,5207,2961,56.87
20,667,DCMSHRIRAM,EQ,38970,17490,44.88
20,668,DCMSRIND,EQ,28509,17546,61.55
20,669,DCW,EQ,2147692,556912,25.93
20,670,DCXINDIA,EQ,532175,272387,51.18
20,671,DDEVPLSTIK,EQ,72595,30469,41.97
20,672,DECCANCE,EQ,553035,196392,35.51
20,673,DECCANTRAN,SM,43200,38400,88.89
20,674,DEEDEV,EQ,168644,84513,50.11
20,675,DEEM,SM,4000,4000,100.00
20,676,DEEPAKFERT,EQ,578715,290530,50.20
20,677,DEEPAKNTR,EQ,350416,89049,25.41
20,678,DEEPINDS,EQ,190913,85597,44.84
20,679,DELAPLEX,SM,7200,5400,75.00
20,680,DELHIVERY,EQ,1590673,755130,47.47
20,681,DELTACORP,EQ,2667561,511336,19.17
20,682,DELTIC,ST,39000,36000,92.31
20,683,DEN,EQ,675324,298407,44.19
20,684,DENEERS,ST,11400,10800,94.74
20,685,DENORA,EQ,16084,7861,48.87
20,686,DENTA,EQ,2839409,408202,14.38
20,687,DENTALKART,SM,10000,7500,75.00
20,688,DESTINY,ST,3000,3000,100.00
20,689,DEVIT,EQ,420038,118786,28.28
20,690,DEVYANI,EQ,1576415,686273,43.53
20,691,DHAMPURSUG,EQ,215796,95940,44.46
20,692,DHANI,EQ,3134987,1703041,54.32
20,693,DHANLAXMI,ST,8000,8000,100.00
20,694,DHANUKA,EQ,26089,10375,39.77
20,695,DHARIWAL,SM,3600,2400,66.67
20,696,DHARMAJ,EQ,69359,36574,52.73
20,697,DHTL,SM,1600,1600,100.00
20,698,DHUNINV,EQ,1232,647,52.52
20,699,DIAMINESQ,EQ,55988,13243,23.65
20,700,DIAMONDYD,EQ,102165,67317,65.89
20,701,DICIND,EQ,978,610,62.37
20,702,DIGIDRIVE,EQ,28920,17699,61.20
20,703,DIGIKORE,ST,3600,3600,100.00
20,704,DIGISPICE,EQ,81205,45658,56.23
20,705,DISHTV,EQ,13213884,5704168,43.17
20,706,DIVGIITTS,EQ,9189,5887,64.07
20,707,DIVISLAB,EQ,1003530,703985,70.15
20,708,DIVOPPBEES,EQ,21506,17355,80.70
20,709,DIXON,EQ,234145,84953,36.28
20,710,DKEGL,SM,1500,1500,100.00
20,711,DLF,EQ,3053379,1009441,33.06
20,712,DLINKINDIA,EQ,221428,88404,39.92
20,713,DMART,EQ,532244,379227,71.25
20,714,DNAMEDIA,EQ,80852,53400,66.05
20,715,DODLA,EQ,29566,9644,32.62
20,716,DOLATALGO,EQ,187738,104079,55.44
20,717,DOLLAR,EQ,171013,118206,69.12
20,718,DOLLEX,SM,4000,4000,100.00
20,719,DOMS,EQ,63807,16845,26.40
20,720,DONEAR,EQ,129458,69036,53.33
20,721,DPABHUSHAN,EQ,10078,5438,53.96
20,722,DPEL,ST,10500,10500,100.00
20,723,DPSCLTD,EQ,133409,93678,70.22
20,724,DPWIRES,EQ,11649,4768,40.93
20,725,DRCSYSTEMS,EQ,123573,69791,56.48
20,726,DREAMFOLKS,EQ,251867,138008,54.79
20,727,DREDGECORP,EQ,53453,31464,58.86
20,728,DRONE,ST,42000,40500,96.43
20,729,DRREDDY,EQ,6828902,5668447,83.01
20,730,DSSL,EQ,26622,12637,47.47
20,731,DTIL,EQ,5425,3270,60.28
20,732,DTL,SM,2400,2400,100.00
20,733,DUCON,EQ,457741,266210,58.16
20,734,DUGLOBAL,SM,12500,10000,80.00
20,735,DURLAX,SM,40000,14000,35.00
20,736,DVL,EQ,26060,13836,53.09
20,737,DWARKESH,EQ,487777,195487,40.08
20,738,DYCL,EQ,92444,43869,47.45
20,739,DYNAMATECH,EQ,3553,1423,40.05
20,740,DYNAMIC,ST,22500,18500,82.22
20,741,DYNPRO,EQ,14092,8855,62.84
20,742,E2E,EQ,123962,59133,47.70
20,743,EASEMYTRIP,EQ,20183154,9513029,47.13
20,744,EBANKNIFTY,EQ,589,337,57.22
20,745,EBBETF0425,EQ,274,274,100.00
20,746,EBBETF0430,EQ,2425,2289,94.39
20,747,EBBETF0431,EQ,5375,3330,61.95
20,748,EBBETF0433,EQ,5220,5007,95.92
20,749,ECAPINSURE,EQ,40613,24878,61.26
20,750,ECLERX,EQ,87957,35815,40.72
20,751,ECOSMOBLTY,EQ,325404,138251,42.49
20,752,EDELWEISS,EQ,2194750,1197414,54.56
20,753,EFACTOR,SM,16800,8000,47.62
20,754,EFFWA,SM,161200,156000,96.77
20,755,EFORCE,SM,37200,31200,83.87
20,756,EGOLD,EQ,108618,108097,99.52
20,757,EICHERMOT,EQ,324027,119156,36.77
20,758,EIDPARRY,EQ,603124,298851,49.55
20,759,EIEL,EQ,2973439,658140,22.13
20,760,EIFFL,EQ,33067,18083,54.69
20,761,EIHAHOTELS,EQ,43710,17456,39.94
20,762,EIHOTEL,EQ,700643,396318,56.56
20,763,EIMCOELECO,EQ,5161,2465,47.76
20,764,EKC,EQ,408162,167757,41.10
20,765,ELDEHSG,EQ,76,56,73.68
20,766,ELECON,EQ,220313,88514,40.18
20,767,ELECTCAST,EQ,2359326,942500,39.95
20,768,ELGIEQUIP,EQ,151496,63078,41.64
20,769,ELGNZ,ST,65000,60000,92.31
20,770,ELIN,EQ,203417,102545,50.41
20,771,EMAIN,SM,49000,42000,85.71
20,772,EMAMILTD,EQ,281885,139056,49.33
20,773,EMAMIPAP,EQ,10423,6438,61.77
20,774,EMBASSY,RR,517555,459599,88.80
20,775,EMBDL,EQ,4204690,1368254,32.54
20,776,EMCURE,EQ,89475,53903,60.24
20,777,EMIL,EQ,241879,84092,34.77
20,778,EMKAYTOOLS,SM,3750,3300,88.00
20,779,EMMBI,EQ,39932,13647,34.18
20,780,EMMIL,ST,10500,10250,97.62
20,781,EMSLIMITED,EQ,276182,110804,40.12
20,782,EMUDHRA,EQ,367570,92826,25.25
20,783,EMULTIMQ,EQ,56569,52327,92.50
20,784,ENDURANCE,EQ,26108,13113,50.23
20,785,ENFUSE,ST,1200,1200,100.00
20,786,ENGINERSIN,EQ,2902609,736677,25.38
20,787,ENIL,EQ,13488,9185,68.10
20,788,ENSER,ST,80000,80000,100.00
20,789,ENTERO,EQ,45058,29847,66.24
20,790,ENVIRO,SM,30000,16000,53.33
20,791,EPACK,EQ,885001,419153,47.36
20,792,EPIGRAL,EQ,32998,15441,46.79
20,793,EPL,EQ,650190,389246,59.87
20,794,EQUAL50ADD,EQ,18047,14292,79.19
20,795,EQUITASBNK,EQ,2068732,1094973,52.93
20,796,ERIS,EQ,66374,27147,40.90
20,797,ESABINDIA,EQ,6982,4768,68.29
20,798,ESAFSFB,EQ,620980,326696,52.61
20,799,ESCONET,ST,2800,2800,100.00
20,800,ESCORTS,EQ,90230,36197,40.12
20,801,ESFL,SM,34920,24840,71.13
20,802,ESG,EQ,2644,2536,95.92
20,803,ESILVER,EQ,46825,45058,96.23
20,804,ESPRIT,ST,32000,28800,90.00
20,805,ESSENTIA,EQ,2428674,1174322,48.35
20,806,ESTER,EQ,123384,57042,46.23
20,807,ETHOSLTD,EQ,87367,52902,60.55
20,808,ETML,SM,66000,64800,98.18
20,809,EUREKAFORB,EQ,239191,158565,66.29
20,810,EUROBOND,SM,3000,2000,66.67
20,811,EVEREADY,EQ,115907,71096,61.34
20,812,EVINDIA,EQ,463786,260126,56.09
20,813,EXCELINDUS,EQ,10999,8174,74.32
20,814,EXCELLENT,SM,1600,1600,100.00
20,815,EXICOM,EQ,426697,158616,37.17
20,816,EXIDEIND,EQ,2339246,648266,27.71
20,817,EXPLEOSOL,EQ,13366,7566,56.61
20,818,EXXARO,EQ,564042,345508,61.26
20,819,FACT,EQ,390935,131726,33.70
20,820,FAIRCHEMOR,EQ,5455,2360,43.26
20,821,FALCONTECH,ST,7200,7200,100.00
20,822,FAZE3Q,EQ,13022,7722,59.30
20,823,FCL,EQ,313312,121547,38.79
20,824,FCSSOFT,EQ,15744637,6320219,40.14
20,825,FDC,EQ,93898,50562,53.85
20,826,FEDERALBNK,EQ,5491982,2940943,53.55
20,827,FEDFINA,EQ,146185,71785,49.11
20,828,FELIX,ST,21000,21000,100.00
20,829,FIBERWEB,EQ,165280,126912,76.79
20,830,FIDEL,ST,5000,5000,100.00
20,831,FIEMIND,EQ,44650,25974,58.17
20,832,FILATEX,EQ,928161,393953,42.44
20,833,FINCABLES,EQ,225086,45821,20.36
20,834,FINEORG,EQ,18533,9932,53.59
20,835,FINIETF,EQ,107008,75231,70.30
20,836,FINOPB,EQ,340257,222187,65.30
20,837,FINPIPE,EQ,401226,154824,38.59
20,838,FIRSTCRY,EQ,211642,93624,44.24
20,839,FIVESTAR,EQ,305146,68509,22.45
20,840,FLAIR,EQ,34959,17797,50.91
20,841,FLUOROCHEM,EQ,47130,24032,50.99
20,842,FMCGIETF,EQ,1145967,658399,57.45
20,843,FMGOETZE,EQ,46343,27057,58.38
20,844,FOCUS,EQ,205164,165332,80.59
20,845,FONEBOX,SM,68000,68000,100.00
20,846,FOODSIN,EQ,30025,20907,69.63
20,847,FORCAS,ST,24000,24000,100.00
20,848,FORCEMOT,EQ,65098,24490,37.62
20,849,FORGEAUTO,SM,14400,13200,91.67
20,850,FORTIS,EQ,1134236,605699,53.40
20,851,FOSECOIND,EQ,1100,553,50.27
20,852,FRESHARA,ST,32400,32400,100.00
20,853,FROG,SM,26000,16800,64.62
20,854,FSL,EQ,1882302,626321,33.27
20,855,FUSION,EQ,223234,96015,43.01
20,856,GABRIEL,EQ,255339,80884,31.68
20,857,GAEL,EQ,464469,225297,48.51
20,858,GAIL,EQ,10215346,5053162,49.47
20,859,GAJANAND,ST,9000,9000,100.00
20,860,GALAPREC,EQ,68632,24536,35.75
20,861,GALAXYSURF,EQ,6665,4311,64.68
20,862,GALLANTT,EQ,69284,30983,44.72
20,863,GANDHAR,EQ,129894,58323,44.90
20,864,GANDHITUBE,EQ,3989,1403,35.17
20,865,GANECOS,EQ,105172,61537,58.51
20,866,GANESHBE,EQ,203240,139486,68.63
20,867,GANESHHOUC,EQ,85477,34530,40.40
20,868,GANESHIN,SM,88000,73600,83.64
20,869,GANGAFORGE,EQ,46930,42471,90.50
20,870,GANGESSECU,EQ,12725,10688,83.99
20,871,GARFIBRES,EQ,136686,56945,41.66
20,872,GARUDA,EQ,728373,242851,33.34
20,873,GATEWAY,EQ,614248,307248,50.02
20,874,GEECEE,EQ,7602,5937,78.10
20,875,GEEKAYWIRE,EQ,97830,42773,43.72
20,876,GENCON,EQ,51038,25563,50.09
20,877,GENESYS,EQ,228990,91820,40.10
20,878,GENSOL,EQ,103351,59962,58.02
20,879,GENUSPAPER,EQ,108724,63833,58.71
20,880,GENUSPOWER,EQ,559615,228999,40.92
20,881,GEOJITFSL,EQ,476678,200362,42.03
20,882,GEPIL,EQ,600935,227869,37.92
20,883,GESHIP,EQ,515188,233875,45.40
20,884,GFLLIMITED,EQ,23810,10098,42.41
20,885,GGBL,ST,24900,19800,79.52
20,886,GHCL,EQ,96284,48562,50.44
20,887,GHCLTEXTIL,EQ,372189,227891,61.23
20,888,GICHSGFIN,EQ,87710,47225,53.84
20,889,GICL,ST,51000,51000,100.00
20,890,GICRE,EQ,461664,128072,27.74
20,891,GILLETTE,EQ,104359,11117,10.65
20,892,GILT5YBEES,EQ,215797,206816,95.84
20,893,GINNIFILA,EQ,25708,17571,68.35
20,894,GIPCL,EQ,272702,123125,45.15
20,895,GLAND,EQ,103858,46736,45.00
20,896,GLAXO,EQ,206809,37645,18.20
20,897,GLENMARK,EQ,715656,339079,47.38
20,898,GLOBAL,EQ,37190,22854,61.45
20,899,GLOBALPET,SM,9000,7500,83.33
20,900,GLOBE,EQ,2065813,1233554,59.71
20,901,GLOBUSSPR,EQ,53986,27225,50.43
20,902,GLOSTERLTD,EQ,445,348,78.20
20,903,GMBREW,EQ,24808,11144,44.92
20,904,GMDCLTD,EQ,760386,238474,31.36
20,905,GMMPFAUDLR,EQ,33501,17576,52.46
20,906,GMRAIRPORT,EQ,7232594,2680077,37.06
20,907,GMRP&UI,EQ,1280192,603367,47.13
20,908,GNA,EQ,44059,32172,73.02
20,909,GNFC,EQ,587222,213643,36.38
20,910,GOACARBON,EQ,18184,6600,36.30
20,911,GOCLCORP,EQ,63687,33751,53.00
20,912,GOCOLORS,EQ,103774,65624,63.24
20,913,GODFRYPHLP,EQ,1464130,101332,6.92
20,914,GODIGIT,EQ,405857,126534,31.18
20,915,GODREJAGRO,EQ,98713,39855,40.37
20,916,GODREJCP,EQ,1656549,1262498,76.21
20,917,GODREJIND,EQ,23359198,3361060,14.39
20,918,GODREJPROP,EQ,827591,345431,41.74
20,919,GOKEX,EQ,159894,76777,48.02
20,920,GOKUL,EQ,38248,23671,61.89
20,921,GOKULAGRO,EQ,94344,46690,49.49
20,922,GOLD1,EQ,3137455,2994975,95.46
20,923,GOLDBEES,EQ,11836188,8345483,70.51
20,924,GOLDCASE,EQ,831163,529857,63.75
20,925,GOLDETF,EQ,219334,182083,83.02
20,926,GOLDETFADD,EQ,10859,7180,66.12
20,927,GOLDIAM,EQ,1845568,386196,20.93
20,928,GOLDIETF,EQ,1402303,1149600,81.98
20,929,GOLDSHARE,EQ,963218,901147,93.56
20,930,GOLDSTAR,SM,45000,33750,75.00
20,931,GOLDTECH,EQ,61751,49572,80.28
20,932,GOODLUCK,EQ,140038,54293,38.77
20,933,GOPAL,EQ,51038,21342,41.82
20,934,GOYALALUM,EQ,110965,74380,67.03
20,935,GOYALSALT,SM,18000,17400,96.67
20,936,GPECO,ST,17400,14400,82.76
20,937,GPIL,EQ,839615,264324,31.48
20,938,GPPL,EQ,978000,451884,46.20
20,939,GPTHEALTH,EQ,130697,80737,61.77
20,940,GPTINFRA,EQ,94111,49009,52.08
20,941,GRANULES,EQ,1026380,341389,33.26
20,942,GRAPHISAD,SM,10800,10800,100.00
20,943,GRAPHITE,EQ,845442,300180,35.51
20,944,GRASIM,EQ,504415,318012,63.05
20,945,GRAVITA,EQ,224778,102704,45.69
20,946,GRCL,SM,250,250,100.00
20,947,GREAVESCOT,EQ,7283864,1258154,17.27
20,948,GREENCHEF,SM,9600,7200,75.00
20,949,GREENLAM,EQ,5664,2022,35.70
20,950,GREENPANEL,EQ,135060,71433,52.89
20,951,GREENPLY,EQ,119771,71050,59.32
20,952,GREENPOWER,EQ,4221411,1944082,46.05
20,953,GRETEX,ST,750,750,100.00
20,954,GRINDWELL,EQ,36984,16075,43.46
20,955,GRINFRA,EQ,30936,10569,34.16
20,956,GRMOVER,EQ,203031,42527,20.95
20,957,GROBTEA,EQ,127,63,49.61
20,958,GROWWDEFNC,EQ,129886,64215,49.44
20,959,GROWWEV,EQ,378409,250350,66.16
20,960,GROWWGOLD,EQ,101292,53598,52.91
20,961,GROWWLIQID,EQ,45289,29850,65.91
20,962,GROWWRAIL,EQ,446719,185515,41.53
20,963,GRPLTD,EQ,1021,739,72.38
20,964,GRSE,EQ,1016652,151235,14.88
20,965,GRWRHITECH,EQ,177391,61573,34.71
20,966,GSEC10IETF,EQ,243,228,93.83
20,967,GSEC10YEAR,EQ,127,112,88.19
20,968,GSEC5IETF,EQ,1030,1029,99.90
20,969,GSFC,EQ,673949,269200,39.94
20,970,GSLSU,EQ,81699,24501,29.99
20,971,GSMFOILS,ST,4000,4000,100.00
20,972,GSPL,EQ,760964,448803,58.98
20,973,GSS,EQ,101343,33839,33.39
20,974,GSTL,ST,95000,95000,100.00
20,975,GTL,EQ,451731,179356,39.70
20,976,GTLINFRA,EQ,64942466,21738714,33.47
20,977,GTPL,EQ,15965,9589,60.06
20,978,GUFICBIO,EQ,107578,86096,80.03
20,979,GUJALKALI,EQ,23745,8432,35.51
20,980,GUJAPOLLO,EQ,12559,5073,40.39
20,981,GUJGASLTD,EQ,647575,160014,24.71
20,982,GULFOILLUB,EQ,49018,17435,35.57
20,983,GULFPETRO,EQ,174322,76264,43.75
20,984,GULPOLY,EQ,148032,54779,37.00
20,985,GVPTECH,EQ,25914,21894,84.49
20,986,GVT&D,EQ,448927,305296,68.01
20,987,HAL,EQ,1456123,326592,22.43
20,988,HAPPSTMNDS,EQ,240038,95494,39.78
20,989,HAPPYFORGE,EQ,21515,9477,44.05
20,990,HARIOMPIPE,EQ,87244,37429,42.90
20,991,HARRMALAYA,EQ,13144,4284,32.59
20,992,HARSHA,EQ,33643,14805,44.01
20,993,HATHWAY,EQ,2343221,892959,38.11
20,994,HATSUN,EQ,7281,3294,45.24
20,995,HAVELLS,EQ,393223,196233,49.90
20,996,HAVISHA,EQ,35392,25669,72.53
20,997,HBLENGINE,EQ,985321,286545,29.08
20,998,HBSL,EQ,5923,3643,61.51
20,999,HCC,EQ,19324647,7130646,36.90
20,1000,HCG,EQ,128523,60649,47.19
20,1001,HCL-INSYS,EQ,261914,167442,63.93
20,1002,HCLTECH,EQ,1222563,769058,62.91
20,1003,HDFCAMC,EQ,467995,299213,63.94
20,1004,HDFCBANK,EQ,7840470,5281578,67.36
20,1005,HDFCBSE500,EQ,10768,7152,66.42
20,1006,HDFCGOLD,EQ,3905890,3071949,78.65
20,1007,HDFCGROWTH,EQ,5300,4609,86.96
20,1008,HDFCLIFE,EQ,1627631,1032748,63.45
20,1009,HDFCLIQUID,EQ,5664,4092,72.25
20,1010,HDFCLOWVOL,EQ,32379,25287,78.10
20,1011,HDFCMID150,EQ,235962,160946,68.21
20,1012,HDFCMOMENT,EQ,182847,115302,63.06
20,1013,HDFCNEXT50,EQ,142595,116822,81.93
20,1014,HDFCNIF100,EQ,19905,16786,84.33
20,1015,HDFCNIFBAN,EQ,117396,115249,98.17
20,1016,HDFCNIFIT,EQ,363805,363000,99.78
20,1017,HDFCNIFTY,EQ,91803,58082,63.27
20,1018,HDFCPSUBK,EQ,9279,6681,72.00
20,1019,HDFCPVTBAN,EQ,26935,15572,57.81
20,1020,HDFCQUAL,EQ,14445,11698,80.98
20,1021,HDFCSENSEX,EQ,35853,33324,92.95
20,1022,HDFCSILVER,EQ,555330,462694,83.32
20,1023,HDFCSML250,EQ,1831620,1342022,73.27
20,1024,HDFCVALUE,EQ,6441,4669,72.49
20,1025,HEADSUP,EQ,44466,18408,41.40
20,1026,HEALTHADD,EQ,583,561,96.23
20,1027,HEALTHIETF,EQ,82463,29899,36.26
20,1028,HEALTHY,EQ,217269,189975,87.44
20,1029,HECPROJECT,EQ,8246,5707,69.21
20,1030,HEG,EQ,356272,106642,29.93
20,1031,HEIDELBERG,EQ,68004,35671,52.45
20,1032,HEMIPROP,EQ,660341,296859,44.96
20,1033,HERANBA,EQ,137979,61799,44.79
20,1034,HERITGFOOD,EQ,370609,181785,49.05
20,1035,HEROMOTOCO,EQ,426337,245592,57.61
20,1036,HESTERBIO,EQ,2810,1552,55.23
20,1037,HEUBACHIND,EQ,40503,21870,54.00
20,1038,HEXATRADEX,EQ,15005,6237,41.57
20,1039,HEXT,EQ,3183388,934472,29.35
20,1040,HFCL,EQ,12560035,3083831,24.55
20,1041,HGINFRA,EQ,80855,35516,43.93
20,1042,HGS,EQ,12328,6090,49.40
20,1043,HIGREEN,ST,22400,20800,92.86
20,1044,HIKAL,EQ,140733,72675,51.64
20,1045,HIL,EQ,12085,6789,56.18
20,1046,HILTON,EQ,129030,59705,46.27
20,1047,HIMATSEIDE,EQ,941473,390055,41.43
20,1048,HINDALCO,EQ,7490723,3504640,46.79
20,1049,HINDCOMPOS,EQ,3753,2001,53.32
20,1050,HINDCOPPER,EQ,2934136,751512,25.61
20,1051,HINDMOTORS,EQ,843483,321248,38.09
20,1052,HINDOILEXP,EQ,853202,273887,32.10
20,1053,HINDPETRO,EQ,2193356,869112,39.62
20,1054,HINDUNILVR,EQ,1781509,1246656,69.98
20,1055,HINDWAREAP,EQ,2102367,356152,16.94
20,1056,HINDZINC,EQ,1071716,506354,47.25
20,1057,HIRECT,EQ,19773,10451,52.85
20,1058,HISARMETAL,EQ,4006,2600,64.90
20,1059,HITECH,EQ,1002895,374693,37.36
20,1060,HITECHCORP,EQ,48975,47009,95.99
20,1061,HLEGLAS,EQ,52609,24937,47.40
20,1062,HLVLTD,EQ,1092747,574463,52.57
20,1063,HMAAGRO,EQ,116788,53928,46.18
20,1064,HMVL,EQ,62115,41859,67.39
20,1065,HNDFDS,EQ,32702,13893,42.48
20,1066,HNGSNGBEES,EQ,914301,577542,63.17
20,1067,HOACFOODS,ST,750,750,100.00
20,1068,HOLMARC,ST,1500,1500,100.00
20,1069,HOMEFIRST,EQ,125533,70891,56.47
20,1070,HONASA,EQ,263835,98140,37.20
20,1071,HONAUT,EQ,2651,983,37.08
20,1072,HONDAPOWER,EQ,3237,1419,43.84
20,1073,HOVS,EQ,25821,10312,39.94
20,1074,HPAL,EQ,103162,52784,51.17
20,1075,HPIL,EQ,430878,78460,18.21
20,1076,HPL,EQ,137940,51330,37.21
20,1077,HRHNEXT,ST,3000,3000,100.00
20,1078,HSCL,EQ,628343,291432,46.38
20,1079,HTMEDIA,EQ,152920,86583,56.62
20,1080,HUBTOWN,EQ,56213,33195,59.05
20,1081,HUDCO,EQ,13667425,4804582,35.15
20,1082,HUHTAMAKI,EQ,49793,30256,60.76
20,1083,HVAX,ST,900,900,100.00
20,1084,HYBRIDFIN,EQ,4788,2471,51.61
20,1085,HYUNDAI,EQ,1310998,720317,54.94
20,1086,IBLFL,ST,4000,4000,100.00
20,1087,ICEMAKE,EQ,11302,6713,59.40
20,1088,ICICIB22,EQ,1619811,1466676,90.55
20,1089,ICICIBANK,EQ,7786428,5472721,70.29
20,1090,ICICIGI,EQ,974392,726381,74.55
20,1091,ICICIPRULI,EQ,1574753,1141314,72.48
20,1092,ICIL,EQ,244750,99682,40.73
20,1093,ICRA,EQ,1567,585,37.33
20,1094,IDBI,EQ,4856664,1699484,34.99
20,1095,IDEA,EQ,289642446,75345356,26.01
20,1096,IDEAFORGE,EQ,116542,51688,44.35
20,1097,IDENTICAL,ST,2000,2000,100.00
20,1098,IDFCFIRSTB,EQ,14895745,5961050,40.02
20,1099,IDFNIFTYET,EQ,1467,1410,96.11
20,1100,IEML,ST,25000,24500,98.00
20,1101,IEX,EQ,4103115,1797159,43.80
20,1102,IFBAGRO,EQ,4534,1955,43.12
20,1103,IFBIND,EQ,46074,21911,47.56
20,1104,IFCI,EQ,10405002,3391979,32.60
20,1105,IFGLEXPOR,EQ,7133,3638,51.00
20,1106,IGARASHI,EQ,53020,29525,55.69
20,1107,IGIL,EQ,3296789,1881694,57.08
20,1108,IGL,EQ,3227692,876845,27.17
20,1109,IGPL,EQ,13541,6732,49.72
20,1110,IIFL,EQ,1207289,574765,47.61
20,1111,IIFLCAPS,EQ,407949,242101,59.35
20,1112,IIFLHFZC27,NB,65,65,100.00
20,1113,IIFLZC25,ND,37,37,100.00
20,1114,IIFLZC26,NN,100,100,100.00
20,1115,IIFLZC28,NG,2,2,100.00
20,1116,IIFLZC28B,Y1,218,218,100.00
20,1117,IKIO,EQ,1721033,281435,16.35
20,1118,IKS,EQ,225417,84441,37.46
20,1119,IMAGICAA,EQ,786242,319871,40.68
20,1120,IMC1,N0,390,390,100.00
20,1121,IMC1,N1,82,82,100.00
20,1122,IMC1,N2,205,205,100.00
20,1123,IMC1,N3,82,82,100.00
20,1124,IMFA,EQ,84279,47778,56.69
20,1125,IMPAL,EQ,1907,1196,62.72
20,1126,INCREDIBLE,EQ,22393,9434,42.13
20,1127,INDBANK,EQ,17389,11139,64.06
20,1128,INDGN,EQ,291849,144445,49.49
20,1129,INDHOTEL,EQ,2751438,1372290,49.88
20,1130,INDIACEM,EQ,404114,85466,21.15
20,1131,INDIAGLYCO,EQ,121314,49181,40.54
20,1132,INDIAMART,EQ,121746,54617,44.86
20,1133,INDIANB,EQ,973629,274860,28.23
20,1134,INDIANHUME,EQ,53773,24806,46.13
20,1135,INDIASHLTR,EQ,64686,39502,61.07
20,1136,INDIFRA,ST,2000,2000,100.00
20,1137,INDIGO,EQ,505647,254840,50.40
20,1138,INDIGOPNTS,EQ,59249,22955,38.74
20,1139,INDIGRID,IV,294762,224053,76.01
20,1140,INDNIPPON,EQ,12575,5939,47.23
20,1141,INDOAMIN,EQ,86747,40895,47.14
20,1142,INDOBORAX,EQ,43254,21500,49.71
20,1143,INDOCO,EQ,75956,40588,53.44
20,1144,INDOFARM,EQ,329866,63907,19.37
20,1145,INDORAMA,EQ,56160,25906,46.13
20,1146,INDOSTAR,EQ,58047,30437,52.44
20,1147,INDOTECH,EQ,1524,1524,100.00
20,1148,INDOWIND,EQ,278483,164081,58.92
20,1149,INDRAMEDCO,EQ,172834,85507,49.47
20,1150,INDSWFTLAB,EQ,159814,106155,66.42
20,1151,INDTERRAIN,EQ,38130,14949,39.21
20,1152,INDUSINDBK,EQ,2589619,1593503,61.53
20,1153,INDUSINVIT,IV,33327,30738,92.23
20,1154,INDUSTOWER,EQ,7741976,4794792,61.93
20,1155,INFIBEAM,EQ,6000059,2263055,37.72
20,1156,INFINIUM,SM,4000,4000,100.00
20,1157,INFOBEAN,EQ,8221,5546,67.46
20,1158,INFOLLION,SM,10000,8400,84.00
20,1159,INFRABEES,EQ,11768,4561,38.76
20,1160,INFRAIETF,EQ,40896,22389,54.75
20,1161,INFY,EQ,3379879,2368505,70.08
20,1162,INGERRAND,EQ,33488,11386,34.00
20,1163,INM,SM,3000,3000,100.00
20,1164,INNOMET,SM,6000,6000,100.00
20,1165,INNOVACAP,EQ,79679,45696,57.35
20,1166,INNOVANA,EQ,2877,1566,54.43
20,1167,INOXGREEN,EQ,1179939,421675,35.74
20,1168,INOXINDIA,EQ,129333,60953,47.13
20,1169,INOXWIND,EQ,4420590,1715290,38.80
20,1170,INSECTICID,EQ,60603,44177,72.90
20,1171,INSPIRISYS,EQ,28334,22244,78.51
20,1172,INTELLECT,EQ,433646,158150,36.47
20,1173,INTENTECH,EQ,31459,17906,56.92
20,1174,INTERARCH,EQ,103074,40705,39.49
20,1175,INTLCONV,EQ,77802,43616,56.06
20,1176,INVENTURE,EQ,1245832,735582,59.04
20,1177,IOB,EQ,3141246,775784,24.70
20,1178,IOC,EQ,9657933,4827690,49.99
20,1179,IOLCP,EQ,139360,52830,37.91
20,1180,IONEXCHANG,EQ,154454,83170,53.85
20,1181,IPCALAB,EQ,487901,192783,39.51
20,1182,IPHL,ST,85200,85200,100.00
20,1183,IPL,EQ,166156,79298,47.73
20,1184,IPSL,SM,2000,500,25.00
20,1185,IRB,EQ,16849908,4503234,26.73
20,1186,IRBINVIT,IV,243248,204084,83.90
20,1187,IRCON,EQ,7661534,1500335,19.58
20,1188,IRCTC,EQ,1034460,490397,47.41
20,1189,IREDA,EQ,34409096,3467344,10.08
20,1190,IRFC,EQ,25318595,4852265,19.16
20,1191,IRISDOREME,EQ,132012,69394,52.57
20,1192,IRMENERGY,EQ,72425,53329,73.63
20,1193,ISEC,EQ,89761,32418,36.12
20,1194,ISFT,EQ,14806,9856,66.57
20,1195,ISGEC,EQ,617393,245414,39.75
20,1196,ISHAN,SM,672000,672000,100.00
20,1197,IT,EQ,371877,348939,93.83
20,1198,ITALIANE,SM,6000,6000,100.00
20,1199,ITBEES,EQ,2215294,1475809,66.62
20,1200,ITC,EQ,8240986,5015724,60.86
20,1201,ITCHOTELS,EQ,8608818,5898087,68.51
20,1202,ITDC,EQ,37375,9743,26.07
20,1203,ITDCEM,EQ,483179,212282,43.93
20,1204,ITETF,EQ,61731,36460,59.06
20,1205,ITETFADD,EQ,950,530,55.79
20,1206,ITIETF,EQ,1372963,779054,56.74
20,1207,IVC,EQ,144522,89125,61.67
20,1208,IVP,EQ,31236,16284,52.13
20,1209,IVZINGOLD,EQ,15188,8018,52.79
20,1210,IVZINNIFTY,EQ,25,18,72.00
20,1211,IWEL,EQ,2291,756,33.00
20,1212,IXIGO,EQ,662015,319629,48.28
20,1213,JAGRAN,EQ,135942,71462,52.57
20,1214,JAGSNPHARM,EQ,186187,57006,30.62
20,1215,JAIBALAJI,EQ,443474,178112,40.16
20,1216,JAICORPLTD,EQ,717064,327168,45.63
20,1217,JAIPURKURT,EQ,75451,32681,43.31
20,1218,JAKHARIA,ST,800,800,100.00
20,1219,JALAN,ST,48000,48000,100.00
20,1220,JAMNAAUTO,EQ,1631369,939874,57.61
20,1221,JASH,EQ,399341,178352,44.66
20,1222,JAYAGROGN,EQ,19483,4325,22.20
20,1223,JAYBARMARU,EQ,55250,27133,49.11
20,1224,JAYBEE,ST,63000,52000,82.54
20,1225,JAYNECOIND,EQ,149880,73388,48.96
20,1226,JAYSREETEA,EQ,138989,72723,52.32
20,1227,JBCHEPHARM,EQ,115538,75748,65.56
20,1228,JBMA,EQ,1498224,347462,23.19
20,1229,JCHAC,EQ,11103,6123,55.15
20,1230,JEYYAM,SM,116000,106000,91.38
20,1231,JGCHEM,EQ,53243,21437,40.26
20,1232,JINDALPHOT,EQ,6038,3383,56.03
20,1233,JINDALPOLY,EQ,55030,20547,37.34
20,1234,JINDALSAW,EQ,1225981,521854,42.57
20,1235,JINDALSTEL,EQ,4152422,2448726,58.97
20,1236,JINDRILL,EQ,1196339,367148,30.69
20,1237,JINDWORLD,EQ,778080,188709,24.25
20,1238,JIOFIN,EQ,15152682,6534091,43.12
20,1239,JISLDVREQS,EQ,17769,3076,17.31
20,1240,JISLJALEQS,EQ,2383626,1151146,48.29
20,1241,JIWANRAM,ST,6000,6000,100.00
20,1242,J&KBANK,EQ,2327446,974819,41.88
20,1243,JKCEMENT,EQ,54698,22571,41.26
20,1244,JKIL,EQ,163463,76213,46.62
20,1245,JKLAKSHMI,EQ,100811,66244,65.71
20,1246,JKPAPER,EQ,551102,253007,45.91
20,1247,JKTYRE,EQ,582041,212016,36.43
20,1248,JLHL,EQ,27037,16920,62.58
20,1249,JMA,EQ,6674,5144,77.08
20,1250,JMFINANCIL,EQ,6989995,1462806,20.93
20,1251,JNKINDIA,EQ,76729,45893,59.81
20,1252,JOCIL,EQ,11258,10842,96.30
20,1253,JPOLYINVST,EQ,10359,4615,44.55
20,1254,JPPOWER,EQ,34034935,10653600,31.30
20,1255,JSFB,EQ,130921,52585,40.17
20,1256,JSL,EQ,771847,284303,36.83
20,1257,JSLL,SM,11160,7200,64.52
20,1258,JSWENERGY,EQ,25750317,8070453,31.34
20,1259,JSWINFRA,EQ,10525159,2675416,25.42
20,1260,JSWSTEEL,EQ,1599075,744736,46.57
20,1261,JTEKTINDIA,EQ,56582,27449,48.51
20,1262,JTLIND,EQ,823448,383034,46.52
20,1263,JUBLFOOD,EQ,1342537,542074,40.38
20,1264,JUBLINGREA,EQ,213581,97815,45.80
20,1265,JUBLPHARMA,EQ,142704,48543,34.02
20,1266,JUNIORBEES,EQ,361960,171279,47.32
20,1267,JUNIPER,EQ,1907369,1445090,75.76
20,1268,JUSTDIAL,EQ,234517,69510,29.64
20,1269,JWL,EQ,3712510,651564,17.55
20,1270,JYOTHYLAB,EQ,344922,113565,32.92
20,1271,JYOTICNC,EQ,754301,208021,27.58
20,1272,JYOTISTRUC,EQ,16744782,6957370,41.55
20,1273,K2INFRA,ST,2400,2400,100.00
20,1274,KABRAEXTRU,EQ,89058,62169,69.81
20,1275,KAJARIACER,EQ,579743,292510,50.46
20,1276,KAKATCEM,EQ,2000,1442,72.10
20,1277,KALAMANDIR,EQ,165890,110333,66.51
20,1278,KALANA,SM,4000,4000,100.00
20,1279,KALYANKJIL,EQ,6975603,807042,11.57
20,1280,KAMATHOTEL,EQ,632368,143326,22.66
20,1281,KAMDHENU,EQ,871007,455395,52.28
20,1282,KANANIIND,EQ,145142,117277,80.80
20,1283,KANDARP,SM,32000,32000,100.00
20,1284,KANORICHEM,EQ,33705,15287,45.36
20,1285,KANPRPLA,EQ,13904,5789,41.64
20,1286,KANSAINER,EQ,260017,123015,47.31
20,1287,KAPSTON,EQ,2318,1492,64.37
20,1288,KARMAENG,EQ,6549,4834,73.81
20,1289,KARNIKA,ST,45200,43600,96.46
20,1290,KARURVYSYA,EQ,1255985,825913,65.76
20,1291,KATARIA,ST,11400,11400,100.00
20,1292,KAUSHALYA,EQ,138,89,64.49
20,1293,KAYA,EQ,6251,4479,71.65
20,1294,KAYNES,EQ,2263688,330743,14.61
20,1295,KCEIL,ST,16000,15500,96.88
20,1296,KCK,ST,5000,5000,100.00
20,1297,KCP,EQ,287324,147169,51.22
20,1298,KCPSUGIND,EQ,138142,80271,58.11
20,1299,KDDL,EQ,95252,25037,26.29
20,1300,KDL,ST,63750,60300,94.59
20,1301,KEC,EQ,554308,221945,40.04
20,1302,KECL,EQ,172152,67387,39.14
20,1303,KEI,EQ,807902,279199,34.56
20,1304,KEL,SM,6000,3600,60.00
20,1305,KELLTONTEC,EQ,645573,206185,31.94
20,1306,KEN,ST,832800,831600,99.86
20,1307,KESORAMIND,EQ,412677,164294,39.81
20,1308,KEYFINSERV,EQ,3535,2283,64.58
20,1309,KFINTECH,EQ,1879964,785441,41.78
20,1310,KHADIM,EQ,6698,2817,42.06
20,1311,KHAICHEM,EQ,132058,27725,20.99
20,1312,KHAITANLTD,EQ,4800,3169,66.02
20,1313,KHANDSE,EQ,8543,5853,68.51
20,1314,KHFM,SM,9300,7750,83.33
20,1315,KICL,EQ,2464,1177,47.77
20,1316,KILITCH,EQ,6861,5279,76.94
20,1317,KIMS,EQ,350346,225916,64.48
20,1318,KINGFA,EQ,5941,2619,44.08
20,1319,KIOCL,EQ,138854,43627,31.42
20,1320,KIRIINDUS,EQ,298081,123616,41.47
20,1321,KIRLOSBROS,EQ,89844,32402,36.06
20,1322,KIRLOSENG,EQ,2460935,1269111,51.57
20,1323,KIRLOSIND,EQ,2345,1163,49.59
20,1324,KIRLPNU,EQ,96560,35096,36.35
20,1325,KKCL,EQ,85637,54744,63.93
20,1326,KKJEWELS,ST,135000,131000,97.04
20,1327,KLL,SM,8000,6400,80.00
20,1328,KMEW,EQ,5744,3235,56.32
20,1329,KMSUGAR,EQ,152196,98978,65.03
20,1330,KNAGRI,SM,19600,16400,83.67
20,1331,KNRCON,EQ,1003441,412802,41.14
20,1332,KODYTECH,SM,4600,3400,73.91
20,1333,KOHINOOR,EQ,143451,37391,26.07
20,1334,KOKUYOCMLN,EQ,49838,27777,55.73
20,1335,KOLTEPATIL,EQ,115940,47150,40.67
20,1336,KONSTELEC,ST,9000,9000,100.00
20,1337,KONTOR,SM,10200,10200,100.00
20,1338,KORE,ST,6000,6000,100.00
20,1339,KOTAKBANK,EQ,4008552,2922167,72.90
20,1340,KOTARISUG,EQ,60461,38734,64.06
20,1341,KOTHARIPET,EQ,57995,19599,33.79
20,1342,KOTYARK,ST,18000,15700,87.22
20,1343,KPEL,EQ,239596,112015,46.75
20,1344,KPIGREEN,EQ,1167414,493093,42.24
20,1345,KPIL,EQ,241868,80515,33.29
20,1346,KPITTECH,EQ,1595171,876581,54.95
20,1347,KPRMILL,EQ,105214,41578,39.52
20,1348,KRBL,EQ,197851,80078,40.47
20,1349,KRISHANA,EQ,49896,35147,70.44
20,1350,KRISHCA,ST,8000,7000,87.50
20,1351,KRISHIVAL,SM,2500,2500,100.00
20,1352,KRISHNADEF,SM,23000,13500,58.70
20,1353,KRITI,EQ,18295,10358,56.62
20,1354,KRITINUT,EQ,39456,22491,57.00
20,1355,KRN,EQ,1964852,279391,14.22
20,1356,KRONOX,EQ,85912,42720,49.73
20,1357,KROSS,EQ,116902,58779,50.28
20,1358,KRSNAA,EQ,42255,20707,49.00
20,1359,KRYSTAL,EQ,76443,36764,48.09
20,1360,KSB,EQ,58966,16159,27.40
20,1361,KSCL,EQ,73720,26798,36.35
20,1362,KSL,EQ,57784,24677,42.71
20,1363,KSOLVES,EQ,17782,9789,55.05
20,1364,KTKBANK,EQ,1529538,1117153,73.04
20,1365,KTL,ST,6000,6000,100.00
20,1366,KUANTUM,EQ,41345,21030,50.86
20,1367,LAGNAM,EQ,10614,6862,64.65
20,1368,LAKSHYA,ST,15200,13600,89.47
20,1369,LALPATHLAB,EQ,177202,93550,52.79
20,1370,LAMOSAIC,ST,49200,42600,86.59
20,1371,LANCORHOL,EQ,169030,102970,60.92
20,1372,LANDMARK,EQ,36238,22154,61.13
20,1373,LAOPALA,EQ,1930530,213066,11.04
20,1374,LASA,EQ,140728,76184,54.14
20,1375,LATENTVIEW,EQ,154899,70179,45.31
20,1376,LAURUSLABS,EQ,3104538,1015103,32.70
20,1377,LAWSIKHO,ST,23500,22500,95.74
20,1378,LAXMICOT,EQ,18571,6580,35.43
20,1379,LAXMIDENTL,EQ,287488,67437,23.46
20,1380,LEMERITE,ST,60800,43200,71.05
20,1381,LEMONTREE,EQ,4016566,1344146,33.47
20,1382,LEXUS,EQ,9492,7721,81.34
20,1383,LFIC,EQ,448,274,61.16
20,1384,LGBBROSLTD,EQ,13963,7649,54.78
20,1385,LIBAS,EQ,61079,54512,89.25
20,1386,LIBERTSHOE,EQ,35902,17322,48.25
20,1387,LICHSGFIN,EQ,579614,205669,35.48
20,1388,LICI,EQ,965646,308874,31.99
20,1389,LICMFGOLD,EQ,7446,7315,98.24
20,1390,LICNETFGSC,EQ,11880,11437,96.27
20,1391,LICNETFN50,EQ,587,587,100.00
20,1392,LICNETFSEN,EQ,114,96,84.21
20,1393,LICNFNHGP,EQ,726,138,19.01
20,1394,LICNMID100,EQ,19038,17169,90.18
20,1395,LIKHITHA,EQ,49238,24300,49.35
20,1396,LINC,EQ,15477,10051,64.94
20,1397,LINCOLN,EQ,78629,41492,52.77
20,1398,LINDEINDIA,EQ,54224,12313,22.71
20,1399,LIQUID,EQ,355603,219644,61.77
20,1400,LIQUID1,EQ,618340,441872,71.46
20,1401,LIQUIDADD,EQ,1434252,1225362,85.44
20,1402,LIQUIDBEES,EQ,3543621,2899873,81.83
20,1403,LIQUIDBETF,EQ,390660,377411,96.61
20,1404,LIQUIDCASE,EQ,7829351,7501510,95.81
20,1405,LIQUIDETF,EQ,100563,73382,72.97
20,1406,LIQUIDIETF,EQ,632821,336766,53.22
20,1407,LIQUIDPLUS,EQ,220688,220025,99.70
20,1408,LIQUIDSBI,EQ,604,481,79.64
20,1409,LIQUIDSHRI,EQ,6634,3881,58.50
20,1410,LLOYDS,SM,6000,4000,66.67
20,1411,LLOYDSENGG,EQ,3578747,1339092,37.42
20,1412,LLOYDSENT,EQ,1934335,983955,50.87
20,1413,LLOYDSME,EQ,271500,126900,46.74
20,1414,LMW,EQ,3350,2262,67.52
20,1415,LODHA,EQ,2045038,1189084,58.14
20,1416,LOTUSEYE,EQ,5855,3877,66.22
20,1417,LOVABLE,EQ,20929,10783,51.52
20,1418,LOWVOL,EQ,266,224,84.21
20,1419,LOWVOL1,EQ,49591,47537,95.86
20,1420,LOWVOLIETF,EQ,846158,620645,73.35
20,1421,LRRPL,ST,7500,7500,100.00
20,1422,LT,EQ,1706850,1024169,60.00
20,1423,LTF,EQ,2884321,960569,33.30
20,1424,LTFOODS,EQ,384878,163080,42.37
20,1425,LTGILTBEES,EQ,1136640,811018,71.35
20,1426,LTIM,EQ,186213,86782,46.60
20,1427,LTTS,EQ,389616,87159,22.37
20,1428,LUMAXIND,EQ,2372,1725,72.72
20,1429,LUMAXTECH,EQ,124171,48089,38.73
20,1430,LUPIN,EQ,937687,577513,61.59
20,1431,LUXIND,EQ,47861,20839,43.54
20,1432,LXCHEM,EQ,707491,372159,52.60
20,1433,LYKALABS,EQ,27966,16977,60.71
20,1434,LYPSAGEMS,EQ,19546,14280,73.06
20,1435,MACOBSTECH,SM,34400,28800,83.72
20,1436,MADHAV,EQ,6919,2883,41.67
20,1437,MADHAVBAUG,SM,2000,1600,80.00
20,1438,MADHUCON,EQ,133442,109806,82.29
20,1439,MADHUSUDAN,SM,20000,13000,65.00
20,1440,MADRASFERT,EQ,149834,59780,39.90
20,1441,MAFANG,EQ,140275,127766,91.08
20,1442,MAGADSUGAR,EQ,10674,7839,73.44
20,1443,MAGNUM,EQ,164007,150867,91.99
20,1444,MAGSON,ST,12000,12000,100.00
20,1445,MAHABANK,EQ,6761489,2177185,32.20
20,1446,MAHAPEXLTD,EQ,18604,10927,58.73
20,1447,MAHESHWARI,EQ,7761,3393,43.72
20,1448,MAHICKRA,SM,29250,21000,71.79
20,1449,MAHKTECH,EQ,6885541,5053328,73.39
20,1450,MAHLIFE,EQ,284401,83711,29.43
20,1451,MAHLOG,EQ,289006,179609,62.15
20,1452,MAHSCOOTER,EQ,4379,1504,34.35
20,1453,MAHSEAMLES,EQ,1794167,274726,15.31
20,1454,MAITHANALL,EQ,58381,28152,48.22
20,1455,MAITREYA,ST,9200,7600,82.61
20,1456,MAKEINDIA,EQ,62748,56001,89.25
20,1457,MAKS,SM,4500,4500,100.00
20,1458,MALLCOM,EQ,1480,774,52.30
20,1459,MALUPAPER,EQ,7668,4546,59.29
20,1460,MAMATA,EQ,179604,49553,27.59
20,1461,MANAKALUCO,EQ,37108,17012,45.84
20,1462,MANAKSIA,EQ,53434,27505,51.47
20,1463,MANAKSTEEL,EQ,58604,26144,44.61
20,1464,MANALIPETC,EQ,161321,78785,48.84
20,1465,MANAPPURAM,EQ,9179356,2815583,30.67
20,1466,MANBA,EQ,90109,57942,64.30
20,1467,MANCREDIT,EQ,10166,3621,35.62
20,1468,MANDEEP,SM,8000,8000,100.00
20,1469,MANGALAM,EQ,21691,8968,41.34
20,1470,MANGCHEFER,EQ,113574,56705,49.93
20,1471,MANGLMCEM,EQ,99799,57003,57.12
20,1472,MANINDS,EQ,299535,164415,54.89
20,1473,MANINFRA,EQ,855944,359147,41.96
20,1474,MANKIND,EQ,287634,159785,55.55
20,1475,MANOMAY,EQ,8046,7426,92.29
20,1476,MANORAMA,EQ,34831,22111,63.48
20,1477,MANORG,EQ,33990,19146,56.33
20,1478,MANUGRAPH,EQ,9772,8908,91.16
20,1479,MANYAVAR,EQ,61231,22446,36.66
20,1480,MAPMYINDIA,EQ,40940,15444,37.72
20,1481,MARALOVER,EQ,9009,3721,41.30
20,1482,MARATHON,EQ,37209,16268,43.72
20,1483,MARCO,SM,9000,7500,83.33
20,1484,MARICO,EQ,1976242,1118124,56.58
20,1485,MARKSANS,EQ,953414,396921,41.63
20,1486,MARUTI,EQ,477013,323526,67.82
20,1487,MASFIN,EQ,45701,23109,50.57
20,1488,MASON,ST,19000,18000,94.74
20,1489,MASPTOP50,EQ,227969,212572,93.25
20,1490,MASTEK,EQ,60600,25624,42.28
20,1491,MASTERTR,EQ,33611,16387,48.75
20,1492,MATRIMONY,EQ,9661,5183,53.65
20,1493,MAWANASUG,EQ,73439,39009,53.12
20,1494,MAXESTATES,EQ,98550,48821,49.54
20,1495,MAXHEALTH,EQ,926535,571408,61.67
20,1496,MAXIND,EQ,29009,14552,50.16
20,1497,MAXPOSURE,SM,6000,5000,83.33
20,1498,MAXVOLT,ST,161600,156800,97.03
20,1499,MAYURUNIQ,EQ,133451,114057,85.47
20,1500,MAZDOCK,EQ,3003528,431166,14.36
20,1501,MBAPL,EQ,91411,53337,58.35
20,1502,MBLINFRA,EQ,199518,30267,15.17
20,1503,MCLOUD,EQ,282050,125481,44.49
20,1504,MCON,ST,8000,7000,87.50
20,1505,MCX,EQ,316241,95683,30.26
20,1506,MDL,SM,3000,3000,100.00
20,1507,MEDANTA,EQ,916052,591205,64.54
20,1508,MEDIASSIST,EQ,105696,49874,47.19
20,1509,MEDICAMEQ,EQ,64153,37404,58.30
20,1510,MEDICO,EQ,3385231,1338662,39.54
20,1511,MEDIORG,SM,26000,26000,100.00
20,1512,MEDPLUS,EQ,154187,77477,50.25
20,1513,MEGAFLEX,ST,39000,39000,100.00
20,1514,MEGASTAR,EQ,4378,3495,79.83
20,1515,MEGATHERM,SM,31600,17200,54.43
20,1516,MENONBE,EQ,14815,9482,64.00
20,1517,METAL,EQ,289917,156479,53.97
20,1518,METALIETF,EQ,13252320,9793775,73.90
20,1519,METROBRAND,EQ,20191,9191,45.52
20,1520,METROPOLIS,EQ,167017,77585,46.45
20,1521,MFSL,EQ,903624,524760,58.07
20,1522,MGEL,EQ,550957,196977,35.75
20,1523,MGL,EQ,312637,121763,38.95
20,1524,MHHL,ST,6000,6000,100.00
20,1525,MHRIL,EQ,70613,35719,50.58
20,1526,MICEL,EQ,731637,407598,55.71
20,1527,MID150BEES,EQ,3499455,3101897,88.64
20,1528,MID150CASE,EQ,857088,502625,58.64
20,1529,MIDCAP,EQ,21175,9992,47.19
20,1530,MIDCAPETF,EQ,1334973,833950,62.47
20,1531,MIDCAPIETF,EQ,1328197,813737,61.27
20,1532,MIDHANI,EQ,343634,106577,31.01
20,1533,MIDQ50ADD,EQ,4150,3913,94.29
20,1534,MIDSELIETF,EQ,290783,125312,43.09
20,1535,MIDSMALL,EQ,445443,264140,59.30
20,1536,MIEL,ST,52000,46000,88.46
20,1537,MINDACORP,EQ,166064,48755,29.36
20,1538,MINDSPACE,RR,125950,109970,87.31
20,1539,MINDTECK,EQ,64245,25428,39.58
20,1540,MIRCELECTR,EQ,735100,432555,58.84
20,1541,MIRZAINT,EQ,160097,50674,31.65
20,1542,MITCON,EQ,30165,19650,65.14
20,1543,MITCONPP,E1,18608,14502,77.93
20,1544,MITTAL,EQ,2024154,1187299,58.66
20,1545,MKPL,EQ,215602,112895,52.36
20,1546,M&M,EQ,8940621,4442713,49.69
20,1547,M&MFIN,EQ,5274745,2996833,56.81
20,1548,MMFL,EQ,97916,66858,68.28
20,1549,MMP,EQ,16461,8143,49.47
20,1550,MMTC,EQ,1546382,463368,29.96
20,1551,MNC,EQ,26267,23221,88.40
20,1552,MOBIKWIK,EQ,4078484,612758,15.02
20,1553,MODEFENCE,EQ,351352,148230,42.19
20,1554,MODIRUBBER,EQ,1492,1015,68.03
20,1555,MODISONLTD,EQ,15349,9572,62.36
20,1556,MOGSEC,EQ,23661,21006,88.78
20,1557,MOHEALTH,EQ,63605,34594,54.39
20,1558,MOIL,EQ,1054125,351396,33.34
20,1559,MOKSH,EQ,106828,78127,73.13
20,1560,MOL,EQ,452483,223836,49.47
20,1561,MOLDTECH,EQ,143701,69668,48.48
20,1562,MOLDTKPAC,EQ,53621,37478,69.89
20,1563,MOLOWVOL,EQ,100849,100528,99.68
20,1564,MOM100,EQ,574393,284185,49.48
20,1565,MOM30IETF,EQ,1898236,1548452,81.57
20,1566,MOM50,EQ,3320,2372,71.45
20,1567,MOMENTUM,EQ,48401,41592,85.93
20,1568,MOMENTUM50,EQ,733807,572654,78.04
20,1569,MOMOMENTUM,EQ,126825,87054,68.64
20,1570,MON100,EQ,582967,328315,56.32
20,1571,MONARCH,EQ,97622,43485,44.54
20,1572,MONIFTY500,EQ,325399,241305,74.16
20,1573,MONOPHARMA,SM,14000,12000,85.71
20,1574,MONQ50,EQ,38633,36660,94.89
20,1575,MONTECARLO,EQ,15033,8504,56.57
20,1576,MOQUALITY,EQ,379,368,97.10
20,1577,MOREALTY,EQ,152625,62533,40.97
20,1578,MOREPENLAB,EQ,3461054,1183571,34.20
20,1579,MOS,ST,29600,29600,100.00
20,1580,MOSCHIP,EQ,295874,140372,47.44
20,1581,MOSMALL250,EQ,1001701,561310,56.04
20,1582,MOTHERSON,EQ,15265934,5811584,38.07
20,1583,MOTILALOFS,EQ,2396378,872893,36.43
20,1584,MOTISONS,EQ,3713018,2671007,71.94
20,1585,MOTOGENFIN,EQ,19282,9751,50.57
20,1586,MOVALUE,EQ,60100,27489,45.74
20,1587,MOXSH,SM,3200,3200,100.00
20,1588,MPHASIS,EQ,248774,117571,47.26
20,1589,MPSLTD,EQ,32046,14474,45.17
20,1590,MPTODAY,SM,4000,4000,100.00
20,1591,MRF,EQ,5319,2367,44.50
20,1592,MRO-TEK,EQ,22690,7517,33.13
20,1593,MRPL,EQ,1442416,476669,33.05
20,1594,MSPL,EQ,391009,245366,62.75
20,1595,MSTCLTD,EQ,282516,130244,46.10
20,1596,MSUMI,EQ,5631395,3647650,64.77
20,1597,MTARTECH,EQ,220350,52262,23.72
20,1598,MTNL,EQ,3420544,769899,22.51
20,1599,MUFIN,EQ,92092,47840,51.95
20,1600,MUFTI,EQ,68695,30256,44.04
20,1601,MUKANDLTD,EQ,115625,64147,55.48
20,1602,MUKKA,EQ,351066,177041,50.43
20,1603,MUKTAARTS,EQ,24296,20562,84.63
20,1604,MULTICAP,EQ,299072,123672,41.35
20,1605,MUNJALAU,EQ,133976,66330,49.51
20,1606,MUNJALSHOW,EQ,38850,20661,53.18
20,1607,MURUDCERA,EQ,35231,20803,59.05
20,1608,MUTHOOTCAP,EQ,21360,13549,63.43
20,1609,MUTHOOTFIN,EQ,586551,295375,50.36
20,1610,MUTHOOTMF,EQ,175617,94904,54.04
20,1611,MVGJL,EQ,96280,46708,48.51
20,1612,MVKAGRO,SM,9600,6000,62.50
20,1613,MWL,SM,10800,8400,77.78
20,1614,MYMUDRA,ST,16800,16800,100.00
20,1615,NACLIND,EQ,85261,36984,43.38
20,1616,NAGAFERT,EQ,880567,462293,52.50
20,1617,NAGREEKEXP,EQ,15689,13165,83.91
20,1618,NAHARCAP,EQ,6187,2951,47.70
20,1619,NAHARINDUS,EQ,32563,18635,57.23
20,1620,NAHARPOLY,EQ,9448,4866,51.50
20,1621,NAHARSPING,EQ,48561,13524,27.85
20,1622,NAMAN,ST,16800,16800,100.00
20,1623,NAM-INDIA,EQ,1118358,572271,51.17
20,1624,NAMOEWASTE,SM,14400,9600,66.67
20,1625,NATCAPSUQ,EQ,2145,1350,62.94
20,1626,NATCOPHARM,EQ,1617675,730195,45.14
20,1627,NATHBIOGEN,EQ,13228,10047,75.95
20,1628,NATIONALUM,EQ,19264166,6556791,34.04
20,1629,NAUKRI,EQ,185814,88310,47.53
20,1630,NAVA,EQ,577830,218499,37.81
20,1631,NAVINFLUOR,EQ,158392,82698,52.21
20,1632,NAVKARCORP,EQ,372962,162352,43.53
20,1633,NAVNETEDUL,EQ,46882,22086,47.11
20,1634,NAZARA,EQ,108548,62203,57.30
20,1635,NBCC,EQ,12310003,3312212,26.91
20,1636,NCC,EQ,7867627,2816423,35.80
20,1637,NCLIND,EQ,68319,35536,52.01
20,1638,NDL,EQ,7454675,5713969,76.65
20,1639,NDLVENTURE,EQ,4213,2626,62.33
20,1640,NDRAUTO,EQ,12480,5320,42.63
20,1641,NDTV,EQ,222868,58622,26.30
20,1642,NECCLTD,EQ,206776,83232,40.25
20,1643,NECLIFE,EQ,797882,481761,60.38
20,1644,NEELAM,ST,42000,42000,100.00
20,1645,NELCAST,EQ,25833,20044,77.59
20,1646,NELCO,EQ,74426,29068,39.06
20,1647,NEOGEN,EQ,26158,13838,52.90
20,1648,NEPHROCARE,SM,34800,21200,60.92
20,1649,NESCO,EQ,40105,19848,49.49
20,1650,NESTLEIND,EQ,594245,412442,69.41
20,1651,NETF,EQ,1395,1221,87.53
20,1652,NETWEB,EQ,489712,144663,29.54
20,1653,NETWORK18,EQ,5664695,2762853,48.77
20,1654,NEULANDLAB,EQ,32287,15299,47.38
20,1655,NEWGEN,EQ,243962,83282,34.14
20,1656,NEWJAISA,SM,13500,9000,66.67
20,1657,NEXT30ADD,EQ,8941,8442,94.42
20,1658,NEXT50,EQ,258896,256359,99.02
20,1659,NEXT50IETF,EQ,481016,295738,61.48
20,1660,NFL,EQ,1648747,468502,28.42
20,1661,NGIL,EQ,13136,4503,34.28
20,1662,NGILPP1,E1,532,532,100.00
20,1663,NH,EQ,416914,96888,23.24
20,1664,NHPC,EQ,41631037,12182250,29.26
20,1665,NIACL,EQ,426672,148944,34.91
20,1666,NIBE,EQ,36910,21313,57.74
20,1667,NIF100BEES,EQ,30995,14273,46.05
20,1668,NIF100IETF,EQ,211184,157624,74.64
20,1669,NIF10GETF,EQ,2645,2482,93.84
20,1670,NIFITETF,EQ,347,340,97.98
20,1671,NIFMID150,EQ,665,635,95.49
20,1672,NIFTY1,EQ,36403,22407,61.55
20,1673,NIFTY50ADD,EQ,8335,7852,94.21
20,1674,NIFTYBEES,EQ,6288816,4246951,67.53
20,1675,NIFTYBETF,EQ,7936,7246,91.31
20,1676,NIFTYETF,EQ,243517,143850,59.07
20,1677,NIFTYIETF,EQ,799758,657061,82.16
20,1678,NIFTYQLITY,EQ,40135,30335,75.58
20,1679,NIITLTD,EQ,967055,410679,42.47
20,1680,NIITMTS,EQ,94722,61683,65.12
20,1681,NILAINFRA,EQ,453501,234109,51.62
20,1682,NILKAMAL,EQ,1360,862,63.38
20,1683,NINSYS,EQ,7350,3244,44.14
20,1684,NIPPOBATRY,EQ,8699,7367,84.69
20,1685,NIRAJ,EQ,158205,49159,31.07
20,1686,NIRMAN,SM,40200,19800,49.25
20,1687,NITINSPIN,EQ,90544,40787,45.05
20,1688,NITIRAJ,EQ,89712,25499,28.42
20,1689,NIVABUPA,EQ,650819,199084,30.59
20,1690,NLCINDIA,EQ,2749434,480901,17.49
20,1691,NMDC,EQ,21758577,6684724,30.72
20,1692,NMSTEEL,ST,9600,9600,100.00
20,1693,NOCIL,EQ,527581,259651,49.22
20,1694,NORTHARC,EQ,268422,128926,48.03
20,1695,NOVAAGRI,EQ,193008,81529,42.24
20,1696,NPBET,EQ,1952,1053,53.94
20,1697,NPST,SM,22550,14600,64.75
20,1698,NRAIL,EQ,98258,88977,90.55
20,1699,NRBBEARING,EQ,99457,33449,33.63
20,1700,NRL,EQ,63547,38778,61.02
20,1701,NSIL,EQ,11409,4834,42.37
20,1702,NSLNISP,EQ,17414087,2241379,12.87
20,1703,NTPC,EQ,10809296,6000624,55.51
20,1704,NTPCGREEN,EQ,8625510,2951386,34.22
20,1705,NUCLEUS,EQ,27837,12019,43.18
20,1706,NUVAMA,EQ,42142,20559,48.79
20,1707,NUVOCO,EQ,51901,24733,47.65
20,1708,NV20,EQ,7868,6262,79.59
20,1709,NV20BEES,EQ,16819,13098,77.88
20,1710,NV20IETF,EQ,558687,438288,78.45
20,1711,NXST,RR,2358425,2325907,98.62
20,1712,NYKAA,EQ,8936220,4166634,46.63
20,1713,OAL,EQ,15585,8029,51.52
20,1714,OBCL,EQ,9117,5134,56.31
20,1715,OBEROIRLTY,EQ,496920,140971,28.37
20,1716,OBSCP,ST,38400,31200,81.25
20,1717,OCCL,EQ,11308,6446,57.00
20,1718,OCCLLTD,EQ,140233,74272,52.96
20,1719,OFSS,EQ,185897,56316,30.29
20,1720,OIL,EQ,2221369,811772,36.54
20,1721,OILCOUNTUB,EQ,113851,68122,59.83
20,1722,OILIETF,EQ,832979,504219,60.53
20,1723,OLAELEC,EQ,19439120,5972042,30.72
20,1724,OLECTRA,EQ,442304,136574,30.88
20,1725,OLIL,SM,25200,18000,71.43
20,1726,OMAXAUTO,EQ,229718,84318,36.71
20,1727,OMAXE,EQ,37903,15327,40.44
20,1728,OMFURN,ST,2400,2400,100.00
20,1729,OMINFRAL,EQ,232925,100670,43.22
20,1730,ONDOOR,ST,5700,5100,89.47
20,1731,ONELIFECAP,EQ,49085,32483,66.18
20,1732,ONEPOINT,EQ,927220,190590,20.55
20,1733,ONESOURCE,EQ,327981,213133,64.98
20,1734,ONGC,EQ,5697387,2884806,50.63
20,1735,ONMOBILE,EQ,347894,161287,46.36
20,1736,ONWARDTEC,EQ,52120,23051,44.23
20,1737,ONYX,ST,6000,6000,100.00
20,1738,OPTIEMUS,EQ,149723,67376,45.00
20,1739,ORCHASP,EQ,2997241,2932436,97.84
20,1740,ORCHPHARMA,EQ,69216,42302,61.12
20,1741,ORIANA,SM,68325,38025,55.65
20,1742,ORICONENT,EQ,229028,143968,62.86
20,1743,ORIENTALTL,EQ,1521418,432271,28.41
20,1744,ORIENTBELL,EQ,1084,591,54.52
20,1745,ORIENTCEM,EQ,1334688,1057043,79.20
20,1746,ORIENTCER,EQ,55188,35752,64.78
20,1747,ORIENTELEC,EQ,144257,81070,56.20
20,1748,ORIENTHOT,EQ,327099,111704,34.15
20,1749,ORIENTPPR,EQ,1265619,607707,48.02
20,1750,ORIENTTECH,EQ,568240,256471,45.13
20,1751,ORISSAMINE,EQ,6395,2050,32.06
20,1752,ORTINGLOBE,EQ,59388,51856,87.32
20,1753,OSELDEVICE,ST,33600,33600,100.00
20,1754,OSWALAGRO,EQ,36977,19238,52.03
20,1755,OSWALGREEN,EQ,191362,84822,44.33
20,1756,OWAIS,SM,23600,16300,69.07
20,1757,PAGEIND,EQ,29594,12520,42.31
20,1758,PAISALO,EQ,798359,348403,43.64
20,1759,PAKKA,EQ,152933,87449,57.18
20,1760,PALASHSECU,EQ,6260,561,8.96
20,1761,PANACEABIO,EQ,136984,76134,55.58
20,1762,PANAMAPET,EQ,72414,36030,49.76
20,1763,PARACABLES,EQ,846095,491377,58.08
20,1764,PARADEEP,EQ,5088153,2107221,41.41
20,1765,PARAGMILK,EQ,433492,289934,66.88
20,1766,PARAGON,ST,38400,34800,90.63
20,1767,PARAMOUNT,SM,21600,13200,61.11
20,1768,PARAS,EQ,198731,61368,30.88
20,1769,PARASPETRO,EQ,214522,174357,81.28
20,1770,PARIN,ST,12000,12000,100.00
20,1771,PARKHOTELS,EQ,352543,150979,42.83
20,1772,PARTYCRUS,SM,3000,3000,100.00
20,1773,PASHUPATI,ST,1400,1200,85.71
20,1774,PASUPTAC,EQ,37002,26614,71.93
20,1775,PATANJALI,EQ,627284,296656,47.29
20,1776,PATELENG,EQ,2278308,977015,42.88
20,1777,PATINTLOG,EQ,100699,65475,65.02
20,1778,PATTECH,SM,4500,4500,100.00
20,1779,PAVNAIND,EQ,3146,1610,51.18
20,1780,PAYTM,EQ,5453360,953381,17.48
20,1781,PCBL,EQ,1683675,609822,36.22
20,1782,PCCL,SM,10800,10400,96.30
20,1783,PCJEWELLER,EQ,11841248,5791973,48.91
20,1784,PDMJEPAPER,EQ,93509,49826,53.28
20,1785,PDSL,EQ,67409,33301,49.40
20,1786,PEARLPOLY,EQ,14424,10826,75.06
20,1787,PEL,EQ,411168,127864,31.10
20,1788,PELATRO,ST,1800,1800,100.00
20,1789,PENIND,EQ,799630,264722,33.11
20,1790,PENTAGON,SM,23000,21000,91.30
20,1791,PERFECT,ST,99000,99000,100.00
20,1792,PERSISTENT,EQ,335451,176040,52.48
20,1793,PETRONET,EQ,1709366,754197,44.12
20,1794,PFC,EQ,6385575,1989283,31.15
20,1795,PFIZER,EQ,16716,6144,36.76
20,1796,PFOCUS,EQ,36786,24087,65.48
20,1797,PFS,EQ,712943,261578,36.69
20,1798,PGEL,EQ,933613,289145,30.97
20,1799,PGHH,EQ,3530,1864,52.80
20,1800,PGHL,EQ,11122,5018,45.12
20,1801,PGIL,EQ,131462,59003,44.88
20,1802,PGINVIT,IV,826507,794116,96.08
20,1803,PHANTOMFX,ST,24600,24000,97.56
20,1804,PHARMABEES,EQ,10588276,8085724,76.36
20,1805,PHOENIXLTD,EQ,548071,366469,66.87
20,1806,PHOGLOBAL,ST,22000,20000,90.91
20,1807,PIDILITIND,EQ,576991,372330,64.53
20,1808,PIIND,EQ,349942,220121,62.90
20,1809,PILANIINVS,EQ,10160,3352,32.99
20,1810,PILITA,EQ,615680,570593,92.68
20,1811,PITTIENG,EQ,56150,25600,45.59
20,1812,PIXTRANS,EQ,24134,13016,53.93
20,1813,PLASTIBLEN,EQ,5908,3342,56.57
20,1814,PLATIND,EQ,168259,80164,47.64
20,1815,PLAZACABLE,EQ,35319,24163,68.41
20,1816,PNB,EQ,12976716,3846316,29.64
20,1817,PNBGILTS,EQ,414565,156404,37.73
20,1818,PNBHOUSING,EQ,588597,194157,32.99
20,1819,PNCINFRA,EQ,1086002,524405,48.29
20,1820,PNGJL,EQ,401012,123042,30.68
20,1821,POCL,EQ,49159,23058,46.90
20,1822,PODDARMENT,EQ,1603,1301,81.16
20,1823,POKARNA,EQ,58161,27810,47.82
20,1824,POLICYBZR,EQ,1383884,625152,45.17
20,1825,POLYCAB,EQ,603944,349171,57.82
20,1826,POLYMED,EQ,126979,42745,33.66
20,1827,POLYPLEX,EQ,106529,50287,47.20
20,1828,PONNIERODE,EQ,14347,8595,59.91
20,1829,POONAWALLA,EQ,2513441,891276,35.46
20,1830,POSITRON,SM,14100,9900,70.21
20,1831,POWERGRID,EQ,10757038,7627450,70.91
20,1832,POWERINDIA,EQ,128518,35104,27.31
20,1833,POWERMECH,EQ,48333,18818,38.93
20,1834,PPAP,EQ,30717,14226,46.31
20,1835,PPL,EQ,86321,34020,39.41
20,1836,PPLPHARMA,EQ,16365410,1960934,11.98
20,1837,PPSL,SM,18000,18000,100.00
20,1838,PRAENG,EQ,246359,114296,46.39
20,1839,PRAJIND,EQ,623968,184731,29.61
20,1840,PRAKASH,EQ,384150,175354,45.65
20,1841,PRAKASHSTL,EQ,827266,755957,91.38
20,1842,PRAMARA,SM,29000,18000,62.07
20,1843,PRANIK,SM,11200,8000,71.43
20,1844,PRATHAM,ST,7600,7600,100.00
20,1845,PRECAM,EQ,175266,71058,40.54
20,1846,PRECISION,ST,34000,34000,100.00
20,1847,PRECWIRE,EQ,114662,47048,41.03
20,1848,PREMEXPLN,EQ,146543,68689,46.87
20,1849,PREMIERENE,EQ,858321,198881,23.17
20,1850,PREMIUM,SM,48000,18000,37.50
20,1851,PRESSTONIC,ST,5600,5600,100.00
20,1852,PRESTIGE,EQ,913356,565543,61.92
20,1853,PRICOLLTD,EQ,148835,62837,42.22
20,1854,PRIMESECU,EQ,113250,78431,69.25
20,1855,PRINCEPIPE,EQ,291204,79487,27.30
20,1856,PRITI,EQ,9432,5568,59.03
20,1857,PRITIKA,ST,34000,28000,82.35
20,1858,PRITIKAUTO,EQ,813019,320081,39.37
20,1859,PRIVISCL,EQ,22180,14033,63.27
20,1860,PRIZOR,ST,25600,24000,93.75
20,1861,PRLIND,SM,11000,7000,63.64
20,1862,PROLIFE,SM,500,500,100.00
20,1863,PROPEQUITY,SM,10800,10200,94.44
20,1864,PROTEAN,EQ,189761,94173,49.63
20,1865,PROV,SM,80,80,100.00
20,1866,PRSMJOHNSN,EQ,307677,116425,37.84
20,1867,PRUDENT,EQ,55550,23868,42.97
20,1868,PSB,EQ,797442,219781,27.56
20,1869,PSFL,SM,12000,12000,100.00
20,1870,PSPPROJECT,EQ,47091,25499,54.15
20,1871,PSRAJ,ST,20000,20000,100.00
20,1872,PSUBANK,EQ,6426,4806,74.79
20,1873,PSUBANKADD,EQ,1793,1642,91.58
20,1874,PSUBNKBEES,EQ,5181373,4334595,83.66
20,1875,PSUBNKIETF,EQ,235993,53904,22.84
20,1876,PTC,EQ,2254219,1342386,59.55
20,1877,PTCIL,EQ,24706,14947,60.50
20,1878,PTL,EQ,25814,17428,67.51
20,1879,PULZ,SM,10000,10000,100.00
20,1880,PUNJABCHEM,EQ,10358,6102,58.91
20,1881,PURPLEUTED,SM,18000,15000,83.33
20,1882,PURVA,EQ,138193,61688,44.64
20,1883,PURVFLEXI,SM,9600,6400,66.67
20,1884,PVP,EQ,180363,102099,56.61
20,1885,PVRINOX,EQ,364404,106360,29.19
20,1886,PVSL,EQ,36400,21274,58.45
20,1887,PVTBANIETF,EQ,878587,380078,43.26
20,1888,PVTBANKADD,EQ,11430,10467,91.57
20,1889,PYRAMID,EQ,39319,20184,51.33
20,1890,QFIL,SM,9000,9000,100.00
20,1891,QGOLDHALF,EQ,47724,45943,96.27
20,1892,QMSMEDI,SM,2000,2000,100.00
20,1893,QNIFTY,EQ,446,375,84.08
20,1894,QUADFUTURE,EQ,2748374,273464,9.95
20,1895,QUAL30IETF,EQ,512868,233484,45.53
20,1896,QUESS,EQ,166145,69698,41.95
20,1897,QUESTLAB,ST,1200,1200,100.00
20,1898,QUICKHEAL,EQ,124230,64147,51.64
20,1899,QUICKTOUCH,ST,20500,19000,92.68
20,1900,QVCEL,ST,6400,6400,100.00
20,1901,RACE,EQ,21842,9514,43.56
20,1902,RACLGEAR,EQ,3280,1656,50.49
20,1903,RADHIKAJWE,EQ,221081,136041,61.53
20,1904,RADIANTCMS,EQ,258935,184789,71.37
20,1905,RADICO,EQ,441330,169955,38.51
20,1906,RADIOCITY,EQ,298215,251066,84.19
20,1907,RADIOCITY,P1,13914,13168,94.64
20,1908,RADIOWALLA,SM,3200,3200,100.00
20,1909,RAILTEL,EQ,1765645,419306,23.75
20,1910,RAIN,EQ,1728387,703044,40.68
20,1911,RAINBOW,EQ,66075,25871,39.15
20,1912,RAJESHEXPO,EQ,1684438,252251,14.98
20,1913,RAJINDLTD,SM,18000,12000,66.67
20,1914,RAJMET,EQ,1719937,1027346,59.73
20,1915,RAJPUTANA,SM,10000,4000,40.00
20,1916,RAJRATAN,EQ,191548,103098,53.82
20,1917,RAJSREESUG,EQ,46704,27222,58.29
20,1918,RALLIS,EQ,481793,166883,34.64
20,1919,RAMANEWS,EQ,1149173,743923,64.74
20,1920,RAMAPHO,EQ,8538,6369,74.60
20,1921,RAMASTEEL,EQ,5312809,1679313,31.61
20,1922,RAMCOCEM,EQ,350844,145671,41.52
20,1923,RAMCOIND,EQ,100111,48613,48.56
20,1924,RAMCOSYS,EQ,127300,37685,29.60
20,1925,RAMKY,EQ,45471,33043,72.67
20,1926,RAMRAT,EQ,78805,43107,54.70
20,1927,RANASUG,EQ,364498,249867,68.55
20,1928,RANEENGINE,EQ,2002,1677,83.77
20,1929,RANEHOLDIN,EQ,14060,11056,78.63
20,1930,RAPPID,ST,600,600,100.00
20,1931,RATEGAIN,EQ,323451,134781,41.67
20,1932,RATNAMANI,EQ,15238,7792,51.14
20,1933,RATNAVEER,EQ,113744,59682,52.47
20,1934,RAYMOND,EQ,165407,37013,22.38
20,1935,RAYMONDLSL,EQ,256514,61860,24.12
20,1936,RBA,EQ,647839,366935,56.64
20,1937,RBL,EQ,7903,3183,40.28
20,1938,RBLBANK,EQ,4829268,1022627,21.18
20,1939,RBMINFRA,ST,109600,105800,96.53
20,1940,RBS,ST,12800,11200,87.50
20,1941,RBZJEWEL,EQ,162565,85888,52.83
20,1942,RCDL,SM,12000,12000,100.00
20,1943,RCF,EQ,2229234,621285,27.87
20,1944,READYMIX,ST,7000,7000,100.00
20,1945,RECLTD,EQ,6099522,1775458,29.11
20,1946,REDINGTON,EQ,11923672,2646548,22.20
20,1947,REDTAPE,EQ,123304,57707,46.80
20,1948,REFEX,EQ,357833,173201,48.40
20,1949,RELAXO,EQ,100626,34803,34.59
20,1950,RELCHEMQ,EQ,3475,1508,43.40
20,1951,RELIABLE,EQ,53908,19364,35.92
20,1952,RELIANCE,EQ,6904025,4160538,60.26
20,1953,RELIGARE,EQ,23064527,4430135,19.21
20,1954,RELINFRA,EQ,1791562,715632,39.94
20,1955,RELTD,EQ,34300,15857,46.23
20,1956,REMSONSIND,EQ,119956,45591,38.01
20,1957,REMUS,SM,4500,3700,82.22
20,1958,RENUKA,EQ,6686800,1971902,29.49
20,1959,REPCOHOME,EQ,118721,62217,52.41
20,1960,REPRO,EQ,6268,3307,52.76
20,1961,RESPONIND,EQ,70294,31345,44.59
20,1962,RETAIL,EQ,522,494,94.64
20,1963,REXPIPES,SM,4000,4000,100.00
20,1964,REXPRO,SM,102000,64000,62.75
20,1965,RGL,EQ,249338,123704,49.61
20,1966,RHIM,EQ,466643,278570,59.70
20,1967,RICHA,SM,1000,1000,100.00
20,1968,RICOAUTO,EQ,498607,156386,31.36
20,1969,RIIL,EQ,104225,29444,28.25
20,1970,RILINFRA,SM,23800,16700,70.17
20,1971,RISHABH,EQ,35195,18805,53.43
20,1972,RITCO,EQ,42158,21618,51.28
20,1973,RITES,EQ,1261215,336718,26.70
20,1974,RITEZONE,SM,1600,1600,100.00
20,1975,RKDL,EQ,25247,18425,72.98
20,1976,RKEC,EQ,57967,33628,58.01
20,1977,RKFORGE,EQ,614648,145554,23.68
20,1978,RKSWAMY,EQ,52227,24469,46.85
20,1979,RMDRIP,ST,26000,25500,98.08
20,1980,RML,EQ,4043,1791,44.30
20,1981,RNFI,ST,14400,14400,100.00
20,1982,ROCKINGDCE,SM,2500,2000,80.00
20,1983,ROHLTD,EQ,436709,152024,34.81
20,1984,ROLEXRINGS,EQ,6088,2242,36.83
20,1985,ROML,EQ,361,299,82.83
20,1986,ROSSARI,EQ,23829,10759,45.15
20,1987,ROSSTECH,EQ,17147,7947,46.35
20,1988,ROTO,EQ,80878,43112,53.30
20,1989,ROUTE,EQ,92442,48784,52.77
20,1990,ROXHITECH,ST,35200,32000,90.91
20,1991,RPEL,EQ,18008,9282,51.54
20,1992,RPGLIFE,EQ,11746,6247,53.18
20,1993,RPOWER,EQ,15678732,6017101,38.38
20,1994,RPPL,EQ,54295,25315,46.62
20,1995,RPSGVENT,EQ,47358,24634,52.02
20,1996,RPTECH,EQ,172178,83377,48.42
20,1997,RRKABEL,EQ,148294,27196,18.34
20,1998,RSWM,EQ,117910,75101,63.69
20,1999,RSYSTEMS,EQ,47339,30383,64.18
20,2000,RTNINDIA,EQ,1947114,641781,32.96
20,2001,RTNPOWER,EQ,13271127,5700861,42.96
20,2002,RUBFILA,EQ,48712,34346,70.51
20,2003,RUBYMILLS,EQ,17367,8592,49.47
20,2004,RUCHINFRA,EQ,48945,38738,79.15
20,2005,RUCHIRA,EQ,34672,16576,47.81
20,2006,RULKA,ST,20400,19500,95.59
20,2007,RUPA,EQ,138160,68952,49.91
20,2008,RUSHIL,EQ,306495,146995,47.96
20,2009,RUSTOMJEE,EQ,53792,32122,59.72
20,2010,RVNL,EQ,20755098,2351034,11.33
20,2011,RVTH,EQ,3335,2108,63.21
20,2012,SAAKSHI,SM,11400,10800,94.74
20,2013,SABAR,ST,15000,15000,100.00
20,2014,SADBHIN,EQ,146422,100346,68.53
20,2015,SADHAV,SM,14400,10200,70.83
20,2016,SAFARI,EQ,32597,16467,50.52
20,2017,SAGARDEEP,EQ,13893,10820,77.88
20,2018,SAGCEM,EQ,24044,14052,58.44
20,2019,SAH,EQ,119781,106125,88.60
20,2020,SAHAJSOLAR,SM,13200,9200,69.70
20,2021,SAHANA,ST,6125,5500,89.80
20,2022,SAHASRA,ST,58000,53200,91.72
20,2023,SAHYADRI,EQ,2870,2152,74.98
20,2024,SAIFL,ST,8000,7200,90.00
20,2025,SAIL,EQ,44746596,9411744,21.03
20,2026,SAILIFE,EQ,444199,141598,31.88
20,2027,SAJHOTELS,ST,18000,16000,88.89
20,2028,SAKAR,EQ,21765,12632,58.04
20,2029,SAKHTISUG,EQ,115178,69105,60.00
20,2030,SAKSOFT,EQ,116912,51563,44.10
20,2031,SALASAR,EQ,4442537,1822401,41.02
20,2032,SALONA,EQ,1989,1486,74.71
20,2033,SALSTEEL,EQ,84557,38145,45.11
20,2034,SALZERELEC,EQ,120688,41555,34.43
20,2035,SAMHI,EQ,1849944,946814,51.18
20,2036,SAMMAANCAP,EQ,8635899,4326109,50.09
20,2037,SANATHAN,EQ,74549,36083,48.40
20,2038,SANDESH,EQ,10828,5909,54.57
20,2039,SANDHAR,EQ,212114,91442,43.11
20,2040,SANDUMA,EQ,266724,99568,37.33
20,2041,SANGAMIND,EQ,8248,4948,59.99
20,2042,SANGHIIND,EQ,474889,336076,70.77
20,2043,SANGHVIMOV,EQ,576848,219415,38.04
20,2044,SANGINITA,EQ,11881,8822,74.25
20,2045,SANOFI,EQ,23768,6963,29.30
20,2046,SANOFICONR,EQ,33632,17178,51.08
20,2047,SANSERA,EQ,53747,21938,40.82
20,2048,SANSTAR,EQ,476303,289905,60.87
20,2049,SAPPHIRE,EQ,468758,166402,35.50
20,2050,SARDAEN,EQ,683007,269081,39.40
20,2051,SAREGAMA,EQ,232749,81134,34.86
20,2052,SAROJA,SM,6400,4800,75.00
20,2053,SARTELE,SM,27000,18500,68.52
20,2054,SARVESHWAR,EQ,1758791,821358,46.70
20,2055,SASKEN,EQ,5099,2486,48.75
20,2056,SASTASUNDR,EQ,33065,19217,58.12
20,2057,SATECH,ST,140000,138000,98.57
20,2058,SATIA,EQ,232149,123767,53.31
20,2059,SATIN,EQ,251886,101596,40.33
20,2060,SATINDLTD,EQ,406071,277537,68.35
20,2061,SATIPOLY,SM,2000,2000,100.00
20,2062,SATKARTAR,SM,62400,35200,56.41
20,2063,SAURASHCEM,EQ,37412,29076,77.72
20,2064,SBC,EQ,3079777,1805947,58.64
20,2065,SBCL,EQ,203816,104545,51.29
20,2066,SBFC,EQ,1130279,514145,45.49
20,2067,SBGLP,EQ,3284190,2235708,68.07
20,2068,SBICARD,EQ,2061566,1260759,61.16
20,2069,SBIETFCON,EQ,9962,6527,65.52
20,2070,SBIETFIT,EQ,2544,2054,80.74
20,2071,SBIETFPB,EQ,4482,3937,87.84
20,2072,SBIETFQLTY,EQ,3251,2992,92.03
20,2073,SBILIFE,EQ,1051158,639032,60.79
20,2074,SBIN,EQ,6571602,2763973,42.06
20,2075,SBINEQWETF,EQ,40932,35735,87.30
20,2076,SBISILVER,EQ,241559,177820,73.61
20,2077,SCHAEFFLER,EQ,39292,18535,47.17
20,2078,SCHAND,EQ,41870,24624,58.81
20,2079,SCHNEIDER,EQ,220095,61202,27.81
20,2080,SCI,EQ,1446204,484145,33.48
20,2081,SCILAL,EQ,631067,312891,49.58
20,2082,SCL25B,BI,150,150,100.00
20,2083,SCL310524,ZF,2,1,50.00
20,2084,SCML,SM,1000,1000,100.00
20,2085,SCPL,EQ,7315,4939,67.52
20,2086,SDBL,EQ,1218683,655492,53.79
20,2087,SDL26BEES,EQ,2009,1225,60.98
20,2088,SDREAMS,SM,36000,23000,63.89
20,2089,SEAMECLTD,EQ,24540,18869,76.89
20,2090,SECMARK,EQ,1190,820,68.91
20,2091,SECURKLOUD,EQ,13589,7179,52.83
20,2092,SEJALLTD,EQ,4140,2838,68.55
20,2093,SEL,ST,600,600,100.00
20,2094,SELAN,EQ,49341,24540,49.74
20,2095,SELMC,EQ,21881,16981,77.61
20,2096,SENCO,EQ,1073985,507750,47.28
20,2097,SENORES,EQ,2070649,280049,13.52
20,2098,SENSEXADD,EQ,424,361,85.14
20,2099,SENSEXETF,EQ,17036,16503,96.87
20,2100,SENSEXIETF,EQ,14880,6102,41.01
20,2101,SEPC,EQ,5465761,2631572,48.15
20,2102,SEQUENT,EQ,385144,208325,54.09
20,2103,SERVICE,SM,4000,4000,100.00
20,2104,SERVOTECH,EQ,1219953,452514,37.09
20,2105,SESHAPAPER,EQ,9846,5010,50.88
20,2106,SETF10GILT,EQ,4752,2635,55.45
20,2107,SETFGOLD,EQ,2893645,2493984,86.19
20,2108,SETFNIF50,EQ,562915,416379,73.97
20,2109,SETFNIFBK,EQ,47615,20367,42.77
20,2110,SETFNN50,EQ,35239,20632,58.55
20,2111,SFL,EQ,80247,41994,52.33
20,2112,SFML,ST,28800,25600,88.89
20,2113,SGBAPR28I,GB,567,393,69.31
20,2114,SGBAUG27,GB,429,246,57.34
20,2115,SGBAUG28V,GB,1340,1074,80.15
20,2116,SGBAUG29V,GB,64,57,89.06
20,2117,SGBAUG30,GB,541,301,55.64
20,2118,SGBD29VIII,GB,88,87,98.86
20,2119,SGBDC27VII,GB,11,7,63.64
20,2120,SGBDE30III,GB,386,203,52.59
20,2121,SGBDE31III,GB,2788,2066,74.10
20,2122,SGBDEC2512,GB,29,29,100.00
20,2123,SGBDEC2513,GB,5,5,100.00
20,2124,SGBFEB29XI,GB,147,129,87.76
20,2125,SGBFEB32IV,GB,1508,1249,82.82
20,2126,SGBJ28VIII,GB,149,99,66.44
20,2127,SGBJAN27,GB,215,215,100.00
20,2128,SGBJAN29IX,GB,251,158,62.95
20,2129,SGBJAN29X,GB,39,39,100.00
20,2130,SGBJAN30IX,GB,269,199,73.98
20,2131,SGBJU29III,GB,150,118,78.67
20,2132,SGBJUL25,GB,1,1,100.00
20,2133,SGBJUL27,GB,72,72,100.00
20,2134,SGBJUL28IV,GB,986,826,83.77
20,2135,SGBJUL29IV,GB,104,92,88.46
20,2136,SGBJUN27,GB,6,3,50.00
20,2137,SGBJUN28,GB,488,369,75.61
20,2138,SGBJUN29II,GB,35,35,100.00
20,2139,SGBJUN30,GB,82,67,81.71
20,2140,SGBJUN31I,GB,911,620,68.06
20,2141,SGBMAR25,GB,193,182,94.30
20,2142,SGBMAR28X,GB,45,45,100.00
20,2143,SGBMAR30X,GB,1201,1156,96.25
20,2144,SGBMAR31IV,GB,339,278,82.01
20,2145,SGBMAY25,GB,70,68,97.14
20,2146,SGBMAY26,GB,7,7,100.00
20,2147,SGBMAY28,GB,983,735,74.77
20,2148,SGBMAY29I,GB,1382,1162,84.08
20,2149,SGBMR29XII,GB,63,60,95.24
20,2150,SGBN28VIII,GB,261,203,77.78
20,2151,SGBNOV25VI,GB,5,5,100.00
20,2152,SGBNV29VII,GB,989,976,98.69
20,2153,SGBOC28VII,GB,65,58,89.23
20,2154,SGBOCT25,GB,6,5,83.33
20,2155,SGBOCT25IV,GB,9,9,100.00
20,2156,SGBOCT26,GB,21,21,100.00
20,2157,SGBOCT27,GB,80,74,92.50
20,2158,SGBOCT27VI,GB,33,28,84.85
20,2159,SGBSEP27,GB,50,50,100.00
20,2160,SGBSEP28VI,GB,87,84,96.55
20,2161,SGBSEP29VI,GB,363,348,95.87
20,2162,SGBSEP31II,GB,1413,869,61.50
20,2163,SGL,EQ,21816,17851,81.83
20,2164,SGLTL,EQ,841421,326378,38.79
20,2165,SHAH,EQ,620690,424963,68.47
20,2166,SHAHALLOYS,EQ,65555,22194,33.86
20,2167,SHALBY,EQ,56967,26196,45.98
20,2168,SHALPAINTS,EQ,157109,102449,65.21
20,2169,SHANKARA,EQ,21852,10248,46.90
20,2170,SHANTHALA,ST,9600,8400,87.50
20,2171,SHANTI,EQ,305330,267958,87.76
20,2172,SHANTIGEAR,EQ,9972,4738,47.51
20,2173,SHARDACROP,EQ,89720,29619,33.01
20,2174,SHARDAMOTR,EQ,16722,6783,40.56
20,2175,SHAREINDIA,EQ,289084,119940,41.49
20,2176,SHARIABEES,EQ,3324,2176,65.46
20,2177,SHEETAL,SM,24000,14000,58.33
20,2178,SHEMAROO,EQ,33481,17699,52.86
20,2179,SHERA,SM,10000,9000,90.00
20,2180,SHIGAN,SM,3000,3000,100.00
20,2181,SHILPAMED,EQ,115028,57181,49.71
20,2182,SHIVALIK,EQ,28030,10339,36.89
20,2183,SHIVAMAUTO,EQ,58798,27463,46.71
20,2184,SHIVAMILLS,EQ,3914,2860,73.07
20,2185,SHIVATEX,EQ,10704,6600,61.66
20,2186,SHK,EQ,342864,186388,54.36
20,2187,SHOPERSTOP,EQ,21735,8635,39.73
20,2188,SHREDIGCEM,EQ,293425,158680,54.08
20,2189,SHREECEM,EQ,13779,5118,37.14
20,2190,SHREEKARNI,ST,300,300,100.00
20,2191,SHREEOSFM,SM,15000,11000,73.33
20,2192,SHREEPUSHK,EQ,272523,87679,32.17
20,2193,SHRENIK,EQ,941371,504033,53.54
20,2194,SHREYANIND,EQ,11591,6931,59.80
20,2195,SHRIPISTON,EQ,59133,19823,33.52
20,2196,SHRIRAMFIN,EQ,9328402,4094605,43.89
20,2197,SHRIRAMPPS,EQ,999204,447640,44.80
20,2198,SHRITECH,SM,8000,8000,100.00
20,2199,SHUBHLAXMI,ST,2000,2000,100.00
20,2200,SHUBHSHREE,ST,18000,16800,93.33
20,2201,SHYAMCENT,EQ,224152,154258,68.82
20,2202,SHYAMMETL,EQ,272927,161034,59.00
20,2203,SIEMENS,EQ,457327,270895,59.23
20,2204,SIGACHI,EQ,2054855,805676,39.21
20,2205,SIGIND,EQ,20397,10621,52.07
20,2206,SIGMA,EQ,18973,1213,6.39
20,2207,SIGNATURE,EQ,669243,106087,15.85
20,2208,SIGNORIA,ST,12000,12000,100.00
20,2209,SIKKO,EQ,73026,22875,31.32
20,2210,SIL,EQ,28992,18330,63.22
20,2211,SILGO,EQ,52623,20467,38.89
20,2212,SILINV,EQ,3783,2494,65.93
20,2213,SILKFLEX,SM,4000,4000,100.00
20,2214,SILLYMONKS,EQ,17634,17237,97.75
20,2215,SILVER,EQ,222106,127544,57.42
20,2216,SILVER1,EQ,74377,57767,77.67
20,2217,SILVERADD,EQ,50790,41358,81.43
20,2218,SILVERBEES,EQ,5427019,3762872,69.34
20,2219,SILVERETF,EQ,142156,74295,52.26
20,2220,SILVERIETF,EQ,1107269,875781,79.09
20,2221,SILVERTUC,EQ,9906,726,7.33
20,2222,SILVRETF,EQ,35769,33227,92.89
20,2223,SINCLAIR,EQ,34909,19808,56.74
20,2224,SINDHUTRAD,EQ,779303,329707,42.31
20,2225,SINTERCOM,EQ,50686,42336,83.53
20,2226,SIRCA,EQ,74497,38973,52.31
20,2227,SIS,EQ,38269,19382,50.65
20,2228,SIYSIL,EQ,81840,38437,46.97
20,2229,SJLOGISTIC,SM,23750,16500,69.47
20,2230,SJS,EQ,98893,38133,38.56
20,2231,SJVN,EQ,8791330,1526464,17.36
20,2232,SKFINDIA,EQ,24117,11952,49.56
20,2233,SKIPPER,EQ,453222,121162,26.73
20,2234,SKMEGGPROD,EQ,29337,10289,35.07
20,2235,SKP,SM,1000,500,50.00
20,2236,SLONE,ST,5600,5600,100.00
20,2237,SMALLCAP,EQ,2236206,1871054,83.67
20,2238,SMCGLOBAL,EQ,121430,63043,51.92
20,2239,SMLISUZU,EQ,9851,5448,55.30
20,2240,SMLT,EQ,16033,14335,89.41
20,2241,SMSPHARMA,EQ,287701,82024,28.51
20,2242,SMVD,SM,40400,40400,100.00
20,2243,SNOWMAN,EQ,458867,182232,39.71
20,2244,SOBHA,EQ,266728,90998,34.12
20,2245,SOLARA,EQ,185641,127971,68.93
20,2246,SOLARAPP,E1,7970,6087,76.37
20,2247,SOLARINDS,EQ,70395,34641,49.21
20,2248,SOLEX,ST,9875,8500,86.08
20,2249,SOMANYCERA,EQ,67381,49402,73.32
20,2250,SOMICONVEY,EQ,13905,7793,56.04
20,2251,SONACOMS,EQ,1331623,682850,51.28
20,2252,SONAMAC,ST,35000,35000,100.00
20,2253,SONAMLTD,EQ,68716,33856,49.27
20,2254,SONATSOFTW,EQ,519853,293620,56.48
20,2255,SONUINFRA,ST,18000,18000,100.00
20,2256,SOTL,EQ,35237,15667,44.46
20,2257,SOUTHBANK,EQ,8432080,3868459,45.88
20,2258,SOUTHWEST,EQ,17939,11579,64.55
20,2259,SPAL,EQ,7344,3638,49.54
20,2260,SPANDANA,EQ,371232,154278,41.56
20,2261,SPARC,EQ,1584726,759609,47.93
20,2262,SPCL,ST,55800,51000,91.40
20,2263,SPECIALITY,EQ,21084,13980,66.31
20,2264,SPECTRUM,SM,3750,3500,93.33
20,2265,SPENCERS,EQ,83498,42559,50.97
20,2266,SPIC,EQ,825595,428460,51.90
20,2267,SPLIL,EQ,22228,13830,62.22
20,2268,SPLPETRO,EQ,25158,12224,48.59
20,2269,SPORTKING,EQ,132408,75294,56.87
20,2270,SPPPOLY,ST,4000,4000,100.00
20,2271,SPRL,SM,1600,1600,100.00
20,2272,SRD,EQ,44025,33866,76.92
20,2273,SREEL,EQ,4332,2391,55.19
20,2274,SRF,EQ,424887,211714,49.83
20,2275,SRGHFL,EQ,5069,1177,23.22
20,2276,SRHHYPOLTD,EQ,15910,7868,49.45
20,2277,SRIVASAVI,SM,11000,9000,81.82
20,2278,SSDL,EQ,42218,13267,31.42
20,2279,SSEGL,SM,52600,33800,64.26
20,2280,SSFL,SM,16000,10000,62.50
20,2281,S&SPOWER,EQ,1340,1281,95.60
20,2282,SSWL,EQ,135267,101677,75.17
20,2283,STALLION,EQ,3995018,2971631,74.38
20,2284,STANLEY,EQ,245540,126636,51.57
20,2285,STAR,EQ,704950,289901,41.12
20,2286,STARCEMENT,EQ,226534,70974,31.33
20,2287,STARHEALTH,EQ,1307943,776800,59.39
20,2288,STARPAPER,EQ,13256,7709,58.15
20,2289,STARTECK,EQ,8585,117,1.36
20,2290,STCINDIA,EQ,41791,13467,32.22
20,2291,STEELCAS,EQ,5189,3309,63.77
20,2292,STEELCITY,EQ,7719,5102,66.10
20,2293,STEELXIND,EQ,1762483,714883,40.56
20,2294,STEL,EQ,6044,2993,49.52
20,2295,STERTOOLS,EQ,87767,42969,48.96
20,2296,STLTECH,EQ,925610,467711,50.53
20,2297,STOVEKRAFT,EQ,270288,188352,69.69
20,2298,STYLAMIND,EQ,24013,12059,50.22
20,2299,STYLEBAAZA,EQ,647713,197255,30.45
20,2300,STYRENIX,EQ,22333,13341,59.74
20,2301,SUBEXLTD,EQ,3194723,1518930,47.54
20,2302,SUBROS,EQ,333759,61950,18.56
20,2303,SUDARSCHEM,EQ,274337,139776,50.95
20,2304,SUKHJITS,EQ,8917,6824,76.53
20,2305,SULA,EQ,494540,279749,56.57
20,2306,SUMICHEM,EQ,198389,98681,49.74
20,2307,SUMIT,EQ,17653,12584,71.29
20,2308,SUMMITSEC,EQ,13874,6072,43.77
20,2309,SUNCLAY,EQ,12625,5859,46.41
20,2310,SUNDARAM,EQ,774958,439533,56.72
20,2311,SUNDARMFIN,EQ,37340,15205,40.72
20,2312,SUNDARMHLD,EQ,67605,39014,57.71
20,2313,SUNDRMFAST,EQ,751366,722490,96.16
20,2314,SUNLITE,SM,7200,7200,100.00
20,2315,SUNPHARMA,EQ,2244190,1612886,71.87
20,2316,SUNTECK,EQ,291464,134762,46.24
20,2317,SUNTV,EQ,260898,129431,49.61
20,2318,SUPERHOUSE,EQ,948,463,48.84
20,2319,SUPERSPIN,EQ,18150,10385,57.22
20,2320,SUPRAJIT,EQ,74702,36406,48.73
20,2321,SUPREME,EQ,9318,5090,54.63
20,2322,SUPREMEIND,EQ,168663,64349,38.15
20,2323,SUPREMEPWR,ST,73000,71000,97.26
20,2324,SUPRIYA,EQ,294003,100488,34.18
20,2325,SURAJEST,EQ,123138,58872,47.81
20,2326,SURAJLTD,EQ,5752,5675,98.66
20,2327,SURAKSHA,EQ,60580,33477,55.26
20,2328,SURANASOL,EQ,168876,84522,50.05
20,2329,SURANAT&P,EQ,71082,58714,82.60
20,2330,SURANI,ST,2800,2000,71.43
20,2331,SURYALAXMI,EQ,7027,4103,58.39
20,2332,SURYAROSNI,EQ,242748,101526,41.82
20,2333,SURYODAY,EQ,161988,93876,57.95
20,2334,SUTLEJTEX,EQ,75858,37772,49.79
20,2335,SUVEN,EQ,245363,117108,47.73
20,2336,SUVENPHAR,EQ,534701,136144,25.46
20,2337,SUVIDHAA,EQ,260517,145492,55.85
20,2338,SUYOG,EQ,29488,16349,55.44
20,2339,SUZLON,EQ,56799902,22554592,39.71
20,2340,SWANENERGY,EQ,9544957,2020702,21.17
20,2341,SWARAJ,SM,18000,17000,94.44
20,2342,SWARAJENG,EQ,14478,6243,43.12
20,2343,SWASTIK,SM,4800,3600,75.00
20,2344,SWELECTES,EQ,22100,8003,36.21
20,2345,SWIGGY,EQ,16859588,3073561,18.23
20,2346,SWSOLAR,EQ,2543385,1197165,47.07
20,2347,SYMPHONY,EQ,91163,45674,50.10
20,2348,SYNCOMF,EQ,1401380,667122,47.60
20,2349,SYNGENE,EQ,1474834,992632,67.30
20,2350,SYNOPTICS,SM,2400,2400,100.00
20,2351,SYRMA,EQ,949840,393003,41.38
20,2352,SYSTANGO,SM,10400,7600,73.08
20,2353,TAC,ST,20600,20200,98.06
20,2354,TAINWALCHM,EQ,7121,2409,33.83
20,2355,TAJGVK,EQ,1179001,252310,21.40
20,2356,TALBROAUTO,EQ,66132,30018,45.39
20,2357,TANLA,EQ,602286,202523,33.63
20,2358,TAPIFRUIT,SM,3750,2250,60.00
20,2359,TARC,EQ,573580,325463,56.74
20,2360,TARIL,EQ,2001263,1370902,68.50
20,2361,TARMAT,EQ,12341,6671,54.06
20,2362,TARSONS,EQ,52916,27410,51.80
20,2363,TASTYBITE,EQ,1031,516,50.05
20,2364,TATACHEM,EQ,414749,106149,25.59
20,2365,TATACOMM,EQ,282141,155546,55.13
20,2366,TATACONSUM,EQ,1330146,752515,56.57
20,2367,TATAELXSI,EQ,101884,38250,37.54
20,2368,TATAGOLD,EQ,6673417,4969878,74.47
20,2369,TATAINVEST,EQ,212247,19388,9.13
20,2370,TATAMOTORS,EQ,14577524,5823690,39.95
20,2371,TATAPOWER,EQ,6119901,1381745,22.58
20,2372,TATASTEEL,EQ,41987785,14767144,35.17
20,2373,TATATECH,EQ,565582,230728,40.79
20,2374,TATSILV,EQ,1031590,687232,66.62
20,2375,TATVA,EQ,45306,25238,55.71
20,2376,TBI,SM,17400,14400,82.76
20,2377,TBOTEK,EQ,235254,99295,42.21
20,2378,TBZ,EQ,126478,59077,46.71
20,2379,TCI,EQ,16110,7604,47.20
20,2380,TCIEXP,EQ,9220,4773,51.77
20,2381,TCL,SM,80800,59200,73.27
20,2382,TCPLPACK,EQ,17510,7212,41.19
20,2383,TCS,EQ,1833931,1159950,63.25
20,2384,TDPOWERSYS,EQ,581968,226063,38.84
20,2385,TEAMLEASE,EQ,233579,214022,91.63
20,2386,TECH,EQ,354747,351537,99.10
20,2387,TECHERA,ST,20800,20800,100.00
20,2388,TECHLABS,ST,37750,34125,90.40
20,2389,TECHM,EQ,1479239,1009590,68.25
20,2390,TECHNOE,EQ,190867,74901,39.24
20,2391,TECILCHEM,EQ,666,461,69.22
20,2392,TEGA,EQ,122712,87595,71.38
20,2393,TEJASNET,EQ,882271,360349,40.84
20,2394,TEXINFRA,EQ,266898,160846,60.26
20,2395,TEXMOPIPES,EQ,52717,31071,58.94
20,2396,TEXRAIL,EQ,1947484,758471,38.95
20,2397,TFCILTD,EQ,876966,330975,37.74
20,2398,TGBHOTELS,EQ,51497,34494,66.98
20,2399,TGL,ST,44800,40000,89.29
20,2400,THANGAMAYL,EQ,27815,8512,30.60
20,2401,THEINVEST,EQ,185639,179464,96.67
20,2402,THEJO,EQ,6814,4211,61.80
20,2403,THEMISMED,EQ,77161,26610,34.49
20,2404,THERMAX,EQ,68425,25885,37.83
20,2405,THESL,ST,9000,9000,100.00
20,2406,THOMASCOOK,EQ,1425921,619804,43.47
20,2407,THYROCARE,EQ,22800,9494,41.64
20,2408,TI,EQ,1062497,551294,51.89
20,2409,TICL,EQ,62617,28761,45.93
20,2410,TIIL,EQ,2196,1273,57.97
20,2411,TIINDIA,EQ,150504,55393,36.81
20,2412,TIL,EQ,7864,6797,86.43
20,2413,TIMESCAN,SM,2000,2000,100.00
20,2414,TIMETECHNO,EQ,1048069,226031,21.57
20,2415,TIMKEN,EQ,79052,35350,44.72
20,2416,TIPSMUSIC,EQ,136442,51829,37.99
20,2417,TIRUMALCHM,EQ,276346,135010,48.86
20,2418,TIRUPATI,SM,11000,11000,100.00
20,2419,TITAGARH,EQ,1360129,327133,24.05
20,2420,TITAN,EQ,407794,206913,50.74
20,2421,TMB,EQ,36586,20763,56.75
20,2422,TNIDETF,EQ,38491,26510,68.87
20,2423,TNPETRO,EQ,75318,31856,42.30
20,2424,TNPL,EQ,158329,89175,56.32
20,2425,TOKYOPLAST,EQ,3057,2505,81.94
20,2426,TOLINS,EQ,170175,60454,35.52
20,2427,TOP100CASE,EQ,621243,570859,91.89
20,2428,TOP10ADD,EQ,442768,430684,97.27
20,2429,TORNTPHARM,EQ,190251,97447,51.22
20,2430,TORNTPOWER,EQ,479150,164046,34.24
20,2431,TOTAL,EQ,29575,14356,48.54
20,2432,TOUCHWOOD,EQ,170344,43381,25.47
20,2433,TPLPLASTEH,EQ,155486,27211,17.50
20,2434,TRACXN,EQ,147593,87816,59.50
20,2435,TRANSRAILL,EQ,1379788,320113,23.20
20,2436,TRANSTEEL,ST,42000,38000,90.48
20,2437,TRANSWORLD,EQ,86759,53638,61.82
20,2438,TREEHOUSE,EQ,46700,45408,97.23
20,2439,TREJHARA,EQ,30962,13074,42.23
20,2440,TREL,EQ,306706,142351,46.41
20,2441,TRENT,EQ,912164,425042,46.60
20,2442,TRF,EQ,45118,32268,71.52
20,2443,TRIDENT,EQ,5563654,1895239,34.06
20,2444,TRIGYN,EQ,62474,34074,54.54
20,2445,TRITURBINE,EQ,3272706,533125,16.29
20,2446,TRIVENI,EQ,435664,87429,20.07
20,2447,TROM,SM,15600,9000,57.69
20,2448,TRUST,ST,4800,4800,100.00
20,2449,TTKHLTCARE,EQ,1321,1009,76.38
20,2450,TTKPRESTIG,EQ,32270,13141,40.72
20,2451,TTML,EQ,3665305,737688,20.13
20,2452,TUNWAL,SM,68000,38000,55.88
20,2453,TVSELECT,EQ,11925,4636,38.88
20,2454,TVSHLTD,EQ,3656,1817,49.70
20,2455,TVSMOTOR,EQ,1384743,751377,54.26
20,2456,TVSSCS,EQ,1177560,274278,23.29
20,2457,TVSSRICHAK,EQ,5857,1993,34.03
20,2458,TVTODAY,EQ,74580,36503,48.94
20,2459,UBL,EQ,194876,119400,61.27
20,2460,UCOBANK,EQ,3168923,1052945,33.23
20,2461,UDAICEMENT,EQ,148143,101007,68.18
20,2462,UDS,EQ,146729,64793,44.16
20,2463,UFLEX,EQ,67692,46319,68.43
20,2464,UFO,EQ,67402,43021,63.83
20,2465,UGARSUGAR,EQ,435104,209566,48.16
20,2466,UGROCAP,EQ,320618,169439,52.85
20,2467,UHTL,ST,74000,64000,86.49
20,2468,UJJIVANSFB,EQ,7387788,2378075,32.19
20,2469,ULTRACEMCO,EQ,320240,183553,57.32
20,2470,UMA,SM,64000,56000,87.50
20,2471,UMAEXPORTS,EQ,15562,7944,51.05
20,2472,UMESLTD,EQ,5422,3525,65.01
20,2473,UNICHEMLAB,EQ,51035,19560,38.33
20,2474,UNIDT,EQ,7184,5642,78.54
20,2475,UNIECOM,EQ,550391,267573,48.62
20,2476,UNIENTER,EQ,2480,1235,49.80
20,2477,UNIHEALTH,SM,12000,8000,66.67
20,2478,UNIINFO,EQ,12758,4784,37.50
20,2479,UNILEX,SM,19200,16000,83.33
20,2480,UNIMECH,EQ,261987,49843,19.02
20,2481,UNIONBANK,EQ,11773517,4610537,39.16
20,2482,UNIONGOLD,EQ,3558,2984,83.87
20,2483,UNIPARTS,EQ,111553,74356,66.66
20,2484,UNITDSPR,EQ,1297282,985246,75.95
20,2485,UNITEDPOLY,EQ,993,652,65.66
20,2486,UNITEDTEA,EQ,1083,585,54.02
20,2487,UNIVCABLES,EQ,74992,25712,34.29
20,2488,UNOMINDA,EQ,1140129,547485,48.02
20,2489,UPL,EQ,1366273,558590,40.88
20,2490,URAVIDEF,EQ,9755,9308,95.42
20,2491,URBAN,SM,31200,28000,89.74
20,2492,USHAFIN,SM,2400,2400,100.00
20,2493,USHAMART,EQ,1157355,395556,34.18
20,2494,USK,EQ,59229,26664,45.02
20,2495,UTIAMC,EQ,89499,29530,32.99
20,2496,UTIBANKETF,EQ,285945,185946,65.03
20,2497,UTINEXT50,EQ,126057,85067,67.48
20,2498,UTINIFTETF,EQ,88702,83952,94.64
20,2499,UTISENSETF,EQ,1132,1082,95.58
20,2500,UTISXN50,EQ,2139,1854,86.68
20,2501,UTKARSHBNK,EQ,1546853,659280,42.62
20,2502,UTSSAV,SM,106800,91800,85.96
20,2503,UTTAMSUGAR,EQ,47547,21795,45.84
20,2504,UYFINCORP,EQ,47901,32579,68.01
20,2505,VADILALIND,EQ,4489,1740,38.76
20,2506,VAIBHAVGBL,EQ,297970,124469,41.77
20,2507,VAISHALI,EQ,280550,172127,61.35
20,2508,VAKRANGEE,EQ,10068742,5181989,51.47
20,2509,VAL30IETF,EQ,72377,66809,92.31
20,2510,VALIANTLAB,EQ,31378,20202,64.38
20,2511,VALIANTORG,EQ,50046,23488,46.93
20,2512,VARDHACRLC,EQ,34264,22024,64.28
20,2513,VARROC,EQ,158283,59663,37.69
20,2514,VASCONEQ,EQ,725614,410529,56.58
20,2515,VASWANI,EQ,91264,48494,53.14
20,2516,VBL,EQ,12871051,7402829,57.52
20,2517,VCL,EQ,164557,105537,64.13
20,2518,VDEAL,SM,12000,8400,70.00
20,2519,VEDL,EQ,11856575,6443959,54.35
20,2520,VEEDOL,EQ,9495,4953,52.16
20,2521,VEEKAYEM,ST,3000,2000,66.67
20,2522,VELS,ST,13200,12000,90.91
20,2523,VENKEYS,EQ,9785,4620,47.22
20,2524,VENTIVE,EQ,193238,93354,48.31
20,2525,VENUSPIPES,EQ,93461,24841,26.58
20,2526,VENUSREM,EQ,14664,8154,55.61
20,2527,VERANDA,EQ,145369,77549,53.35
20,2528,VERTEXPLUS,SM,1200,1200,100.00
20,2529,VESUVIUS,EQ,16895,6183,36.60
20,2530,VETO,EQ,63130,43636,69.12
20,2531,VGUARD,EQ,1068452,374983,35.10
20,2532,VHL,EQ,3092,1466,47.41
20,2533,VIAZ,SM,4000,4000,100.00
20,2534,VIDHIING,EQ,10847,5121,47.21
20,2535,VIESL,SM,40000,34400,86.00
20,2536,VIJAYA,EQ,3781116,500722,13.24
20,2537,VIKASECO,EQ,4684869,1589030,33.92
20,2538,VIKASLIFE,EQ,5679311,2724836,47.98
20,2539,VILAS,SM,38500,26500,68.83
20,2540,VILINBIO,SM,4000,4000,100.00
20,2541,VIMTALABS,EQ,185882,65133,35.04
20,2542,VINATIORGA,EQ,28248,15127,53.55
20,2543,VINCOFE,EQ,153284,65363,42.64
20,2544,VINDHYATEL,EQ,17562,9318,53.06
20,2545,VINEETLAB,EQ,32716,9693,29.63
20,2546,VINSYS,SM,100500,88000,87.56
20,2547,VINYAS,SM,28400,17800,62.68
20,2548,VINYLINDIA,EQ,19423,8345,42.96
20,2549,VIPCLOTHNG,EQ,62084,44047,70.95
20,2550,VIPIND,EQ,320603,127735,39.84
20,2551,VIRINCHI,EQ,178600,114428,64.07
20,2552,VISAKAIND,EQ,131701,66581,50.55
20,2553,VISAMAN,SM,36000,36000,100.00
20,2554,VISHNU,EQ,180878,83806,46.33
20,2555,VISHNUINFR,SM,3500,2000,57.14
20,2556,VISHWARAJ,EQ,570517,268867,47.13
20,2557,VISHWAS,SM,3200,3200,100.00
20,2558,VITAL,SM,4800,3600,75.00
20,2559,VIVIANA,ST,7000,6250,89.29
20,2560,VIVIDHA,EQ,223695,112224,50.17
20,2561,VLINFRA,ST,9000,9000,100.00
20,2562,VLSFINANCE,EQ,24653,10413,42.24
20,2563,VMARCIND,ST,23250,21500,92.47
20,2564,VMART,EQ,29801,14707,49.35
20,2565,VMM,EQ,13322681,5101926,38.30
20,2566,VOLERCAR,ST,46400,43200,93.10
20,2567,VOLTAMP,EQ,98256,22004,22.39
20,2568,VOLTAS,EQ,1639291,922131,56.25
20,2569,VPRPL,EQ,578147,221338,38.28
20,2570,VRAJ,EQ,175231,60219,34.37
20,2571,VRLLOG,EQ,69406,32601,46.97
20,2572,VSSL,EQ,52372,31850,60.81
20,2573,VSTIND,EQ,761082,393632,51.72
20,2574,VSTL,EQ,31061,23226,74.78
20,2575,VSTTILLERS,EQ,11983,7850,65.51
20,2576,VTL,EQ,128255,57602,44.91
20,2577,WAAREEENER,EQ,939735,235304,25.04
20,2578,WABAG,EQ,658928,210345,31.92
20,2579,WALCHANNAG,EQ,388480,202998,52.25
20,2580,WALPAR,SM,2000,2000,100.00
20,2581,WANBURY,EQ,48752,21007,43.09
20,2582,WCIL,EQ,237403,185314,78.06
20,2583,WEIZMANIND,EQ,2263,1462,64.60
20,2584,WEL,EQ,239204,93522,39.10
20,2585,WELCORP,EQ,772496,361742,46.83
20,2586,WELENT,EQ,234904,129339,55.06
20,2587,WELINV,EQ,528,386,73.11
20,2588,WELSPUNLIV,EQ,2020542,817709,40.47
20,2589,WENDT,EQ,914,442,48.36
20,2590,WESTLIFE,EQ,20674,7260,35.12
20,2591,WEWIN,EQ,16831,6684,39.71
20,2592,WHEELS,EQ,11883,4314,36.30
20,2593,WHIRLPOOL,EQ,364957,181504,49.73
20,2594,WILLAMAGOR,EQ,2128,1423,66.87
20,2595,WINDLAS,EQ,282078,79366,28.14
20,2596,WINDMACHIN,EQ,133443,71671,53.71
20,2597,WINNY,ST,1500,1000,66.67
20,2598,WINSOL,SM,36000,20400,56.67
20,2599,WIPRO,EQ,8722925,4444390,50.95
20,2600,WOCKPHARMA,EQ,346082,192764,55.70
20,2601,WOL3D,SM,1000,1000,100.00
20,2602,WOMANCART,ST,1600,1600,100.00
20,2603,WONDERLA,EQ,106675,56722,53.17
20,2604,WORTH,EQ,40850,23562,57.68
20,2605,WSTCSTPAPR,EQ,289175,163082,56.40
20,2606,WTICAB,ST,11500,11500,100.00
20,2607,XCHANGING,EQ,129416,53403,41.26
20,2608,XELPMOC,EQ,11738,4390,37.40
20,2609,XPROINDIA,EQ,11517,6227,54.07
20,2610,XTGLOBAL,EQ,25858,10569,40.87
20,2611,YASHO,EQ,6017,3212,53.38
20,2612,YASHOPTICS,SM,16000,9600,60.00
20,2613,YATHARTH,EQ,232157,106712,45.97
20,2614,YATRA,EQ,263155,104637,39.76
20,2615,YCCL,SM,6000,6000,100.00
20,2616,YESBANK,EQ,56345958,17810254,31.61
20,2617,YUDIZ,SM,3200,1600,50.00
20,2618,YUKEN,EQ,4021,1735,43.15
20,2619,ZAGGLE,EQ,1267282,593242,46.81
20,2620,ZEAL,SM,22800,20400,89.47
20,2621,ZEEL,EQ,9230204,4229657,45.82
20,2622,ZEELEARN,EQ,793018,484182,61.06
20,2623,ZEEMEDIA,EQ,5471579,1893419,34.60
20,2624,ZENITHDRUG,ST,800,800,100.00
20,2625,ZENITHSTL,EQ,85519,53148,62.15
20,2626,ZENSARTECH,EQ,1028300,418278,40.68
20,2627,ZENTEC,EQ,1168665,393947,33.71
20,2628,ZFCVINDIA,EQ,6607,2898,43.86
20,2629,ZIMLAB,EQ,300714,275245,91.53
20,2630,ZODIAC,EQ,54821,21310,38.87
20,2631,ZODIACLOTH,EQ,21228,10868,51.20
20,2632,ZOMATO,EQ,36768250,18186625,49.46
20,2633,ZOTA,EQ,43880,23578,53.73
20,2634,ZTECH,ST,20100,18600,92.54
20,2635,ZUARI,EQ,140797,50138,35.61
20,2636,ZUARIIND,EQ,46813,21874,46.73
20,2637,ZYDUSLIFE,EQ,1854330,1268160,68.39
20,2638,ZYDUSWELL,EQ,9642,4701,48.76
