Security Wise Delivery Position - Compulsory Rolling Settlement
10,MTO,19022025,1012255412,0002663
Trade Date <19-FEB-2025>,Settlement Type <N>
Record Type,Sr No,Name of Security,Quantity Traded,Deliverable Quantity(gross across client level),% of Deliverable Quantity to Traded Quantity
20,1,0MOFSL26,N1,31,31,100.00
20,2,1003IIFL29,NC,16,16,100.00
20,3,1003ISFL28,N4,1067,810,75.91
20,4,1015ECL29,NR,826,826,100.00
20,5,1015SCL28A,AL,5,5,100.00
20,6,1018GS2026,GS,190,190,100.00
20,7,1025SCL34,Z8,30,30,100.00
20,8,1025SFIL26,NT,13,13,100.00
20,9,1035UCL26,NA,20,20,100.00
20,10,1040UCL27B,N1,30,30,100.00
20,11,1050NFL26,N7,35,35,100.00
20,12,1050UCL25,N7,1,1,100.00
20,13,1060ECL29,NS,93,93,100.00
20,14,1065NFL27,NC,209,209,100.00
20,15,1075UCL25,N9,50,50,100.00
20,16,10CAGL27,N5,1,1,100.00
20,17,10IIFL28,N4,10,10,100.00
20,18,10IIFL28A,NE,55,55,100.00
20,19,10IIFL29,N6,45,45,100.00
20,20,10NFL25,N9,30,30,100.00
20,21,10NIDO26,N6,339,239,70.50
20,22,182D050625,TB,200,100,50.00
20,23,182D130325,TB,200,100,50.00
20,24,182D140825,TB,1000,1000,100.00
20,25,182D170725,TB,400,400,100.00
20,26,182D190625,TB,100,100,100.00
20,27,20MICRONS,EQ,146902,76040,51.76
20,28,360ONE,EQ,931472,494439,53.08
20,29,364D041225,TB,200,100,50.00
20,30,364D050625,TB,500,500,100.00
20,31,364D060325,TB,400,200,50.00
20,32,364D240425,TB,1300,800,61.54
20,33,3IINFOLTD,EQ,528690,213201,40.33
20,34,3MINDIA,EQ,2986,1245,41.69
20,35,515GS2025,GS,199,199,100.00
20,36,574GS2026,GS,500,500,100.00
20,37,5PAISA,EQ,16314,7639,46.82
20,38,63MOONS,EQ,118772,82410,69.39
20,39,654GS2032,GS,977,977,100.00
20,40,664GS2027,GS,50,50,100.00
20,41,664GS2035,GS,2,2,100.00
20,42,667GS2035,GS,220,217,98.64
20,43,667GS2050,GS,171,170,99.42
20,44,676GS2061,GS,12012,10000,83.25
20,45,679GS2034,GS,200,200,100.00
20,46,695GS2061,GS,2400,2400,100.00
20,47,699GS2026,GS,12004,12000,99.97
20,48,702GS2027,GS,2280,2068,90.70
20,49,702GS2031,GS,1,1,100.00
20,50,704GS2029,GS,100,100,100.00
20,51,706GS2028,GS,16250,16249,99.99
20,52,709GS2054,GS,23391,13543,57.90
20,53,709GS2074,GS,5000,5000,100.00
20,54,710GS2029,GS,16067,523,3.26
20,55,716GS2050,GS,5197,5197,100.00
20,56,718GS2033,GS,15200,15200,100.00
20,57,718GS2037,GS,59501,56501,94.96
20,58,71GS2034,GS,2500,2500,100.00
20,59,725GS2063,GS,21122,21122,100.00
20,60,726GS2032,GS,42620,42120,98.83
20,61,726GS2033,GS,10001,10000,99.99
20,62,727GS2026,GS,2000,2000,100.00
20,63,728IRFC30,NG,150,150,100.00
20,64,732GS2030,GS,600,600,100.00
20,65,733GS2026,GS,4801,4801,100.00
20,66,734GS2064,GS,11099,10099,90.99
20,67,734IRFC28,N4,2380,2080,87.39
20,68,736GS2052,GS,1796,1796,100.00
20,69,737GS2028,GS,7000,7000,100.00
20,70,737NTPC35C,NA,40,40,100.00
20,71,738GS2027,GS,67363,52163,77.44
20,72,739NHAI26,N8,46,46,100.00
20,73,739NHAI31A,ND,40,40,100.00
20,74,73GS2053,GS,53,53,100.00
20,75,741GS2036,GS,10565,9000,85.19
20,76,743REC35,NH,2,1,50.00
20,77,746GS2073,GS,7540,7540,100.00
20,78,74GS2062,GS,100,50,50.00
20,79,751HUDCO28,N5,2,2,100.00
20,80,753IRFC30,NJ,317,297,93.69
20,81,753NTPC30E,NC,200,200,100.00
20,82,754GS2036,GS,175955,153205,87.07
20,83,760PFCL35,N3,6,6,100.00
20,84,762TN53,SG,500,500,100.00
20,85,764HUDCO31,N8,1,1,100.00
20,86,764IRFC31,NO,1055,1000,94.79
20,87,764NABAR31,N2,2791,2542,91.08
20,88,769HUDCO31,N9,351,350,99.72
20,89,769NHAI31,NE,1,1,100.00
20,90,76NHAI31,NA,119,109,91.60
20,91,772GS2049,GS,595,300,50.42
20,92,774IREDA31,N7,405,400,98.77
20,93,79NHIT35,N1,1381,1381,100.00
20,94,79NHIT40,N2,1,1,100.00
20,95,79NHIT47,N3,269,269,100.00
20,96,805ABFL28,N2,10,10,100.00
20,97,810IRFC27,N2,1,1,100.00
20,98,812REC27,NI,266,261,98.12
20,99,81ABFL33,N5,50,50,100.00
20,100,81TCHF28,N8,1,1,100.00
20,101,824GS2027,GS,7805,7805,100.00
20,102,828GS2027,GS,33000,33000,100.00
20,103,82GS2025,GS,2,2,100.00
20,104,82HUDCO27,N2,1592,1442,90.58
20,105,82IGT31,NJ,172,172,100.00
20,106,830NHAI27,N2,1345,1345,100.00
20,107,835IFL25,NV,200,200,100.00
20,108,835SCL23B,YM,2,2,100.00
20,109,842IIFL26,NL,635,500,78.74
20,110,843IHFL29,NC,47,47,100.00
20,111,849NTPC25,N7,14061,13036,92.71
20,112,84TCHF28,NA,32,32,100.00
20,113,850NHAI29,N5,775,775,100.00
20,114,862REC33,NA,12,12,100.00
20,115,865IIFL28,NS,398,398,100.00
20,116,865IRFC29,NA,90,90,100.00
20,117,865LTF26,NN,30,30,100.00
20,118,865TCAPS27,N8,102,102,100.00
20,119,871REC28,N9,2880,2686,93.26
20,120,872MMFSL26,N1,1,1,100.00
20,121,873NTPC28,N5,118,118,100.00
20,122,875IHFL29,ND,232,202,87.07
20,123,875IIFL26,NM,248,248,100.00
20,124,875NHAI29,N6,4606,4066,88.28
20,125,875PCHFL26,N8,788,788,100.00
20,126,876HUDCO28,ND,285,285,100.00
20,127,87SCL27A,ZK,5,5,100.00
20,128,880IREDA29,N5,384,384,100.00
20,129,880IREDA34,N6,121,116,95.87
20,130,885IHL26,N1,1,1,100.00
20,131,888ERFL28,N5,50,50,100.00
20,132,888IRFC29,NE,218,109,50.00
20,133,888REC29,NF,184,184,100.00
20,134,888SFIL25C,NR,1,1,100.00
20,135,890NHB34,N7,18,18,100.00
20,136,891IIFCL34,N4,1140,840,73.68
20,137,892NHPC33,N6,200,200,100.00
20,138,892PFCL33,N8,1111,1084,97.57
20,139,894SCL25,Z3,20,20,100.00
20,140,898LTF29,N7,34,32,94.12
20,141,89IHFL29,N1,100,100,100.00
20,142,901HUDCO34,NE,1501,1501,100.00
20,143,901NHB34,N6,57,56,98.25
20,144,905LTF27,NF,100,100,100.00
20,145,910TCAP28,NA,100,100,100.00
20,146,915SCL26,NE,1,1,100.00
20,147,91D030425,TB,500,500,100.00
20,148,91D060325,TB,45000,45000,100.00
20,149,91D130325,TB,100,100,100.00
20,150,91D280325,TB,500,500,100.00
20,151,91MOFSL27,N2,50,50,100.00
20,152,920SCL23A,AO,270,270,100.00
20,153,925AEL26,N1,172,172,100.00
20,154,925CAGL26,N9,11,11,100.00
20,155,925ERFL28,N6,50,50,100.00
20,156,925SCL26F,N1,19,10,52.63
20,157,92GS2030,GS,2001,2001,100.00
20,158,932AEL27,N3,200,200,100.00
20,159,935LTF29,N5,170,110,64.71
20,160,93MOFSL34,N6,1,1,100.00
20,161,943ECL28,NJ,65,65,100.00
20,162,945IFSL25,N4,312,312,100.00
20,163,948SCL26A,NN,1,1,100.00
20,164,94SFL28,YL,1145,1145,100.00
20,165,955SCL27A,ZJ,1,1,100.00
20,166,956AEL29,N6,25,25,100.00
20,167,960ISFL25,N1,20,20,100.00
20,168,965AEL27,N4,6876,6876,100.00
20,169,965SCL26,YO,95,95,100.00
20,170,96IIFL28,N5,1505,1480,98.34
20,171,96IIFL28A,NF,920,895,97.28
20,172,970CAGL28,ND,350,350,100.00
20,173,971SCL28,AN,636,636,100.00
20,174,97SFL28,YS,150,150,100.00
20,175,97SFL29,YZ,1,1,100.00
20,176,980SCL33D,YG,1016,500,49.21
20,177,985ECL28,NK,430,430,100.00
20,178,985IIFL22,NC,38,30,78.95
20,179,985SFIL28,NO,50,50,100.00
20,180,990SCL27,YT,8,8,100.00
20,181,99AEL29,N7,10,10,100.00
20,182,99SCL27,ZH,200,100,50.00
20,183,9IIFL28,Y0,581,581,100.00
20,184,9PCHFL31A,NA,195,165,84.62
20,185,9SCL26BA,NA,1661,1661,100.00
20,186,AAATECH,EQ,6399,3721,58.15
20,187,AADHARHFC,EQ,283477,132522,46.75
20,188,AAKASH,EQ,159467,101289,63.52
20,189,AAREYDRUGS,EQ,22386,14990,66.96
20,190,AARON,EQ,7183,3461,48.18
20,191,AARTIDRUGS,EQ,65344,19243,29.45
20,192,AARTIIND,EQ,651103,165160,25.37
20,193,AARTIPHARM,EQ,1349592,519000,38.46
20,194,AARTISURF,EQ,15765,10509,66.66
20,195,AARVI,EQ,15578,6641,42.63
20,196,AAVAS,EQ,173777,141344,81.34
20,197,ABB,EQ,938108,318438,33.94
20,198,ABBOTINDIA,EQ,21240,10312,48.55
20,199,ABCAPITAL,EQ,1953982,607926,31.11
20,200,ABCOTS,ST,1000,500,50.00
20,201,ABDL,EQ,579580,336998,58.15
20,202,ABFRL,EQ,1266920,467080,36.87
20,203,ABGSEC,EQ,9911,9854,99.42
20,204,ABHAPOWER,ST,46400,40000,86.21
20,205,ABINFRA,EQ,147924,63009,42.60
20,206,ABMINTLLTD,EQ,872,840,96.33
20,207,ABREL,EQ,94608,33000,34.88
20,208,ABSLAMC,EQ,164111,74377,45.32
20,209,ABSLBANETF,EQ,7931,6375,80.38
20,210,ABSLLIQUID,EQ,2047,1300,63.51
20,211,ABSLNN50ET,EQ,10905,6031,55.30
20,212,ABSLPSE,EQ,248597,150866,60.69
20,213,ABSMARINE,ST,58500,53500,91.45
20,214,ACC,EQ,187021,42724,22.84
20,215,ACCELYA,EQ,19700,8944,45.40
20,216,ACCENTMIC,SM,7500,5500,73.33
20,217,ACCORD,SM,4000,4000,100.00
20,218,ACCURACY,EQ,132516,101945,76.93
20,219,ACE,EQ,269353,62712,23.28
20,220,ACEINTEG,EQ,3434,3034,88.35
20,221,ACI,EQ,1217515,482698,39.65
20,222,ACL,EQ,18591,10642,57.24
20,223,ACLGATI,EQ,355898,140239,39.40
20,224,ACMESOLAR,EQ,524227,319146,60.88
20,225,ADANIENSOL,EQ,1883969,601707,31.94
20,226,ADANIENT,EQ,1203163,232451,19.32
20,227,ADANIGREEN,EQ,4121742,847547,20.56
20,228,ADANIPORTS,EQ,1792268,529684,29.55
20,229,ADANIPOWER,EQ,3193090,670519,21.00
20,230,ADFFOODS,EQ,653193,528093,80.85
20,231,ADL,EQ,1507,933,61.91
20,232,ADORWELD,EQ,34275,23166,67.59
20,233,ADROITINFO,EQ,31370,22909,73.03
20,234,ADSL,EQ,505858,142680,28.21
20,235,ADVANIHOTR,EQ,138494,64312,46.44
20,236,ADVENZYMES,EQ,272214,151194,55.54
20,237,AEGISLOG,EQ,13982752,444026,3.18
20,238,AEROFLEX,EQ,1500959,471363,31.40
20,239,AERON,SM,47000,34000,72.34
20,240,AETHER,EQ,32325,16009,49.53
20,241,AFCONS,EQ,1548534,722153,46.63
20,242,AFFLE,EQ,337356,153264,45.43
20,243,AFFORDABLE,EQ,58891,43043,73.09
20,244,AFIL,EQ,129575,74539,57.53
20,245,AGARIND,EQ,25324,10724,42.35
20,246,AGARWALEYE,EQ,655123,190634,29.10
20,247,AGARWALFT,ST,1500,1500,100.00
20,248,AGARWALTUF,SM,20400,20400,100.00
20,249,AGI,EQ,282855,133327,47.14
20,250,AGIIL,EQ,58587,50825,86.75
20,251,AGNI,ST,25000,20000,80.00
20,252,AGRITECH,EQ,10811,5964,55.17
20,253,AGROPHOS,EQ,18781,7680,40.89
20,254,AHIMSA,ST,3000,3000,100.00
20,255,AHLADA,EQ,20802,13929,66.96
20,256,AHLEAST,EQ,3927,1679,42.76
20,257,AHLUCONT,EQ,201207,98444,48.93
20,258,AIAENG,EQ,18536,8631,46.56
20,259,AIIL,EQ,99243,41093,41.41
20,260,AILIMITED,ST,1500,1500,100.00
20,261,AIMTRON,SM,53600,38400,71.64
20,262,AIRAN,EQ,134308,53444,39.79
20,263,AIROLAM,EQ,2456,1557,63.40
20,264,AIRTELPP,E1,115908,88752,76.57
20,265,AISL,SM,1800,1800,100.00
20,266,AJANTPHARM,EQ,268328,67662,25.22
20,267,AJAXENGG,EQ,611248,312252,51.08
20,268,AJMERA,EQ,67197,23913,35.59
20,269,AJOONI,EQ,657056,345701,52.61
20,270,AKANKSHA,SM,8000,5000,62.50
20,271,AKASH,EQ,4025,2514,62.46
20,272,AKG,EQ,27850,20140,72.32
20,273,AKIKO,SM,4800,4800,100.00
20,274,AKSHARCHEM,EQ,6701,4980,74.32
20,275,AKUMS,EQ,567902,233613,41.14
20,276,AKZOINDIA,EQ,18123,10694,59.01
20,277,ALANKIT,EQ,1497791,765697,51.12
20,278,ALBERTDAVD,EQ,9113,5629,61.77
20,279,ALEMBICLTD,EQ,318035,158992,49.99
20,280,ALICON,EQ,15958,9741,61.04
20,281,ALIVUS,EQ,91125,40132,44.04
20,282,ALKALI,EQ,4261,3076,72.19
20,283,ALKEM,EQ,129477,65758,50.79
20,284,ALKYLAMINE,EQ,77447,10299,13.30
20,285,ALLCARGO,EQ,5459179,2289596,41.94
20,286,ALLDIGI,EQ,13075,7409,56.67
20,287,ALLETEC,ST,16000,13200,82.50
20,288,ALMONDZ,EQ,647123,467797,72.29
20,289,ALOKINDS,EQ,5134225,1638216,31.91
20,290,ALPA,EQ,26175,13637,52.10
20,291,ALPEXSOLAR,SM,40600,27600,67.98
20,292,ALPHA,EQ,2298937,1134593,49.35
20,293,ALPHAETF,EQ,645989,412740,63.89
20,294,ALPL30IETF,EQ,880842,713121,80.96
20,295,ALUWIND,SM,4500,4500,100.00
20,296,AMBER,EQ,690606,149891,21.70
20,297,AMBEY,SM,4000,4000,100.00
20,298,AMBICAAGAR,EQ,28130,10919,38.82
20,299,AMBIKCO,EQ,12069,8636,71.56
20,300,AMBUJACEM,EQ,1721933,816479,47.42
20,301,AMDIND,EQ,13072,9538,72.97
20,302,AMEYA,SM,7000,7000,100.00
20,303,AMIABLE,SM,1600,1600,100.00
20,304,AMIORG,EQ,322075,150180,46.63
20,305,AMJLAND,EQ,80460,54674,67.95
20,306,AMJUMBO,SM,32000,16000,50.00
20,307,AMNPLST,EQ,11118,5176,46.56
20,308,AMRUTANJAN,EQ,15393,8804,57.19
20,309,ANANDRATHI,EQ,228164,127110,55.71
20,310,ANANTRAJ,EQ,2453127,816403,33.28
20,311,ANDHRAPAP,EQ,116391,62341,53.56
20,312,ANDHRSUGAR,EQ,139677,60547,43.35
20,313,ANGELONE,EQ,1142407,188355,16.49
20,314,ANIKINDS,EQ,14321,9305,64.97
20,315,ANLON,SM,4400,4000,90.91
20,316,ANMOL,EQ,48964,20197,41.25
20,317,ANNAPURNA,SM,63750,45750,71.76
20,318,ANTGRAPHIC,EQ,540070,300566,55.65
20,319,ANUHPHR,EQ,38347,25559,66.65
20,320,ANUP,EQ,117070,65086,55.60
20,321,ANURAS,EQ,149287,56073,37.56
20,322,ANYA,SM,470000,420000,89.36
20,323,APARINDS,EQ,132995,39301,29.55
20,324,APCL,EQ,28286,24357,86.11
20,325,APCOTEXIND,EQ,14907,7168,48.08
20,326,APEX,EQ,73714,33499,45.44
20,327,APEXECO,SM,32000,19200,60.00
20,328,APLAPOLLO,EQ,1388508,728333,52.45
20,329,APLLTD,EQ,38053,15644,41.11
20,330,APOLLO,EQ,11372274,2568485,22.59
20,331,APOLLOHOSP,EQ,195067,100607,51.58
20,332,APOLLOPIPE,EQ,65223,22953,35.19
20,333,APOLLOTYRE,EQ,725275,263997,36.40
20,334,APOLSINHOT,EQ,8610,4674,54.29
20,335,APRAMEYA,ST,14000,10000,71.43
20,336,APS,SM,113000,63750,56.42
20,337,APTECHT,EQ,127696,47271,37.02
20,338,APTUS,EQ,809635,675842,83.47
20,339,ARABIAN,SM,18000,14000,77.78
20,340,ARCHIDPLY,EQ,213489,199541,93.47
20,341,ARCHIES,EQ,20664,13511,65.38
20,342,ARE&M,EQ,672098,297429,44.25
20,343,ARHAM,SM,9000,8000,88.89
20,344,ARIHANTACA,ST,8800,8800,100.00
20,345,ARIHANTCAP,EQ,181486,90904,50.09
20,346,ARIHANTSUP,EQ,47408,15327,32.33
20,347,ARISTO,SM,1600,1600,100.00
20,348,ARKADE,EQ,788711,148508,18.83
20,349,ARMANFIN,EQ,29672,12528,42.22
20,350,AROGRANITE,EQ,9263,6688,72.20
20,351,ARTEMISMED,EQ,89617,43923,49.01
20,352,ARVEE,EQ,125,124,99.20
20,353,ARVIND,EQ,516765,223387,43.23
20,354,ARVINDFASN,EQ,742252,350925,47.28
20,355,ARVINDPORT,ST,7500,7500,100.00
20,356,ARVSMART,EQ,219801,84444,38.42
20,357,ASAHIINDIA,EQ,134306,65117,48.48
20,358,ASAHISONG,EQ,4972,3443,69.25
20,359,ASAL,EQ,59405,19483,32.80
20,360,ASALCBR,EQ,59848,29870,49.91
20,361,ASHALOG,SM,10000,9000,90.00
20,362,ASHAPURMIN,EQ,377146,175758,46.60
20,363,ASHIANA,EQ,94492,52503,55.56
20,364,ASHIMASYN,EQ,744342,201111,27.02
20,365,ASHOKA,EQ,3304121,1232604,37.31
20,366,ASHOKAMET,EQ,36773,25842,70.27
20,367,ASHOKLEY,EQ,6301198,2174824,34.51
20,368,ASIANENE,EQ,74946,32919,43.92
20,369,ASIANPAINT,EQ,645236,426281,66.07
20,370,ASIANTILES,EQ,643502,223980,34.81
20,371,ASKAUTOLTD,EQ,186037,100824,54.20
20,372,ASMS,EQ,846894,533392,62.98
20,373,ASPINWALL,EQ,7799,5260,67.44
20,374,ASPIRE,ST,26000,24000,92.31
20,375,ASTEC,EQ,63582,19868,31.25
20,376,ASTERDM,EQ,344956,185560,53.79
20,377,ASTRAL,EQ,289289,145487,50.29
20,378,ASTRAMICRO,EQ,162339,59768,36.82
20,379,ASTRAZEN,EQ,9626,3282,34.10
20,380,ASTRON,EQ,69248,45682,65.97
20,381,ATAM,EQ,22022,14137,64.19
20,382,ATFL,EQ,27066,15345,56.69
20,383,ATGL,EQ,544265,132295,24.31
20,384,ATL,EQ,447418,171555,38.34
20,385,ATMASTCO,ST,54400,48800,89.71
20,386,ATUL,EQ,92006,47269,51.38
20,387,ATULAUTO,EQ,40772,15907,39.01
20,388,AUBANK,EQ,11218538,7214071,64.30
20,389,AURIONPRO,EQ,51656,22815,44.17
20,390,AUROIMPEX,SM,4800,3200,66.67
20,391,AUROPHARMA,EQ,3754940,1105650,29.45
20,392,AURUM,EQ,50603,27591,54.52
20,393,AURUMPP1,E1,992,954,96.17
20,394,AUSL,SM,56000,54000,96.43
20,395,AUSOMENT,EQ,4594,4093,89.09
20,396,AUTOAXLES,EQ,5482,3360,61.29
20,397,AUTOBEES,EQ,124759,60839,48.77
20,398,AUTOIETF,EQ,307103,129297,42.10
20,399,AUTOIND,EQ,66312,32400,48.86
20,400,AVADHSUGAR,EQ,51681,17050,32.99
20,401,AVALON,EQ,495373,141182,28.50
20,402,AVANTEL,EQ,1079625,493865,45.74
20,403,AVANTIFEED,EQ,779887,139314,17.86
20,404,AVIANSH,ST,14000,8000,57.14
20,405,AVL,EQ,82512,39500,47.87
20,406,AVPINFRA,ST,130400,121600,93.25
20,407,AVROIND,EQ,11450,8238,71.95
20,408,AVTNPL,EQ,240895,146417,60.78
20,409,AWFIS,EQ,450626,336125,74.59
20,410,AWHCL,EQ,80683,32569,40.37
20,411,AWL,EQ,2172569,489200,22.52
20,412,AXISBANK,EQ,6401381,4883599,76.29
20,413,AXISBNKETF,EQ,80100,71076,88.73
20,414,AXISBPSETF,EQ,21456,14273,66.52
20,415,AXISCETF,EQ,1755,1101,62.74
20,416,AXISGOLD,EQ,258794,170412,65.85
20,417,AXISHCETF,EQ,1243,973,78.28
20,418,AXISILVER,EQ,77738,64840,83.41
20,419,AXISNIFTY,EQ,162250,157385,97.00
20,420,AXISTECETF,EQ,17560,17307,98.56
20,421,AXITA,EQ,2099116,620079,29.54
20,422,AXSENSEX,EQ,1076,843,78.35
20,423,AYMSYNTEX,EQ,297668,239312,80.40
20,424,AZAD,EQ,358420,138681,38.69
20,425,BABAFP,SM,4800,4800,100.00
20,426,BAHETI,SM,18750,7500,40.00
20,427,BAIDFIN,EQ,160553,83203,51.82
20,428,BAJAJ-AUTO,EQ,200819,106032,52.80
20,429,BAJAJCON,EQ,359487,216640,60.26
20,430,BAJAJELEC,EQ,44797,32501,72.55
20,431,BAJAJFINSV,EQ,768994,325372,42.31
20,432,BAJAJHCARE,EQ,765237,226725,29.63
20,433,BAJAJHFL,EQ,7778169,2910954,37.42
20,434,BAJAJHIND,EQ,8725086,3195566,36.63
20,435,BAJAJHLDNG,EQ,78087,24896,31.88
20,436,BAJEL,EQ,686301,266147,38.78
20,437,BAJFINANCE,EQ,896198,556237,62.07
20,438,BALAJEE,EQ,89697,41083,45.80
20,439,BALAMINES,EQ,74160,29392,39.63
20,440,BALAXI,EQ,26107,13208,50.59
20,441,BALCO,ST,4800,4800,100.00
20,442,BALKRISHNA,EQ,16836,5938,35.27
20,443,BALKRISIND,EQ,91434,45179,49.41
20,444,BALMLAWRIE,EQ,873302,521760,59.75
20,445,BALPHARMA,EQ,11270,6488,57.57
20,446,BALRAMCHIN,EQ,296685,94470,31.84
20,447,BALUFORGE,EQ,1210194,297112,24.55
20,448,BANARISUG,EQ,1128,876,77.66
20,449,BANCOINDIA,EQ,235337,89790,38.15
20,450,BANDHANBNK,EQ,5877541,1832572,31.18
20,451,BANKA,EQ,46971,19564,41.65
20,452,BANKBARODA,EQ,5908141,2677168,45.31
20,453,BANKBEES,EQ,795082,580879,73.06
20,454,BANKBETF,EQ,33265,19240,57.84
20,455,BANKETF,EQ,17332,17091,98.61
20,456,BANKETFADD,EQ,3748,1848,49.31
20,457,BANKIETF,EQ,83078,36184,43.55
20,458,BANKINDIA,EQ,8383145,3355138,40.02
20,459,BANKNIFTY1,EQ,16873,5750,34.08
20,460,BANKPSU,EQ,7886,5240,66.45
20,461,BANSALWIRE,EQ,107095,55074,51.43
20,462,BANSWRAS,EQ,13292,5328,40.08
20,463,BARBEQUE,EQ,311822,166662,53.45
20,464,BARFLEX,SM,50000,40000,80.00
20,465,BASF,EQ,38871,9839,25.31
20,466,BASILIC,ST,114300,113700,99.48
20,467,BASML,EQ,187598,108146,57.65
20,468,BATAINDIA,EQ,197385,65675,33.27
20,469,BAWEJA,SM,15200,9600,63.16
20,470,BAYERCROP,EQ,19517,6887,35.29
20,471,BBETF0432,EQ,3145,2911,92.56
20,472,BBL,EQ,57226,21835,38.16
20,473,BBNPNBETF,EQ,29,25,86.21
20,474,BBNPPGOLD,EQ,2236,2205,98.61
20,475,BBOX,EQ,191185,99611,52.10
20,476,BBTC,EQ,160007,46765,29.23
20,477,BBTCL,EQ,8860,2527,28.52
20,478,BCLIND,EQ,1706533,823802,48.27
20,479,BCONCEPTS,EQ,25215,17265,68.47
20,480,BDL,EQ,1916297,340278,17.76
20,481,BEACON,SM,34000,24000,70.59
20,482,BEARDSELL,EQ,29875,16508,55.26
20,483,BECTORFOOD,EQ,82964,31883,38.43
20,484,BEDMUTHA,EQ,21784,14414,66.17
20,485,BEL,EQ,21516255,7189872,33.42
20,486,BEML,EQ,484418,139945,28.89
20,487,BEPL,EQ,490146,162139,33.08
20,488,BERGEPAINT,EQ,436944,105551,24.16
20,489,BESTAGRO,EQ,712249,234310,32.90
20,490,BETA,SM,1100,1100,100.00
20,491,BEWLTD,ST,7000,6000,85.71
20,492,BFINVEST,EQ,43826,17532,40.00
20,493,BFSI,EQ,172342,134822,78.23
20,494,BFUTILITIE,EQ,61461,34171,55.60
20,495,BHAGCHEM,EQ,113399,86717,76.47
20,496,BHAGERIA,EQ,18774,8618,45.90
20,497,BHAGYANGR,EQ,15865,7712,48.61
20,498,BHANDARI,EQ,482265,256610,53.21
20,499,BHARATFORG,EQ,346156,103354,29.86
20,500,BHARATGEAR,EQ,29034,14730,50.73
20,501,BHARATRAS,EQ,1527,687,44.99
20,502,BHARATWIRE,EQ,68802,35636,51.80
20,503,BHARTIARTL,EQ,7776555,5936050,76.33
20,504,BHARTIHEXA,EQ,243838,123529,50.66
20,505,BHEL,EQ,16602294,3994193,24.06
20,506,BIGBLOC,EQ,248674,87688,35.26
20,507,BIKAJI,EQ,2865723,692247,24.16
20,508,BIKEWO,SM,24000,22000,91.67
20,509,BINANIIND,EQ,4107,3262,79.43
20,510,BIOCON,EQ,3227705,1014110,31.42
20,511,BIOFILCHEM,EQ,12384,7520,60.72
20,512,BIRET,RR,93409,58381,62.50
20,513,BIRLACABLE,EQ,28916,15398,53.25
20,514,BIRLACORPN,EQ,80102,38072,47.53
20,515,BLACKBUCK,EQ,113625,54323,47.81
20,516,BLAL,EQ,65964,29311,44.43
20,517,BLBLIMITED,EQ,51608,13744,26.63
20,518,BLISSGVS,EQ,640594,170984,26.69
20,519,BLKASHYAP,EQ,672599,413671,61.50
20,520,BLS,EQ,2331085,519778,22.30
20,521,BLSE,EQ,144109,42499,29.49
20,522,BLUEDART,EQ,7890,1818,23.04
20,523,BLUEJET,EQ,805197,509123,63.23
20,524,BLUEPEBBLE,SM,8800,7200,81.82
20,525,BLUESTARCO,EQ,585530,341354,58.30
20,526,BMETRICS,SM,5600,4800,85.71
20,527,BODALCHEM,EQ,450180,295440,65.63
20,528,BOMDYEING,EQ,963719,359592,37.31
20,529,BOROLTD,EQ,259038,102279,39.48
20,530,BOROSCI,EQ,60291,29226,48.47
20,531,BOSCHLTD,EQ,15846,5991,37.81
20,532,BOSS,ST,4000,4000,100.00
20,533,BPCL,EQ,6887175,3647396,52.96
20,534,BPL,EQ,136799,46807,34.22
20,535,BRACEPORT,ST,8000,8000,100.00
20,536,BRIGADE,EQ,266869,142802,53.51
20,537,BRITANNIA,EQ,215919,122106,56.55
20,538,BRNL,EQ,49708,21445,43.14
20,539,BROOKS,EQ,10755,6081,56.54
20,540,BSE,EQ,3943621,1214147,30.79
20,541,BSE500IETF,EQ,95281,57653,60.51
20,542,BSHSL,EQ,8984,3901,43.42
20,543,BSL,EQ,35782,10111,28.26
20,544,BSLGOLDETF,EQ,42546,20999,49.36
20,545,BSLNIFTY,EQ,1001478,805055,80.39
20,546,BSLSENETFG,EQ,791,379,47.91
20,547,BSOFT,EQ,1599419,770059,48.15
20,548,BULKCORP,SM,1200,1200,100.00
20,549,BUTTERFLY,EQ,14578,9591,65.79
20,550,BVCL,EQ,17673,12841,72.66
20,551,C2C,ST,4200,4200,100.00
20,552,CADSYS,ST,22500,21000,93.33
20,553,CAGL28,NE,500,500,100.00
20,554,CAMLINFINE,EQ,2933866,733453,25.00
20,555,CAMPUS,EQ,954494,427239,44.76
20,556,CAMS,EQ,485674,143009,29.45
20,557,CANARYS,SM,88000,72000,81.82
20,558,CANBK,EQ,27545822,14920463,54.17
20,559,CANFINHOME,EQ,190817,56742,29.74
20,560,CANTABIL,EQ,200788,79029,39.36
20,561,CAPACITE,EQ,1046367,392129,37.48
20,562,CAPINVIT,IV,67899,62137,91.51
20,563,CAPITALSFB,EQ,19309,11390,58.99
20,564,CAPLIPOINT,EQ,213193,64771,30.38
20,565,CAPTRUST,EQ,21571,6110,28.33
20,566,CARBORUNIV,EQ,358753,183658,51.19
20,567,CAREERP,EQ,5142,3841,74.70
20,568,CARERATING,EQ,53227,41218,77.44
20,569,CARRARO,EQ,139494,72066,51.66
20,570,CARTRADE,EQ,517257,220598,42.65
20,571,CARYSIL,EQ,100979,58807,58.24
20,572,CASTROLIND,EQ,4088339,1377906,33.70
20,573,CBAZAAR,ST,32000,32000,100.00
20,574,CCHHL,EQ,26797,19455,72.60
20,575,CCL,EQ,90937,47164,51.86
20,576,CDSL,EQ,4621419,1042588,22.56
20,577,CEATLTD,EQ,32230,8311,25.79
20,578,CEIGALL,EQ,200389,107033,53.41
20,579,CELEBRITY,EQ,142434,89443,62.80
20,580,CELLECOR,SM,1302000,888000,68.20
20,581,CELLO,EQ,151982,91175,59.99
20,582,CELLPOINT,SM,16800,13200,78.57
20,583,CENTENKA,EQ,59673,30581,51.25
20,584,CENTEXT,EQ,113568,77270,68.04
20,585,CENTRALBK,EQ,4065306,1000384,24.61
20,586,CENTRUM,EQ,96248,53124,55.19
20,587,CENTUM,EQ,26360,11681,44.31
20,588,CENTURYPLY,EQ,99066,17913,18.08
20,589,CERA,EQ,10871,3846,35.38
20,590,CESC,EQ,6647511,2034555,30.61
20,591,CEWATER,EQ,345251,213971,61.98
20,592,CGCL,EQ,950090,131011,13.79
20,593,CGPOWER,EQ,1964251,734244,37.38
20,594,CGRAPHICS,SM,17600,16000,90.91
20,595,CHALET,EQ,258336,91593,35.45
20,596,CHAMBLFERT,EQ,1752581,333491,19.03
20,597,CHAMUNDA,ST,366000,327000,89.34
20,598,CHANDAN,ST,127200,115200,90.57
20,599,CHAVDA,SM,36000,23000,63.89
20,600,CHEMBOND,EQ,6463,3551,54.94
20,601,CHEMCON,EQ,26204,12769,48.73
20,602,CHEMFAB,EQ,5229,2700,51.64
20,603,CHEMPLASTS,EQ,373520,320090,85.70
20,604,CHENNPETRO,EQ,441451,155726,35.28
20,605,CHETANA,SM,8000,4800,60.00
20,606,CHEVIOT,EQ,3738,2676,71.59
20,607,CHOICEIN,EQ,310001,97197,31.35
20,608,CHOLAFIN,EQ,1493355,845118,56.59
20,609,CHOLAHLDNG,EQ,122138,49002,40.12
20,610,CIEINDIA,EQ,121069,71176,58.79
20,611,CIGNITITEC,EQ,64965,26985,41.54
20,612,CINEVISTA,EQ,19332,5898,30.51
20,613,CIPLA,EQ,1210464,494224,40.83
20,614,CLEAN,EQ,38850,15465,39.81
20,615,CLEDUCATE,EQ,639924,513525,80.25
20,616,CLSEL,EQ,64657,20426,31.59
20,617,CLSL,SM,44000,30000,68.18
20,618,CMMIPL,SZ,6000,6000,100.00
20,619,CMNL,SM,9000,9000,100.00
20,620,CMRSL,SM,5600,5600,100.00
20,621,CMSINFO,EQ,330141,150328,45.53
20,622,COALINDIA,EQ,3097726,1201575,38.79
20,623,COASTCORP,EQ,17016,9252,54.37
20,624,COCHINSHIP,EQ,1463068,309973,21.19
20,625,COFORGE,EQ,398492,219781,55.15
20,626,COLPAL,EQ,573419,420559,73.34
20,627,COMMOIETF,EQ,33463,14649,43.78
20,628,COMPUSOFT,EQ,45790,17757,38.78
20,629,CONCOR,EQ,1063820,278785,26.21
20,630,CONCORDBIO,EQ,131473,50090,38.10
20,631,CONFIPET,EQ,285630,123116,43.10
20,632,CONS,EQ,2678,2545,95.03
20,633,CONSOFINVT,EQ,4532,2361,52.10
20,634,CONSUMBEES,EQ,112413,61146,54.39
20,635,CONSUMER,EQ,45798,36578,79.87
20,636,CONSUMIETF,EQ,16227,7507,46.26
20,637,CONTI,ST,3333,3333,100.00
20,638,CONTROLPR,EQ,14395,10893,75.67
20,639,COOLCAPS,ST,23500,22750,96.81
20,640,CORALFINAC,EQ,27132,17630,64.98
20,641,CORDSCABLE,EQ,55388,30580,55.21
20,642,COROMANDEL,EQ,549094,310029,56.46
20,643,COSMOFIRST,EQ,211324,170989,80.91
20,644,COUNCODOS,EQ,99918,60539,60.59
20,645,CPS,ST,4800,3000,62.50
20,646,CPSEETF,EQ,1477608,721991,48.86
20,647,CRAFTSMAN,EQ,36019,23719,65.85
20,648,CRAYONS,SM,12000,9000,75.00
20,649,CREATIVE,EQ,14855,9455,63.65
20,650,CREATIVEYE,EQ,59697,29896,50.08
20,651,CREDITACC,EQ,1254784,296074,23.60
20,652,CREST,EQ,13518,5751,42.54
20,653,CRISIL,EQ,55341,19760,35.71
20,654,CROMPTON,EQ,5713908,3685467,64.50
20,655,CROWN,EQ,25791,18770,72.78
20,656,CSBBANK,EQ,126057,50619,40.16
20,657,CSLFINANCE,EQ,41677,23850,57.23
20,658,CTE,EQ,47340,36702,77.53
20,659,CUB,EQ,4253722,2114393,49.71
20,660,CUMMINSIND,EQ,908689,573760,63.14
20,661,CUPID,EQ,1682305,1169380,69.51
20,662,CYBERMEDIA,EQ,5430,2503,46.10
20,663,CYBERTECH,EQ,55331,22578,40.81
20,664,CYIENT,EQ,733972,388752,52.97
20,665,CYIENTDLM,EQ,284358,108036,37.99
20,666,DABUR,EQ,2715980,1879043,69.18
20,667,DALBHARAT,EQ,44341,12727,28.70
20,668,DALMIASUG,EQ,53708,23153,43.11
20,669,DAMCAPITAL,EQ,1017504,308300,30.30
20,670,DAMODARIND,EQ,4030,3234,80.25
20,671,DANGEE,EQ,110774,62434,56.36
20,672,DANISH,SM,66300,33600,50.68
20,673,DATAMATICS,EQ,77889,22076,28.34
20,674,DATAPATTNS,EQ,3170630,265515,8.37
20,675,DAVANGERE,EQ,1015889,471597,46.42
20,676,DBCORP,EQ,386274,101317,26.23
20,677,DBEIL,EQ,86012,29589,34.40
20,678,DBL,EQ,436179,141852,32.52
20,679,DBOL,EQ,284273,173557,61.05
20,680,DBREALTY,EQ,2931703,1194834,40.76
20,681,DBSTOCKBRO,EQ,86502,75961,87.81
20,682,DCAL,EQ,400378,155034,38.72
20,683,DCBBANK,EQ,920428,454260,49.35
20,684,DCG,SM,46800,26400,56.41
20,685,DCI,EQ,18720,8632,46.11
20,686,DCM,EQ,21337,9759,45.74
20,687,DCMFINSERV,EQ,7542,4643,61.56
20,688,DCMNVL,EQ,15275,10891,71.30
20,689,DCMSHRIRAM,EQ,21546,10137,47.05
20,690,DCMSRIND,EQ,95299,65046,68.25
20,691,DCW,EQ,1174804,408447,34.77
20,692,DCXINDIA,EQ,1044065,457187,43.79
20,693,DDEVPLSTIK,EQ,410019,182423,44.49
20,694,DECCANCE,EQ,166681,118454,71.07
20,695,DECCANTRAN,SM,16800,15600,92.86
20,696,DEEDEV,EQ,586303,237642,40.53
20,697,DEEM,SM,4000,4000,100.00
20,698,DEEPAKFERT,EQ,710600,263395,37.07
20,699,DEEPAKNTR,EQ,390086,97243,24.93
20,700,DEEPINDS,EQ,136966,54233,39.60
20,701,DELAPLEX,SM,12000,9600,80.00
20,702,DELHIVERY,EQ,1264216,402132,31.81
20,703,DELTACORP,EQ,1482173,553881,37.37
20,704,DELTAMAGNT,EQ,9549,4698,49.20
20,705,DELTIC,ST,46000,45000,97.83
20,706,DEN,EQ,674624,283480,42.02
20,707,DENEERS,ST,9000,8400,93.33
20,708,DENORA,EQ,21153,8458,39.98
20,709,DENTA,EQ,746230,217798,29.19
20,710,DENTALKART,SM,15000,13750,91.67
20,711,DESTINY,ST,1500,1500,100.00
20,712,DEVIT,EQ,138827,58339,42.02
20,713,DEVYANI,EQ,1322638,456704,34.53
20,714,DHAMPURSUG,EQ,213616,86478,40.48
20,715,DHANI,EQ,3196903,1348546,42.18
20,716,DHANLAXMI,ST,16000,16000,100.00
20,717,DHANUKA,EQ,12594,4400,34.94
20,718,DHARMAJ,EQ,66557,40792,61.29
20,719,DHTL,SM,12800,10400,81.25
20,720,DHUNINV,EQ,1940,1023,52.73
20,721,DIAMINESQ,EQ,23995,22699,94.60
20,722,DIAMONDYD,EQ,53632,30447,56.77
20,723,DICIND,EQ,310,175,56.45
20,724,DIGIDRIVE,EQ,50011,30815,61.62
20,725,DIGIKORE,ST,8000,7800,97.50
20,726,DIGISPICE,EQ,132463,49373,37.27
20,727,DISHTV,EQ,40685828,17444516,42.88
20,728,DIVGIITTS,EQ,6317,3219,50.96
20,729,DIVISLAB,EQ,337225,193903,57.50
20,730,DIVOPPBEES,EQ,134168,98406,73.35
20,731,DIVYADHAN,ST,8000,8000,100.00
20,732,DIXON,EQ,221334,75913,34.30
20,733,DKEGL,SM,15000,13500,90.00
20,734,DLF,EQ,3466893,1001068,28.88
20,735,DLINKINDIA,EQ,66631,32527,48.82
20,736,DMART,EQ,265834,132379,49.80
20,737,DNAMEDIA,EQ,94055,68396,72.72
20,738,DODLA,EQ,15948,6379,40.00
20,739,DOLATALGO,EQ,425141,274770,64.63
20,740,DOLLAR,EQ,52508,24820,47.27
20,741,DOLPHIN,EQ,39037,22734,58.24
20,742,DOMS,EQ,83503,32891,39.39
20,743,DONEAR,EQ,92437,49089,53.11
20,744,DPABHUSHAN,EQ,9753,5192,53.23
20,745,DPEL,ST,18000,18000,100.00
20,746,DPSCLTD,EQ,192277,110788,57.62
20,747,DPWIRES,EQ,8726,4607,52.80
20,748,DRCSYSTEMS,EQ,318701,160723,50.43
20,749,DREAMFOLKS,EQ,165817,86430,52.12
20,750,DREDGECORP,EQ,70153,45465,64.81
20,751,DRONE,ST,90000,81500,90.56
20,752,DRREDDY,EQ,3062142,1491299,48.70
20,753,DSSL,EQ,25668,11724,45.68
20,754,DTIL,EQ,4814,2787,57.89
20,755,DTL,SM,2400,2400,100.00
20,756,DUCOL,SM,11200,10400,92.86
20,757,DUCON,EQ,345765,209818,60.68
20,758,DUGLOBAL,SM,5000,5000,100.00
20,759,DURLAX,SM,32000,18000,56.25
20,760,DVL,EQ,54932,24936,45.39
20,761,DWARKESH,EQ,717887,314221,43.77
20,762,DYCL,EQ,82132,50513,61.50
20,763,DYNAMATECH,EQ,7286,2169,29.77
20,764,DYNAMIC,ST,11500,11500,100.00
20,765,DYNPRO,EQ,21336,13043,61.13
20,766,E2E,EQ,30632,23613,77.09
20,767,EASEMYTRIP,EQ,26222860,8479820,32.34
20,768,EBANKNIFTY,EQ,1926,1681,87.28
20,769,EBBETF0425,EQ,642,449,69.94
20,770,EBBETF0430,EQ,6364,5322,83.63
20,771,EBBETF0431,EQ,955,954,99.90
20,772,EBBETF0433,EQ,1363,1302,95.52
20,773,ECAPINSURE,EQ,69133,60530,87.56
20,774,ECLERX,EQ,31607,13129,41.54
20,775,ECOSMOBLTY,EQ,329569,112289,34.07
20,776,EDELWEISS,EQ,5924766,2123681,35.84
20,777,EFACTOR,SM,15200,14400,94.74
20,778,EFFWA,SM,22800,15600,68.42
20,779,EFORCE,SM,30000,22800,76.00
20,780,EGOLD,EQ,26909,26359,97.96
20,781,EICHERMOT,EQ,275722,136829,49.63
20,782,EIDPARRY,EQ,499823,299374,59.90
20,783,EIEL,EQ,3679925,569866,15.49
20,784,EIFFL,EQ,13014,8226,63.21
20,785,EIHAHOTELS,EQ,64834,31852,49.13
20,786,EIHOTEL,EQ,738129,405216,54.90
20,787,EIMCOELECO,EQ,20192,16440,81.42
20,788,EKC,EQ,360830,128188,35.53
20,789,ELDEHSG,EQ,1057,949,89.78
20,790,ELECON,EQ,396938,182537,45.99
20,791,ELECTCAST,EQ,3138967,1354058,43.14
20,792,ELGIEQUIP,EQ,372827,167712,44.98
20,793,ELGNZ,ST,32000,32000,100.00
20,794,ELIN,EQ,131233,55348,42.18
20,795,EMAIN,SM,37000,28000,75.68
20,796,EMAMILTD,EQ,1038609,808656,77.86
20,797,EMAMIPAP,EQ,31884,15469,48.52
20,798,EMBASSY,RR,5501277,5324502,96.79
20,799,EMBDL,EQ,4977229,1498710,30.11
20,800,EMCURE,EQ,116419,80501,69.15
20,801,EMIL,EQ,230607,68253,29.60
20,802,EMKAYTOOLS,SM,5850,4650,79.49
20,803,EMMBI,EQ,30493,11751,38.54
20,804,EMMIL,ST,12000,11000,91.67
20,805,EMSLIMITED,EQ,627318,155904,24.85
20,806,EMUDHRA,EQ,124800,27637,22.15
20,807,EMULTIMQ,EQ,64279,56974,88.64
20,808,ENDURANCE,EQ,62313,32040,51.42
20,809,ENFUSE,ST,4200,4200,100.00
20,810,ENGINERSIN,EQ,4987591,1723561,34.56
20,811,ENIL,EQ,29446,11393,38.69
20,812,ENSER,ST,20000,20000,100.00
20,813,ENTERO,EQ,33145,23174,69.92
20,814,ENVIRO,SM,34000,22000,64.71
20,815,EPACK,EQ,184791,116416,63.00
20,816,EPIGRAL,EQ,44758,15587,34.83
20,817,EPL,EQ,577220,229253,39.72
20,818,EQUAL50ADD,EQ,6709,3308,49.31
20,819,EQUITASBNK,EQ,1765291,675531,38.27
20,820,ERIS,EQ,80180,38447,47.95
20,821,ESABINDIA,EQ,6561,3209,48.91
20,822,ESAFSFB,EQ,538729,301808,56.02
20,823,ESCONET,ST,1600,1600,100.00
20,824,ESCORTS,EQ,58641,11507,19.62
20,825,ESFL,SM,135360,102240,75.53
20,826,ESG,EQ,22576,22072,97.77
20,827,ESILVER,EQ,3791,2469,65.13
20,828,ESPRIT,ST,17600,17600,100.00
20,829,ESSENTIA,EQ,3536063,1947996,55.09
20,830,ESTER,EQ,160235,62905,39.26
20,831,ETHOSLTD,EQ,23903,8585,35.92
20,832,ETML,SM,21600,14400,66.67
20,833,EUREKAFORB,EQ,260229,183441,70.49
20,834,EUROBOND,SM,4000,4000,100.00
20,835,EVEREADY,EQ,59288,25512,43.03
20,836,EVINDIA,EQ,241276,177129,73.41
20,837,EXCELINDUS,EQ,7755,4166,53.72
20,838,EXCELLENT,SM,8000,4800,60.00
20,839,EXICOM,EQ,530995,243738,45.90
20,840,EXIDEIND,EQ,1135144,294065,25.91
20,841,EXPLEOSOL,EQ,18988,11466,60.39
20,842,EXXARO,EQ,1615369,836725,51.80
20,843,FACT,EQ,377628,105307,27.89
20,844,FAIRCHEMOR,EQ,11616,4552,39.19
20,845,FALCONTECH,SM,30000,25200,84.00
20,846,FAZE3Q,EQ,5031,2853,56.71
20,847,FCL,EQ,486205,160410,32.99
20,848,FCSSOFT,EQ,7129706,3092044,43.37
20,849,FDC,EQ,144431,87795,60.79
20,850,FEDERALBNK,EQ,3020603,1448703,47.96
20,851,FEDFINA,EQ,216501,113521,52.43
20,852,FELIX,ST,57000,52000,91.23
20,853,FIBERWEB,EQ,137639,90590,65.82
20,854,FIDEL,ST,5000,4000,80.00
20,855,FIEMIND,EQ,45859,31444,68.57
20,856,FILATEX,EQ,928864,251268,27.05
20,857,FINCABLES,EQ,463878,61249,13.20
20,858,FINEORG,EQ,26397,13573,51.42
20,859,FINIETF,EQ,145789,89172,61.17
20,860,FINOPB,EQ,183739,75213,40.93
20,861,FINPIPE,EQ,471025,171942,36.50
20,862,FIRSTCRY,EQ,265368,115115,43.38
20,863,FIVESTAR,EQ,424549,119745,28.21
20,864,FLAIR,EQ,89416,51296,57.37
20,865,FLUOROCHEM,EQ,41875,19992,47.74
20,866,FMCGIETF,EQ,1070823,568009,53.04
20,867,FMGOETZE,EQ,302508,141961,46.93
20,868,FOCUS,EQ,56543,33778,59.74
20,869,FONEBOX,SM,21000,17000,80.95
20,870,FOODSIN,EQ,80272,46830,58.34
20,871,FORCAS,ST,49600,49600,100.00
20,872,FORCEMOT,EQ,28719,13671,47.60
20,873,FORGEAUTO,SM,4800,3600,75.00
20,874,FORTIS,EQ,1100162,702417,63.85
20,875,FOSECOIND,EQ,954,444,46.54
20,876,FRESHARA,ST,74400,72000,96.77
20,877,FROG,SM,49600,27200,54.84
20,878,FSL,EQ,1904677,593412,31.16
20,879,FUSION,EQ,373834,178527,47.76
20,880,GABRIEL,EQ,189129,86512,45.74
20,881,GAEL,EQ,415810,164947,39.67
20,882,GAIL,EQ,9842304,4565250,46.38
20,883,GAJANAND,ST,48000,39000,81.25
20,884,GALAPREC,EQ,111119,31966,28.77
20,885,GALAXYSURF,EQ,28835,22221,77.06
20,886,GALLANTT,EQ,26922,14019,52.07
20,887,GANDHAR,EQ,127129,50879,40.02
20,888,GANDHITUBE,EQ,12295,8481,68.98
20,889,GANECOS,EQ,136642,70960,51.93
20,890,GANESHBE,EQ,116173,82154,70.72
20,891,GANESHHOUC,EQ,92917,34358,36.98
20,892,GANESHIN,SM,128000,92800,72.50
20,893,GANGAFORGE,EQ,734372,529697,72.13
20,894,GANGESSECU,EQ,9642,8647,89.68
20,895,GARFIBRES,EQ,52667,23999,45.57
20,896,GARUDA,EQ,962379,198330,20.61
20,897,GATEWAY,EQ,699454,364162,52.06
20,898,GEECEE,EQ,2185,1039,47.55
20,899,GEEKAYWIRE,EQ,92392,40421,43.75
20,900,GENCON,EQ,96407,45017,46.69
20,901,GENESYS,EQ,362637,101606,28.02
20,902,GENSOL,EQ,186088,83384,44.81
20,903,GENUSPAPER,EQ,137353,60391,43.97
20,904,GENUSPOWER,EQ,991280,466942,47.10
20,905,GEOJITFSL,EQ,390131,169386,43.42
20,906,GEPIL,EQ,144510,62961,43.57
20,907,GESHIP,EQ,192742,74267,38.53
20,908,GFLLIMITED,EQ,55848,27843,49.85
20,909,GGBL,ST,47100,40500,85.99
20,910,GHCL,EQ,160720,74365,46.27
20,911,GHCLTEXTIL,EQ,264687,189452,71.58
20,912,GICHSGFIN,EQ,113334,47038,41.50
20,913,GICRE,EQ,705746,132470,18.77
20,914,GILLETTE,EQ,1126970,23069,2.05
20,915,GILT5YBEES,EQ,61523,47206,76.73
20,916,GINNIFILA,EQ,165044,122262,74.08
20,917,GIPCL,EQ,503476,245821,48.82
20,918,GLAND,EQ,139728,76647,54.85
20,919,GLAXO,EQ,998313,85454,8.56
20,920,GLENMARK,EQ,593782,207342,34.92
20,921,GLOBAL,EQ,68399,32970,48.20
20,922,GLOBE,EQ,1274969,1274969,100.00
20,923,GLOBUSSPR,EQ,113777,48786,42.88
20,924,GLOSTERLTD,EQ,1589,1435,90.31
20,925,GMBREW,EQ,19388,6881,35.49
20,926,GMDCLTD,EQ,813906,230079,28.27
20,927,GMMPFAUDLR,EQ,63402,35944,56.69
20,928,GMRAIRPORT,EQ,20210142,10050626,49.73
20,929,GMRP&UI,EQ,2856670,1709372,59.84
20,930,GNA,EQ,23442,11679,49.82
20,931,GNFC,EQ,444432,106147,23.88
20,932,GOACARBON,EQ,30136,10947,36.33
20,933,GOCLCORP,EQ,85198,30315,35.58
20,934,GOCOLORS,EQ,23040,11791,51.18
20,935,GODFRYPHLP,EQ,1019822,97974,9.61
20,936,GODIGIT,EQ,1010717,431133,42.66
20,937,GODREJAGRO,EQ,141977,61503,43.32
20,938,GODREJCP,EQ,2757447,2141318,77.66
20,939,GODREJIND,EQ,102084,31081,30.45
20,940,GODREJPROP,EQ,753991,230256,30.54
20,941,GOKEX,EQ,227584,154219,67.76
20,942,GOKUL,EQ,91810,40194,43.78
20,943,GOKULAGRO,EQ,61751,26266,42.54
20,944,GOLD1,EQ,537568,343576,63.91
20,945,GOLDBEES,EQ,11833543,8241048,69.64
20,946,GOLDCASE,EQ,1710636,1244672,72.76
20,947,GOLDETF,EQ,232745,132351,56.87
20,948,GOLDETFADD,EQ,36050,25009,69.37
20,949,GOLDIAM,EQ,2815208,422855,15.02
20,950,GOLDIETF,EQ,2677248,1788963,66.82
20,951,GOLDSHARE,EQ,265174,223037,84.11
20,952,GOLDSTAR,SM,11250,11250,100.00
20,953,GOLDTECH,EQ,309682,110606,35.72
20,954,GOODLUCK,EQ,306143,110487,36.09
20,955,GOPAL,EQ,140415,51070,36.37
20,956,GOYALALUM,EQ,67478,50341,74.60
20,957,GOYALSALT,SM,11400,9600,84.21
20,958,GPECO,ST,5400,5400,100.00
20,959,GPIL,EQ,1774421,873012,49.20
20,960,GPPL,EQ,1372871,601671,43.83
20,961,GPTHEALTH,EQ,80891,35072,43.36
20,962,GPTINFRA,EQ,98385,45599,46.35
20,963,GRANULES,EQ,989615,265125,26.79
20,964,GRAPHISAD,SM,13200,10800,81.82
20,965,GRAPHITE,EQ,515997,112600,21.82
20,966,GRASIM,EQ,289053,154294,53.38
20,967,GRAVITA,EQ,327237,154378,47.18
20,968,GRCL,SM,250,250,100.00
20,969,GREAVESCOT,EQ,4548980,923701,20.31
20,970,GREENCHEF,SM,13600,11200,82.35
20,971,GREENLAM,EQ,13633,5097,37.39
20,972,GREENPANEL,EQ,92014,38095,41.40
20,973,GREENPLY,EQ,191329,67192,35.12
20,974,GREENPOWER,EQ,4395136,1806491,41.10
20,975,GRETEX,ST,2250,2250,100.00
20,976,GRINDWELL,EQ,100945,59703,59.14
20,977,GRINFRA,EQ,61055,39042,63.95
20,978,GRMOVER,EQ,460374,129783,28.19
20,979,GROBTEA,EQ,532,492,92.48
20,980,GROWWDEFNC,EQ,234348,113878,48.59
20,981,GROWWEV,EQ,194026,106153,54.71
20,982,GROWWGOLD,EQ,183760,83937,45.68
20,983,GROWWLIQID,EQ,29035,23789,81.93
20,984,GROWWRAIL,EQ,851281,208444,24.49
20,985,GRPLTD,EQ,982,846,86.15
20,986,GRSE,EQ,4593601,243961,5.31
20,987,GRWRHITECH,EQ,115051,44546,38.72
20,988,GSEC10IETF,EQ,804,797,99.13
20,989,GSEC10YEAR,EQ,8222,5900,71.76
20,990,GSEC5IETF,EQ,2904,2000,68.87
20,991,GSFC,EQ,864847,267902,30.98
20,992,GSLSU,EQ,133536,41008,30.71
20,993,GSMFOILS,ST,36000,36000,100.00
20,994,GSPL,EQ,523901,218521,41.71
20,995,GSS,EQ,70654,19149,27.10
20,996,GSTL,ST,5000,5000,100.00
20,997,GTL,EQ,444140,220227,49.59
20,998,GTLINFRA,EQ,58679842,17287563,29.46
20,999,GTPL,EQ,537782,432694,80.46
20,1000,GUFICBIO,EQ,27521,15057,54.71
20,1001,GUJALKALI,EQ,27880,8652,31.03
20,1002,GUJAPOLLO,EQ,22024,13432,60.99
20,1003,GUJGASLTD,EQ,388787,143873,37.01
20,1004,GULFOILLUB,EQ,222567,61919,27.82
20,1005,GULFPETRO,EQ,217657,123943,56.94
20,1006,GULPOLY,EQ,61059,21165,34.66
20,1007,GVPTECH,EQ,29565,21679,73.33
20,1008,GVT&D,EQ,926861,561472,60.58
20,1009,HAL,EQ,2689414,901841,33.53
20,1010,HAPPSTMNDS,EQ,214178,100345,46.85
20,1011,HAPPYFORGE,EQ,51274,44805,87.38
20,1012,HARIOMPIPE,EQ,179750,53464,29.74
20,1013,HARRMALAYA,EQ,15420,9670,62.71
20,1014,HARSHA,EQ,50838,18969,37.31
20,1015,HATHWAY,EQ,7377124,3007648,40.77
20,1016,HATSUN,EQ,24464,9134,37.34
20,1017,HAVELLS,EQ,904580,618074,68.33
20,1018,HAVISHA,EQ,53794,38432,71.44
20,1019,HBLENGINE,EQ,2449664,464471,18.96
20,1020,HBSL,EQ,4797,2913,60.73
20,1021,HCC,EQ,28130007,7685471,27.32
20,1022,HCG,EQ,167016,107697,64.48
20,1023,HCL-INSYS,EQ,258173,170172,65.91
20,1024,HCLTECH,EQ,1294110,737905,57.02
20,1025,HDFCAMC,EQ,234495,136896,58.38
20,1026,HDFCBANK,EQ,5942056,4027432,67.78
20,1027,HDFCBSE500,EQ,5777,2734,47.33
20,1028,HDFCGOLD,EQ,923148,649267,70.33
20,1029,HDFCGROWTH,EQ,8196,5860,71.50
20,1030,HDFCLIFE,EQ,2007325,1059109,52.76
20,1031,HDFCLIQUID,EQ,1224,916,74.84
20,1032,HDFCLOWVOL,EQ,4194,3136,74.77
20,1033,HDFCMID150,EQ,272127,103757,38.13
20,1034,HDFCMOMENT,EQ,103107,55651,53.97
20,1035,HDFCNEXT50,EQ,65416,37637,57.53
20,1036,HDFCNIF100,EQ,43369,32788,75.60
20,1037,HDFCNIFBAN,EQ,14980,10365,69.19
20,1038,HDFCNIFIT,EQ,181793,175578,96.58
20,1039,HDFCNIFTY,EQ,59759,41773,69.90
20,1040,HDFCPSUBK,EQ,17965,14784,82.29
20,1041,HDFCPVTBAN,EQ,39185,35364,90.25
20,1042,HDFCQUAL,EQ,5556,4797,86.34
20,1043,HDFCSENSEX,EQ,39845,12785,32.09
20,1044,HDFCSILVER,EQ,250709,194477,77.57
20,1045,HDFCSML250,EQ,1317463,842133,63.92
20,1046,HDFCVALUE,EQ,4821,4527,93.90
20,1047,HEADSUP,EQ,20350,6795,33.39
20,1048,HEALTHADD,EQ,213,212,99.53
20,1049,HEALTHIETF,EQ,50583,19965,39.47
20,1050,HEALTHY,EQ,220631,141240,64.02
20,1051,HECPROJECT,EQ,5537,4912,88.71
20,1052,HEG,EQ,462851,143578,31.02
20,1053,HEIDELBERG,EQ,124454,82884,66.60
20,1054,HEMIPROP,EQ,585936,246821,42.12
20,1055,HERANBA,EQ,105599,47854,45.32
20,1056,HERITGFOOD,EQ,212228,106665,50.26
20,1057,HEROMOTOCO,EQ,453662,268011,59.08
20,1058,HESTERBIO,EQ,4349,2536,58.31
20,1059,HEUBACHIND,EQ,50752,30746,60.58
20,1060,HEXATRADEX,EQ,8359,4989,59.68
20,1061,HEXT,EQ,18950189,10725434,56.60
20,1062,HFCL,EQ,17697580,4107546,23.21
20,1063,HGINFRA,EQ,136670,54064,39.56
20,1064,HGS,EQ,24278,16635,68.52
20,1065,HIGREEN,ST,40800,40800,100.00
20,1066,HIKAL,EQ,113453,44172,38.93
20,1067,HIL,EQ,11319,5655,49.96
20,1068,HILTON,EQ,407344,162694,39.94
20,1069,HIMATSEIDE,EQ,1189096,390358,32.83
20,1070,HINDALCO,EQ,6101855,3537728,57.98
20,1071,HINDCOMPOS,EQ,3653,1820,49.82
20,1072,HINDCOPPER,EQ,3251275,1285373,39.53
20,1073,HINDMOTORS,EQ,996858,337453,33.85
20,1074,HINDOILEXP,EQ,739085,304649,41.22
20,1075,HINDPETRO,EQ,2325236,619095,26.63
20,1076,HINDUNILVR,EQ,1521343,1042419,68.52
20,1077,HINDWAREAP,EQ,991056,148649,15.00
20,1078,HINDZINC,EQ,984098,458550,46.60
20,1079,HIRECT,EQ,17149,9107,53.11
20,1080,HISARMETAL,EQ,1618,1044,64.52
20,1081,HITECH,EQ,1557873,625466,40.15
20,1082,HITECHCORP,EQ,39007,35303,90.50
20,1083,HLEGLAS,EQ,86196,26479,30.72
20,1084,HLVLTD,EQ,1262077,571239,45.26
20,1085,HMAAGRO,EQ,345927,148140,42.82
20,1086,HMVL,EQ,44901,27293,60.78
20,1087,HNDFDS,EQ,435366,356624,81.91
20,1088,HNGSNGBEES,EQ,115548,84941,73.51
20,1089,HOLMARC,ST,3000,3000,100.00
20,1090,HOMEFIRST,EQ,493150,282032,57.19
20,1091,HONASA,EQ,659218,232755,35.31
20,1092,HONAUT,EQ,2813,973,34.59
20,1093,HONDAPOWER,EQ,5774,2324,40.25
20,1094,HOVS,EQ,37464,13955,37.25
20,1095,HPAL,EQ,139827,70525,50.44
20,1096,HPIL,EQ,967,353,36.50
20,1097,HPL,EQ,307157,75597,24.61
20,1098,HRHNEXT,ST,3000,3000,100.00
20,1099,HSCL,EQ,1573385,348166,22.13
20,1100,HTMEDIA,EQ,195114,129499,66.37
20,1101,HUBTOWN,EQ,302242,160393,53.07
20,1102,HUDCO,EQ,6895180,1523315,22.09
20,1103,HUHTAMAKI,EQ,84287,55670,66.05
20,1104,HVAX,ST,2400,2100,87.50
20,1105,HYBRIDFIN,EQ,5852,5681,97.08
20,1106,HYUNDAI,EQ,1179676,649427,55.05
20,1107,IBLFL,ST,2000,2000,100.00
20,1108,ICEMAKE,EQ,27219,14014,51.49
20,1109,ICICIB22,EQ,870689,752808,86.46
20,1110,ICICIBANK,EQ,10683412,7477934,70.00
20,1111,ICICIGI,EQ,545419,393706,72.18
20,1112,ICICIPRULI,EQ,1120833,878693,78.40
20,1113,ICIL,EQ,357593,118699,33.19
20,1114,ICRA,EQ,4254,2129,50.05
20,1115,IDBI,EQ,3094666,1107317,35.78
20,1116,IDEA,EQ,299864398,48634088,16.22
20,1117,IDEAFORGE,EQ,156117,50312,32.23
20,1118,IDEALTECHO,ST,6000,6000,100.00
20,1119,IDENTICAL,ST,60000,56000,93.33
20,1120,IDFCFIRSTB,EQ,14602416,5532457,37.89
20,1121,IDFNIFTYET,EQ,1068,630,58.99
20,1122,IEML,ST,9500,9500,100.00
20,1123,IEX,EQ,4175975,1288273,30.85
20,1124,IFBAGRO,EQ,2587,1311,50.68
20,1125,IFBIND,EQ,106708,88188,82.64
20,1126,IFCI,EQ,11939239,3856530,32.30
20,1127,IFGLEXPOR,EQ,24285,11361,46.78
20,1128,IGARASHI,EQ,42611,19762,46.38
20,1129,IGIL,EQ,1384922,654565,47.26
20,1130,IGL,EQ,1055318,274491,26.01
20,1131,IGPL,EQ,15821,5425,34.29
20,1132,IIFL,EQ,1036610,472291,45.56
20,1133,IIFLCAPS,EQ,303656,146041,48.09
20,1134,IIFLZC25,ND,18,18,100.00
20,1135,IIFLZC28,NG,45,25,55.56
20,1136,IIFLZC28B,Y1,20,20,100.00
20,1137,IKIO,EQ,102454,55996,54.65
20,1138,IKS,EQ,94565,56347,59.59
20,1139,IMAGICAA,EQ,1079826,476872,44.16
20,1140,IMC1,N0,3,1,33.33
20,1141,IMC1,N1,3,1,33.33
20,1142,IMC1,N2,2,1,50.00
20,1143,IMC1,N3,2,1,50.00
20,1144,IMFA,EQ,87459,40151,45.91
20,1145,IMPAL,EQ,2203,1190,54.02
20,1146,INCREDIBLE,EQ,7353,3954,53.77
20,1147,INDBANK,EQ,47890,29982,62.61
20,1148,INDGN,EQ,200072,118476,59.22
20,1149,INDHOTEL,EQ,3899571,2409393,61.79
20,1150,INDIACEM,EQ,328042,101564,30.96
20,1151,INDIAGLYCO,EQ,134211,47084,35.08
20,1152,INDIAMART,EQ,194755,118072,60.63
20,1153,INDIANB,EQ,767980,364584,47.47
20,1154,INDIANHUME,EQ,51219,19225,37.53
20,1155,INDIASHLTR,EQ,51417,28667,55.75
20,1156,INDIFRA,ST,12000,10000,83.33
20,1157,INDIGO,EQ,596622,376937,63.18
20,1158,INDIGOPNTS,EQ,67498,23717,35.14
20,1159,INDIGRID,IV,171046,130541,76.32
20,1160,INDNIPPON,EQ,10537,5168,49.05
20,1161,INDOAMIN,EQ,97079,39854,41.05
20,1162,INDOBORAX,EQ,110675,54562,49.30
20,1163,INDOCO,EQ,56590,30488,53.88
20,1164,INDOFARM,EQ,281058,57457,20.44
20,1165,INDORAMA,EQ,102034,35654,34.94
20,1166,INDOSTAR,EQ,39394,21303,54.08
20,1167,INDOTECH,EQ,99255,46399,46.75
20,1168,INDOWIND,EQ,809606,321328,39.69
20,1169,INDRAMEDCO,EQ,216268,97839,45.24
20,1170,INDSWFTLAB,EQ,131906,72786,55.18
20,1171,INDTERRAIN,EQ,31551,15938,50.52
20,1172,INDUSINDBK,EQ,2464555,1186859,48.16
20,1173,INDUSINVIT,IV,121768,117332,96.36
20,1174,INDUSTOWER,EQ,7010165,3950971,56.36
20,1175,INFIBEAM,EQ,9606784,3481854,36.24
20,1176,INFINIUM,SM,7000,5500,78.57
20,1177,INFOBEAN,EQ,6425,4176,65.00
20,1178,INFOLLION,SM,30000,22800,76.00
20,1179,INFRABEES,EQ,22733,16829,74.03
20,1180,INFRAIETF,EQ,83440,41167,49.34
20,1181,INFY,EQ,4611411,3311722,71.82
20,1182,INGERRAND,EQ,121534,105314,86.65
20,1183,INM,SM,600,600,100.00
20,1184,INNOMET,SM,9600,9600,100.00
20,1185,INNOVACAP,EQ,66538,29303,44.04
20,1186,INNOVANA,EQ,20876,19089,91.44
20,1187,INOXGREEN,EQ,3410245,577751,16.94
20,1188,INOXINDIA,EQ,88853,42353,47.67
20,1189,INOXWIND,EQ,6814476,2506401,36.78
20,1190,INSECTICID,EQ,15427,8263,53.56
20,1191,INSPIRE,SM,8000,8000,100.00
20,1192,INSPIRISYS,EQ,2529,1773,70.11
20,1193,INTELLECT,EQ,283723,84134,29.65
20,1194,INTENTECH,EQ,131271,100717,76.72
20,1195,INTERARCH,EQ,107300,34363,32.03
20,1196,INTLCONV,EQ,94932,47937,50.50
20,1197,INVENTURE,EQ,2031405,1281520,63.09
20,1198,IOB,EQ,3191340,819448,25.68
20,1199,IOC,EQ,9158990,4191474,45.76
20,1200,IOLCP,EQ,126799,53831,42.45
20,1201,IONEXCHANG,EQ,158777,58942,37.12
20,1202,IPCALAB,EQ,245262,100986,41.17
20,1203,IPHL,ST,82800,82800,100.00
20,1204,IPL,EQ,168184,90446,53.78
20,1205,IPSL,SM,4500,4000,88.89
20,1206,IRB,EQ,13509673,4192403,31.03
20,1207,IRBINVIT,IV,82569,71931,87.12
20,1208,IRCON,EQ,13881729,1525622,10.99
20,1209,IRCTC,EQ,785782,176385,22.45
20,1210,IREDA,EQ,10683483,2422833,22.68
20,1211,IRFC,EQ,33285812,4569018,13.73
20,1212,IRISDOREME,EQ,284979,142286,49.93
20,1213,IRMENERGY,EQ,55216,29925,54.20
20,1214,ISEC,EQ,80861,35846,44.33
20,1215,ISFT,EQ,9346,4005,42.85
20,1216,ISGEC,EQ,74188,22976,30.97
20,1217,ISHAN,SM,480000,240000,50.00
20,1218,IT,EQ,182730,171573,93.89
20,1219,ITALIANE,SM,4000,4000,100.00
20,1220,ITBEES,EQ,2412451,1147426,47.56
20,1221,ITC,EQ,7079032,4359885,61.59
20,1222,ITCHOTELS,EQ,12488407,8192074,65.60
20,1223,ITDC,EQ,433926,45181,10.41
20,1224,ITDCEM,EQ,703089,535392,76.15
20,1225,ITETF,EQ,209713,120039,57.24
20,1226,ITETFADD,EQ,2084,1628,78.12
20,1227,ITIETF,EQ,1074363,552373,51.41
20,1228,IVC,EQ,137893,87213,63.25
20,1229,IVP,EQ,11672,8839,75.73
20,1230,IVZINGOLD,EQ,151,86,56.95
20,1231,IVZINNIFTY,EQ,2,2,100.00
20,1232,IWEL,EQ,5431,1908,35.13
20,1233,IXIGO,EQ,2966209,2524713,85.12
20,1234,JAGRAN,EQ,159568,101510,63.62
20,1235,JAGSNPHARM,EQ,198623,51427,25.89
20,1236,JAIBALAJI,EQ,483091,209191,43.30
20,1237,JAICORPLTD,EQ,973636,446307,45.84
20,1238,JAINAM,ST,9000,9000,100.00
20,1239,JAIPURKURT,EQ,32062,14870,46.38
20,1240,JALAN,ST,84000,84000,100.00
20,1241,JAMNAAUTO,EQ,1451864,761470,52.45
20,1242,JASH,EQ,217729,85610,39.32
20,1243,JAYAGROGN,EQ,22737,8049,35.40
20,1244,JAYBARMARU,EQ,64658,36594,56.60
20,1245,JAYBEE,ST,51000,46000,90.20
20,1246,JAYNECOIND,EQ,82400,47600,57.77
20,1247,JAYSREETEA,EQ,130204,72283,55.52
20,1248,JBCHEPHARM,EQ,219878,135098,61.44
20,1249,JBMA,EQ,879879,248035,28.19
20,1250,JCHAC,EQ,46777,26479,56.61
20,1251,JEYYAM,SM,106000,88000,83.02
20,1252,JFLLIFE,ST,6000,6000,100.00
20,1253,JGCHEM,EQ,80906,26381,32.61
20,1254,JHS,EQ,379301,196304,51.75
20,1255,JINDALPHOT,EQ,15694,8549,54.47
20,1256,JINDALPOLY,EQ,77951,39379,50.52
20,1257,JINDALSAW,EQ,1362295,673619,49.45
20,1258,JINDALSTEL,EQ,1378738,665161,48.24
20,1259,JINDRILL,EQ,443531,154279,34.78
20,1260,JINDWORLD,EQ,493665,32258,6.53
20,1261,JIOFIN,EQ,14085762,5284839,37.52
20,1262,JISLDVREQS,EQ,32771,19137,58.40
20,1263,JISLJALEQS,EQ,4089051,1776018,43.43
20,1264,JITFINFRA,EQ,89897,42353,47.11
20,1265,JIWANRAM,ST,12000,12000,100.00
20,1266,J&KBANK,EQ,1705629,479012,28.08
20,1267,JKCEMENT,EQ,134931,69190,51.28
20,1268,JKIL,EQ,142650,82839,58.07
20,1269,JKLAKSHMI,EQ,109767,58300,53.11
20,1270,JKPAPER,EQ,1549222,815926,52.67
20,1271,JKTYRE,EQ,365541,130828,35.79
20,1272,JLHL,EQ,15278,8433,55.20
20,1273,JMA,EQ,16899,13297,78.69
20,1274,JMFINANCIL,EQ,2956918,969515,32.79
20,1275,JNKINDIA,EQ,243630,131390,53.93
20,1276,JOCIL,EQ,4247,3323,78.24
20,1277,JPOLYINVST,EQ,6588,3716,56.41
20,1278,JPPOWER,EQ,33858654,10995488,32.47
20,1279,JSFB,EQ,162360,67064,41.31
20,1280,JSL,EQ,800758,346200,43.23
20,1281,JSLL,SM,23850,18900,79.25
20,1282,JSWENERGY,EQ,4076153,1633877,40.08
20,1283,JSWINFRA,EQ,1975645,1015793,51.42
20,1284,JSWSTEEL,EQ,1581818,690701,43.67
20,1285,JTEKTINDIA,EQ,55960,26964,48.18
20,1286,JTLIND,EQ,1206898,554034,45.91
20,1287,JUBLFOOD,EQ,2035388,759642,37.32
20,1288,JUBLINGREA,EQ,248500,103867,41.80
20,1289,JUBLPHARMA,EQ,264872,77940,29.43
20,1290,JUNIORBEES,EQ,358229,171489,47.87
20,1291,JUNIPER,EQ,400147,290460,72.59
20,1292,JUSTDIAL,EQ,294758,82520,28.00
20,1293,JWL,EQ,7673655,970579,12.65
20,1294,JYOTHYLAB,EQ,533043,208846,39.18
20,1295,JYOTICNC,EQ,522666,213732,40.89
20,1296,JYOTISTRUC,EQ,14605679,5839180,39.98
20,1297,KABRAEXTRU,EQ,32036,13354,41.68
20,1298,KAJARIACER,EQ,236820,141953,59.94
20,1299,KAKATCEM,EQ,5012,3482,69.47
20,1300,KALAMANDIR,EQ,189964,73791,38.84
20,1301,KALANA,SM,10000,8000,80.00
20,1302,KALYANKJIL,EQ,16318703,2555400,15.66
20,1303,KAMATHOTEL,EQ,465743,192030,41.23
20,1304,KAMDHENU,EQ,741296,288632,38.94
20,1305,KANANIIND,EQ,162057,102119,63.01
20,1306,KANDARP,SM,44000,44000,100.00
20,1307,KANORICHEM,EQ,23124,12105,52.35
20,1308,KANPRPLA,EQ,5897,1930,32.73
20,1309,KANSAINER,EQ,215563,102027,47.33
20,1310,KAPSTON,EQ,2663,1638,61.51
20,1311,KARMAENG,EQ,6621,4036,60.96
20,1312,KARNIKA,ST,14800,14000,94.59
20,1313,KARURVYSYA,EQ,905354,472190,52.16
20,1314,KATARIA,ST,38400,34800,90.63
20,1315,KAUSHALYA,EQ,354,252,71.19
20,1316,KAYA,EQ,14941,6693,44.80
20,1317,KAYNES,EQ,940268,186736,19.86
20,1318,KCEIL,ST,25500,22000,86.27
20,1319,KCK,ST,12500,12500,100.00
20,1320,KCP,EQ,274163,99656,36.35
20,1321,KCPSUGIND,EQ,188126,92884,49.37
20,1322,KDDL,EQ,31499,15464,49.09
20,1323,KDL,ST,3600,3600,100.00
20,1324,KEC,EQ,924607,345613,37.38
20,1325,KECL,EQ,127636,59388,46.53
20,1326,KEI,EQ,563786,336480,59.68
20,1327,KELLTONTEC,EQ,919658,205343,22.33
20,1328,KEN,ST,3600,3600,100.00
20,1329,KESORAMIND,EQ,1539242,1203857,78.21
20,1330,KEYFINSERV,EQ,23146,6262,27.05
20,1331,KFINTECH,EQ,2143806,704027,32.84
20,1332,KHADIM,EQ,27562,11897,43.16
20,1333,KHAICHEM,EQ,693807,86551,12.47
20,1334,KHAITANLTD,EQ,21897,9426,43.05
20,1335,KHANDSE,EQ,16336,2571,15.74
20,1336,KHFM,SM,34100,31000,90.91
20,1337,KICL,EQ,7069,4851,68.62
20,1338,KILITCH,EQ,13814,11196,81.05
20,1339,KIMS,EQ,485588,279454,57.55
20,1340,KINGFA,EQ,4895,1630,33.30
20,1341,KIOCL,EQ,178045,46382,26.05
20,1342,KIRIINDUS,EQ,289233,102099,35.30
20,1343,KIRLOSBROS,EQ,127730,35382,27.70
20,1344,KIRLOSENG,EQ,955151,568827,59.55
20,1345,KIRLOSIND,EQ,4273,1533,35.88
20,1346,KIRLPNU,EQ,113430,67392,59.41
20,1347,KKCL,EQ,20912,13612,65.09
20,1348,KKJEWELS,SM,188000,70000,37.23
20,1349,KLL,SM,3200,3200,100.00
20,1350,KMEW,EQ,8192,5406,65.99
20,1351,KMSUGAR,EQ,172378,82064,47.61
20,1352,KNAGRI,SM,12400,10800,87.10
20,1353,KNRCON,EQ,1016614,374413,36.83
20,1354,KODYTECH,SM,6900,4700,68.12
20,1355,KOHINOOR,EQ,117740,26295,22.33
20,1356,KOKUYOCMLN,EQ,49981,32725,65.47
20,1357,KOLTEPATIL,EQ,145292,42360,29.16
20,1358,KONSTELEC,ST,14000,14000,100.00
20,1359,KONTOR,SM,16800,15000,89.29
20,1360,KORE,ST,1000,1000,100.00
20,1361,KOTAKBANK,EQ,3914165,2895982,73.99
20,1362,KOTARISUG,EQ,43354,23306,53.76
20,1363,KOTHARIPET,EQ,108649,41068,37.80
20,1364,KOTYARK,ST,21700,20200,93.09
20,1365,KPEL,EQ,178152,88657,49.76
20,1366,KPIGREEN,EQ,1094392,436070,39.85
20,1367,KPIL,EQ,293435,115371,39.32
20,1368,KPITTECH,EQ,497257,187462,37.70
20,1369,KPRMILL,EQ,133520,61372,45.96
20,1370,KRBL,EQ,203071,75143,37.00
20,1371,KRISHANA,EQ,36416,19107,52.47
20,1372,KRISHCA,ST,37500,37500,100.00
20,1373,KRISHIVAL,SM,500,500,100.00
20,1374,KRISHNADEF,SM,64000,35750,55.86
20,1375,KRITI,EQ,53896,46198,85.72
20,1376,KRITINUT,EQ,17090,9637,56.39
20,1377,KRN,EQ,4418112,498859,11.29
20,1378,KRONOX,EQ,125785,51416,40.88
20,1379,KROSS,EQ,136253,60304,44.26
20,1380,KRSNAA,EQ,32435,14989,46.21
20,1381,KRYSTAL,EQ,107562,53673,49.90
20,1382,KSB,EQ,52241,22860,43.76
20,1383,KSCL,EQ,156526,58258,37.22
20,1384,KSL,EQ,149537,91121,60.94
20,1385,KSOLVES,EQ,27167,12765,46.99
20,1386,KTKBANK,EQ,1330200,711771,53.51
20,1387,KTL,ST,9000,9000,100.00
20,1388,KUANTUM,EQ,32800,17432,53.15
20,1389,LAGNAM,EQ,8002,3191,39.88
20,1390,LAKSHYA,SM,40800,28000,68.63
20,1391,LALPATHLAB,EQ,101247,38015,37.55
20,1392,LAMOSAIC,ST,112200,105600,94.12
20,1393,LANCORHOL,EQ,488650,98816,20.22
20,1394,LANDMARK,EQ,52560,27982,53.24
20,1395,LAOPALA,EQ,196825,97969,49.77
20,1396,LASA,EQ,42070,21961,52.20
20,1397,LATENTVIEW,EQ,216372,118112,54.59
20,1398,LAURUSLABS,EQ,2110707,444546,21.06
20,1399,LAWSIKHO,ST,49500,49000,98.99
20,1400,LAXMICOT,EQ,67848,19715,29.06
20,1401,LAXMIDENTL,EQ,612403,97420,15.91
20,1402,LEMERITE,ST,36800,17600,47.83
20,1403,LEMONTREE,EQ,3162718,731675,23.13
20,1404,LEXUS,EQ,9782,3355,34.30
20,1405,LFIC,EQ,1464,1089,74.39
20,1406,LGBBROSLTD,EQ,6117,2233,36.50
20,1407,LIBAS,EQ,57390,48239,84.05
20,1408,LIBERTSHOE,EQ,37052,11569,31.22
20,1409,LICHSGFIN,EQ,774412,299916,38.73
20,1410,LICI,EQ,855159,287684,33.64
20,1411,LICMFGOLD,EQ,3858,3739,96.92
20,1412,LICNETFGSC,EQ,13212,7332,55.50
20,1413,LICNETFN50,EQ,444,281,63.29
20,1414,LICNETFSEN,EQ,3254,1820,55.93
20,1415,LICNFNHGP,EQ,2119,2065,97.45
20,1416,LICNMID100,EQ,119685,102458,85.61
20,1417,LIKHITHA,EQ,66990,32362,48.31
20,1418,LINC,EQ,55934,36507,65.27
20,1419,LINCOLN,EQ,114313,46716,40.87
20,1420,LINDEINDIA,EQ,80234,23684,29.52
20,1421,LIQUID,EQ,129863,52112,40.13
20,1422,LIQUID1,EQ,587549,543173,92.45
20,1423,LIQUIDADD,EQ,790085,627399,79.41
20,1424,LIQUIDBEES,EQ,2120901,1603812,75.62
20,1425,LIQUIDBETF,EQ,49433,49006,99.14
20,1426,LIQUIDCASE,EQ,9239973,6849293,74.13
20,1427,LIQUIDETF,EQ,81517,74198,91.02
20,1428,LIQUIDIETF,EQ,1299192,909102,69.97
20,1429,LIQUIDPLUS,EQ,55964,54655,97.66
20,1430,LIQUIDSBI,EQ,3833,3777,98.54
20,1431,LIQUIDSHRI,EQ,3692,2998,81.20
20,1432,LLOYDS,SM,16000,15000,93.75
20,1433,LLOYDSENGG,EQ,4487184,1473121,32.83
20,1434,LLOYDSENT,EQ,5185185,3079648,59.39
20,1435,LLOYDSME,EQ,266946,104216,39.04
20,1436,LMW,EQ,2525,1081,42.81
20,1437,LODHA,EQ,626677,217067,34.64
20,1438,LOKESHMACH,EQ,137401,75777,55.15
20,1439,LOTUSEYE,EQ,8266,6621,80.10
20,1440,LOVABLE,EQ,114695,104348,90.98
20,1441,LOWVOL,EQ,344,304,88.37
20,1442,LOWVOL1,EQ,28483,25817,90.64
20,1443,LOWVOLIETF,EQ,2935350,2550834,86.90
20,1444,LRRPL,ST,7500,6000,80.00
20,1445,LT,EQ,1677978,914338,54.49
20,1446,LTF,EQ,2723336,868928,31.91
20,1447,LTFOODS,EQ,477046,173953,36.46
20,1448,LTGILTBEES,EQ,822466,609258,74.08
20,1449,LTIM,EQ,300572,127491,42.42
20,1450,LTTS,EQ,147229,68062,46.23
20,1451,LUMAXIND,EQ,8389,4127,49.20
20,1452,LUMAXTECH,EQ,65951,33853,51.33
20,1453,LUPIN,EQ,1650681,699032,42.35
20,1454,LUXIND,EQ,68392,28836,42.16
20,1455,LXCHEM,EQ,464763,213061,45.84
20,1456,LYKALABS,EQ,95330,36145,37.92
20,1457,LYPSAGEMS,EQ,19784,9581,48.43
20,1458,MACOBSTECH,SM,24800,22400,90.32
20,1459,MACPOWER,EQ,108435,71282,65.74
20,1460,MADHAV,EQ,5053,3982,78.80
20,1461,MADHAVBAUG,SM,800,800,100.00
20,1462,MADHUCON,EQ,28482,20780,72.96
20,1463,MADHUSUDAN,SM,56000,39000,69.64
20,1464,MADRASFERT,EQ,116514,37207,31.93
20,1465,MAFANG,EQ,1228629,631825,51.43
20,1466,MAGADSUGAR,EQ,12737,5732,45.00
20,1467,MAGNUM,EQ,58419,38831,66.47
20,1468,MAGSON,SM,8000,6000,75.00
20,1469,MAHABANK,EQ,6600123,2188999,33.17
20,1470,MAHAPEXLTD,EQ,54872,28256,51.49
20,1471,MAHESHWARI,EQ,7550,3228,42.75
20,1472,MAHICKRA,SM,750,750,100.00
20,1473,MAHKTECH,EQ,457901,457678,99.95
20,1474,MAHLIFE,EQ,452003,108525,24.01
20,1475,MAHLOG,EQ,279051,136473,48.91
20,1476,MAHSCOOTER,EQ,2537,1280,50.45
20,1477,MAHSEAMLES,EQ,514428,189356,36.81
20,1478,MAITHANALL,EQ,58854,38633,65.64
20,1479,MAITREYA,ST,3600,3200,88.89
20,1480,MAKEINDIA,EQ,17546,12857,73.28
20,1481,MAKS,SM,3000,3000,100.00
20,1482,MAL,SM,59200,59200,100.00
20,1483,MALLCOM,EQ,1870,1004,53.69
20,1484,MALUPAPER,EQ,72319,23005,31.81
20,1485,MAMATA,EQ,201611,48677,24.14
20,1486,MANAKALUCO,EQ,90639,72341,79.81
20,1487,MANAKSIA,EQ,51569,25794,50.02
20,1488,MANAKSTEEL,EQ,54380,14771,27.16
20,1489,MANALIPETC,EQ,285157,139532,48.93
20,1490,MANAPPURAM,EQ,32402820,11996338,37.02
20,1491,MANBA,EQ,100531,51217,50.95
20,1492,MANCREDIT,EQ,2741,1867,68.11
20,1493,MANDEEP,SM,16000,10000,62.50
20,1494,MANGALAM,EQ,59072,31503,53.33
20,1495,MANGCHEFER,EQ,241855,139843,57.82
20,1496,MANGLMCEM,EQ,280068,194933,69.60
20,1497,MANINDS,EQ,318973,204528,64.12
20,1498,MANINFRA,EQ,512373,180567,35.24
20,1499,MANKIND,EQ,347490,157107,45.21
20,1500,MANOMAY,EQ,12897,6111,47.38
20,1501,MANORAMA,EQ,62136,44680,71.91
20,1502,MANORG,EQ,2074,1099,52.99
20,1503,MANUGRAPH,EQ,10865,5812,53.49
20,1504,MANYAVAR,EQ,148971,94900,63.70
20,1505,MAPMYINDIA,EQ,32108,14796,46.08
20,1506,MARALOVER,EQ,26129,6885,26.35
20,1507,MARATHON,EQ,61724,29534,47.85
20,1508,MARCO,SM,21000,12000,57.14
20,1509,MARICO,EQ,1023390,525463,51.35
20,1510,MARINETRAN,ST,4000,4000,100.00
20,1511,MARKSANS,EQ,1935513,847475,43.79
20,1512,MARUTI,EQ,288694,203316,70.43
20,1513,MASFIN,EQ,83676,42083,50.29
20,1514,MASON,ST,13000,11000,84.62
20,1515,MASPTOP50,EQ,388407,238948,61.52
20,1516,MASTEK,EQ,61953,31257,50.45
20,1517,MASTERTR,EQ,165400,81571,49.32
20,1518,MATRIMONY,EQ,14404,8955,62.17
20,1519,MAWANASUG,EQ,82560,45256,54.82
20,1520,MAXESTATES,EQ,79869,37764,47.28
20,1521,MAXHEALTH,EQ,1751070,1146268,65.46
20,1522,MAXIND,EQ,122511,76813,62.70
20,1523,MAXPOSURE,SM,17000,12000,70.59
20,1524,MAXVOLT,ST,1006400,1004800,99.84
20,1525,MAYURUNIQ,EQ,108825,64763,59.51
20,1526,MAZDOCK,EQ,8336084,719039,8.63
20,1527,MBAPL,EQ,26944,16747,62.15
20,1528,MBLINFRA,EQ,352244,41359,11.74
20,1529,MCLOUD,EQ,604465,157796,26.11
20,1530,MCON,ST,1000,1000,100.00
20,1531,MCX,EQ,348577,93848,26.92
20,1532,MDL,SM,1000,1000,100.00
20,1533,MEDANTA,EQ,260119,168457,64.76
20,1534,MEDIASSIST,EQ,295505,127194,43.04
20,1535,MEDICAMEQ,EQ,43734,24275,55.51
20,1536,MEDICO,EQ,1040984,341971,32.85
20,1537,MEDIORG,SM,4000,4000,100.00
20,1538,MEDPLUS,EQ,179234,100368,56.00
20,1539,MEGAFLEX,SM,33000,27000,81.82
20,1540,MEGASTAR,EQ,3982,1897,47.64
20,1541,MEGATHERM,SM,24000,14000,58.33
20,1542,MENONBE,EQ,58781,43096,73.32
20,1543,METAL,EQ,611230,300453,49.16
20,1544,METALIETF,EQ,3268877,1329052,40.66
20,1545,METROBRAND,EQ,39959,16124,40.35
20,1546,METROPOLIS,EQ,146186,78498,53.70
20,1547,MFSL,EQ,537834,304795,56.67
20,1548,MGEL,EQ,225727,141105,62.51
20,1549,MGL,EQ,342911,127209,37.10
20,1550,MHRIL,EQ,77987,33545,43.01
20,1551,MICEL,EQ,259936,162016,62.33
20,1552,MICROPRO,SM,16000,16000,100.00
20,1553,MID150BEES,EQ,1445655,1203689,83.26
20,1554,MID150CASE,EQ,595037,415194,69.78
20,1555,MIDCAP,EQ,84220,51713,61.40
20,1556,MIDCAPETF,EQ,1054159,670974,63.65
20,1557,MIDCAPIETF,EQ,811440,427804,52.72
20,1558,MIDHANI,EQ,477258,175230,36.72
20,1559,MIDQ50ADD,EQ,2079,1122,53.97
20,1560,MIDSELIETF,EQ,124805,64663,51.81
20,1561,MIDSMALL,EQ,382015,157381,41.20
20,1562,MIEL,ST,42000,42000,100.00
20,1563,MINDACORP,EQ,2456863,255480,10.40
20,1564,MINDSPACE,RR,81195,72662,89.49
20,1565,MINDTECK,EQ,41308,17096,41.39
20,1566,MIRCELECTR,EQ,891102,439001,49.26
20,1567,MIRZAINT,EQ,279304,98788,35.37
20,1568,MITCON,EQ,32244,6583,20.42
20,1569,MITCONPP,E1,1664,1459,87.68
20,1570,MITTAL,EQ,2592760,1624839,62.67
20,1571,MKPL,EQ,155046,103109,66.50
20,1572,M&M,EQ,2671072,1444807,54.09
20,1573,M&MFIN,EQ,641863,194009,30.23
20,1574,MMFL,EQ,25965,13240,50.99
20,1575,MMP,EQ,35713,13668,38.27
20,1576,MMTC,EQ,1514770,477811,31.54
20,1577,MNC,EQ,21286,18643,87.58
20,1578,MOBIKWIK,EQ,7006164,856090,12.22
20,1579,MODEFENCE,EQ,648428,248594,38.34
20,1580,MODIRUBBER,EQ,560,327,58.39
20,1581,MODISONLTD,EQ,38005,17321,45.58
20,1582,MOGSEC,EQ,552,388,70.29
20,1583,MOHEALTH,EQ,28603,18498,64.67
20,1584,MOIL,EQ,932165,336706,36.12
20,1585,MOKSH,EQ,87880,53402,60.77
20,1586,MOL,EQ,750864,323300,43.06
20,1587,MOLDTECH,EQ,73860,29777,40.32
20,1588,MOLDTKPAC,EQ,42852,25237,58.89
20,1589,MOLOWVOL,EQ,76993,66591,86.49
20,1590,MOM100,EQ,466225,153974,33.03
20,1591,MOM30IETF,EQ,921454,351916,38.19
20,1592,MOM50,EQ,4933,2679,54.31
20,1593,MOMENTUM,EQ,131792,51124,38.79
20,1594,MOMENTUM50,EQ,186829,129514,69.32
20,1595,MOMOMENTUM,EQ,99060,46334,46.77
20,1596,MON100,EQ,637919,336713,52.78
20,1597,MONARCH,EQ,260064,99823,38.38
20,1598,MONIFTY500,EQ,320070,196936,61.53
20,1599,MONOPHARMA,SM,14000,14000,100.00
20,1600,MONQ50,EQ,14947,14943,99.97
20,1601,MONTECARLO,EQ,32120,13362,41.60
20,1602,MOQUALITY,EQ,1037,1037,100.00
20,1603,MOREALTY,EQ,92445,48689,52.67
20,1604,MOREPENLAB,EQ,3324789,1026577,30.88
20,1605,MOS,ST,7200,6800,94.44
20,1606,MOSCHIP,EQ,465314,170448,36.63
20,1607,MOSMALL250,EQ,1246341,734546,58.94
20,1608,MOTHERSON,EQ,20816097,10042897,48.25
20,1609,MOTILALOFS,EQ,1931280,609594,31.56
20,1610,MOTISONS,EQ,2848947,1300650,45.65
20,1611,MOTOGENFIN,EQ,18896,17205,91.05
20,1612,MOVALUE,EQ,41312,21044,50.94
20,1613,MPHASIS,EQ,251079,112946,44.98
20,1614,MPSLTD,EQ,43785,22780,52.03
20,1615,MRF,EQ,3428,1055,30.78
20,1616,MRO-TEK,EQ,38501,8469,22.00
20,1617,MRPL,EQ,1166924,362681,31.08
20,1618,MSPL,EQ,502315,308203,61.36
20,1619,MSTCLTD,EQ,260565,85041,32.64
20,1620,MSUMI,EQ,5217484,2664050,51.06
20,1621,MTARTECH,EQ,155626,49700,31.94
20,1622,MTNL,EQ,3888945,664997,17.10
20,1623,MUFIN,EQ,254496,108568,42.66
20,1624,MUFTI,EQ,107573,59772,55.56
20,1625,MUKANDLTD,EQ,97617,51518,52.78
20,1626,MUKKA,EQ,296190,105550,35.64
20,1627,MUKTAARTS,EQ,12529,7513,59.96
20,1628,MULTICAP,EQ,119053,63299,53.17
20,1629,MUNJALAU,EQ,143803,69976,48.66
20,1630,MUNJALSHOW,EQ,50360,28560,56.71
20,1631,MURUDCERA,EQ,34544,19473,56.37
20,1632,MUTHOOTCAP,EQ,17638,7948,45.06
20,1633,MUTHOOTFIN,EQ,514370,306210,59.53
20,1634,MUTHOOTMF,EQ,140346,63376,45.16
20,1635,MVGJL,EQ,133233,59226,44.45
20,1636,MVKAGRO,SM,18000,14400,80.00
20,1637,MWL,SM,14400,10800,75.00
20,1638,MYMUDRA,ST,12000,10800,90.00
20,1639,NACLIND,EQ,136626,55859,40.88
20,1640,NAGAFERT,EQ,1048709,612840,58.44
20,1641,NAGREEKEXP,EQ,22854,12209,53.42
20,1642,NAHARCAP,EQ,19451,13651,70.18
20,1643,NAHARINDUS,EQ,39500,20524,51.96
20,1644,NAHARPOLY,EQ,18430,8292,44.99
20,1645,NAHARSPING,EQ,75878,37532,49.46
20,1646,NAMAN,ST,5600,4800,85.71
20,1647,NAM-INDIA,EQ,1167155,637258,54.60
20,1648,NAMOEWASTE,SM,14400,8000,55.56
20,1649,NATCAPSUQ,EQ,5885,2908,49.41
20,1650,NATCOPHARM,EQ,1111209,444926,40.04
20,1651,NATHBIOGEN,EQ,17833,10840,60.79
20,1652,NATIONALUM,EQ,8262336,1868705,22.62
20,1653,NAUKRI,EQ,169539,99995,58.98
20,1654,NAVA,EQ,1709305,325666,19.05
20,1655,NAVINFLUOR,EQ,166712,104656,62.78
20,1656,NAVKARCORP,EQ,682361,426456,62.50
20,1657,NAVNETEDUL,EQ,72260,37723,52.20
20,1658,NAZARA,EQ,187760,75800,40.37
20,1659,NBCC,EQ,13030642,2505286,19.23
20,1660,NCC,EQ,4845015,1300010,26.83
20,1661,NCLIND,EQ,139797,64407,46.07
20,1662,NDL,EQ,7238542,4440539,61.35
20,1663,NDLVENTURE,EQ,4012,3130,78.02
20,1664,NDRAUTO,EQ,17810,8700,48.85
20,1665,NDTV,EQ,69612,28455,40.88
20,1666,NECCLTD,EQ,182083,78120,42.90
20,1667,NECLIFE,EQ,3391167,2342558,69.08
20,1668,NEELAM,ST,36000,36000,100.00
20,1669,NELCAST,EQ,52068,31760,61.00
20,1670,NELCO,EQ,142122,44963,31.64
20,1671,NEOGEN,EQ,48726,23510,48.25
20,1672,NEPHROCARE,SM,18800,15600,82.98
20,1673,NESCO,EQ,46243,20710,44.79
20,1674,NESTLEIND,EQ,426479,232070,54.42
20,1675,NETF,EQ,1465,1179,80.48
20,1676,NETWEB,EQ,269715,94879,35.18
20,1677,NETWORK18,EQ,3377423,1288103,38.14
20,1678,NEULANDLAB,EQ,57059,25944,45.47
20,1679,NEWGEN,EQ,346998,120804,34.81
20,1680,NEWJAISA,SM,28500,21000,73.68
20,1681,NEXT30ADD,EQ,464962,459193,98.76
20,1682,NEXT50,EQ,11298,7155,63.33
20,1683,NEXT50IETF,EQ,547885,220834,40.31
20,1684,NFL,EQ,1556165,499004,32.07
20,1685,NGIL,EQ,25039,11207,44.76
20,1686,NGILPP1,E1,113,110,97.35
20,1687,NGLFINE,EQ,13611,10644,78.20
20,1688,NH,EQ,173327,87575,50.53
20,1689,NHPC,EQ,12062248,3270099,27.11
20,1690,NIACL,EQ,426443,154326,36.19
20,1691,NIBE,EQ,63926,31879,49.87
20,1692,NIDAN,SM,16000,16000,100.00
20,1693,NIF100BEES,EQ,52052,26120,50.18
20,1694,NIF100IETF,EQ,118879,54582,45.91
20,1695,NIF10GETF,EQ,2567,1333,51.93
20,1696,NIF5GETF,EQ,30,26,86.67
20,1697,NIFITETF,EQ,167,167,100.00
20,1698,NIFMID150,EQ,332,232,69.88
20,1699,NIFTY1,EQ,72285,37555,51.95
20,1700,NIFTY50ADD,EQ,5424,4729,87.19
20,1701,NIFTYBEES,EQ,5189115,2989180,57.60
20,1702,NIFTYBETF,EQ,1388,1106,79.68
20,1703,NIFTYETF,EQ,150738,58752,38.98
20,1704,NIFTYIETF,EQ,500773,391351,78.15
20,1705,NIFTYQLITY,EQ,161368,138302,85.71
20,1706,NIITLTD,EQ,634756,217039,34.19
20,1707,NIITMTS,EQ,56033,37270,66.51
20,1708,NILAINFRA,EQ,816010,364499,44.67
20,1709,NILKAMAL,EQ,2025,1373,67.80
20,1710,NINSYS,EQ,7357,2821,38.34
20,1711,NIPPOBATRY,EQ,5729,3755,65.54
20,1712,NIRAJ,EQ,31397,14695,46.80
20,1713,NIRMAN,SM,121800,67800,55.67
20,1714,NITINSPIN,EQ,138964,46523,33.48
20,1715,NITIRAJ,EQ,292325,53649,18.35
20,1716,NIVABUPA,EQ,739704,338920,45.82
20,1717,NLCINDIA,EQ,7024903,517795,7.37
20,1718,NMDC,EQ,17999735,6406216,35.59
20,1719,NMSTEEL,ST,73600,72000,97.83
20,1720,NOCIL,EQ,465634,228030,48.97
20,1721,NORTHARC,EQ,439577,219212,49.87
20,1722,NOVAAGRI,EQ,184344,85098,46.16
20,1723,NPBET,EQ,219,205,93.61
20,1724,NPST,SM,16500,10400,63.03
20,1725,NRAIL,EQ,48719,45275,92.93
20,1726,NRBBEARING,EQ,117796,53405,45.34
20,1727,NRL,EQ,70408,32312,45.89
20,1728,NSIL,EQ,15834,5159,32.58
20,1729,NSLNISP,EQ,3861752,1793759,46.45
20,1730,NTPC,EQ,13079903,8248674,63.06
20,1731,NTPCGREEN,EQ,4621382,1710540,37.01
20,1732,NUCLEUS,EQ,41456,17225,41.55
20,1733,NUVAMA,EQ,75632,38213,50.52
20,1734,NUVOCO,EQ,96354,45445,47.16
20,1735,NV20,EQ,6561,5526,84.22
20,1736,NV20BEES,EQ,27162,22093,81.34
20,1737,NV20IETF,EQ,404537,242771,60.01
20,1738,NXST,RR,61279,47187,77.00
20,1739,NYKAA,EQ,3347582,1457755,43.55
20,1740,OAL,EQ,22217,13417,60.39
20,1741,OBCL,EQ,32226,13196,40.95
20,1742,OBEROIRLTY,EQ,654144,331165,50.63
20,1743,OBSCP,ST,52800,50400,95.45
20,1744,OCCL,EQ,10350,5696,55.03
20,1745,OCCLLTD,EQ,76181,33595,44.10
20,1746,OFSS,EQ,53084,19122,36.02
20,1747,OIL,EQ,2327087,854281,36.71
20,1748,OILCOUNTUB,EQ,22239,14351,64.53
20,1749,OILIETF,EQ,745228,413938,55.55
20,1750,OLAELEC,EQ,27181781,7406918,27.25
20,1751,OLECTRA,EQ,821988,164353,19.99
20,1752,OLIL,SM,55200,49200,89.13
20,1753,OMAXAUTO,EQ,36623,19702,53.80
20,1754,OMAXE,EQ,89477,38852,43.42
20,1755,OMFURN,ST,7200,7200,100.00
20,1756,OMINFRAL,EQ,929212,427828,46.04
20,1757,ONDOOR,ST,4800,4500,93.75
20,1758,ONELIFECAP,EQ,50459,29970,59.39
20,1759,ONEPOINT,EQ,551944,167953,30.43
20,1760,ONESOURCE,EQ,103230,53508,51.83
20,1761,ONGC,EQ,6168581,2696759,43.72
20,1762,ONMOBILE,EQ,386717,173838,44.95
20,1763,ONWARDTEC,EQ,108253,51801,47.85
20,1764,ONYX,ST,14000,14000,100.00
20,1765,OPTIEMUS,EQ,169471,98835,58.32
20,1766,ORCHASP,EQ,171247,158887,92.78
20,1767,ORCHPHARMA,EQ,68511,34381,50.18
20,1768,ORIANA,SM,99675,58800,58.99
20,1769,ORICONENT,EQ,267684,155906,58.24
20,1770,ORIENTALTL,EQ,555237,205964,37.09
20,1771,ORIENTBELL,EQ,8863,6341,71.54
20,1772,ORIENTCEM,EQ,444573,326167,73.37
20,1773,ORIENTCER,EQ,113336,29664,26.17
20,1774,ORIENTELEC,EQ,152664,65448,42.87
20,1775,ORIENTHOT,EQ,172677,81364,47.12
20,1776,ORIENTPPR,EQ,1354930,697282,51.46
20,1777,ORIENTTECH,EQ,159603,96859,60.69
20,1778,ORISSAMINE,EQ,4707,2138,45.42
20,1779,ORTINGLOBE,EQ,58849,37836,64.29
20,1780,OSELDEVICE,ST,16000,16000,100.00
20,1781,OSWALAGRO,EQ,52142,27030,51.84
20,1782,OSWALGREEN,EQ,277659,89982,32.41
20,1783,OWAIS,SM,41200,26300,63.83
20,1784,PAGEIND,EQ,21743,9922,45.63
20,1785,PAISALO,EQ,867365,382802,44.13
20,1786,PAKKA,EQ,119439,65511,54.85
20,1787,PALASHSECU,EQ,10549,2136,20.25
20,1788,PANACEABIO,EQ,214836,119681,55.71
20,1789,PANAMAPET,EQ,178706,54418,30.45
20,1790,PARACABLES,EQ,1059484,561322,52.98
20,1791,PARADEEP,EQ,5407985,1937515,35.83
20,1792,PARAGMILK,EQ,464751,173526,37.34
20,1793,PARAGON,ST,37200,34800,93.55
20,1794,PARAMATRIX,SM,8400,8400,100.00
20,1795,PARAMOUNT,SM,24000,21600,90.00
20,1796,PARAS,EQ,191291,50200,26.24
20,1797,PARASPETRO,EQ,122673,98302,80.13
20,1798,PARKHOTELS,EQ,376560,145480,38.63
20,1799,PARTYCRUS,SM,4000,3000,75.00
20,1800,PASHUPATI,ST,1000,800,80.00
20,1801,PASUPTAC,EQ,35512,18583,52.33
20,1802,PATANJALI,EQ,290227,121653,41.92
20,1803,PATELENG,EQ,2600424,1049697,40.37
20,1804,PATINTLOG,EQ,191248,81228,42.47
20,1805,PATTECH,SM,3000,3000,100.00
20,1806,PAVNAIND,EQ,3169,1733,54.69
20,1807,PAYTM,EQ,4038583,896268,22.19
20,1808,PCBL,EQ,2053200,757675,36.90
20,1809,PCCL,SM,11600,6400,55.17
20,1810,PCJEWELLER,EQ,17599117,8191356,46.54
20,1811,PDMJEPAPER,EQ,117391,66055,56.27
20,1812,PDSL,EQ,98183,61806,62.95
20,1813,PEARLPOLY,EQ,25056,12137,48.44
20,1814,PEL,EQ,319736,72908,22.80
20,1815,PELATRO,ST,6600,6600,100.00
20,1816,PENIND,EQ,877146,221074,25.20
20,1817,PENINLAND,EQ,1029574,428142,41.58
20,1818,PENTAGON,SM,8000,8000,100.00
20,1819,PERFECT,ST,42000,42000,100.00
20,1820,PERSISTENT,EQ,509368,255291,50.12
20,1821,PETRONET,EQ,1456608,622188,42.71
20,1822,PFC,EQ,10253709,4207063,41.03
20,1823,PFIZER,EQ,13696,4673,34.12
20,1824,PFOCUS,EQ,33772,19642,58.16
20,1825,PFS,EQ,479132,220699,46.06
20,1826,PGEL,EQ,2259955,800967,35.44
20,1827,PGHH,EQ,5162,2452,47.50
20,1828,PGHL,EQ,8914,4399,49.35
20,1829,PGIL,EQ,144967,65506,45.19
20,1830,PGINVIT,IV,1144596,1066365,93.17
20,1831,PHANTOMFX,ST,40800,39600,97.06
20,1832,PHARMABEES,EQ,9204313,7314297,79.47
20,1833,PHOENIXLTD,EQ,578298,326282,56.42
20,1834,PHOGLOBAL,ST,4000,4000,100.00
20,1835,PIDILITIND,EQ,165836,86175,51.96
20,1836,PIIND,EQ,179722,104517,58.15
20,1837,PILANIINVS,EQ,10359,5028,48.54
20,1838,PILITA,EQ,217441,161430,74.24
20,1839,PITTIENG,EQ,109070,49656,45.53
20,1840,PIXTRANS,EQ,52206,27249,52.20
20,1841,PLASTIBLEN,EQ,4997,3501,70.06
20,1842,PLATIND,EQ,293747,121606,41.40
20,1843,PLAZACABLE,EQ,28204,13307,47.18
20,1844,PNB,EQ,14782674,3258745,22.04
20,1845,PNBGILTS,EQ,371528,131587,35.42
20,1846,PNBHOUSING,EQ,409760,142878,34.87
20,1847,PNCINFRA,EQ,584541,253611,43.39
20,1848,PNGJL,EQ,423071,144404,34.13
20,1849,POCL,EQ,59901,25090,41.89
20,1850,PODDARMENT,EQ,2373,1463,61.65
20,1851,POKARNA,EQ,56461,22731,40.26
20,1852,POLICYBZR,EQ,1326272,700267,52.80
20,1853,POLYCAB,EQ,348483,146512,42.04
20,1854,POLYMED,EQ,101624,43548,42.85
20,1855,POLYPLEX,EQ,190067,93740,49.32
20,1856,POLYSIL,SM,4000,4000,100.00
20,1857,PONNIERODE,EQ,22264,10853,48.75
20,1858,POONAWALLA,EQ,1336296,377689,28.26
20,1859,POSITRON,SM,13500,10200,75.56
20,1860,POWERGRID,EQ,14602009,8297861,56.83
20,1861,POWERINDIA,EQ,141491,31754,22.44
20,1862,POWERMECH,EQ,104880,25487,24.30
20,1863,PPAP,EQ,12800,8414,65.73
20,1864,PPL,EQ,203288,98463,48.44
20,1865,PPLPHARMA,EQ,9558625,1077857,11.28
20,1866,PPSL,SM,12000,12000,100.00
20,1867,PRAENG,EQ,1466693,1038486,70.80
20,1868,PRAJIND,EQ,607579,191027,31.44
20,1869,PRAKASH,EQ,1153573,472372,40.95
20,1870,PRAKASHSTL,EQ,246715,146238,59.27
20,1871,PRAMARA,SM,51000,17000,33.33
20,1872,PRANIK,SM,11200,11200,100.00
20,1873,PRATHAM,ST,6400,6400,100.00
20,1874,PRECAM,EQ,209707,88663,42.28
20,1875,PRECISION,ST,12000,12000,100.00
20,1876,PRECWIRE,EQ,222744,69344,31.13
20,1877,PREMEXPLN,EQ,316233,96537,30.53
20,1878,PREMIERENE,EQ,1553437,512549,32.99
20,1879,PRESSTONIC,ST,6400,6400,100.00
20,1880,PRESTIGE,EQ,1279701,816503,63.80
20,1881,PRICOLLTD,EQ,998161,443689,44.45
20,1882,PRIMESECU,EQ,222544,188969,84.91
20,1883,PRINCEPIPE,EQ,352630,156000,44.24
20,1884,PRITI,EQ,24361,13494,55.39
20,1885,PRITIKA,ST,2000,2000,100.00
20,1886,PRITIKAUTO,EQ,192139,103677,53.96
20,1887,PRIVISCL,EQ,25131,16449,65.45
20,1888,PRIZOR,ST,37600,37600,100.00
20,1889,PRLIND,SM,23000,11000,47.83
20,1890,PROLIFE,SM,500,500,100.00
20,1891,PROPEQUITY,SM,10800,6600,61.11
20,1892,PROTEAN,EQ,461129,257423,55.82
20,1893,PROV,SM,80,80,100.00
20,1894,PRSMJOHNSN,EQ,349068,136108,38.99
20,1895,PRUDENT,EQ,90543,45069,49.78
20,1896,PSB,EQ,616997,145317,23.55
20,1897,PSFL,SM,76000,52000,68.42
20,1898,PSPPROJECT,EQ,61780,35469,57.41
20,1899,PSRAJ,ST,717000,716000,99.86
20,1900,PSUBANK,EQ,21165,9842,46.50
20,1901,PSUBANKADD,EQ,2631,1716,65.22
20,1902,PSUBNKBEES,EQ,3311395,2427507,73.31
20,1903,PSUBNKIETF,EQ,156299,54453,34.84
20,1904,PTC,EQ,1829514,934212,51.06
20,1905,PTCIL,EQ,40635,15217,37.45
20,1906,PTL,EQ,44844,21566,48.09
20,1907,PULZ,SM,10000,10000,100.00
20,1908,PUNJABCHEM,EQ,17611,12919,73.36
20,1909,PURPLEUTED,SM,50000,36000,72.00
20,1910,PURVA,EQ,233141,159579,68.45
20,1911,PURVFLEXI,SM,23200,20000,86.21
20,1912,PVP,EQ,268185,114755,42.79
20,1913,PVRINOX,EQ,470408,184218,39.16
20,1914,PVSL,EQ,27567,12985,47.10
20,1915,PVTBANIETF,EQ,854722,472669,55.30
20,1916,PVTBANKADD,EQ,25941,18980,73.17
20,1917,PYRAMID,EQ,59482,24571,41.31
20,1918,QGOLDHALF,EQ,30145,22449,74.47
20,1919,QMSMEDI,SM,7000,6000,85.71
20,1920,QNIFTY,EQ,327,262,80.12
20,1921,QUADFUTURE,EQ,5552435,237975,4.29
20,1922,QUADPRO,SM,24000,24000,100.00
20,1923,QUAL30IETF,EQ,247189,119367,48.29
20,1924,QUESS,EQ,136614,61593,45.09
20,1925,QUESTLAB,ST,19200,16800,87.50
20,1926,QUICKHEAL,EQ,145826,70096,48.07
20,1927,QUICKTOUCH,ST,7000,7000,100.00
20,1928,QVCEL,ST,24000,20800,86.67
20,1929,RACE,EQ,123457,68837,55.76
20,1930,RACLGEAR,EQ,5408,3839,70.99
20,1931,RADHIKAJWE,EQ,230478,97166,42.16
20,1932,RADIANTCMS,EQ,171869,113880,66.26
20,1933,RADICO,EQ,599779,302444,50.43
20,1934,RADIOCITY,EQ,115924,82617,71.27
20,1935,RADIOCITY,P1,352,352,100.00
20,1936,RAILTEL,EQ,3638982,552902,15.19
20,1937,RAIN,EQ,1060012,472334,44.56
20,1938,RAINBOW,EQ,232875,137535,59.06
20,1939,RAJESHEXPO,EQ,681758,246703,36.19
20,1940,RAJINDLTD,SM,21000,18000,85.71
20,1941,RAJMET,EQ,1200974,722760,60.18
20,1942,RAJPUTANA,SM,24000,16000,66.67
20,1943,RAJRATAN,EQ,18207,7442,40.87
20,1944,RAJSREESUG,EQ,49575,31884,64.31
20,1945,RALLIS,EQ,298518,115451,38.67
20,1946,RAMANEWS,EQ,874064,594395,68.00
20,1947,RAMAPHO,EQ,22219,9005,40.53
20,1948,RAMASTEEL,EQ,7520265,1977266,26.29
20,1949,RAMCOCEM,EQ,326431,147981,45.33
20,1950,RAMCOIND,EQ,73900,35537,48.09
20,1951,RAMCOSYS,EQ,79957,51890,64.90
20,1952,RAMKY,EQ,25189,13334,52.94
20,1953,RAMRAT,EQ,36491,22602,61.94
20,1954,RANASUG,EQ,336906,173310,51.44
20,1955,RANEENGINE,EQ,6027,3845,63.80
20,1956,RANEHOLDIN,EQ,6149,3479,56.58
20,1957,RAPPID,ST,4200,4200,100.00
20,1958,RATEGAIN,EQ,1730041,999025,57.75
20,1959,RATNAMANI,EQ,16092,7700,47.85
20,1960,RATNAVEER,EQ,122242,57038,46.66
20,1961,RAYMOND,EQ,233146,36698,15.74
20,1962,RAYMONDLSL,EQ,158901,76940,48.42
20,1963,RBA,EQ,2878532,2213903,76.91
20,1964,RBL,EQ,11000,4517,41.06
20,1965,RBLBANK,EQ,7287247,1784605,24.49
20,1966,RBMINFRA,ST,126000,115800,91.90
20,1967,RBS,ST,9600,6400,66.67
20,1968,RBZJEWEL,EQ,328633,130290,39.65
20,1969,RCDL,SM,36000,36000,100.00
20,1970,RCF,EQ,1840069,562374,30.56
20,1971,READYMIX,ST,3000,3000,100.00
20,1972,RECLTD,EQ,8706790,2832047,32.53
20,1973,REDINGTON,EQ,13274935,1347124,10.15
20,1974,REDTAPE,EQ,187015,84639,45.26
20,1975,REFEX,EQ,202497,99901,49.33
20,1976,RELAXO,EQ,95394,33787,35.42
20,1977,RELCHEMQ,EQ,881,635,72.08
20,1978,RELIABLE,EQ,170404,55889,32.80
20,1979,RELIANCE,EQ,6217338,3446716,55.44
20,1980,RELIGARE,EQ,2289109,1673830,73.12
20,1981,RELINFRA,EQ,3382941,903725,26.71
20,1982,RELTD,EQ,85517,48460,56.67
20,1983,REMSONSIND,EQ,222415,172664,77.63
20,1984,REMUS,SM,2100,1650,78.57
20,1985,RENUKA,EQ,5939174,1710653,28.80
20,1986,REPCOHOME,EQ,90325,48057,53.20
20,1987,REPRO,EQ,3942,1873,47.51
20,1988,RESPONIND,EQ,1296989,700581,54.02
20,1989,RETAIL,EQ,3600,2450,68.06
20,1990,REXPIPES,SM,6000,6000,100.00
20,1991,REXPRO,SM,4000,4000,100.00
20,1992,RGL,EQ,1165477,704766,60.47
20,1993,RHIM,EQ,415364,114087,27.47
20,1994,RICHA,SM,1000,1000,100.00
20,1995,RICOAUTO,EQ,867331,261584,30.16
20,1996,RIIL,EQ,94503,30329,32.09
20,1997,RILINFRA,SM,25000,15100,60.40
20,1998,RISHABH,EQ,56347,31136,55.26
20,1999,RITCO,EQ,41951,18777,44.76
20,2000,RITES,EQ,1470157,326940,22.24
20,2001,RITEZONE,SM,24000,20800,86.67
20,2002,RKDL,EQ,21764,14589,67.03
20,2003,RKEC,EQ,122044,68298,55.96
20,2004,RKFORGE,EQ,820752,149662,18.23
20,2005,RKSWAMY,EQ,88805,63283,71.26
20,2006,RML,EQ,7718,5134,66.52
20,2007,RNFI,ST,39600,39600,100.00
20,2008,ROCKINGDCE,SM,5750,4750,82.61
20,2009,ROHLTD,EQ,149026,86647,58.14
20,2010,ROLEXRINGS,EQ,52234,44368,84.94
20,2011,ROML,EQ,1333,1086,81.47
20,2012,ROSSARI,EQ,25052,10989,43.86
20,2013,ROSSTECH,EQ,57415,30633,53.35
20,2014,ROTO,EQ,82027,37652,45.90
20,2015,ROUTE,EQ,127405,65887,51.71
20,2016,ROXHITECH,ST,22400,20800,92.86
20,2017,RPEL,EQ,22789,10626,46.63
20,2018,RPGLIFE,EQ,11638,5090,43.74
20,2019,RPOWER,EQ,19024449,6764679,35.56
20,2020,RPPL,EQ,71446,35096,49.12
20,2021,RPSGVENT,EQ,37160,19901,53.55
20,2022,RPTECH,EQ,87614,44287,50.55
20,2023,RRKABEL,EQ,110994,78304,70.55
20,2024,RSWM,EQ,107068,77281,72.18
20,2025,RSYSTEMS,EQ,79085,44331,56.05
20,2026,RTNINDIA,EQ,1842787,614295,33.34
20,2027,RTNPOWER,EQ,11979250,5656950,47.22
20,2028,RUBFILA,EQ,44747,31498,70.39
20,2029,RUBYMILLS,EQ,18207,9441,51.85
20,2030,RUCHINFRA,EQ,81804,58167,71.11
20,2031,RUCHIRA,EQ,42896,23025,53.68
20,2032,RULKA,ST,9300,6900,74.19
20,2033,RUPA,EQ,113987,46151,40.49
20,2034,RUSHIL,EQ,357387,152597,42.70
20,2035,RUSTOMJEE,EQ,50470,35101,69.55
20,2036,RVNL,EQ,55921698,3238981,5.79
20,2037,RVTH,EQ,23012,11465,49.82
20,2038,SAAKSHI,SM,7200,5400,75.00
20,2039,SABAR,ST,620000,610000,98.39
20,2040,SADBHIN,EQ,108403,77424,71.42
20,2041,SADHAV,SM,24000,15000,62.50
20,2042,SAFARI,EQ,34806,12375,35.55
20,2043,SAGARDEEP,EQ,17054,5066,29.71
20,2044,SAGCEM,EQ,39229,21005,53.54
20,2045,SAH,EQ,51759,29869,57.71
20,2046,SAHAJSOLAR,SM,16400,12600,76.83
20,2047,SAHANA,ST,25500,22375,87.75
20,2048,SAHASRA,SM,517200,306800,59.32
20,2049,SAHYADRI,EQ,10605,6618,62.40
20,2050,SAIFL,ST,6400,6400,100.00
20,2051,SAIL,EQ,10954930,2244266,20.49
20,2052,SAILIFE,EQ,215430,111999,51.99
20,2053,SAJHOTELS,ST,10000,10000,100.00
20,2054,SAKAR,EQ,25467,10980,43.11
20,2055,SAKHTISUG,EQ,261162,160999,61.65
20,2056,SAKSOFT,EQ,130200,56864,43.67
20,2057,SALASAR,EQ,3751715,1316507,35.09
20,2058,SALONA,EQ,479,340,70.98
20,2059,SALSTEEL,EQ,72421,29639,40.93
20,2060,SALZERELEC,EQ,155020,37950,24.48
20,2061,SAMHI,EQ,875395,429866,49.11
20,2062,SAMMAANCAP,EQ,7267169,3530061,48.58
20,2063,SANATHAN,EQ,94919,53980,56.87
20,2064,SANDESH,EQ,4158,2167,52.12
20,2065,SANDHAR,EQ,484292,149663,30.90
20,2066,SANDUMA,EQ,546973,108431,19.82
20,2067,SANGAMIND,EQ,10717,4716,44.00
20,2068,SANGANI,SM,18000,15000,83.33
20,2069,SANGHIIND,EQ,568380,397033,69.85
20,2070,SANGHVIMOV,EQ,457544,144290,31.54
20,2071,SANGINITA,EQ,27967,22231,79.49
20,2072,SANOFI,EQ,9735,4047,41.57
20,2073,SANOFICONR,EQ,5194,2463,47.42
20,2074,SANSERA,EQ,265200,192202,72.47
20,2075,SANSTAR,EQ,377903,176191,46.62
20,2076,SAPPHIRE,EQ,416576,231219,55.50
20,2077,SARDAEN,EQ,747288,301619,40.36
20,2078,SAREGAMA,EQ,602091,255539,42.44
20,2079,SARTELE,SM,20500,10500,51.22
20,2080,SARVESHWAR,EQ,2196743,1010730,46.01
20,2081,SASKEN,EQ,4360,2117,48.56
20,2082,SASTASUNDR,EQ,79372,61183,77.08
20,2083,SATECH,ST,165000,156000,94.55
20,2084,SATIA,EQ,350938,261388,74.48
20,2085,SATIN,EQ,174325,86463,49.60
20,2086,SATINDLTD,EQ,175245,92817,52.96
20,2087,SATIPOLY,SM,28500,20000,70.18
20,2088,SATKARTAR,SM,126400,73600,58.23
20,2089,SAURASHCEM,EQ,73739,39523,53.60
20,2090,SBC,EQ,3300113,2096483,63.53
20,2091,SBCL,EQ,237196,137531,57.98
20,2092,SBFC,EQ,1266083,688903,54.41
20,2093,SBGLP,EQ,36585,36585,100.00
20,2094,SBICARD,EQ,1830099,902149,49.30
20,2095,SBIETFCON,EQ,2265,1227,54.17
20,2096,SBIETFIT,EQ,1745,1300,74.50
20,2097,SBIETFPB,EQ,2707,1514,55.93
20,2098,SBIETFQLTY,EQ,1918,953,49.69
20,2099,SBILIFE,EQ,391966,163678,41.76
20,2100,SBIN,EQ,6766606,2425057,35.84
20,2101,SBINEQWETF,EQ,17383,16727,96.23
20,2102,SBISILVER,EQ,62079,42130,67.87
20,2103,SCHAEFFLER,EQ,37142,13954,37.57
20,2104,SCHAND,EQ,112982,62268,55.11
20,2105,SCHNEIDER,EQ,221429,77569,35.03
20,2106,SCI,EQ,2576889,699622,27.15
20,2107,SCILAL,EQ,959006,483883,50.46
20,2108,SCLZC25,YN,15,15,100.00
20,2109,SCML,SM,4000,4000,100.00
20,2110,SCPL,EQ,18145,12591,69.39
20,2111,SDBL,EQ,2788460,1257862,45.11
20,2112,SDL26BEES,EQ,1364,767,56.23
20,2113,SDREAMS,SM,179000,121000,67.60
20,2114,SEAMECLTD,EQ,28340,16510,58.26
20,2115,SECL,ST,12500,12500,100.00
20,2116,SECMARK,EQ,1173,670,57.12
20,2117,SECURKLOUD,EQ,52654,26476,50.28
20,2118,SEJALLTD,EQ,6210,4105,66.10
20,2119,SEL,ST,2600,2600,100.00
20,2120,SELAN,EQ,41945,15080,35.95
20,2121,SELMC,EQ,8107,6156,75.93
20,2122,SENCO,EQ,1187868,506267,42.62
20,2123,SENORES,EQ,566443,154532,27.28
20,2124,SENSEXADD,EQ,1171,728,62.17
20,2125,SENSEXETF,EQ,2379,1768,74.32
20,2126,SENSEXIETF,EQ,13599,4425,32.54
20,2127,SEPC,EQ,8473745,3900514,46.03
20,2128,SEQUENT,EQ,428543,173236,40.42
20,2129,SERVICE,SM,8000,8000,100.00
20,2130,SERVOTECH,EQ,785684,288118,36.67
20,2131,SESHAPAPER,EQ,25903,15952,61.58
20,2132,SETF10GILT,EQ,9171,4818,52.54
20,2133,SETFGOLD,EQ,1307331,1051389,80.42
20,2134,SETFNIF50,EQ,219351,155142,70.73
20,2135,SETFNIFBK,EQ,13154,4447,33.81
20,2136,SETFNN50,EQ,44406,20944,47.16
20,2137,SFL,EQ,64573,32284,50.00
20,2138,SFML,SM,30400,25600,84.21
20,2139,SGBAPR28I,GB,875,803,91.77
20,2140,SGBAUG27,GB,169,149,88.17
20,2141,SGBAUG28V,GB,1623,1241,76.46
20,2142,SGBAUG29V,GB,244,182,74.59
20,2143,SGBAUG30,GB,102,78,76.47
20,2144,SGBD29VIII,GB,633,384,60.66
20,2145,SGBDC27VII,GB,10,10,100.00
20,2146,SGBDE30III,GB,623,398,63.88
20,2147,SGBDE31III,GB,2121,1530,72.14
20,2148,SGBDEC2513,GB,1,1,100.00
20,2149,SGBFEB28IX,GB,16,16,100.00
20,2150,SGBFEB29XI,GB,83,79,95.18
20,2151,SGBFEB32IV,GB,1469,1026,69.84
20,2152,SGBJ28VIII,GB,49,47,95.92
20,2153,SGBJAN26,GB,4,4,100.00
20,2154,SGBJAN27,GB,116,116,100.00
20,2155,SGBJAN29IX,GB,488,404,82.79
20,2156,SGBJAN29X,GB,71,56,78.87
20,2157,SGBJAN30IX,GB,140,81,57.86
20,2158,SGBJU29III,GB,208,155,74.52
20,2159,SGBJUL25,GB,150,139,92.67
20,2160,SGBJUL28IV,GB,526,448,85.17
20,2161,SGBJUL29IV,GB,208,178,85.58
20,2162,SGBJUN27,GB,4,4,100.00
20,2163,SGBJUN28,GB,223,217,97.31
20,2164,SGBJUN29II,GB,139,75,53.96
20,2165,SGBJUN30,GB,165,146,88.48
20,2166,SGBJUN31I,GB,593,454,76.56
20,2167,SGBMAR25,GB,97,76,78.35
20,2168,SGBMAR28X,GB,296,252,85.14
20,2169,SGBMAR30X,GB,88,78,88.64
20,2170,SGBMAR31IV,GB,59,47,79.66
20,2171,SGBMAY25,GB,43,43,100.00
20,2172,SGBMAY26,GB,43,43,100.00
20,2173,SGBMAY28,GB,815,720,88.34
20,2174,SGBMAY29I,GB,1750,1175,67.14
20,2175,SGBMR29XII,GB,403,335,83.13
20,2176,SGBN28VIII,GB,225,186,82.67
20,2177,SGBNOV25VI,GB,2,2,100.00
20,2178,SGBNV29VII,GB,1192,1093,91.69
20,2179,SGBOC28VII,GB,46,46,100.00
20,2180,SGBOCT25,GB,42,21,50.00
20,2181,SGBOCT25IV,GB,128,123,96.09
20,2182,SGBOCT26,GB,3,3,100.00
20,2183,SGBOCT27VI,GB,31,17,54.84
20,2184,SGBSEP27,GB,18,16,88.89
20,2185,SGBSEP28VI,GB,30,30,100.00
20,2186,SGBSEP29VI,GB,633,595,94.00
20,2187,SGBSEP31II,GB,1664,1411,84.80
20,2188,SGL,EQ,15666,11614,74.14
20,2189,SGLTL,EQ,1201546,321974,26.80
20,2190,SHAH,EQ,532630,364324,68.40
20,2191,SHAHALLOYS,EQ,13281,6349,47.81
20,2192,SHALBY,EQ,84446,40210,47.62
20,2193,SHALPAINTS,EQ,164886,91297,55.37
20,2194,SHANKARA,EQ,51182,27063,52.88
20,2195,SHANTHALA,ST,2400,2400,100.00
20,2196,SHANTI,EQ,581189,525869,90.48
20,2197,SHANTIGEAR,EQ,24901,11586,46.53
20,2198,SHARDACROP,EQ,117850,50296,42.68
20,2199,SHARDAMOTR,EQ,21814,10321,47.31
20,2200,SHAREINDIA,EQ,469815,174996,37.25
20,2201,SHARIABEES,EQ,4595,3116,67.81
20,2202,SHEETAL,SM,38000,28000,73.68
20,2203,SHEMAROO,EQ,13340,8128,60.93
20,2204,SHERA,SM,28000,21000,75.00
20,2205,SHIGAN,SM,1500,1500,100.00
20,2206,SHILPAMED,EQ,219781,93799,42.68
20,2207,SHIVALIK,EQ,52204,29973,57.42
20,2208,SHIVAMAUTO,EQ,77750,35443,45.59
20,2209,SHIVAMILLS,EQ,1552,771,49.68
20,2210,SHIVATEX,EQ,6674,3227,48.35
20,2211,SHK,EQ,462143,267944,57.98
20,2212,SHOPERSTOP,EQ,49964,20726,41.48
20,2213,SHREDIGCEM,EQ,420799,204885,48.69
20,2214,SHREECEM,EQ,15671,6096,38.90
20,2215,SHREEKARNI,ST,11250,10650,94.67
20,2216,SHREEOSFM,SM,11000,8000,72.73
20,2217,SHREEPUSHK,EQ,278193,90881,32.67
20,2218,SHREMINVIT,IV,25000,25000,100.00
20,2219,SHRENIK,EQ,637893,417594,65.46
20,2220,SHREYANIND,EQ,10576,8779,83.01
20,2221,SHRIPISTON,EQ,51343,25568,49.80
20,2222,SHRIRAMFIN,EQ,4066886,2088652,51.36
20,2223,SHRIRAMPPS,EQ,1788724,758619,42.41
20,2224,SHRITECH,SM,44000,28000,63.64
20,2225,SHUBHSHREE,ST,28800,26400,91.67
20,2226,SHYAMCENT,EQ,219068,158607,72.40
20,2227,SHYAMMETL,EQ,377286,128818,34.14
20,2228,SIEMENS,EQ,663780,349867,52.71
20,2229,SIGACHI,EQ,4923838,1412373,28.68
20,2230,SIGIND,EQ,27701,5902,21.31
20,2231,SIGMA,EQ,24307,3108,12.79
20,2232,SIGNATURE,EQ,732833,172842,23.59
20,2233,SIKKO,EQ,216486,56620,26.15
20,2234,SIL,EQ,31707,18132,57.19
20,2235,SILGO,EQ,41268,6381,15.46
20,2236,SILINV,EQ,1608,981,61.01
20,2237,SILKFLEX,SM,10000,8000,80.00
20,2238,SILLYMONKS,EQ,1595,1593,99.87
20,2239,SILVER,EQ,143030,74408,52.02
20,2240,SILVER1,EQ,50674,39202,77.36
20,2241,SILVERADD,EQ,62355,61040,97.89
20,2242,SILVERBEES,EQ,5931501,4004981,67.52
20,2243,SILVERETF,EQ,160953,99040,61.53
20,2244,SILVERIETF,EQ,359688,249022,69.23
20,2245,SILVERTUC,EQ,15249,3879,25.44
20,2246,SILVRETF,EQ,75284,47003,62.43
20,2247,SINCLAIR,EQ,115380,69567,60.29
20,2248,SINDHUTRAD,EQ,1448303,751424,51.88
20,2249,SINTERCOM,EQ,2822,741,26.26
20,2250,SIRCA,EQ,94272,52403,55.59
20,2251,SIS,EQ,65099,34904,53.62
20,2252,SIYSIL,EQ,68234,33201,48.66
20,2253,SJLOGISTIC,SM,49000,32500,66.33
20,2254,SJS,EQ,157200,60781,38.66
20,2255,SJVN,EQ,6948254,1306768,18.81
20,2256,SKFINDIA,EQ,23364,13616,58.28
20,2257,SKIPPER,EQ,596372,139214,23.34
20,2258,SKMEGGPROD,EQ,64423,27669,42.95
20,2259,SKP,SM,9000,6000,66.67
20,2260,SLONE,ST,38400,38400,100.00
20,2261,SMALLCAP,EQ,3045458,1726481,56.69
20,2262,SMCGLOBAL,EQ,237001,126099,53.21
20,2263,SMLISUZU,EQ,18291,9305,50.87
20,2264,SMLT,EQ,8892,4933,55.48
20,2265,SMSPHARMA,EQ,93780,35186,37.52
20,2266,SMVD,SM,44440,44440,100.00
20,2267,SNOWMAN,EQ,559417,274930,49.15
20,2268,SOBHA,EQ,359635,121367,33.75
20,2269,SOLARA,EQ,157561,101986,64.73
20,2270,SOLARAPP,E1,2735,2644,96.67
20,2271,SOLARINDS,EQ,86726,42452,48.95
20,2272,SOLEX,ST,25125,24250,96.52
20,2273,SOMANYCERA,EQ,84529,59375,70.24
20,2274,SOMICONVEY,EQ,23222,14958,64.41
20,2275,SONACOMS,EQ,1595962,700296,43.88
20,2276,SONAMAC,ST,23000,18000,78.26
20,2277,SONAMLTD,EQ,270099,156011,57.76
20,2278,SONATSOFTW,EQ,557587,256343,45.97
20,2279,SOTAC,SM,33600,33600,100.00
20,2280,SOTL,EQ,60334,25494,42.25
20,2281,SOUTHBANK,EQ,6520696,2225804,34.13
20,2282,SOUTHWEST,EQ,23894,14049,58.80
20,2283,SPAL,EQ,17087,7344,42.98
20,2284,SPANDANA,EQ,517119,174391,33.72
20,2285,SPARC,EQ,1306308,710243,54.37
20,2286,SPCL,ST,20400,16800,82.35
20,2287,SPECIALITY,EQ,49533,29137,58.82
20,2288,SPECTRUM,SM,5375,3500,65.12
20,2289,SPECTSTM,SM,20800,15200,73.08
20,2290,SPENCERS,EQ,160793,79149,49.22
20,2291,SPIC,EQ,878314,435399,49.57
20,2292,SPLIL,EQ,97730,68674,70.27
20,2293,SPLPETRO,EQ,35531,18031,50.75
20,2294,SPORTKING,EQ,304072,193787,63.73
20,2295,SPPPOLY,ST,8000,8000,100.00
20,2296,SPRL,SM,1600,800,50.00
20,2297,SRD,EQ,31845,19188,60.25
20,2298,SREEL,EQ,5362,2155,40.19
20,2299,SRF,EQ,231538,119272,51.51
20,2300,SRGHFL,EQ,25017,19342,77.32
20,2301,SRHHYPOLTD,EQ,12972,7230,55.74
20,2302,SRIVASAVI,SM,17000,13000,76.47
20,2303,SSDL,EQ,89757,33937,37.81
20,2304,SSEGL,SM,52000,33000,63.46
20,2305,SSFL,SM,26000,24500,94.23
20,2306,S&SPOWER,EQ,14737,8983,60.96
20,2307,SSWL,EQ,70794,33707,47.61
20,2308,STALLION,EQ,690387,200627,29.06
20,2309,STANLEY,EQ,111729,62025,55.51
20,2310,STAR,EQ,1075487,557334,51.82
20,2311,STARCEMENT,EQ,438511,175506,40.02
20,2312,STARHEALTH,EQ,642099,383424,59.71
20,2313,STARPAPER,EQ,19284,10460,54.24
20,2314,STARTECK,EQ,11044,805,7.29
20,2315,STCINDIA,EQ,42547,14719,34.59
20,2316,STEELCAS,EQ,11268,4062,36.05
20,2317,STEELCITY,EQ,13171,6799,51.62
20,2318,STEELXIND,EQ,1256562,467429,37.20
20,2319,STEL,EQ,2941,1778,60.46
20,2320,STERTOOLS,EQ,116883,51785,44.30
20,2321,STLTECH,EQ,1613204,939433,58.23
20,2322,STOVEKRAFT,EQ,99716,41875,41.99
20,2323,STYLAMIND,EQ,39196,21903,55.88
20,2324,STYLEBAAZA,EQ,370834,184821,49.84
20,2325,STYRENIX,EQ,21103,9722,46.07
20,2326,SUBEXLTD,EQ,4638840,1890172,40.75
20,2327,SUBROS,EQ,33403,12338,36.94
20,2328,SUDARSCHEM,EQ,137738,60225,43.72
20,2329,SUKHJITS,EQ,13516,9146,67.67
20,2330,SULA,EQ,499738,241091,48.24
20,2331,SUMICHEM,EQ,276094,163222,59.12
20,2332,SUMIT,EQ,73615,56109,76.22
20,2333,SUMMITSEC,EQ,29458,15506,52.64
20,2334,SUNCLAY,EQ,17466,9045,51.79
20,2335,SUNDARAM,EQ,813338,457346,56.23
20,2336,SUNDARMFIN,EQ,58757,20664,35.17
20,2337,SUNDARMHLD,EQ,55921,19672,35.18
20,2338,SUNDRMFAST,EQ,89672,50907,56.77
20,2339,SUNLITE,SM,2400,2400,100.00
20,2340,SUNPHARMA,EQ,2576319,1285255,49.89
20,2341,SUNTECK,EQ,422173,207009,49.03
20,2342,SUNTV,EQ,196047,61070,31.15
20,2343,SUPERHOUSE,EQ,2093,1081,51.65
20,2344,SUPERSPIN,EQ,27044,20410,75.47
20,2345,SUPRAJIT,EQ,78043,46882,60.07
20,2346,SUPREME,EQ,26557,17626,66.37
20,2347,SUPREMEIND,EQ,168985,49703,29.41
20,2348,SUPREMEPWR,ST,117500,106000,90.21
20,2349,SUPRIYA,EQ,268469,96317,35.88
20,2350,SURAJEST,EQ,113357,56840,50.14
20,2351,SURAJLTD,EQ,45858,7493,16.34
20,2352,SURAKSHA,EQ,56412,23348,41.39
20,2353,SURANASOL,EQ,109419,56140,51.31
20,2354,SURANAT&P,EQ,76151,40565,53.27
20,2355,SURANI,ST,2200,2200,100.00
20,2356,SURYALAXMI,EQ,16258,6994,43.02
20,2357,SURYAROSNI,EQ,399203,251535,63.01
20,2358,SURYODAY,EQ,118948,51754,43.51
20,2359,SUTLEJTEX,EQ,113855,56005,49.19
20,2360,SUVEN,EQ,264928,116933,44.14
20,2361,SUVENPHAR,EQ,540965,228377,42.22
20,2362,SUVIDHAA,EQ,107786,73664,68.34
20,2363,SUYOG,EQ,56342,36982,65.64
20,2364,SUZLON,EQ,71927816,29256414,40.67
20,2365,SWANENERGY,EQ,7428065,1372045,18.47
20,2366,SWARAJ,SM,26500,22000,83.02
20,2367,SWARAJENG,EQ,20372,11437,56.14
20,2368,SWASTIK,SM,12000,10800,90.00
20,2369,SWELECTES,EQ,31897,11069,34.70
20,2370,SWIGGY,EQ,27576813,5616370,20.37
20,2371,SWSOLAR,EQ,3304306,1518930,45.97
20,2372,SYLVANPLY,SM,4000,4000,100.00
20,2373,SYMPHONY,EQ,99112,41229,41.60
20,2374,SYNCOMF,EQ,1988824,975144,49.03
20,2375,SYNGENE,EQ,1005177,583962,58.10
20,2376,SYNOPTICS,SM,1800,1800,100.00
20,2377,SYRMA,EQ,977985,326034,33.34
20,2378,SYSTANGO,SM,13600,8000,58.82
20,2379,TAC,ST,42000,36200,86.19
20,2380,TAINWALCHM,EQ,2992,1686,56.35
20,2381,TAJGVK,EQ,1898455,608051,32.03
20,2382,TALBROAUTO,EQ,86310,44092,51.09
20,2383,TANLA,EQ,644541,195169,30.28
20,2384,TARC,EQ,441642,215720,48.84
20,2385,TARIL,EQ,571141,279827,48.99
20,2386,TARMAT,EQ,16271,9615,59.09
20,2387,TARSONS,EQ,44168,24553,55.59
20,2388,TASTYBITE,EQ,3016,1351,44.79
20,2389,TATACHEM,EQ,614343,329144,53.58
20,2390,TATACOMM,EQ,147128,63163,42.93
20,2391,TATACONSUM,EQ,782204,478170,61.13
20,2392,TATAELXSI,EQ,159802,40265,25.20
20,2393,TATAGOLD,EQ,6236253,3725312,59.74
20,2394,TATAINVEST,EQ,804937,62284,7.74
20,2395,TATAMOTORS,EQ,9986815,2901730,29.06
20,2396,TATAPOWER,EQ,6083541,1906613,31.34
20,2397,TATASTEEL,EQ,18447487,4328733,23.47
20,2398,TATATECH,EQ,728933,305587,41.92
20,2399,TATSILV,EQ,777677,521969,67.12
20,2400,TATVA,EQ,31630,13028,41.19
20,2401,TBI,SM,30000,28800,96.00
20,2402,TBOTEK,EQ,79194,45579,57.55
20,2403,TBZ,EQ,129375,68749,53.14
20,2404,TCI,EQ,16302,6712,41.17
20,2405,TCIEXP,EQ,35466,14001,39.48
20,2406,TCL,SM,76000,68800,90.53
20,2407,TCPLPACK,EQ,63495,17273,27.20
20,2408,TCS,EQ,4366672,3134639,71.79
20,2409,TDPOWERSYS,EQ,717300,353683,49.31
20,2410,TEAMLEASE,EQ,19184,8817,45.96
20,2411,TECH,EQ,178202,172371,96.73
20,2412,TECHERA,ST,4800,4800,100.00
20,2413,TECHLABS,ST,208625,163375,78.31
20,2414,TECHM,EQ,1113961,582721,52.31
20,2415,TECHNOE,EQ,706193,163641,23.17
20,2416,TECILCHEM,EQ,1231,746,60.60
20,2417,TEGA,EQ,71698,26348,36.75
20,2418,TEJASNET,EQ,1044398,268470,25.71
20,2419,TEXINFRA,EQ,419357,154941,36.95
20,2420,TEXMOPIPES,EQ,64862,28570,44.05
20,2421,TEXRAIL,EQ,2319398,638130,27.51
20,2422,TFCILTD,EQ,1905083,1106426,58.08
20,2423,TGBHOTELS,EQ,190670,94853,49.75
20,2424,TGL,ST,60000,51600,86.00
20,2425,THANGAMAYL,EQ,26273,10593,40.32
20,2426,THEINVEST,EQ,8548,3720,43.52
20,2427,THEJO,EQ,12666,7376,58.23
20,2428,THEMISMED,EQ,532242,100465,18.88
20,2429,THERMAX,EQ,395095,160172,40.54
20,2430,THESL,ST,12000,12000,100.00
20,2431,THOMASCOOK,EQ,2477909,1406021,56.74
20,2432,THYROCARE,EQ,17950,7444,41.47
20,2433,TI,EQ,884084,469839,53.14
20,2434,TICL,EQ,39218,13920,35.49
20,2435,TIIL,EQ,3551,2213,62.32
20,2436,TIINDIA,EQ,223287,78855,35.32
20,2437,TIL,EQ,26994,20005,74.11
20,2438,TIMETECHNO,EQ,1141489,284607,24.93
20,2439,TIMKEN,EQ,50939,24084,47.28
20,2440,TIPSMUSIC,EQ,202078,66645,32.98
20,2441,TIRUMALCHM,EQ,249239,93893,37.67
20,2442,TIRUPATI,SM,4000,4000,100.00
20,2443,TITAGARH,EQ,2093421,321078,15.34
20,2444,TITAN,EQ,521953,234716,44.97
20,2445,TMB,EQ,43079,23982,55.67
20,2446,TNIDETF,EQ,47651,36851,77.34
20,2447,TNPETRO,EQ,123614,50240,40.64
20,2448,TNPL,EQ,326459,155325,47.58
20,2449,TOKYOPLAST,EQ,5619,4575,81.42
20,2450,TOLINS,EQ,122399,54756,44.74
20,2451,TOP100CASE,EQ,721966,639496,88.58
20,2452,TOP10ADD,EQ,657963,653859,99.38
20,2453,TORNTPHARM,EQ,294730,156308,53.03
20,2454,TORNTPOWER,EQ,552892,271281,49.07
20,2455,TOTAL,EQ,279642,38140,13.64
20,2456,TOUCHWOOD,EQ,226003,104241,46.12
20,2457,TPLPLASTEH,EQ,183522,29838,16.26
20,2458,TRACXN,EQ,209891,116374,55.44
20,2459,TRANSRAILL,EQ,1715149,356429,20.78
20,2460,TRANSTEEL,ST,90000,74000,82.22
20,2461,TRANSWORLD,EQ,67340,34373,51.04
20,2462,TREEHOUSE,EQ,34270,29439,85.90
20,2463,TREJHARA,EQ,13824,7900,57.15
20,2464,TREL,EQ,205288,104224,50.77
20,2465,TRENT,EQ,764148,302130,39.54
20,2466,TRF,EQ,29818,13294,44.58
20,2467,TRIDENT,EQ,4933123,1664248,33.74
20,2468,TRIGYN,EQ,301888,262419,86.93
20,2469,TRITURBINE,EQ,1044954,188466,18.04
20,2470,TRIVENI,EQ,272164,95418,35.06
20,2471,TROM,SM,21000,13800,65.71
20,2472,TRUST,ST,98400,93600,95.12
20,2473,TTKHLTCARE,EQ,4588,3821,83.28
20,2474,TTKPRESTIG,EQ,446091,414835,92.99
20,2475,TTML,EQ,3787144,921146,24.32
20,2476,TUNWAL,SM,66000,48000,72.73
20,2477,TVSELECT,EQ,9196,2236,24.31
20,2478,TVSHLTD,EQ,7452,3877,52.03
20,2479,TVSMOTOR,EQ,631536,387383,61.34
20,2480,TVSSCS,EQ,3200845,1420944,44.39
20,2481,TVSSRICHAK,EQ,7097,5802,81.75
20,2482,TVTODAY,EQ,54563,29544,54.15
20,2483,UBL,EQ,329993,222349,67.38
20,2484,UCOBANK,EQ,3527775,1095437,31.05
20,2485,UDAICEMENT,EQ,180158,126043,69.96
20,2486,UDS,EQ,101473,36693,36.16
20,2487,UFLEX,EQ,143571,70436,49.06
20,2488,UFO,EQ,75843,35710,47.08
20,2489,UGARSUGAR,EQ,302141,130277,43.12
20,2490,UGROCAP,EQ,855856,475622,55.57
20,2491,UHTL,ST,176000,166000,94.32
20,2492,UJJIVANSFB,EQ,13322981,5356915,40.21
20,2493,ULTRACEMCO,EQ,157580,84012,53.31
20,2494,UMA,SM,24000,20000,83.33
20,2495,UMAEXPORTS,EQ,41498,13970,33.66
20,2496,UMESLTD,EQ,22910,19437,84.84
20,2497,UNICHEMLAB,EQ,61960,17608,28.42
20,2498,UNIDT,EQ,7382,3706,50.20
20,2499,UNIECOM,EQ,604405,254669,42.14
20,2500,UNIENTER,EQ,16819,11519,68.49
20,2501,UNIHEALTH,SM,59000,27000,45.76
20,2502,UNIINFO,EQ,16901,9637,57.02
20,2503,UNILEX,SM,9600,6400,66.67
20,2504,UNIMECH,EQ,213662,73575,34.44
20,2505,UNIONBANK,EQ,14871033,4811248,32.35
20,2506,UNIPARTS,EQ,93010,48603,52.26
20,2507,UNITDSPR,EQ,464950,272982,58.71
20,2508,UNITEDPOLY,EQ,8991,7441,82.76
20,2509,UNITEDTEA,EQ,2946,1232,41.82
20,2510,UNIVCABLES,EQ,27901,10397,37.26
20,2511,UNOMINDA,EQ,1044468,528275,50.58
20,2512,UPL,EQ,2762726,1232183,44.60
20,2513,URAVIDEF,EQ,4349,3213,73.88
20,2514,URBAN,SM,87200,52000,59.63
20,2515,USASEEDS,SM,600,600,100.00
20,2516,USHAFIN,SM,5600,5600,100.00
20,2517,USHAMART,EQ,1485381,642266,43.24
20,2518,USK,EQ,75420,34663,45.96
20,2519,UTIAMC,EQ,85072,41668,48.98
20,2520,UTIBANKETF,EQ,23758,13697,57.65
20,2521,UTINEXT50,EQ,67044,41472,61.86
20,2522,UTINIFTETF,EQ,6557,5710,87.08
20,2523,UTISENSETF,EQ,535,497,92.90
20,2524,UTISXN50,EQ,4424,2493,56.35
20,2525,UTKARSHBNK,EQ,1641371,567303,34.56
20,2526,UTSSAV,SM,112200,76800,68.45
20,2527,UTTAMSUGAR,EQ,54802,22480,41.02
20,2528,UYFINCORP,EQ,98941,56708,57.31
20,2529,VADILALIND,EQ,5189,2701,52.05
20,2530,VAIBHAVGBL,EQ,606705,280413,46.22
20,2531,VAISHALI,EQ,444780,297625,66.92
20,2532,VAKRANGEE,EQ,20976006,7078675,33.75
20,2533,VAL30IETF,EQ,41125,22886,55.65
20,2534,VALIANTLAB,EQ,21751,11838,54.43
20,2535,VALIANTORG,EQ,37316,16721,44.81
20,2536,VARDHACRLC,EQ,15518,8919,57.48
20,2537,VARROC,EQ,178405,70064,39.27
20,2538,VASCONEQ,EQ,826874,420320,50.83
20,2539,VASWANI,EQ,72024,34211,47.50
20,2540,VBL,EQ,10307513,4527022,43.92
20,2541,VCL,EQ,312666,241502,77.24
20,2542,VDEAL,SM,3600,3600,100.00
20,2543,VEDL,EQ,9389191,4063547,43.28
20,2544,VEEDOL,EQ,15717,8285,52.71
20,2545,VELS,ST,10800,10800,100.00
20,2546,VENKEYS,EQ,18110,7687,42.45
20,2547,VENTIVE,EQ,183359,77353,42.19
20,2548,VENUSPIPES,EQ,59699,28621,47.94
20,2549,VENUSREM,EQ,22193,7785,35.08
20,2550,VERANDA,EQ,690104,250759,36.34
20,2551,VERITAAS,SM,4800,3600,75.00
20,2552,VERTEXPLUS,SM,73200,73200,100.00
20,2553,VESUVIUS,EQ,42902,26970,62.86
20,2554,VETO,EQ,79613,44752,56.21
20,2555,VGUARD,EQ,357953,178409,49.84
20,2556,VHL,EQ,1206,475,39.39
20,2557,VIAZ,SM,4000,2000,50.00
20,2558,VIDHIING,EQ,6507,2015,30.97
20,2559,VIESL,SM,56000,29600,52.86
20,2560,VIJAYA,EQ,282505,84735,29.99
20,2561,VIKASECO,EQ,6520750,2577126,39.52
20,2562,VIKASLIFE,EQ,4348644,2659104,61.15
20,2563,VILAS,SM,41250,26500,64.24
20,2564,VIMTALABS,EQ,97924,32826,33.52
20,2565,VINATIORGA,EQ,28514,13690,48.01
20,2566,VINCOFE,EQ,271779,109791,40.40
20,2567,VINDHYATEL,EQ,42849,29707,69.33
20,2568,VINEETLAB,EQ,14949,7620,50.97
20,2569,VINSYS,SM,13000,8000,61.54
20,2570,VINYAS,SM,6200,5600,90.32
20,2571,VINYLINDIA,EQ,33111,19349,58.44
20,2572,VIPCLOTHNG,EQ,179914,91490,50.85
20,2573,VIPIND,EQ,276417,115368,41.74
20,2574,VIRINCHI,EQ,194981,93298,47.85
20,2575,VISAKAIND,EQ,108655,51040,46.97
20,2576,VISAMAN,SM,69000,69000,100.00
20,2577,VISHNU,EQ,179126,86234,48.14
20,2578,VISHNUINFR,SM,15500,14000,90.32
20,2579,VISHWARAJ,EQ,466703,256545,54.97
20,2580,VISHWAS,SM,8000,4800,60.00
20,2581,VITAL,SM,136800,135600,99.12
20,2582,VIVIANA,ST,9000,8625,95.83
20,2583,VIVIDHA,EQ,365051,212698,58.27
20,2584,VLINFRA,ST,18000,18000,100.00
20,2585,VLSFINANCE,EQ,42168,22472,53.29
20,2586,VMARCIND,ST,5000,5000,100.00
20,2587,VMART,EQ,30637,18153,59.25
20,2588,VMM,EQ,20243763,7507629,37.09
20,2589,VOLERCAR,ST,1441600,1433600,99.45
20,2590,VOLTAMP,EQ,92612,46939,50.68
20,2591,VOLTAS,EQ,1829398,892843,48.81
20,2592,VPRPL,EQ,774175,204269,26.39
20,2593,VRAJ,EQ,67516,12998,19.25
20,2594,VRLLOG,EQ,157961,73457,46.50
20,2595,VSCL,ST,9000,9000,100.00
20,2596,VSSL,EQ,76405,51862,67.88
20,2597,VSTIND,EQ,278605,109162,39.18
20,2598,VSTL,EQ,11207,4946,44.13
20,2599,VSTTILLERS,EQ,15086,7863,52.12
20,2600,VTL,EQ,85706,30985,36.15
20,2601,WAAREEENER,EQ,1104031,180886,16.38
20,2602,WABAG,EQ,583277,139916,23.99
20,2603,WALCHANNAG,EQ,559468,234224,41.87
20,2604,WANBURY,EQ,94458,57565,60.94
20,2605,WCIL,EQ,117662,46108,39.19
20,2606,WEALTH,EQ,10424,7746,74.31
20,2607,WEIZMANIND,EQ,6227,3394,54.50
20,2608,WEL,EQ,305282,95725,31.36
20,2609,WELCORP,EQ,447056,197777,44.24
20,2610,WELENT,EQ,499489,248947,49.84
20,2611,WELINV,EQ,1179,748,63.44
20,2612,WELSPUNLIV,EQ,2142512,990627,46.24
20,2613,WENDT,EQ,912,276,30.26
20,2614,WESTLIFE,EQ,24934,8523,34.18
20,2615,WEWIN,EQ,23204,14951,64.43
20,2616,WHEELS,EQ,16179,10441,64.53
20,2617,WHIRLPOOL,EQ,708533,572567,80.81
20,2618,WILLAMAGOR,EQ,12886,7979,61.92
20,2619,WINDLAS,EQ,289544,183027,63.21
20,2620,WINDMACHIN,EQ,57088,38070,66.69
20,2621,WINNY,ST,1000,1000,100.00
20,2622,WINSOL,SM,23200,18000,77.59
20,2623,WIPRO,EQ,7835672,3834506,48.94
20,2624,WOCKPHARMA,EQ,276018,104417,37.83
20,2625,WOL3D,SM,4000,3000,75.00
20,2626,WOMANCART,ST,1600,1600,100.00
20,2627,WONDERLA,EQ,86320,48317,55.97
20,2628,WORTH,EQ,52504,30341,57.79
20,2629,WSI,EQ,169932,101424,59.69
20,2630,WSTCSTPAPR,EQ,213535,113117,52.97
20,2631,WTICAB,ST,12000,12000,100.00
20,2632,XCHANGING,EQ,115959,51721,44.60
20,2633,XELPMOC,EQ,30366,10635,35.02
20,2634,XPROINDIA,EQ,28482,12868,45.18
20,2635,XTGLOBAL,EQ,87347,33899,38.81
20,2636,YASHO,EQ,12001,4509,37.57
20,2637,YASHOPTICS,SM,11200,11200,100.00
20,2638,YATHARTH,EQ,595278,225388,37.86
20,2639,YATRA,EQ,313791,148998,47.48
20,2640,YCCL,SM,3000,3000,100.00
20,2641,YESBANK,EQ,63365019,19459310,30.71
20,2642,YUDIZ,SM,12000,10400,86.67
20,2643,YUKEN,EQ,10114,5173,51.15
20,2644,ZAGGLE,EQ,2272291,979564,43.11
20,2645,ZEAL,SM,26400,19200,72.73
20,2646,ZEEL,EQ,9701829,3475487,35.82
20,2647,ZEELEARN,EQ,909105,506419,55.71
20,2648,ZEEMEDIA,EQ,4167272,2315326,55.56
20,2649,ZENITHEXPO,EQ,1174,962,81.94
20,2650,ZENITHSTL,EQ,99548,71675,72.00
20,2651,ZENSARTECH,EQ,1810191,453941,25.08
20,2652,ZENTEC,EQ,2073198,602705,29.07
20,2653,ZFCVINDIA,EQ,40451,4029,9.96
20,2654,ZIMLAB,EQ,31056,10612,34.17
20,2655,ZODIAC,EQ,23779,10279,43.23
20,2656,ZODIACLOTH,EQ,15372,10866,70.69
20,2657,ZOMATO,EQ,47896911,22881017,47.77
20,2658,ZOTA,EQ,122944,62104,50.51
20,2659,ZTECH,ST,41700,36300,87.05
20,2660,ZUARI,EQ,187950,80333,42.74
20,2661,ZUARIIND,EQ,38262,23023,60.17
20,2662,ZYDUSLIFE,EQ,2989352,1088502,36.41
20,2663,ZYDUSWELL,EQ,131894,113756,86.25
