Security Wise Delivery Position - Compulsory Rolling Settlement
10,MTO,24022025,902391237,0002675
Trade Date <24-FEB-2025>,Settlement Type <N>
Record Type,Sr No,Name of Security,Quantity Traded,Deliverable Quantity(gross across client level),% of Deliverable Quantity to Traded Quantity
20,1,0MOFSL27,N3,58,58,100.00
20,2,1003IIFL29,NC,150,50,33.33
20,3,1003ISFL28,N4,138,138,100.00
20,4,1015ECL29,NR,641,586,91.42
20,5,1015SCL28A,AL,3,3,100.00
20,6,1018GS2026,GS,11,10,90.91
20,7,1025SCL34Z,N1,52,52,100.00
20,8,1025UCL26A,N1,1,1,100.00
20,9,1035UCL26,NA,31,31,100.00
20,10,1049DLS25A,Y5,1,1,100.00
20,11,1050ISFL28,N5,390,355,91.03
20,12,1050NFL26,N7,1,1,100.00
20,13,1050UCL25,N7,81,81,100.00
20,14,105IIFL29,N7,19,15,78.95
20,15,1060ECL29,NS,30,30,100.00
20,16,1065NFL27,NC,28,28,100.00
20,17,1075NFL25,N6,321,321,100.00
20,18,10CAGL27,N5,100,100,100.00
20,19,10IIFL28,N4,231,231,100.00
20,20,10IIFL28A,NE,1510,1010,66.89
20,21,10IIFL29,N6,31,30,96.77
20,22,10NFL25,N9,9,9,100.00
20,23,11DLSL25A,Y3,1,1,100.00
20,24,11UCL26,NC,20,20,100.00
20,25,182D140825,TB,100,100,100.00
20,26,182D240425,TB,1000,1000,100.00
20,27,182D290525,TB,10900,10400,95.41
20,28,20MICRONS,EQ,62324,26569,42.63
20,29,360ONE,EQ,3041066,731160,24.04
20,30,364D030725,TB,30000,30000,100.00
20,31,364D050226,TB,100,100,100.00
20,32,364D060325,TB,2000,2000,100.00
20,33,364D150525,TB,4000,4000,100.00
20,34,364D181225,TB,21000,21000,100.00
20,35,364D231025,TB,1100,1000,90.91
20,36,364D271125,TB,500,500,100.00
20,37,3IINFOLTD,EQ,420411,182265,43.35
20,38,3MINDIA,EQ,7783,3820,49.08
20,39,515GS2025,GS,2,0,0.00
20,40,574GS2026,GS,131,115,87.79
20,41,5PAISA,EQ,15033,8154,54.24
20,42,63MOONS,EQ,149000,87471,58.71
20,43,664GS2027,GS,100,100,100.00
20,44,667GS2035,GS,6,6,100.00
20,45,667GS2050,GS,7100,7050,99.30
20,46,675GS2029,GS,200,200,100.00
20,47,676GS2061,GS,36,36,100.00
20,48,679GS2031,GS,100,100,100.00
20,49,679GS2034,GS,200,200,100.00
20,50,679GS2034A,GS,60,60,100.00
20,51,695GS2061,GS,1569,1569,100.00
20,52,699GS2051,GS,12,11,91.67
20,53,702GS2027,GS,15267,15267,100.00
20,54,702GS2031,GS,200,200,100.00
20,55,709GS2054,GS,110,110,100.00
20,56,709GS2074,GS,60,30,50.00
20,57,710GS2029,GS,2882,2693,93.44
20,58,716GS2050,GS,1,1,100.00
20,59,717GS2030,GS,4101,4101,100.00
20,60,718GS2037,GS,500,500,100.00
20,61,71GS2034,GS,1000,1000,100.00
20,62,723GS2039,GS,10000,10000,100.00
20,63,725GS2063,GS,21969,21969,100.00
20,64,726GS2032,GS,38172,36119,94.62
20,65,726GS2033,GS,90,89,98.89
20,66,729NHAI26,NC,18,18,100.00
20,67,732GS2030,GS,4281,4281,100.00
20,68,732IRFC25,NI,824,674,81.80
20,69,733GS2026,GS,501,501,100.00
20,70,734GS2064,GS,3600,3600,100.00
20,71,734IRFC28,N4,1000,1000,100.00
20,72,736GS2052,GS,250,125,50.00
20,73,736PFCL28,N2,100,100,100.00
20,74,737GS2028,GS,4499,2499,55.55
20,75,738GS2027,GS,31170,30060,96.44
20,76,738REC27TF,N2,300,300,100.00
20,77,739NHAI26,N8,41,40,97.56
20,78,73GS2053,GS,2800,2800,100.00
20,79,740IIFCL33,N1,1050,1025,97.62
20,80,743REC35,NH,251,251,100.00
20,81,746GS2073,GS,5441,5291,97.24
20,82,74GS2035,GS,100,100,100.00
20,83,74GS2062,GS,725,725,100.00
20,84,751HUDCO28,N5,26,26,100.00
20,85,753IRFC30,NJ,72,72,100.00
20,86,754GS2036,GS,603172,588861,97.63
20,87,760PFCL35,N3,97,97,100.00
20,88,764HUDCO31,N8,105,105,100.00
20,89,764IRFC31,NO,986,986,100.00
20,90,764NABAR31,N2,90,90,100.00
20,91,769HUDCO31,N9,50,50,100.00
20,92,769NHAI31,NE,1552,1324,85.31
20,93,76NHAI31,NA,2003,2003,100.00
20,94,772GS2049,GS,555,555,100.00
20,95,777PN33,SG,100,100,100.00
20,96,797IGT31,NL,25,25,100.00
20,97,79NHIT35,N1,75,73,97.33
20,98,79NHIT40,N2,500,500,100.00
20,99,79NHIT47,N3,200,200,100.00
20,100,810IRFC27,N2,304,304,100.00
20,101,812REC27,NI,24,22,91.67
20,102,81TCHF28,N8,206,206,100.00
20,103,824GS2027,GS,1501,751,50.03
20,104,826GS2027,GS,45,45,100.00
20,105,828GS2027,GS,150,150,100.00
20,106,828GS2032,GS,6100,6100,100.00
20,107,829PFL29,N6,3,3,100.00
20,108,82HUDCO27,N2,2266,2196,96.91
20,109,82IGT31,NJ,436,427,97.94
20,110,830NHAI27,N2,600,600,100.00
20,111,830PFCL27,N5,90,90,100.00
20,112,835IFL25,NV,110,110,100.00
20,113,842IIFL26,NL,9,9,100.00
20,114,849NTPC25,N7,30006,30004,99.99
20,115,84CIFCL28,NA,50,50,100.00
20,116,84TCHF28,NA,41,41,100.00
20,117,850IIFL27,NA,44,22,50.00
20,118,865IIFL28,NS,5,5,100.00
20,119,865IRFC29,NA,28,28,100.00
20,120,865LTF26,NN,900,900,100.00
20,121,865TCAPS27,N8,103,103,100.00
20,122,871REC28,N9,2340,1890,80.77
20,123,872MMFSL26,N1,61,61,100.00
20,124,875IIFL26A,NQ,1,1,100.00
20,125,875NHAI29,N6,1,1,100.00
20,126,876HUDCO28,ND,245,245,100.00
20,127,87LTF27,NH,27,27,100.00
20,128,880IREDA29,N5,55,55,100.00
20,129,885IHL26,N1,25,20,80.00
20,130,885TCAPS29,NC,1,1,100.00
20,131,886REC34,NG,500,500,100.00
20,132,888IRFC29,NE,210,210,100.00
20,133,888REC29,NF,1,1,100.00
20,134,890NHB34,N7,12,12,100.00
20,135,891IIFCL34,N4,78,76,97.44
20,136,891NTPC33,N6,100,100,100.00
20,137,892NHPC33,N6,218,218,100.00
20,138,892PFCL33,N8,336,220,65.48
20,139,898LTF29,N7,54,54,100.00
20,140,8ABFL26,N0,10,10,100.00
20,141,901HUDCO34,NE,202,151,74.75
20,142,901NHB34,N6,17,17,100.00
20,143,903SFL28,YI,104,104,100.00
20,144,905LTF27,NF,19,19,100.00
20,145,910TCAP28,NA,270,270,100.00
20,146,915SCL26,NE,1,1,100.00
20,147,91D030425,TB,1300,1300,100.00
20,148,91D060325,TB,400,300,75.00
20,149,91D200325,TB,200,200,100.00
20,150,91MOFSL27,N2,484,450,92.98
20,151,920PEL28,N2,100,100,100.00
20,152,921ISFL25,N0,51,51,100.00
20,153,925ERFL28,N6,14,14,100.00
20,154,925IHFL25D,N6,1,1,100.00
20,155,925SCL25C,AR,21,21,100.00
20,156,925SCL26B,YQ,25,25,100.00
20,157,925SCL27,YR,4,4,100.00
20,158,92GS2030,GS,2255,2255,100.00
20,159,935LTF29,N5,22,21,95.45
20,160,935PEL33,N3,295,295,100.00
20,161,93MOFSL34,N6,2,2,100.00
20,162,943ECL28,NJ,31,31,100.00
20,163,945IFSL25,N4,557,557,100.00
20,164,948SCL26,N9,94,94,100.00
20,165,94SCL27,ZG,20,10,50.00
20,166,94SFL28,YL,1115,1115,100.00
20,167,955SCL27,Z5,1,1,100.00
20,168,956AEL29,N6,511,484,94.72
20,169,957ICCL25,YW,55,55,100.00
20,170,957NIDO26,N5,50,50,100.00
20,171,965AEL27,N4,1234,1234,100.00
20,172,96IIFL28,N5,898,898,100.00
20,173,96IIFL28A,NF,1295,1295,100.00
20,174,96SFIL24A,NB,91,91,100.00
20,175,970CAGL28,ND,58,58,100.00
20,176,97SFL29,YZ,481,281,58.42
20,177,985ECL28,NK,50,50,100.00
20,178,985SFIL28,NO,59,50,84.75
20,179,990SCL27,YT,23,23,100.00
20,180,99AEL29,N7,50,50,100.00
20,181,99SCL27V,N1,10,10,100.00
20,182,9MMFSML,N2,597,397,66.50
20,183,9SCL25,YM,100,100,100.00
20,184,9SCL26BA,NA,99,99,100.00
20,185,AAATECH,EQ,16585,8541,51.50
20,186,AADHARHFC,EQ,261078,139959,53.61
20,187,AAKASH,EQ,54677,39810,72.81
20,188,AAREYDRUGS,EQ,28586,10536,36.86
20,189,AARON,EQ,4188,3035,72.47
20,190,AARTIDRUGS,EQ,51389,23948,46.60
20,191,AARTIIND,EQ,941556,326611,34.69
20,192,AARTIPHARM,EQ,511459,182285,35.64
20,193,AARTISURF,EQ,17709,13060,73.75
20,194,AARVI,EQ,5691,2659,46.72
20,195,AATMAJ,SM,18000,16000,88.89
20,196,AAVAS,EQ,59258,38650,65.22
20,197,ABB,EQ,557026,212649,38.18
20,198,ABBOTINDIA,EQ,35520,15824,44.55
20,199,ABCAPITAL,EQ,2597413,957393,36.86
20,200,ABCOTS,ST,20000,16000,80.00
20,201,ABDL,EQ,224057,118713,52.98
20,202,ABFL26,N1,28,28,100.00
20,203,ABFRL,EQ,1169460,445947,38.13
20,204,ABGSEC,EQ,59,32,54.24
20,205,ABHAPOWER,ST,17600,16000,90.91
20,206,ABINFRA,EQ,221561,156699,70.72
20,207,ABMINTLLTD,EQ,488,487,99.80
20,208,ABREL,EQ,191663,122075,63.69
20,209,ABSLAMC,EQ,207065,93381,45.10
20,210,ABSLBANETF,EQ,14450,9875,68.34
20,211,ABSLLIQUID,EQ,13213,10444,79.04
20,212,ABSLNN50ET,EQ,15502,15152,97.74
20,213,ABSLPSE,EQ,153666,79706,51.87
20,214,ABSMARINE,ST,37000,34500,93.24
20,215,ACC,EQ,176866,70665,39.95
20,216,ACCELYA,EQ,4655,2312,49.67
20,217,ACCENTMIC,SM,8000,5500,68.75
20,218,ACCURACY,EQ,75710,46863,61.90
20,219,ACE,EQ,139622,39345,28.18
20,220,ACEINTEG,EQ,1530,607,39.67
20,221,ACI,EQ,1258422,373138,29.65
20,222,ACL,EQ,33826,19153,56.62
20,223,ACLGATI,EQ,239141,127226,53.20
20,224,ACMESOLAR,EQ,552468,304329,55.09
20,225,ADANIENSOL,EQ,1237728,448459,36.23
20,226,ADANIENT,EQ,1032294,301593,29.22
20,227,ADANIGREEN,EQ,3682290,1041047,28.27
20,228,ADANIPORTS,EQ,1669749,669526,40.10
20,229,ADANIPOWER,EQ,1926104,583473,30.29
20,230,ADFFOODS,EQ,84288,30236,35.87
20,231,ADL,EQ,4035,945,23.42
20,232,ADORWELD,EQ,18991,7439,39.17
20,233,ADROITINFO,EQ,32933,25469,77.34
20,234,ADSL,EQ,248690,85685,34.45
20,235,ADVANIHOTR,EQ,45382,21447,47.26
20,236,ADVENZYMES,EQ,556947,302579,54.33
20,237,AEGISLOG,EQ,2958961,317569,10.73
20,238,AEROFLEX,EQ,900244,333653,37.06
20,239,AERON,SM,29000,19000,65.52
20,240,AESTHETIK,SM,2000,2000,100.00
20,241,AETHER,EQ,24287,13502,55.59
20,242,AFCONS,EQ,957020,338751,35.40
20,243,AFFLE,EQ,208209,63104,30.31
20,244,AFFORDABLE,EQ,8647,4727,54.67
20,245,AFIL,EQ,192360,103033,53.56
20,246,AGARIND,EQ,13874,7103,51.20
20,247,AGARWALEYE,EQ,1740787,1309731,75.24
20,248,AGARWALTUF,SM,34800,28800,82.76
20,249,AGI,EQ,279017,107340,38.47
20,250,AGIIL,EQ,7180,4673,65.08
20,251,AGNI,ST,20000,17500,87.50
20,252,AGRITECH,EQ,5035,2651,52.65
20,253,AGROPHOS,EQ,16567,6923,41.79
20,254,AHIMSA,ST,3000,3000,100.00
20,255,AHLADA,EQ,35307,25220,71.43
20,256,AHLEAST,EQ,3376,1598,47.33
20,257,AHLUCONT,EQ,195634,102664,52.48
20,258,AIAENG,EQ,36105,22456,62.20
20,259,AIIL,EQ,61408,33072,53.86
20,260,AILIMITED,SM,7500,6000,80.00
20,261,AIMTRON,SM,20000,14000,70.00
20,262,AIRAN,EQ,110737,61385,55.43
20,263,AIROLAM,EQ,10745,7552,70.28
20,264,AIRTELPP,E1,245071,185135,75.54
20,265,AISL,SM,2400,1200,50.00
20,266,AJANTPHARM,EQ,119607,24300,20.32
20,267,AJAXENGG,EQ,767309,451906,58.89
20,268,AJMERA,EQ,43388,12338,28.44
20,269,AJOONI,EQ,256580,164066,63.94
20,270,AKANKSHA,SM,87000,80000,91.95
20,271,AKASH,EQ,5683,2648,46.60
20,272,AKG,EQ,11695,8633,73.82
20,273,AKIKO,SM,20800,11200,53.85
20,274,AKSHARCHEM,EQ,4799,3835,79.91
20,275,AKUMS,EQ,202707,122687,60.52
20,276,AKZOINDIA,EQ,11654,6111,52.44
20,277,ALANKIT,EQ,304277,154451,50.76
20,278,ALBERTDAVD,EQ,7770,4883,62.84
20,279,ALEMBICLTD,EQ,198602,96575,48.63
20,280,ALICON,EQ,29407,18322,62.30
20,281,ALIVUS,EQ,178994,95525,53.37
20,282,ALKALI,EQ,7110,3377,47.50
20,283,ALKEM,EQ,97095,46719,48.12
20,284,ALKYLAMINE,EQ,57525,24225,42.11
20,285,ALLCARGO,EQ,2887893,897683,31.08
20,286,ALLDIGI,EQ,28928,23570,81.48
20,287,ALLETEC,SM,17600,12400,70.45
20,288,ALMONDZ,EQ,423274,318523,75.25
20,289,ALOKINDS,EQ,2620172,1107519,42.27
20,290,ALPA,EQ,27488,19049,69.30
20,291,ALPEXSOLAR,SM,31000,18000,58.06
20,292,ALPHA,EQ,2162005,1355221,62.68
20,293,ALPHAETF,EQ,775041,562118,72.53
20,294,ALPL30IETF,EQ,1072236,856488,79.88
20,295,ALUWIND,SM,6000,4500,75.00
20,296,AMBANIORGO,ST,2000,2000,100.00
20,297,AMBER,EQ,534229,67320,12.60
20,298,AMBEY,SM,14000,12000,85.71
20,299,AMBICAAGAR,EQ,36295,3380,9.31
20,300,AMBIKCO,EQ,9971,6230,62.48
20,301,AMBUJACEM,EQ,2118694,1241294,58.59
20,302,AMDIND,EQ,17203,5563,32.34
20,303,AMEYA,SM,8000,6000,75.00
20,304,AMIABLE,SM,3200,1600,50.00
20,305,AMIORG,EQ,434503,124006,28.54
20,306,AMJLAND,EQ,31512,16522,52.43
20,307,AMNPLST,EQ,6603,3724,56.40
20,308,AMRUTANJAN,EQ,25210,15031,59.62
20,309,ANANDRATHI,EQ,436667,286302,65.57
20,310,ANANTRAJ,EQ,1423969,405884,28.50
20,311,ANDHRAPAP,EQ,205631,124589,60.59
20,312,ANDHRSUGAR,EQ,105382,50812,48.22
20,313,ANGELONE,EQ,976008,195292,20.01
20,314,ANIKINDS,EQ,23438,8793,37.52
20,315,ANLON,SM,1600,1600,100.00
20,316,ANMOL,EQ,178474,28387,15.91
20,317,ANNAPURNA,SM,19500,14500,74.36
20,318,ANTGRAPHIC,EQ,407982,252525,61.90
20,319,ANUHPHR,EQ,28539,17882,62.66
20,320,ANUP,EQ,37727,14640,38.81
20,321,ANURAS,EQ,70822,20359,28.75
20,322,ANYA,SM,80000,80000,100.00
20,323,APARINDS,EQ,141914,68662,48.38
20,324,APCL,EQ,16851,10195,60.50
20,325,APCOTEXIND,EQ,15349,8947,58.29
20,326,APEX,EQ,45772,16173,35.33
20,327,APEXECO,SM,20800,11200,53.85
20,328,APLAPOLLO,EQ,440041,228955,52.03
20,329,APLLTD,EQ,65557,25433,38.80
20,330,APOLLO,EQ,7873721,2322756,29.50
20,331,APOLLOHOSP,EQ,458224,358625,78.26
20,332,APOLLOPIPE,EQ,903479,256285,28.37
20,333,APOLLOTYRE,EQ,1539491,742493,48.23
20,334,APOLSINHOT,EQ,1749,1310,74.90
20,335,APRAMEYA,ST,18000,14000,77.78
20,336,APS,SM,42750,23500,54.97
20,337,APTECHT,EQ,303340,160100,52.78
20,338,APTUS,EQ,287164,183702,63.97
20,339,ARABIAN,SM,2000,2000,100.00
20,340,ARCHIDPLY,EQ,6598,3226,48.89
20,341,ARCHIES,EQ,150112,60532,40.32
20,342,ARE&M,EQ,582960,132139,22.67
20,343,ARHAM,SM,14000,13000,92.86
20,344,ARIHANTACA,SM,800,800,100.00
20,345,ARIHANTCAP,EQ,101781,35977,35.35
20,346,ARIHANTSUP,EQ,10232,3847,37.60
20,347,ARISTO,SM,1600,1600,100.00
20,348,ARKADE,EQ,331189,114820,34.67
20,349,ARMANFIN,EQ,12073,6437,53.32
20,350,AROGRANITE,EQ,9495,8154,85.88
20,351,ARTEMISMED,EQ,45652,22349,48.96
20,352,ARVEE,EQ,108,73,67.59
20,353,ARVIND,EQ,428181,176022,41.11
20,354,ARVINDFASN,EQ,170152,85811,50.43
20,355,ARVINDPORT,ST,63000,61500,97.62
20,356,ARVSMART,EQ,137040,57296,41.81
20,357,ASAHIINDIA,EQ,393251,79876,20.31
20,358,ASAHISONG,EQ,4837,3304,68.31
20,359,ASAL,EQ,59222,15551,26.26
20,360,ASALCBR,EQ,61935,26944,43.50
20,361,ASHALOG,SM,13000,10000,76.92
20,362,ASHAPURMIN,EQ,263894,144930,54.92
20,363,ASHIANA,EQ,66891,37871,56.62
20,364,ASHIMASYN,EQ,247140,101233,40.96
20,365,ASHOKA,EQ,2077377,744234,35.83
20,366,ASHOKAMET,EQ,88247,54883,62.19
20,367,ASHOKLEY,EQ,6331346,2838987,44.84
20,368,ASIANENE,EQ,508103,164253,32.33
20,369,ASIANPAINT,EQ,765060,476772,62.32
20,370,ASIANTILES,EQ,433812,295479,68.11
20,371,ASKAUTOLTD,EQ,99531,59227,59.51
20,372,ASMS,EQ,386238,150932,39.08
20,373,ASPINWALL,EQ,4515,2135,47.29
20,374,ASPIRE,ST,18000,12000,66.67
20,375,ASTEC,EQ,18219,8568,47.03
20,376,ASTERDM,EQ,737259,419090,56.84
20,377,ASTRAL,EQ,775950,369865,47.67
20,378,ASTRAMICRO,EQ,166049,63505,38.24
20,379,ASTRAZEN,EQ,17982,3605,20.05
20,380,ASTRON,EQ,83226,68150,81.89
20,381,ATALREAL,EQ,1326066,705232,53.18
20,382,ATAM,EQ,31385,22074,70.33
20,383,ATFL,EQ,12434,6972,56.07
20,384,ATGL,EQ,437295,105719,24.18
20,385,ATL,EQ,284646,161475,56.73
20,386,ATMASTCO,ST,46000,42800,93.04
20,387,ATUL,EQ,98877,47991,48.54
20,388,ATULAUTO,EQ,37588,12808,34.07
20,389,AUBANK,EQ,1090810,330918,30.34
20,390,AURDIS,ST,1875,1875,100.00
20,391,AURIONPRO,EQ,56211,32961,58.64
20,392,AUROIMPEX,SM,3200,3200,100.00
20,393,AUROPHARMA,EQ,513334,162283,31.61
20,394,AURUM,EQ,18288,7354,40.21
20,395,AURUMPP1,E1,155,102,65.81
20,396,AUSOMENT,EQ,808,409,50.62
20,397,AUTOAXLES,EQ,2935,1688,57.51
20,398,AUTOBEES,EQ,127789,67734,53.00
20,399,AUTOIETF,EQ,311318,127443,40.94
20,400,AUTOIND,EQ,54904,31707,57.75
20,401,AVADHSUGAR,EQ,30042,13502,44.94
20,402,AVALON,EQ,418068,92357,22.09
20,403,AVANTEL,EQ,805668,234787,29.14
20,404,AVANTIFEED,EQ,692155,145281,20.99
20,405,AVIANSH,ST,6000,6000,100.00
20,406,AVL,EQ,36934,22060,59.73
20,407,AVPINFRA,ST,36000,34400,95.56
20,408,AVROIND,EQ,9213,9213,100.00
20,409,AVTNPL,EQ,60840,26211,43.08
20,410,AWFIS,EQ,74834,39950,53.38
20,411,AWHCL,EQ,35522,17669,49.74
20,412,AWL,EQ,1442637,543444,37.67
20,413,AXISBANK,EQ,4265454,2808172,65.84
20,414,AXISBNKETF,EQ,1092,958,87.73
20,415,AXISBPSETF,EQ,77457,61398,79.27
20,416,AXISCETF,EQ,1028,750,72.96
20,417,AXISGOLD,EQ,604191,512360,84.80
20,418,AXISHCETF,EQ,1006,745,74.06
20,419,AXISILVER,EQ,31433,18427,58.62
20,420,AXISNIFTY,EQ,12192,10579,86.77
20,421,AXISTECETF,EQ,21789,20941,96.11
20,422,AXITA,EQ,755212,317137,41.99
20,423,AXSENSEX,EQ,1649,1527,92.60
20,424,AYMSYNTEX,EQ,32117,20723,64.52
20,425,AZAD,EQ,116631,34848,29.88
20,426,BABAFP,SM,6400,4800,75.00
20,427,BAHETI,SM,17250,7500,43.48
20,428,BAIDFIN,EQ,147168,97560,66.29
20,429,BAJAJ-AUTO,EQ,275998,147800,53.55
20,430,BAJAJCON,EQ,305867,145760,47.65
20,431,BAJAJELEC,EQ,86075,25907,30.10
20,432,BAJAJFINSV,EQ,1076484,521876,48.48
20,433,BAJAJHCARE,EQ,239149,76896,32.15
20,434,BAJAJHFL,EQ,7865405,3143089,39.96
20,435,BAJAJHIND,EQ,6766121,3290434,48.63
20,436,BAJAJHLDNG,EQ,151381,31719,20.95
20,437,BAJEL,EQ,348816,202675,58.10
20,438,BAJFINANCE,EQ,355260,160228,45.10
20,439,BALAJEE,EQ,170173,54323,31.92
20,440,BALAMINES,EQ,38506,17627,45.78
20,441,BALAXI,EQ,11538,6441,55.82
20,442,BALKRISHNA,EQ,19040,11597,60.91
20,443,BALKRISIND,EQ,97190,45726,47.05
20,444,BALMLAWRIE,EQ,790495,306051,38.72
20,445,BALPHARMA,EQ,15474,6909,44.65
20,446,BALRAMCHIN,EQ,269567,85588,31.75
20,447,BALUFORGE,EQ,446435,130985,29.34
20,448,BANARISUG,EQ,639,456,71.36
20,449,BANCOINDIA,EQ,145954,76832,52.64
20,450,BANDHANBNK,EQ,7809087,2995479,38.36
20,451,BANKA,EQ,11283,3445,30.53
20,452,BANKBARODA,EQ,4609750,1937937,42.04
20,453,BANKBEES,EQ,925468,461438,49.86
20,454,BANKBETF,EQ,21285,18984,89.19
20,455,BANKETF,EQ,3444,3032,88.04
20,456,BANKETFADD,EQ,4280,3223,75.30
20,457,BANKIETF,EQ,99286,47303,47.64
20,458,BANKINDIA,EQ,6007057,1914947,31.88
20,459,BANKNIFTY1,EQ,112712,104057,92.32
20,460,BANKPSU,EQ,16976,14884,87.68
20,461,BANSALWIRE,EQ,45358,23014,50.74
20,462,BANSWRAS,EQ,41844,35931,85.87
20,463,BARBEQUE,EQ,121416,48425,39.88
20,464,BARFLEX,SM,24000,18000,75.00
20,465,BASF,EQ,23177,6105,26.34
20,466,BASILIC,ST,100800,99600,98.81
20,467,BASML,EQ,59457,39512,66.45
20,468,BATAINDIA,EQ,533086,122570,22.99
20,469,BAWEJA,SM,1600,1600,100.00
20,470,BAYERCROP,EQ,15832,6364,40.20
20,471,BBETF0432,EQ,844,725,85.90
20,472,BBL,EQ,46876,20303,43.31
20,473,BBNPNBETF,EQ,4375,4080,93.26
20,474,BBNPPGOLD,EQ,1957,1276,65.20
20,475,BBOX,EQ,256833,131645,51.26
20,476,BBTC,EQ,93443,20731,22.19
20,477,BBTCL,EQ,3016,900,29.84
20,478,BCLIND,EQ,671277,325917,48.55
20,479,BCONCEPTS,EQ,72734,19240,26.45
20,480,BDL,EQ,1051806,211475,20.11
20,481,BEACON,SM,17000,11000,64.71
20,482,BEARDSELL,EQ,20210,8680,42.95
20,483,BECTORFOOD,EQ,63933,29367,45.93
20,484,BEDMUTHA,EQ,11634,7656,65.81
20,485,BEL,EQ,15409569,5254268,34.10
20,486,BEML,EQ,324629,74457,22.94
20,487,BEPL,EQ,516081,243254,47.13
20,488,BERGEPAINT,EQ,1194522,326949,27.37
20,489,BETA,SM,4500,2800,62.22
20,490,BEWLTD,ST,15500,15000,96.77
20,491,BFINVEST,EQ,17763,8221,46.28
20,492,BFSI,EQ,163224,147806,90.55
20,493,BFUTILITIE,EQ,29636,16160,54.53
20,494,BHAGCHEM,EQ,51911,26580,51.20
20,495,BHAGERIA,EQ,31074,24241,78.01
20,496,BHAGYANGR,EQ,23130,15974,69.06
20,497,BHANDARI,EQ,330478,209817,63.49
20,498,BHARATFORG,EQ,486862,223518,45.91
20,499,BHARATGEAR,EQ,49191,23602,47.98
20,500,BHARATRAS,EQ,1938,969,50.00
20,501,BHARATWIRE,EQ,151354,63997,42.28
20,502,BHARTIARTL,EQ,4673190,3097117,66.27
20,503,BHARTIHEXA,EQ,449755,271340,60.33
20,504,BHEL,EQ,10830137,3869424,35.73
20,505,BIGBLOC,EQ,241524,84042,34.80
20,506,BIKAJI,EQ,516419,138925,26.90
20,507,BIKEWO,ST,12000,8000,66.67
20,508,BINANIIND,EQ,16167,6023,37.25
20,509,BIOCON,EQ,2522998,588072,23.31
20,510,BIOFILCHEM,EQ,11492,5813,50.58
20,511,BIRDYS,SM,3600,3600,100.00
20,512,BIRET,RR,430593,338429,78.60
20,513,BIRLACABLE,EQ,20442,9962,48.73
20,514,BIRLACORPN,EQ,63621,34406,54.08
20,515,BLACKBUCK,EQ,113032,77133,68.24
20,516,BLAL,EQ,62713,24759,39.48
20,517,BLBLIMITED,EQ,140420,34209,24.36
20,518,BLISSGVS,EQ,588649,144418,24.53
20,519,BLKASHYAP,EQ,324512,168934,52.06
20,520,BLS,EQ,1489154,442948,29.74
20,521,BLSE,EQ,73555,26440,35.95
20,522,BLUEDART,EQ,3461,1547,44.70
20,523,BLUEJET,EQ,336070,210932,62.76
20,524,BLUEPEBBLE,SM,5600,4800,85.71
20,525,BLUESTARCO,EQ,237480,96643,40.70
20,526,BMETRICS,SM,3200,3200,100.00
20,527,BODALCHEM,EQ,263825,174275,66.06
20,528,BOMDYEING,EQ,813441,285077,35.05
20,529,BOROLTD,EQ,168430,89211,52.97
20,530,BOROSCI,EQ,42858,25573,59.67
20,531,BOSCHLTD,EQ,26865,15887,59.14
20,532,BOSS,ST,2000,2000,100.00
20,533,BPCL,EQ,6773845,3661736,54.06
20,534,BPL,EQ,86046,41122,47.79
20,535,BRACEPORT,ST,4800,4800,100.00
20,536,BRIGADE,EQ,150450,70860,47.10
20,537,BRIGHT,SZ,81000,81000,100.00
20,538,BRITANNIA,EQ,259886,151577,58.32
20,539,BRNL,EQ,161168,86707,53.80
20,540,BROOKS,EQ,16373,10532,64.33
20,541,BSE,EQ,1487461,268143,18.03
20,542,BSE500IETF,EQ,216476,141976,65.59
20,543,BSHSL,EQ,27348,15632,57.16
20,544,BSLGOLDETF,EQ,719635,693092,96.31
20,545,BSLNIFTY,EQ,420538,352450,83.81
20,546,BSLSENETFG,EQ,2536,2193,86.47
20,547,BSOFT,EQ,1080053,376699,34.88
20,548,BUTTERFLY,EQ,3827,2043,53.38
20,549,BVCL,EQ,10616,6768,63.75
20,550,C2C,ST,3600,3600,100.00
20,551,CADSYS,ST,500,500,100.00
20,552,CAMLINFINE,EQ,3129983,1082696,34.59
20,553,CAMPUS,EQ,982791,234354,23.85
20,554,CAMS,EQ,364315,137411,37.72
20,555,CANARYS,SM,72000,64000,88.89
20,556,CANBK,EQ,11551998,3185500,27.58
20,557,CANFINHOME,EQ,593713,337513,56.85
20,558,CANTABIL,EQ,179877,68218,37.92
20,559,CAPACITE,EQ,1087188,542792,49.93
20,560,CAPINVIT,IV,91280,83335,91.30
20,561,CAPITALSFB,EQ,27493,17972,65.37
20,562,CAPLIPOINT,EQ,77830,32941,42.32
20,563,CAPTRUST,EQ,19854,5782,29.12
20,564,CARBORUNIV,EQ,203372,106802,52.52
20,565,CAREERP,EQ,5953,3896,65.45
20,566,CARERATING,EQ,28099,17013,60.55
20,567,CARRARO,EQ,60898,32053,52.63
20,568,CARTRADE,EQ,441166,165986,37.62
20,569,CARYSIL,EQ,53836,33590,62.39
20,570,CASTROLIND,EQ,2951632,1022122,34.63
20,571,CBAZAAR,ST,24000,24000,100.00
20,572,CCHHL,EQ,86721,45962,53.00
20,573,CCL,EQ,68539,38278,55.85
20,574,CDSL,EQ,3379288,948770,28.08
20,575,CEATLTD,EQ,42628,12917,30.30
20,576,CEIGALL,EQ,76306,39135,51.29
20,577,CELEBRITY,EQ,73551,59774,81.27
20,578,CELLECOR,SM,183000,126000,68.85
20,579,CELLO,EQ,192682,101910,52.89
20,580,CELLPOINT,SM,16800,16800,100.00
20,581,CENTENKA,EQ,151136,42344,28.02
20,582,CENTEXT,EQ,84626,44680,52.80
20,583,CENTRALBK,EQ,2335881,632808,27.09
20,584,CENTRUM,EQ,163153,76186,46.70
20,585,CENTUM,EQ,5604,2912,51.96
20,586,CENTURYPLY,EQ,2999077,319698,10.66
20,587,CERA,EQ,81577,46235,56.68
20,588,CESC,EQ,2744331,867915,31.63
20,589,CEWATER,EQ,190015,117655,61.92
20,590,CGCL,EQ,312404,50022,16.01
20,591,CGPOWER,EQ,3126346,984089,31.48
20,592,CGRAPHICS,SM,1600,800,50.00
20,593,CHALET,EQ,541302,439273,81.15
20,594,CHAMBLFERT,EQ,1260392,295250,23.43
20,595,CHAMUNDA,ST,60000,60000,100.00
20,596,CHANDAN,ST,56800,56800,100.00
20,597,CHAVDA,SM,28000,18000,64.29
20,598,CHEMBOND,EQ,17717,14628,82.56
20,599,CHEMCON,EQ,19404,10954,56.45
20,600,CHEMFAB,EQ,7479,5011,67.00
20,601,CHEMPLASTS,EQ,44724,21881,48.92
20,602,CHENNPETRO,EQ,318623,106840,33.53
20,603,CHETANA,SM,40000,19200,48.00
20,604,CHEVIOT,EQ,1263,668,52.89
20,605,CHOICEIN,EQ,195931,65106,33.23
20,606,CHOLAFIN,EQ,933976,349925,37.47
20,607,CHOLAHLDNG,EQ,72807,29965,41.16
20,608,CIEINDIA,EQ,157623,64814,41.12
20,609,CIFCZC28,NH,10,10,100.00
20,610,CIGNITITEC,EQ,129871,60113,46.29
20,611,CINEVISTA,EQ,65051,22783,35.02
20,612,CIPLA,EQ,1403090,831358,59.25
20,613,CLEAN,EQ,50984,24504,48.06
20,614,CLEDUCATE,EQ,121228,68465,56.48
20,615,CLSEL,EQ,46682,13601,29.14
20,616,CLSL,SM,6000,6000,100.00
20,617,CMNL,SM,24000,18000,75.00
20,618,CMSINFO,EQ,241600,113775,47.09
20,619,COALINDIA,EQ,4533486,2191802,48.35
20,620,COASTCORP,EQ,6409,3266,50.96
20,621,COCHINSHIP,EQ,809959,145078,17.91
20,622,COFORGE,EQ,650693,234299,36.01
20,623,COLPAL,EQ,443566,291587,65.74
20,624,COMMOIETF,EQ,67898,38783,57.12
20,625,COMPUSOFT,EQ,34674,16807,48.47
20,626,CONCOR,EQ,698662,290680,41.61
20,627,CONCORDBIO,EQ,135314,51513,38.07
20,628,CONFIPET,EQ,457036,300415,65.73
20,629,CONS,EQ,1389,1039,74.80
20,630,CONSOFINVT,EQ,4064,2481,61.05
20,631,CONSUMBEES,EQ,82698,53445,64.63
20,632,CONSUMER,EQ,165091,159175,96.42
20,633,CONSUMIETF,EQ,33865,24210,71.49
20,634,CONTROLPR,EQ,12962,9678,74.66
20,635,COOLCAPS,ST,13750,13750,100.00
20,636,CORALFINAC,EQ,16032,10058,62.74
20,637,CORDSCABLE,EQ,26286,11986,45.60
20,638,COROMANDEL,EQ,341304,189838,55.62
20,639,COSMOFIRST,EQ,89591,49098,54.80
20,640,COUNCODOS,EQ,53915,27780,51.53
20,641,CPS,ST,4800,3000,62.50
20,642,CPSEETF,EQ,1097038,501723,45.73
20,643,CRAFTSMAN,EQ,32867,17638,53.66
20,644,CRAYONS,SM,26000,17000,65.38
20,645,CREATIVE,EQ,12460,8507,68.27
20,646,CREATIVEYE,EQ,53353,30977,58.06
20,647,CREDITACC,EQ,1037623,543083,52.34
20,648,CREST,EQ,14520,10660,73.42
20,649,CRISIL,EQ,28137,13881,49.33
20,650,CROMPTON,EQ,2178771,1280477,58.77
20,651,CROWN,EQ,14479,7616,52.60
20,652,CSBBANK,EQ,105372,53245,50.53
20,653,CSLFINANCE,EQ,16596,9286,55.95
20,654,CTE,EQ,54845,45774,83.46
20,655,CUB,EQ,4479012,2729154,60.93
20,656,CUBEINVIT,IV,75000,75000,100.00
20,657,CUMMINSIND,EQ,305219,163987,53.73
20,658,CUPID,EQ,485119,155980,32.15
20,659,CYBERMEDIA,EQ,43814,19316,44.09
20,660,CYBERTECH,EQ,60123,22035,36.65
20,661,CYIENT,EQ,759726,272230,35.83
20,662,CYIENTDLM,EQ,196278,69057,35.18
20,663,DABUR,EQ,736767,369306,50.13
20,664,DALBHARAT,EQ,110347,55015,49.86
20,665,DALMIASUG,EQ,43038,16709,38.82
20,666,DAMCAPITAL,EQ,904351,282453,31.23
20,667,DAMODARIND,EQ,6053,2518,41.60
20,668,DANGEE,EQ,112641,72560,64.42
20,669,DANISH,SM,74400,38700,52.02
20,670,DATAMATICS,EQ,48098,20909,43.47
20,671,DATAPATTNS,EQ,4145046,152379,3.68
20,672,DAVANGERE,EQ,1183244,531325,44.90
20,673,DBCORP,EQ,273815,156835,57.28
20,674,DBEIL,EQ,53518,21289,39.78
20,675,DBL,EQ,83471,29933,35.86
20,676,DBOL,EQ,191218,113645,59.43
20,677,DBREALTY,EQ,2219886,1127478,50.79
20,678,DBSTOCKBRO,EQ,83149,78849,94.83
20,679,DCAL,EQ,170040,75362,44.32
20,680,DCBBANK,EQ,1104555,575869,52.14
20,681,DCG,SM,26400,16800,63.64
20,682,DCI,EQ,17783,7611,42.80
20,683,DCM,EQ,9337,4549,48.72
20,684,DCMFINSERV,EQ,7179,3705,51.61
20,685,DCMNVL,EQ,2404,1329,55.28
20,686,DCMSHRIRAM,EQ,77854,24463,31.42
20,687,DCMSRIND,EQ,55104,34309,62.26
20,688,DCW,EQ,609306,246573,40.47
20,689,DCXINDIA,EQ,380406,155863,40.97
20,690,DDEVPLSTIK,EQ,77126,42804,55.50
20,691,DECCANCE,EQ,437092,89058,20.38
20,692,DECCANTRAN,SM,102000,99600,97.65
20,693,DEEDEV,EQ,288844,163111,56.47
20,694,DEEM,SM,7000,7000,100.00
20,695,DEEPAKFERT,EQ,396796,176441,44.47
20,696,DEEPAKNTR,EQ,263976,77995,29.55
20,697,DEEPINDS,EQ,202971,83603,41.19
20,698,DELAPLEX,SM,6000,6000,100.00
20,699,DELHIVERY,EQ,2205599,1417459,64.27
20,700,DELTACORP,EQ,1165786,395175,33.90
20,701,DELTIC,ST,16000,15000,93.75
20,702,DEN,EQ,472355,230596,48.82
20,703,DENEERS,SM,4800,3600,75.00
20,704,DENORA,EQ,6217,3055,49.14
20,705,DENTA,EQ,969479,171128,17.65
20,706,DENTALKART,SM,15250,11000,72.13
20,707,DESTINY,ST,6000,6000,100.00
20,708,DEVIT,EQ,125070,22319,17.85
20,709,DEVYANI,EQ,2248726,508874,22.63
20,710,DHAMPURSUG,EQ,192061,93899,48.89
20,711,DHANI,EQ,2558082,1124638,43.96
20,712,DHANLAXMI,ST,46000,46000,100.00
20,713,DHANUKA,EQ,39648,17715,44.68
20,714,DHARIWAL,SM,1200,1200,100.00
20,715,DHARMAJ,EQ,49613,14420,29.06
20,716,DHTL,SM,3200,3200,100.00
20,717,DHUNINV,EQ,489,330,67.48
20,718,DIAMINESQ,EQ,10666,5457,51.16
20,719,DIAMONDYD,EQ,41387,22207,53.66
20,720,DICIND,EQ,86740,25830,29.78
20,721,DIGIDRIVE,EQ,31739,12857,40.51
20,722,DIGIKORE,ST,22200,22000,99.10
20,723,DIGISPICE,EQ,66836,36523,54.65
20,724,DISHTV,EQ,20412400,12375165,60.63
20,725,DIVGIITTS,EQ,4059,2618,64.50
20,726,DIVISLAB,EQ,306309,209776,68.49
20,727,DIVOPPBEES,EQ,47815,33863,70.82
20,728,DIXON,EQ,256048,108754,42.47
20,729,DLF,EQ,2459765,1099935,44.72
20,730,DLINKINDIA,EQ,79670,36350,45.63
20,731,DMART,EQ,370764,246737,66.55
20,732,DNAMEDIA,EQ,125316,68482,54.65
20,733,DODLA,EQ,24474,9001,36.78
20,734,DOLATALGO,EQ,181634,90757,49.97
20,735,DOLLAR,EQ,144734,92008,63.57
20,736,DOMS,EQ,183763,66591,36.24
20,737,DONEAR,EQ,49883,21048,42.19
20,738,DPABHUSHAN,EQ,13116,5635,42.96
20,739,DPEL,ST,22500,22500,100.00
20,740,DPSCLTD,EQ,80823,47267,58.48
20,741,DPWIRES,EQ,10695,5506,51.48
20,742,DRCSYSTEMS,EQ,89691,35583,39.67
20,743,DREAMFOLKS,EQ,207099,104209,50.32
20,744,DREDGECORP,EQ,25515,12258,48.04
20,745,DRONE,ST,48500,41500,85.57
20,746,DRREDDY,EQ,2017521,901138,44.67
20,747,DSSL,EQ,31780,11927,37.53
20,748,DTIL,EQ,2354,1783,75.74
20,749,DTL,SM,1200,1200,100.00
20,750,DUCOL,SM,3200,3200,100.00
20,751,DUCON,EQ,239189,122948,51.40
20,752,DUGLOBAL,SM,20000,17500,87.50
20,753,DURLAX,SM,20000,20000,100.00
20,754,DVL,EQ,23675,14432,60.96
20,755,DWARKESH,EQ,408182,186286,45.64
20,756,DYCL,EQ,42510,25100,59.04
20,757,DYNAMATECH,EQ,3950,1238,31.34
20,758,DYNAMIC,ST,12500,11500,92.00
20,759,DYNPRO,EQ,24558,19224,78.28
20,760,E2E,EQ,188175,56086,29.81
20,761,EASEMYTRIP,EQ,14041813,6398034,45.56
20,762,EBANKNIFTY,EQ,972,521,53.60
20,763,EBBETF0425,EQ,29946,29897,99.84
20,764,EBBETF0430,EQ,5137,3807,74.11
20,765,EBBETF0431,EQ,4573,4282,93.64
20,766,EBBETF0433,EQ,2384,2227,93.41
20,767,ECAPINSURE,EQ,8813,7063,80.14
20,768,ECLERX,EQ,52310,34094,65.18
20,769,ECOSMOBLTY,EQ,284995,108372,38.03
20,770,EDELWEISS,EQ,1985209,1093052,55.06
20,771,EFACTOR,SM,5600,5600,100.00
20,772,EFFWA,SM,69200,60800,87.86
20,773,EFORCE,SM,25200,19200,76.19
20,774,EGOLD,EQ,140441,117594,83.73
20,775,EICHERMOT,EQ,410180,181644,44.28
20,776,EIDPARRY,EQ,308673,152300,49.34
20,777,EIEL,EQ,1865866,439781,23.57
20,778,EIFFL,EQ,44136,19273,43.67
20,779,EIHAHOTELS,EQ,19342,8055,41.65
20,780,EIHOTEL,EQ,372319,203410,54.63
20,781,EIMCOELECO,EQ,3732,1743,46.70
20,782,EKC,EQ,278332,88259,31.71
20,783,ELDEHSG,EQ,407,275,67.57
20,784,ELECON,EQ,228419,104181,45.61
20,785,ELECTCAST,EQ,2038225,813811,39.93
20,786,ELGIEQUIP,EQ,111971,48049,42.91
20,787,ELGNZ,ST,87000,83000,95.40
20,788,ELIN,EQ,106445,45594,42.83
20,789,EMAIN,SM,195000,144000,73.85
20,790,EMAMILTD,EQ,241107,90987,37.74
20,791,EMAMIPAP,EQ,41450,17471,42.15
20,792,EMBASSY,RR,751916,648594,86.26
20,793,EMBDL,EQ,3739297,1066924,28.53
20,794,EMCURE,EQ,172838,130339,75.41
20,795,EMIL,EQ,195298,76653,39.25
20,796,EMKAYTOOLS,SM,750,750,100.00
20,797,EMMBI,EQ,16084,8561,53.23
20,798,EMMIL,ST,750,750,100.00
20,799,EMSLIMITED,EQ,253529,84023,33.14
20,800,EMUDHRA,EQ,240481,42657,17.74
20,801,EMULTIMQ,EQ,50104,46106,92.02
20,802,ENDURANCE,EQ,22229,12320,55.42
20,803,ENFUSE,ST,600,600,100.00
20,804,ENGINERSIN,EQ,1538490,400975,26.06
20,805,ENIL,EQ,9337,5914,63.34
20,806,ENSER,ST,60000,60000,100.00
20,807,ENTERO,EQ,33375,19011,56.96
20,808,ENVIRO,SM,6000,4000,66.67
20,809,EPACK,EQ,548053,265975,48.53
20,810,EPIGRAL,EQ,27501,10909,39.67
20,811,EPL,EQ,1615677,740429,45.83
20,812,EQUAL50ADD,EQ,4168,3636,87.24
20,813,EQUITASBNK,EQ,1322464,546660,41.34
20,814,ERIS,EQ,31788,13946,43.87
20,815,ESABINDIA,EQ,4666,2799,59.99
20,816,ESAFSFB,EQ,475023,175008,36.84
20,817,ESCONET,ST,4400,4400,100.00
20,818,ESCORTS,EQ,253894,162465,63.99
20,819,ESFL,SM,37800,20160,53.33
20,820,ESG,EQ,4412,2761,62.58
20,821,ESILVER,EQ,55775,55629,99.74
20,822,ESPRIT,ST,20800,12800,61.54
20,823,ESSENTIA,EQ,1566474,914909,58.41
20,824,ESTER,EQ,195002,101137,51.86
20,825,ETHOSLTD,EQ,23832,10869,45.61
20,826,ETML,SM,20400,16800,82.35
20,827,EUREKAFORB,EQ,446807,334436,74.85
20,828,EUROBOND,SM,11000,10000,90.91
20,829,EVEREADY,EQ,233454,84054,36.00
20,830,EVINDIA,EQ,265559,194442,73.22
20,831,EXCELINDUS,EQ,8849,5508,62.24
20,832,EXCELLENT,SM,4800,4800,100.00
20,833,EXICOM,EQ,220423,113403,51.45
20,834,EXIDEIND,EQ,1631111,599279,36.74
20,835,EXPLEOSOL,EQ,7290,4941,67.78
20,836,EXXARO,EQ,426064,297783,69.89
20,837,FACT,EQ,525884,119906,22.80
20,838,FAIRCHEMOR,EQ,11239,5579,49.64
20,839,FALCONTECH,ST,8400,7200,85.71
20,840,FAZE3Q,EQ,7371,5315,72.11
20,841,FCL,EQ,284516,94324,33.15
20,842,FCSSOFT,EQ,7065739,3079496,43.58
20,843,FDC,EQ,80068,49047,61.26
20,844,FEDERALBNK,EQ,13756156,5766692,41.92
20,845,FEDFINA,EQ,171270,81785,47.75
20,846,FELIX,SM,32500,25500,78.46
20,847,FIBERWEB,EQ,84584,44722,52.87
20,848,FICRF3GP,MF,50,50,100.00
20,849,FIDEL,ST,8000,6000,75.00
20,850,FIEMIND,EQ,28709,16952,59.05
20,851,FILATEX,EQ,586409,247850,42.27
20,852,FINCABLES,EQ,128056,34375,26.84
20,853,FINEORG,EQ,48175,29790,61.84
20,854,FINIETF,EQ,167966,108180,64.41
20,855,FINOPB,EQ,140050,86671,61.89
20,856,FINPIPE,EQ,325190,155036,47.68
20,857,FIRSTCRY,EQ,464967,267727,57.58
20,858,FIVESTAR,EQ,578233,122025,21.10
20,859,FLAIR,EQ,50797,28478,56.06
20,860,FLUOROCHEM,EQ,105048,57638,54.87
20,861,FMCGIETF,EQ,689826,363459,52.69
20,862,FMGOETZE,EQ,49934,33365,66.82
20,863,FOCUS,EQ,187640,94915,50.58
20,864,FONEBOX,SM,7000,6000,85.71
20,865,FOODSIN,EQ,102214,79869,78.14
20,866,FORCAS,ST,3200,3200,100.00
20,867,FORCEMOT,EQ,39417,20292,51.48
20,868,FORGEAUTO,SM,28800,26400,91.67
20,869,FORTIS,EQ,870481,437876,50.30
20,870,FOSECOIND,EQ,508,361,71.06
20,871,FRESHARA,ST,30000,30000,100.00
20,872,FROG,SM,48000,31200,65.00
20,873,FSL,EQ,1305661,276777,21.20
20,874,FUSION,EQ,123579,71207,57.62
20,875,GABRIEL,EQ,213848,79635,37.24
20,876,GAEL,EQ,332277,141593,42.61
20,877,GAIL,EQ,7411226,3217107,43.41
20,878,GAJANAND,ST,18000,18000,100.00
20,879,GALAPREC,EQ,52712,20018,37.98
20,880,GALAXYSURF,EQ,6415,3674,57.27
20,881,GALLANTT,EQ,23234,13254,57.05
20,882,GANDHAR,EQ,549896,469520,85.38
20,883,GANDHITUBE,EQ,2090,1086,51.96
20,884,GANECOS,EQ,103138,54229,52.58
20,885,GANESHBE,EQ,147908,87968,59.47
20,886,GANESHHOUC,EQ,88027,37607,42.72
20,887,GANESHIN,SM,80000,72000,90.00
20,888,GANGAFORGE,EQ,248947,156025,62.67
20,889,GANGESSECU,EQ,12552,10368,82.60
20,890,GARFIBRES,EQ,51897,31501,60.70
20,891,GARUDA,EQ,646618,152272,23.55
20,892,GATEWAY,EQ,1276615,688610,53.94
20,893,GEECEE,EQ,3856,2224,57.68
20,894,GEEKAYWIRE,EQ,64984,28785,44.30
20,895,GENCON,EQ,349274,113497,32.50
20,896,GENESYS,EQ,178322,73916,41.45
20,897,GENSOL,EQ,94410,50947,53.96
20,898,GENUSPAPER,EQ,113298,48266,42.60
20,899,GENUSPOWER,EQ,388802,168024,43.22
20,900,GEOJITFSL,EQ,253116,104935,41.46
20,901,GEPIL,EQ,147144,46433,31.56
20,902,GESHIP,EQ,308873,152942,49.52
20,903,GFLLIMITED,EQ,38137,28086,73.65
20,904,GGBL,ST,11100,10200,91.89
20,905,GHCL,EQ,263320,113230,43.00
20,906,GHCLTEXTIL,EQ,162285,80237,49.44
20,907,GICHSGFIN,EQ,71240,32916,46.20
20,908,GICRE,EQ,461802,113925,24.67
20,909,GILLETTE,EQ,525425,31032,5.91
20,910,GILT5YBEES,EQ,919706,906118,98.52
20,911,GINNIFILA,EQ,29425,23232,78.95
20,912,GIPCL,EQ,162349,79194,48.78
20,913,GLAND,EQ,347761,118368,34.04
20,914,GLAXO,EQ,1265790,156305,12.35
20,915,GLENMARK,EQ,912838,306309,33.56
20,916,GLOBAL,EQ,35689,19469,54.55
20,917,GLOBALPET,SM,1500,1500,100.00
20,918,GLOBE,EQ,5462246,4131993,75.65
20,919,GLOBUSSPR,EQ,77970,31333,40.19
20,920,GLOSTERLTD,EQ,671,520,77.50
20,921,GMBREW,EQ,16533,9195,55.62
20,922,GMDCLTD,EQ,508314,187303,36.85
20,923,GMMPFAUDLR,EQ,29866,15568,52.13
20,924,GMRAIRPORT,EQ,11087449,5922637,53.42
20,925,GMRP&UI,EQ,3509387,2655197,75.66
20,926,GNA,EQ,743830,45936,6.18
20,927,GNFC,EQ,324612,135427,41.72
20,928,GOACARBON,EQ,24345,10716,44.02
20,929,GOCLCORP,EQ,63503,34148,53.77
20,930,GOCOLORS,EQ,74186,42693,57.55
20,931,GODFRYPHLP,EQ,1388236,95884,6.91
20,932,GODIGIT,EQ,536349,125028,23.31
20,933,GODREJAGRO,EQ,254093,79494,31.29
20,934,GODREJCP,EQ,1464427,1151732,78.65
20,935,GODREJIND,EQ,2728331,355440,13.03
20,936,GODREJPROP,EQ,866997,298902,34.48
20,937,GOKEX,EQ,366347,180043,49.15
20,938,GOKUL,EQ,23986,9932,41.41
20,939,GOKULAGRO,EQ,58066,27205,46.85
20,940,GOLD1,EQ,2211565,2028217,91.71
20,941,GOLDBEES,EQ,14405974,10429975,72.40
20,942,GOLDCASE,EQ,1419079,1202311,84.72
20,943,GOLDETF,EQ,255397,171678,67.22
20,944,GOLDETFADD,EQ,1847043,1697697,91.91
20,945,GOLDIAM,EQ,1067876,225287,21.10
20,946,GOLDIETF,EQ,1955873,1640940,83.90
20,947,GOLDSHARE,EQ,693429,652955,94.16
20,948,GOLDSTAR,SM,67500,45000,66.67
20,949,GOLDTECH,EQ,137635,59810,43.46
20,950,GOODLUCK,EQ,93524,45225,48.36
20,951,GOPAL,EQ,93376,44145,47.28
20,952,GOYALALUM,EQ,73090,44755,61.23
20,953,GOYALSALT,SM,2400,2400,100.00
20,954,GPECO,ST,28200,25800,91.49
20,955,GPIL,EQ,617572,294578,47.70
20,956,GPPL,EQ,628157,301041,47.92
20,957,GPTHEALTH,EQ,145017,78942,54.44
20,958,GPTINFRA,EQ,58405,30971,53.03
20,959,GRANULES,EQ,1348744,350266,25.97
20,960,GRAPHISAD,SM,24000,24000,100.00
20,961,GRAPHITE,EQ,367460,121013,32.93
20,962,GRASIM,EQ,543080,329376,60.65
20,963,GRAVITA,EQ,252502,90058,35.67
20,964,GRCL,SM,1250,500,40.00
20,965,GREAVESCOT,EQ,2474960,513430,20.74
20,966,GREENCHEF,SM,3200,3200,100.00
20,967,GREENLAM,EQ,33814,14567,43.08
20,968,GREENPANEL,EQ,88079,35778,40.62
20,969,GREENPLY,EQ,46203,22619,48.96
20,970,GREENPOWER,EQ,2612223,962158,36.83
20,971,GRETEX,ST,750,750,100.00
20,972,GRINDWELL,EQ,162796,78671,48.32
20,973,GRINFRA,EQ,43127,19271,44.68
20,974,GRMOVER,EQ,645768,180437,27.94
20,975,GROBTEA,EQ,149,96,64.43
20,976,GROWWDEFNC,EQ,99958,55760,55.78
20,977,GROWWEV,EQ,279306,226331,81.03
20,978,GROWWGOLD,EQ,122126,64111,52.50
20,979,GROWWLIQID,EQ,93325,79337,85.01
20,980,GROWWRAIL,EQ,280179,80854,28.86
20,981,GRPLTD,EQ,1175,940,80.00
20,982,GRSE,EQ,2333905,140075,6.00
20,983,GRWRHITECH,EQ,94745,29392,31.02
20,984,GSEC10ABSL,EQ,112,112,100.00
20,985,GSEC10IETF,EQ,964,542,56.22
20,986,GSEC10YEAR,EQ,12201,1794,14.70
20,987,GSEC5IETF,EQ,321,210,65.42
20,988,GSFC,EQ,770982,324516,42.09
20,989,GSLSU,EQ,110109,39376,35.76
20,990,GSMFOILS,ST,4000,4000,100.00
20,991,GSPL,EQ,950953,483197,50.81
20,992,GSS,EQ,52129,32704,62.74
20,993,GSTL,ST,10000,10000,100.00
20,994,GTL,EQ,332676,162673,48.90
20,995,GTLINFRA,EQ,27382266,13907260,50.79
20,996,GTPL,EQ,13659,6389,46.78
20,997,GUFICBIO,EQ,26603,10921,41.05
20,998,GUJALKALI,EQ,21430,10701,49.93
20,999,GUJAPOLLO,EQ,11427,8203,71.79
20,1000,GUJGASLTD,EQ,498664,133650,26.80
20,1001,GULFOILLUB,EQ,51642,22427,43.43
20,1002,GULFPETRO,EQ,205891,141254,68.61
20,1003,GULPOLY,EQ,188435,75893,40.28
20,1004,GVPTECH,EQ,75914,50234,66.17
20,1005,GVT&D,EQ,300433,203830,67.85
20,1006,HAL,EQ,1026035,287373,28.01
20,1007,HAPPSTMNDS,EQ,3998864,989467,24.74
20,1008,HAPPYFORGE,EQ,24957,12272,49.17
20,1009,HARIOMPIPE,EQ,52490,20449,38.96
20,1010,HARRMALAYA,EQ,24131,18557,76.90
20,1011,HARSHA,EQ,28847,16323,56.58
20,1012,HATHWAY,EQ,1772074,495710,27.97
20,1013,HATSUN,EQ,11364,7022,61.79
20,1014,HAVELLS,EQ,570593,342852,60.09
20,1015,HAVISHA,EQ,43277,38009,87.83
20,1016,HBLENGINE,EQ,946726,271236,28.65
20,1017,HBSL,EQ,3103,2235,72.03
20,1018,HCC,EQ,14850706,4454263,29.99
20,1019,HCG,EQ,1381801,331006,23.95
20,1020,HCL-INSYS,EQ,163865,127622,77.88
20,1021,HCLTECH,EQ,4455420,2820504,63.31
20,1022,HDFCAMC,EQ,220249,110571,50.20
20,1023,HDFCBANK,EQ,10346823,7739708,74.80
20,1024,HDFCBSE500,EQ,24143,14746,61.08
20,1025,HDFCGOLD,EQ,2811807,2269697,80.72
20,1026,HDFCGROWTH,EQ,5142,4061,78.98
20,1027,HDFCLIFE,EQ,983443,478146,48.62
20,1028,HDFCLIQUID,EQ,22048,20559,93.25
20,1029,HDFCLOWVOL,EQ,158865,152674,96.10
20,1030,HDFCMID150,EQ,516211,239662,46.43
20,1031,HDFCMOMENT,EQ,272234,196757,72.27
20,1032,HDFCNEXT50,EQ,267018,214313,80.26
20,1033,HDFCNIF100,EQ,92028,71512,77.71
20,1034,HDFCNIFBAN,EQ,50143,45483,90.71
20,1035,HDFCNIFIT,EQ,224376,214783,95.72
20,1036,HDFCNIFTY,EQ,350062,330878,94.52
20,1037,HDFCPSUBK,EQ,12991,9254,71.23
20,1038,HDFCPVTBAN,EQ,196046,148360,75.68
20,1039,HDFCQUAL,EQ,10059,7228,71.86
20,1040,HDFCSENSEX,EQ,52217,46332,88.73
20,1041,HDFCSILVER,EQ,504690,305447,60.52
20,1042,HDFCSML250,EQ,829804,468092,56.41
20,1043,HDFCVALUE,EQ,16165,13350,82.59
20,1044,HEADSUP,EQ,762167,318414,41.78
20,1045,HEALTHADD,EQ,711,577,81.15
20,1046,HEALTHIETF,EQ,74604,22928,30.73
20,1047,HEALTHY,EQ,79207,56527,71.37
20,1048,HECPROJECT,EQ,1158,641,55.35
20,1049,HEG,EQ,340603,109835,32.25
20,1050,HEIDELBERG,EQ,85951,53036,61.70
20,1051,HEMIPROP,EQ,710480,309835,43.61
20,1052,HERANBA,EQ,62062,31139,50.17
20,1053,HERCULES,EQ,18505,13271,71.72
20,1054,HERITGFOOD,EQ,151729,76917,50.69
20,1055,HEROMOTOCO,EQ,272543,107108,39.30
20,1056,HESTERBIO,EQ,5791,3978,68.69
20,1057,HEUBACHIND,EQ,19492,13965,71.64
20,1058,HEXATRADEX,EQ,33811,14288,42.26
20,1059,HEXT,EQ,2340220,552119,23.59
20,1060,HFCL,EQ,8372899,2167176,25.88
20,1061,HGINFRA,EQ,53146,25539,48.05
20,1062,HGS,EQ,15904,10850,68.22
20,1063,HIGREEN,ST,24000,24000,100.00
20,1064,HIKAL,EQ,103508,42595,41.15
20,1065,HIL,EQ,6002,3819,63.63
20,1066,HILTON,EQ,204415,108106,52.89
20,1067,HIMATSEIDE,EQ,693491,281877,40.65
20,1068,HINDALCO,EQ,5931712,3352379,56.52
20,1069,HINDCOMPOS,EQ,2693,1480,54.96
20,1070,HINDCOPPER,EQ,2033486,645637,31.75
20,1071,HINDMOTORS,EQ,490628,164288,33.49
20,1072,HINDOILEXP,EQ,850722,397237,46.69
20,1073,HINDPETRO,EQ,3307496,1541763,46.61
20,1074,HINDUNILVR,EQ,1627949,1129144,69.36
20,1075,HINDWAREAP,EQ,220598,57062,25.87
20,1076,HINDZINC,EQ,1024804,518610,50.61
20,1077,HIRECT,EQ,11208,6160,54.96
20,1078,HISARMETAL,EQ,3584,1983,55.33
20,1079,HITECH,EQ,618587,271922,43.96
20,1080,HITECHCORP,EQ,22324,19451,87.13
20,1081,HLEGLAS,EQ,40265,17232,42.80
20,1082,HLVLTD,EQ,782851,411288,52.54
20,1083,HMAAGRO,EQ,126407,57453,45.45
20,1084,HMVL,EQ,21740,11945,54.94
20,1085,HNDFDS,EQ,75500,42991,56.94
20,1086,HNGSNGBEES,EQ,722129,374691,51.89
20,1087,HOACFOODS,ST,3000,2250,75.00
20,1088,HOLMARC,ST,3000,3000,100.00
20,1089,HOMEFIRST,EQ,132245,82114,62.09
20,1090,HOMESFY,SM,600,600,100.00
20,1091,HONASA,EQ,197655,78787,39.86
20,1092,HONAUT,EQ,2223,974,43.81
20,1093,HONDAPOWER,EQ,5081,3218,63.33
20,1094,HOVS,EQ,24022,16111,67.07
20,1095,HPAL,EQ,63551,35050,55.15
20,1096,HPIL,EQ,26400,9522,36.07
20,1097,HPL,EQ,160693,50355,31.34
20,1098,HRHNEXT,ST,6000,3000,50.00
20,1099,HSCL,EQ,621263,237570,38.24
20,1100,HTMEDIA,EQ,84619,45885,54.23
20,1101,HUBTOWN,EQ,117079,56261,48.05
20,1102,HUDCO,EQ,5243645,1397952,26.66
20,1103,HUHTAMAKI,EQ,84963,53245,62.67
20,1104,HYBRIDFIN,EQ,9989,6147,61.54
20,1105,HYUNDAI,EQ,978604,694252,70.94
20,1106,IBLFL,ST,18000,18000,100.00
20,1107,ICEMAKE,EQ,10894,4030,36.99
20,1108,ICICIB22,EQ,570867,421348,73.81
20,1109,ICICIBANK,EQ,11522480,9047110,78.52
20,1110,ICICIGI,EQ,557421,393541,70.60
20,1111,ICICIPRULI,EQ,317787,161360,50.78
20,1112,ICIL,EQ,191580,80704,42.13
20,1113,ICRA,EQ,1533,843,54.99
20,1114,IDBI,EQ,2376826,776362,32.66
20,1115,IDEA,EQ,265949359,55162096,20.74
20,1116,IDEAFORGE,EQ,219837,66716,30.35
20,1117,IDEALTECHO,ST,6000,6000,100.00
20,1118,IDENTICAL,ST,2000,2000,100.00
20,1119,IDFCFIRSTB,EQ,13848044,5635407,40.69
20,1120,IDFNIFTYET,EQ,546,366,67.03
20,1121,IEML,ST,24500,23000,93.88
20,1122,IEX,EQ,3427628,1363783,39.79
20,1123,IFBAGRO,EQ,1292,696,53.87
20,1124,IFBIND,EQ,37899,23004,60.70
20,1125,IFCI,EQ,5981919,1459433,24.40
20,1126,IFGLEXPOR,EQ,2421,1397,57.70
20,1127,IGARASHI,EQ,20798,10232,49.20
20,1128,IGIL,EQ,2170259,788077,36.31
20,1129,IGL,EQ,5579329,2670398,47.86
20,1130,IGPL,EQ,12484,6362,50.96
20,1131,IIFL,EQ,611008,222394,36.40
20,1132,IIFLCAPS,EQ,391770,219502,56.03
20,1133,IIFLHF29,NE,205,205,100.00
20,1134,IIFLZC25,ND,24,24,100.00
20,1135,IIFLZC26A,NR,2,2,100.00
20,1136,IIFLZC26B,NY,5,5,100.00
20,1137,IIFLZC28B,Y1,18,18,100.00
20,1138,IIFLZC28C,N6,45,45,100.00
20,1139,IKIO,EQ,917886,122441,13.34
20,1140,IKS,EQ,127527,69697,54.65
20,1141,IMAGICAA,EQ,494779,250308,50.59
20,1142,IMC1,N0,243,243,100.00
20,1143,IMC1,N1,354,333,94.07
20,1144,IMC1,N2,42,42,100.00
20,1145,IMC1,N3,665,665,100.00
20,1146,IMFA,EQ,107581,62478,58.08
20,1147,IMPAL,EQ,2289,1648,72.00
20,1148,INCREDIBLE,EQ,5266,4166,79.11
20,1149,INDBANK,EQ,37586,22249,59.19
20,1150,INDGN,EQ,361464,162363,44.92
20,1151,INDHOTEL,EQ,2127479,1235009,58.05
20,1152,INDIACEM,EQ,412213,118792,28.82
20,1153,INDIAGLYCO,EQ,176600,85659,48.50
20,1154,INDIAMART,EQ,149780,70948,47.37
20,1155,INDIANB,EQ,1412080,378675,26.82
20,1156,INDIANHUME,EQ,928719,96610,10.40
20,1157,INDIASHLTR,EQ,56021,29198,52.12
20,1158,INDIFRA,ST,2000,2000,100.00
20,1159,INDIGO,EQ,739113,350749,47.46
20,1160,INDIGOPNTS,EQ,94426,39206,41.52
20,1161,INDIGRID,IV,626156,563268,89.96
20,1162,INDNIPPON,EQ,14630,12069,82.49
20,1163,INDOAMIN,EQ,61068,21931,35.91
20,1164,INDOBORAX,EQ,77364,42656,55.14
20,1165,INDOCO,EQ,59474,33911,57.02
20,1166,INDOFARM,EQ,351193,91342,26.01
20,1167,INDORAMA,EQ,59523,43106,72.42
20,1168,INDOSTAR,EQ,67656,50793,75.08
20,1169,INDOTECH,EQ,101366,37998,37.49
20,1170,INDOWIND,EQ,283113,151991,53.69
20,1171,INDRAMEDCO,EQ,74839,28618,38.24
20,1172,INDSWFTLAB,EQ,48744,28941,59.37
20,1173,INDTERRAIN,EQ,47056,19990,42.48
20,1174,INDUSINDBK,EQ,3074297,1691706,55.03
20,1175,INDUSINVIT,IV,57098,36953,64.72
20,1176,INDUSTOWER,EQ,5605913,3229425,57.61
20,1177,INFIBEAM,EQ,4160197,1477954,35.53
20,1178,INFINIUM,SM,3000,2500,83.33
20,1179,INFOBEAN,EQ,3251,1583,48.69
20,1180,INFOLLION,SM,2400,2400,100.00
20,1181,INFRABEES,EQ,18239,12770,70.01
20,1182,INFRAIETF,EQ,77335,52280,67.60
20,1183,INFY,EQ,7594720,5577218,73.44
20,1184,INGERRAND,EQ,15447,5609,36.31
20,1185,INM,SM,1800,1800,100.00
20,1186,INNOMET,SM,1200,1200,100.00
20,1187,INNOVACAP,EQ,77369,54211,70.07
20,1188,INNOVANA,EQ,40192,9539,23.73
20,1189,INOXGREEN,EQ,508099,134448,26.46
20,1190,INOXINDIA,EQ,129594,56119,43.30
20,1191,INOXWIND,EQ,3175847,1265396,39.84
20,1192,INSECTICID,EQ,20316,14132,69.56
20,1193,INSPIRE,SM,6000,6000,100.00
20,1194,INSPIRISYS,EQ,41518,31832,76.67
20,1195,INTELLECT,EQ,385471,113740,29.51
20,1196,INTENTECH,EQ,15227,7776,51.07
20,1197,INTERARCH,EQ,105743,22321,21.11
20,1198,INTLCONV,EQ,47648,31495,66.10
20,1199,INVENTURE,EQ,1269131,820700,64.67
20,1200,IOB,EQ,2253429,560565,24.88
20,1201,IOC,EQ,8764985,4314839,49.23
20,1202,IOLCP,EQ,113859,70031,61.51
20,1203,IONEXCHANG,EQ,355400,107594,30.27
20,1204,IPCALAB,EQ,372729,166537,44.68
20,1205,IPHL,ST,33600,30000,89.29
20,1206,IPL,EQ,84147,45068,53.56
20,1207,IRB,EQ,12861759,5531452,43.01
20,1208,IRBINVIT,IV,196308,162040,82.54
20,1209,IRCON,EQ,5024103,1215987,24.20
20,1210,IRCTC,EQ,811313,305057,37.60
20,1211,IREDA,EQ,7226968,1572871,21.76
20,1212,IRFC,EQ,13838044,3429401,24.78
20,1213,IRISDOREME,EQ,153588,38052,24.78
20,1214,IRMENERGY,EQ,57350,28917,50.42
20,1215,ISEC,EQ,134746,66516,49.36
20,1216,ISFT,EQ,12079,5826,48.23
20,1217,ISGEC,EQ,210087,83273,39.64
20,1218,ISHAN,SM,240000,240000,100.00
20,1219,IT,EQ,229293,206984,90.27
20,1220,ITALIANE,SM,4000,4000,100.00
20,1221,ITBEES,EQ,5907033,3566808,60.38
20,1222,ITC,EQ,7037625,4155102,59.04
20,1223,ITCHOTELS,EQ,7073132,4886300,69.08
20,1224,ITDC,EQ,25959,6747,25.99
20,1225,ITDCEM,EQ,270186,163617,60.56
20,1226,ITETF,EQ,159751,93233,58.36
20,1227,ITETFADD,EQ,9114,6229,68.35
20,1228,ITIETF,EQ,1959518,1462384,74.63
20,1229,IVC,EQ,145028,102652,70.78
20,1230,IVP,EQ,201510,26519,13.16
20,1231,IVZINGOLD,EQ,139,116,83.45
20,1232,IVZINNIFTY,EQ,73,57,78.08
20,1233,IWEL,EQ,6755,3824,56.61
20,1234,IXIGO,EQ,887967,342343,38.55
20,1235,JAGRAN,EQ,136765,79117,57.85
20,1236,JAGSNPHARM,EQ,326538,97800,29.95
20,1237,JAIBALAJI,EQ,632976,443813,70.12
20,1238,JAICORPLTD,EQ,520276,208170,40.01
20,1239,JAIPURKURT,EQ,25293,7350,29.06
20,1240,JALAN,ST,66000,66000,100.00
20,1241,JAMNAAUTO,EQ,1263891,656011,51.90
20,1242,JASH,EQ,137624,79119,57.49
20,1243,JAYAGROGN,EQ,10504,2802,26.68
20,1244,JAYBARMARU,EQ,58067,36412,62.71
20,1245,JAYBEE,ST,103000,92000,89.32
20,1246,JAYNECOIND,EQ,75172,24055,32.00
20,1247,JAYSREETEA,EQ,51177,23434,45.79
20,1248,JBCHEPHARM,EQ,154128,95755,62.13
20,1249,JBMA,EQ,417029,90160,21.62
20,1250,JCHAC,EQ,21267,13444,63.22
20,1251,JEYYAM,SM,220000,190000,86.36
20,1252,JGCHEM,EQ,45034,12529,27.82
20,1253,JINDALPHOT,EQ,5153,2173,42.17
20,1254,JINDALPOLY,EQ,18114,7444,41.10
20,1255,JINDALSAW,EQ,787435,331646,42.12
20,1256,JINDALSTEL,EQ,1686346,511049,30.31
20,1257,JINDRILL,EQ,637489,182739,28.67
20,1258,JINDWORLD,EQ,626966,123784,19.74
20,1259,JIOFIN,EQ,14715002,6061268,41.19
20,1260,JISLDVREQS,EQ,11510,5216,45.32
20,1261,JISLJALEQS,EQ,2467616,1015869,41.17
20,1262,JIWANRAM,ST,24000,18000,75.00
20,1263,J&KBANK,EQ,1340417,675098,50.36
20,1264,JKCEMENT,EQ,164059,103717,63.22
20,1265,JKIL,EQ,98001,51309,52.36
20,1266,JKLAKSHMI,EQ,57131,28653,50.15
20,1267,JKPAPER,EQ,547399,206696,37.76
20,1268,JKTYRE,EQ,254269,83554,32.86
20,1269,JLHL,EQ,20926,10445,49.91
20,1270,JMA,EQ,1499,1211,80.79
20,1271,JMFINANCIL,EQ,2265959,579183,25.56
20,1272,JNKINDIA,EQ,73771,40994,55.57
20,1273,JOCIL,EQ,2928,1463,49.97
20,1274,JPOLYINVST,EQ,4548,1951,42.90
20,1275,JPPOWER,EQ,26427215,9702626,36.71
20,1276,JSFB,EQ,134098,65411,48.78
20,1277,JSL,EQ,453142,187065,41.28
20,1278,JSLL,SM,12690,8370,65.96
20,1279,JSWENERGY,EQ,4578924,991261,21.65
20,1280,JSWHL,EQ,1863,1419,76.17
20,1281,JSWINFRA,EQ,4596508,1291869,28.11
20,1282,JSWSTEEL,EQ,1898963,1028321,54.15
20,1283,JTEKTINDIA,EQ,51709,30459,58.90
20,1284,JTLIND,EQ,1682451,505330,30.04
20,1285,JUBLFOOD,EQ,3119434,1461051,46.84
20,1286,JUBLINGREA,EQ,177953,94970,53.37
20,1287,JUBLPHARMA,EQ,166887,67254,40.30
20,1288,JUNIORBEES,EQ,429138,228435,53.23
20,1289,JUNIPER,EQ,431691,276489,64.05
20,1290,JUSTDIAL,EQ,192359,60909,31.66
20,1291,JWL,EQ,2528287,456223,18.04
20,1292,JYOTHYLAB,EQ,296316,123067,41.53
20,1293,JYOTICNC,EQ,776668,319355,41.12
20,1294,JYOTISTRUC,EQ,9532694,4568223,47.92
20,1295,K2INFRA,ST,2400,2400,100.00
20,1296,KABRAEXTRU,EQ,23133,10407,44.99
20,1297,KAJARIACER,EQ,206591,118874,57.54
20,1298,KAKATCEM,EQ,5123,3989,77.86
20,1299,KALAMANDIR,EQ,132979,67051,50.42
20,1300,KALANA,SM,8000,8000,100.00
20,1301,KALYANKJIL,EQ,6151724,792004,12.87
20,1302,KAMATHOTEL,EQ,612068,194045,31.70
20,1303,KAMDHENU,EQ,1073288,764528,71.23
20,1304,KANANIIND,EQ,543299,299633,55.15
20,1305,KANDARP,SM,40000,32000,80.00
20,1306,KANORICHEM,EQ,17140,6670,38.91
20,1307,KANPRPLA,EQ,2509,1031,41.09
20,1308,KANSAINER,EQ,209458,100248,47.86
20,1309,KAPSTON,EQ,4390,2454,55.90
20,1310,KARMAENG,EQ,4501,3238,71.94
20,1311,KARNIKA,SM,124800,74000,59.29
20,1312,KARURVYSYA,EQ,1113067,578228,51.95
20,1313,KATARIA,ST,13200,12000,90.91
20,1314,KAUSHALYA,EQ,266,238,89.47
20,1315,KAYA,EQ,50883,48143,94.62
20,1316,KAYNES,EQ,767392,129470,16.87
20,1317,KCEIL,ST,10500,9500,90.48
20,1318,KCK,ST,102500,100000,97.56
20,1319,KCP,EQ,291356,147928,50.77
20,1320,KCPSUGIND,EQ,84510,39834,47.14
20,1321,KDDL,EQ,50502,19772,39.15
20,1322,KDL,ST,12300,12300,100.00
20,1323,KEC,EQ,311293,149472,48.02
20,1324,KECL,EQ,254319,132818,52.22
20,1325,KEI,EQ,408922,204970,50.12
20,1326,KEL,SM,1200,1200,100.00
20,1327,KELLTONTEC,EQ,486744,141283,29.03
20,1328,KEN,ST,561600,542400,96.58
20,1329,KESORAMIND,EQ,1226598,1039460,84.74
20,1330,KEYFINSERV,EQ,1483,987,66.55
20,1331,KFINTECH,EQ,1737110,453169,26.09
20,1332,KHADIM,EQ,26097,8322,31.89
20,1333,KHAICHEM,EQ,63771,28134,44.12
20,1334,KHAITANLTD,EQ,12112,6976,57.60
20,1335,KHANDSE,EQ,27234,21059,77.33
20,1336,KHFM,SM,26350,15500,58.82
20,1337,KICL,EQ,1641,715,43.57
20,1338,KILITCH,EQ,1937,791,40.84
20,1339,KIMS,EQ,1168290,761789,65.21
20,1340,KINGFA,EQ,6423,1826,28.43
20,1341,KIOCL,EQ,115928,51779,44.66
20,1342,KIRIINDUS,EQ,233045,76074,32.64
20,1343,KIRLOSBROS,EQ,102217,41904,41.00
20,1344,KIRLOSENG,EQ,965062,420022,43.52
20,1345,KIRLOSIND,EQ,5550,3270,58.92
20,1346,KIRLPNU,EQ,110700,26077,23.56
20,1347,KKCL,EQ,105786,86375,81.65
20,1348,KKJEWELS,ST,101000,95000,94.06
20,1349,KKVAPOW,SM,156,156,100.00
20,1350,KLL,SM,44000,36800,83.64
20,1351,KMEW,EQ,5517,2515,45.59
20,1352,KMSUGAR,EQ,99596,55505,55.73
20,1353,KNAGRI,SM,7600,4800,63.16
20,1354,KNRCON,EQ,642440,258601,40.25
20,1355,KODYTECH,SM,6000,4600,76.67
20,1356,KOHINOOR,EQ,142265,46955,33.01
20,1357,KOKUYOCMLN,EQ,51414,37161,72.28
20,1358,KOLTEPATIL,EQ,76525,26279,34.34
20,1359,KONSTELEC,ST,5000,5000,100.00
20,1360,KONTOR,SM,1800,1800,100.00
20,1361,KORE,ST,2750,2750,100.00
20,1362,KOTAKBANK,EQ,2218081,1514480,68.28
20,1363,KOTARISUG,EQ,27438,17165,62.56
20,1364,KOTHARIPET,EQ,44739,20435,45.68
20,1365,KOTYARK,ST,11500,11300,98.26
20,1366,KPEL,EQ,193276,84172,43.55
20,1367,KPIGREEN,EQ,1173169,390998,33.33
20,1368,KPIL,EQ,220098,83698,38.03
20,1369,KPITTECH,EQ,1341968,593725,44.24
20,1370,KPRMILL,EQ,148222,54170,36.55
20,1371,KRBL,EQ,172676,82411,47.73
20,1372,KRISHANA,EQ,58859,44038,74.82
20,1373,KRISHCA,ST,37500,30500,81.33
20,1374,KRISHNADEF,SM,23250,13250,56.99
20,1375,KRITI,EQ,121324,110713,91.25
20,1376,KRITINUT,EQ,25455,12497,49.09
20,1377,KRN,EQ,2946560,334772,11.36
20,1378,KRONOX,EQ,48061,24282,50.52
20,1379,KROSS,EQ,190016,75916,39.95
20,1380,KRSNAA,EQ,34498,17198,49.85
20,1381,KRYSTAL,EQ,141925,64426,45.39
20,1382,KSB,EQ,43449,20281,46.68
20,1383,KSCL,EQ,167194,48551,29.04
20,1384,KSL,EQ,54829,28268,51.56
20,1385,KSOLVES,EQ,34253,17594,51.36
20,1386,KTKBANK,EQ,707705,409714,57.89
20,1387,KTL,ST,3000,3000,100.00
20,1388,KUANTUM,EQ,26928,15587,57.88
20,1389,LAGNAM,EQ,1716,1355,78.96
20,1390,LAKSHYA,ST,28800,25600,88.89
20,1391,LALPATHLAB,EQ,209653,131001,62.48
20,1392,LAMOSAIC,ST,35400,35400,100.00
20,1393,LANCORHOL,EQ,154209,88658,57.49
20,1394,LANDMARK,EQ,19392,10991,56.68
20,1395,LAOPALA,EQ,344379,107082,31.09
20,1396,LASA,EQ,93709,66131,70.57
20,1397,LATENTVIEW,EQ,280737,148479,52.89
20,1398,LAURUSLABS,EQ,3627096,935422,25.79
20,1399,LAWSIKHO,ST,45000,44500,98.89
20,1400,LAXMICOT,EQ,12040,2416,20.07
20,1401,LAXMIDENTL,EQ,220299,40779,18.51
20,1402,LEMERITE,ST,12000,8800,73.33
20,1403,LEMONTREE,EQ,1881276,728941,38.75
20,1404,LEXUS,EQ,5832,2431,41.68
20,1405,LFIC,EQ,3219,1591,49.43
20,1406,LGBBROSLTD,EQ,8859,3857,43.54
20,1407,LIBAS,EQ,13018,9235,70.94
20,1408,LIBERTSHOE,EQ,20822,9126,43.83
20,1409,LICHSGFIN,EQ,503814,162379,32.23
20,1410,LICI,EQ,614436,199803,32.52
20,1411,LICMFGOLD,EQ,7114,7048,99.07
20,1412,LICNETFGSC,EQ,50682,40039,79.00
20,1413,LICNETFN50,EQ,1800,982,54.56
20,1414,LICNETFSEN,EQ,179,174,97.21
20,1415,LICNFNHGP,EQ,814,643,78.99
20,1416,LICNMID100,EQ,6093,5827,95.63
20,1417,LIKHITHA,EQ,59096,28626,48.44
20,1418,LINC,EQ,20976,13246,63.15
20,1419,LINCOLN,EQ,65851,39946,60.66
20,1420,LINDEINDIA,EQ,83571,26439,31.64
20,1421,LIQUID,EQ,265437,189570,71.42
20,1422,LIQUID1,EQ,856153,806822,94.24
20,1423,LIQUIDADD,EQ,255265,195614,76.63
20,1424,LIQUIDBEES,EQ,3250239,2795827,86.02
20,1425,LIQUIDBETF,EQ,33067,25519,77.17
20,1426,LIQUIDCASE,EQ,6029123,5456643,90.50
20,1427,LIQUIDETF,EQ,117558,102582,87.26
20,1428,LIQUIDIETF,EQ,742927,511761,68.88
20,1429,LIQUIDPLUS,EQ,20573,18982,92.27
20,1430,LIQUIDSBI,EQ,791,547,69.15
20,1431,LIQUIDSHRI,EQ,1399,811,57.97
20,1432,LLOYDS,SM,1000,1000,100.00
20,1433,LLOYDSENGG,EQ,5599483,2451358,43.78
20,1434,LLOYDSENT,EQ,777406,418988,53.90
20,1435,LLOYDSME,EQ,340681,178598,52.42
20,1436,LMW,EQ,1684,1037,61.58
20,1437,LODHA,EQ,731706,332897,45.50
20,1438,LOTUSEYE,EQ,11429,7931,69.39
20,1439,LOVABLE,EQ,16356,5874,35.91
20,1440,LOWVOL,EQ,383,382,99.74
20,1441,LOWVOL1,EQ,25792,19857,76.99
20,1442,LOWVOLIETF,EQ,1424828,1184054,83.10
20,1443,LRRPL,ST,3000,3000,100.00
20,1444,LT,EQ,1512844,940378,62.16
20,1445,LTF,EQ,2323761,770740,33.17
20,1446,LTFOODS,EQ,342254,143157,41.83
20,1447,LTGILTBEES,EQ,2292772,1773135,77.34
20,1448,LTIM,EQ,1199262,850175,70.89
20,1449,LTTS,EQ,412098,75811,18.40
20,1450,LUMAXIND,EQ,18562,13057,70.34
20,1451,LUMAXTECH,EQ,52468,25554,48.70
20,1452,LUPIN,EQ,1035104,370462,35.79
20,1453,LUXIND,EQ,27891,9919,35.56
20,1454,LXCHEM,EQ,417413,175129,41.96
20,1455,LYKALABS,EQ,58798,28756,48.91
20,1456,LYPSAGEMS,EQ,12953,8083,62.40
20,1457,MACOBSTECH,SM,2400,2400,100.00
20,1458,MADHAV,EQ,2055,1638,79.71
20,1459,MADHAVBAUG,SM,1200,1200,100.00
20,1460,MADHUCON,EQ,80648,59735,74.07
20,1461,MADHUSUDAN,SM,11000,7000,63.64
20,1462,MADRASFERT,EQ,118816,41003,34.51
20,1463,MAFANG,EQ,254133,199717,78.59
20,1464,MAGADSUGAR,EQ,15139,9716,64.18
20,1465,MAGNUM,EQ,48642,32394,66.60
20,1466,MAHABANK,EQ,5076856,1931851,38.05
20,1467,MAHAPEXLTD,EQ,9405,4636,49.29
20,1468,MAHESHWARI,EQ,22792,12006,52.68
20,1469,MAHICKRA,SM,14250,9000,63.16
20,1470,MAHKTECH,EQ,2470771,2408765,97.49
20,1471,MAHLIFE,EQ,256735,67466,26.28
20,1472,MAHLOG,EQ,189527,98352,51.89
20,1473,MAHSCOOTER,EQ,6484,3375,52.05
20,1474,MAHSEAMLES,EQ,265630,101506,38.21
20,1475,MAITHANALL,EQ,27298,17734,64.96
20,1476,MAITREYA,SM,6800,4400,64.71
20,1477,MAKEINDIA,EQ,9541,6935,72.69
20,1478,MAKS,SM,72000,72000,100.00
20,1479,MAL,SM,1600,1600,100.00
20,1480,MALLCOM,EQ,881,471,53.46
20,1481,MALUPAPER,EQ,4239,2840,67.00
20,1482,MAMATA,EQ,154472,39188,25.37
20,1483,MANAKALUCO,EQ,32803,25982,79.21
20,1484,MANAKSIA,EQ,15220,9486,62.33
20,1485,MANAKSTEEL,EQ,28596,12551,43.89
20,1486,MANALIPETC,EQ,165685,92357,55.74
20,1487,MANAPPURAM,EQ,28459396,6527367,22.94
20,1488,MANAV,SM,8000,8000,100.00
20,1489,MANBA,EQ,50985,23799,46.68
20,1490,MANCREDIT,EQ,6545,3729,56.97
20,1491,MANDEEP,SM,8000,6000,75.00
20,1492,MANGALAM,EQ,6164,3277,53.16
20,1493,MANGCHEFER,EQ,151353,89782,59.32
20,1494,MANGLMCEM,EQ,92531,54202,58.58
20,1495,MANINDS,EQ,158403,83292,52.58
20,1496,MANINFRA,EQ,348140,150173,43.14
20,1497,MANKIND,EQ,275408,160615,58.32
20,1498,MANOMAY,EQ,1846,1153,62.46
20,1499,MANORAMA,EQ,38350,26022,67.85
20,1500,MANORG,EQ,21745,9543,43.89
20,1501,MANUGRAPH,EQ,38030,13881,36.50
20,1502,MANYAVAR,EQ,89072,42743,47.99
20,1503,MAPMYINDIA,EQ,71174,30543,42.91
20,1504,MARALOVER,EQ,9311,3188,34.24
20,1505,MARATHON,EQ,21733,9886,45.49
20,1506,MARCO,SM,54000,43500,80.56
20,1507,MARICO,EQ,1542899,960000,62.22
20,1508,MARKSANS,EQ,880282,330634,37.56
20,1509,MARUTI,EQ,399571,252338,63.15
20,1510,MASFIN,EQ,65340,31537,48.27
20,1511,MASON,SM,26000,22000,84.62
20,1512,MASPTOP50,EQ,134298,124838,92.96
20,1513,MASTEK,EQ,87037,37673,43.28
20,1514,MASTERTR,EQ,20436,12296,60.17
20,1515,MATRIMONY,EQ,7954,4815,60.54
20,1516,MAWANASUG,EQ,41494,21908,52.80
20,1517,MAXESTATES,EQ,99584,55013,55.24
20,1518,MAXHEALTH,EQ,1840297,1259005,68.41
20,1519,MAXIND,EQ,45515,28388,62.37
20,1520,MAXPOSURE,SM,44000,16000,36.36
20,1521,MAXVOLT,ST,48800,46400,95.08
20,1522,MAYURUNIQ,EQ,36134,24612,68.11
20,1523,MAZDOCK,EQ,4314616,557801,12.93
20,1524,MBAPL,EQ,46492,28957,62.28
20,1525,MBLINFRA,EQ,165605,29875,18.04
20,1526,MCLOUD,EQ,339234,185792,54.77
20,1527,MCON,ST,1000,1000,100.00
20,1528,MCX,EQ,211980,64616,30.48
20,1529,MEDANTA,EQ,468140,260089,55.56
20,1530,MEDIASSIST,EQ,119425,54827,45.91
20,1531,MEDICAMEQ,EQ,25640,13935,54.35
20,1532,MEDICO,EQ,1433532,451458,31.49
20,1533,MEDIORG,SM,18000,14000,77.78
20,1534,MEDPLUS,EQ,121246,68330,56.36
20,1535,MEGAFLEX,ST,27000,27000,100.00
20,1536,MEGASTAR,EQ,7138,5664,79.35
20,1537,MEGATHERM,SM,27200,20000,73.53
20,1538,MENONBE,EQ,18532,9053,48.85
20,1539,METAL,EQ,201811,95134,47.14
20,1540,METALIETF,EQ,3280422,1657584,50.53
20,1541,METROBRAND,EQ,41728,19083,45.73
20,1542,METROPOLIS,EQ,150909,58176,38.55
20,1543,MFSL,EQ,963259,662763,68.80
20,1544,MGEL,EQ,2020187,806132,39.90
20,1545,MGL,EQ,252892,98691,39.02
20,1546,MHHL,ST,1500,1500,100.00
20,1547,MHRIL,EQ,58979,32223,54.63
20,1548,MICEL,EQ,429581,208587,48.56
20,1549,MICROPRO,SM,11200,9600,85.71
20,1550,MID150BEES,EQ,739821,387002,52.31
20,1551,MID150CASE,EQ,921517,568430,61.68
20,1552,MIDCAP,EQ,37866,28580,75.48
20,1553,MIDCAPETF,EQ,2496831,2149546,86.09
20,1554,MIDCAPIETF,EQ,1877975,1549747,82.52
20,1555,MIDHANI,EQ,281518,105364,37.43
20,1556,MIDQ50ADD,EQ,2683,2330,86.84
20,1557,MIDSELIETF,EQ,326168,134631,41.28
20,1558,MIDSMALL,EQ,362629,262516,72.39
20,1559,MIEL,ST,112000,110000,98.21
20,1560,MINDACORP,EQ,140838,40742,28.93
20,1561,MINDSPACE,RR,184999,177163,95.76
20,1562,MINDTECK,EQ,33702,17532,52.02
20,1563,MIRCELECTR,EQ,302385,148374,49.07
20,1564,MIRZAINT,EQ,161726,76753,47.46
20,1565,MITCON,EQ,38910,6144,15.79
20,1566,MITCONPP,E1,728,728,100.00
20,1567,MITTAL,EQ,1914281,912999,47.69
20,1568,MKPL,EQ,160603,109215,68.00
20,1569,M&M,EQ,6167313,3068806,49.76
20,1570,M&MFIN,EQ,886943,282694,31.87
20,1571,MMFL,EQ,63909,41407,64.79
20,1572,MMP,EQ,29012,17664,60.89
20,1573,MMTC,EQ,990410,389541,39.33
20,1574,MNC,EQ,47095,34229,72.68
20,1575,MOBIKWIK,EQ,5824563,368360,6.32
20,1576,MODEFENCE,EQ,423676,238853,56.38
20,1577,MODIRUBBER,EQ,1782,973,54.60
20,1578,MODISONLTD,EQ,28673,16447,57.36
20,1579,MODTHREAD,EQ,48,48,100.00
20,1580,MOGSEC,EQ,767,651,84.88
20,1581,MOHEALTH,EQ,26862,15839,58.96
20,1582,MOIL,EQ,782931,291189,37.19
20,1583,MOKSH,EQ,134064,89429,66.71
20,1584,MOL,EQ,440172,203253,46.18
20,1585,MOLDTECH,EQ,126331,70632,55.91
20,1586,MOLDTKPAC,EQ,47541,28320,59.57
20,1587,MOLOWVOL,EQ,4533,3779,83.37
20,1588,MOM100,EQ,464611,254888,54.86
20,1589,MOM30IETF,EQ,1502215,960678,63.95
20,1590,MOM50,EQ,5234,3975,75.95
20,1591,MOMENTUM,EQ,50712,42667,84.14
20,1592,MOMENTUM50,EQ,487064,437509,89.83
20,1593,MOMOMENTUM,EQ,113165,94687,83.67
20,1594,MON100,EQ,1215775,804454,66.17
20,1595,MONARCH,EQ,59485,29025,48.79
20,1596,MONIFTY500,EQ,414023,350038,84.55
20,1597,MONOPHARMA,SM,2000,2000,100.00
20,1598,MONQ50,EQ,68687,59630,86.81
20,1599,MONTECARLO,EQ,12860,7765,60.38
20,1600,MOQUALITY,EQ,815,663,81.35
20,1601,MOREALTY,EQ,98635,54062,54.81
20,1602,MOREPENLAB,EQ,2514878,766907,30.49
20,1603,MOS,ST,20400,20000,98.04
20,1604,MOSCHIP,EQ,242639,137668,56.74
20,1605,MOSMALL250,EQ,1383454,743942,53.77
20,1606,MOTHERSON,EQ,9808475,4652769,47.44
20,1607,MOTILALOFS,EQ,1895931,613753,32.37
20,1608,MOTISONS,EQ,1991727,1360944,68.33
20,1609,MOTOGENFIN,EQ,7428,6615,89.05
20,1610,MOVALUE,EQ,142352,124774,87.65
20,1611,MPHASIS,EQ,430982,189249,43.91
20,1612,MPSLTD,EQ,21073,9310,44.18
20,1613,MRF,EQ,4368,1485,34.00
20,1614,MRO-TEK,EQ,10311,6239,60.51
20,1615,MRPL,EQ,914007,208626,22.83
20,1616,MSPL,EQ,404830,246611,60.92
20,1617,MSTCLTD,EQ,341365,162927,47.73
20,1618,MSUMI,EQ,4671941,2563803,54.88
20,1619,MTARTECH,EQ,90951,26241,28.85
20,1620,MTNL,EQ,2211935,716731,32.40
20,1621,MUFIN,EQ,93558,33099,35.38
20,1622,MUFTI,EQ,71932,45859,63.75
20,1623,MUKANDLTD,EQ,77822,41140,52.86
20,1624,MUKKA,EQ,312744,156116,49.92
20,1625,MUKTAARTS,EQ,690,364,52.75
20,1626,MULTICAP,EQ,178774,114288,63.93
20,1627,MUNJALAU,EQ,86481,37947,43.88
20,1628,MUNJALSHOW,EQ,42963,26421,61.50
20,1629,MURUDCERA,EQ,24734,14553,58.84
20,1630,MUTHOOTCAP,EQ,8953,5233,58.45
20,1631,MUTHOOTFIN,EQ,557806,311966,55.93
20,1632,MUTHOOTMF,EQ,137019,87267,63.69
20,1633,MVGJL,EQ,92295,39816,43.14
20,1634,MVKAGRO,SM,57600,51600,89.58
20,1635,MYMUDRA,ST,19200,19200,100.00
20,1636,NACLIND,EQ,87432,37588,42.99
20,1637,NAGAFERT,EQ,461801,243180,52.66
20,1638,NAGREEKEXP,EQ,7704,5039,65.41
20,1639,NAHARCAP,EQ,2164,888,41.04
20,1640,NAHARINDUS,EQ,26665,10084,37.82
20,1641,NAHARPOLY,EQ,9885,6720,67.98
20,1642,NAHARSPING,EQ,22049,9430,42.77
20,1643,NAM-INDIA,EQ,895256,400091,44.69
20,1644,NAMOEWASTE,SM,16000,11200,70.00
20,1645,NATCAPSUQ,EQ,6372,4437,69.63
20,1646,NATCOPHARM,EQ,2239583,646627,28.87
20,1647,NATHBIOGEN,EQ,11028,7426,67.34
20,1648,NATIONALUM,EQ,12108561,3105877,25.65
20,1649,NAUKRI,EQ,522971,330697,63.23
20,1650,NAVA,EQ,421289,165728,39.34
20,1651,NAVINFLUOR,EQ,92708,43904,47.36
20,1652,NAVKARCORP,EQ,535472,329688,61.57
20,1653,NAVNETEDUL,EQ,126181,95722,75.86
20,1654,NAZARA,EQ,115170,71706,62.26
20,1655,NBCC,EQ,7435359,1882520,25.32
20,1656,NCC,EQ,5674029,2015269,35.52
20,1657,NCLIND,EQ,92726,46467,50.11
20,1658,NDGL,EQ,99,67,67.68
20,1659,NDL,EQ,2709085,1432888,52.89
20,1660,NDLVENTURE,EQ,3746,2808,74.96
20,1661,NDRAUTO,EQ,12609,6078,48.20
20,1662,NDRINVIT,IV,200000,200000,100.00
20,1663,NDTV,EQ,74035,30386,41.04
20,1664,NECCLTD,EQ,166179,113695,68.42
20,1665,NECLIFE,EQ,699383,391326,55.95
20,1666,NELCAST,EQ,13642,7929,58.12
20,1667,NELCO,EQ,90614,41492,45.79
20,1668,NEOGEN,EQ,30851,13830,44.83
20,1669,NEPHROCARE,SM,21200,16000,75.47
20,1670,NESCO,EQ,38991,17714,45.43
20,1671,NESTLEIND,EQ,484042,223214,46.11
20,1672,NETF,EQ,3243,3055,94.20
20,1673,NETWEB,EQ,281914,86446,30.66
20,1674,NETWORK18,EQ,3880918,2245391,57.86
20,1675,NEULANDLAB,EQ,129850,24144,18.59
20,1676,NEWGEN,EQ,192209,53997,28.09
20,1677,NEWJAISA,SM,16500,12000,72.73
20,1678,NEXT30ADD,EQ,1531,1383,90.33
20,1679,NEXT50,EQ,24320,20414,83.94
20,1680,NEXT50IETF,EQ,772156,466112,60.37
20,1681,NFL,EQ,1082833,280356,25.89
20,1682,NGIL,EQ,6777,4226,62.36
20,1683,NH,EQ,280014,107282,38.31
20,1684,NHPC,EQ,17396412,4828371,27.75
20,1685,NIACL,EQ,363728,135563,37.27
20,1686,NIBE,EQ,23762,15659,65.90
20,1687,NIDAN,SM,24000,24000,100.00
20,1688,NIF100BEES,EQ,51689,32438,62.76
20,1689,NIF100IETF,EQ,328006,160154,48.83
20,1690,NIF10GETF,EQ,313,248,79.23
20,1691,NIF5GETF,EQ,215,211,98.14
20,1692,NIFITETF,EQ,3747,3570,95.28
20,1693,NIFMID150,EQ,7114,3567,50.14
20,1694,NIFTY1,EQ,193396,182333,94.28
20,1695,NIFTY50ADD,EQ,22748,19439,85.45
20,1696,NIFTYBEES,EQ,9201091,7215123,78.42
20,1697,NIFTYBETF,EQ,9600,8537,88.93
20,1698,NIFTYETF,EQ,198849,161398,81.17
20,1699,NIFTYIETF,EQ,853141,667465,78.24
20,1700,NIFTYQLITY,EQ,69375,59774,86.16
20,1701,NIITLTD,EQ,850093,376888,44.33
20,1702,NIITMTS,EQ,53282,28065,52.67
20,1703,NILAINFRA,EQ,477163,227437,47.66
20,1704,NILKAMAL,EQ,2155,1209,56.10
20,1705,NINSYS,EQ,5451,2755,50.54
20,1706,NIPPOBATRY,EQ,24053,19951,82.95
20,1707,NIRAJ,EQ,66907,27409,40.97
20,1708,NIRMAN,SM,30900,11400,36.89
20,1709,NITINSPIN,EQ,73890,32332,43.76
20,1710,NITIRAJ,EQ,105858,31591,29.84
20,1711,NIVABUPA,EQ,1066068,343540,32.22
20,1712,NLCINDIA,EQ,1154429,254691,22.06
20,1713,NMDC,EQ,14696915,4405670,29.98
20,1714,NMSTEEL,ST,14400,12800,88.89
20,1715,NOCIL,EQ,350739,164245,46.83
20,1716,NORTHARC,EQ,310553,171951,55.37
20,1717,NOVAAGRI,EQ,123935,55886,45.09
20,1718,NPBET,EQ,758,566,74.67
20,1719,NPST,SM,12800,8650,67.58
20,1720,NRAIL,EQ,12733,8310,65.26
20,1721,NRBBEARING,EQ,289903,244802,84.44
20,1722,NRL,EQ,72323,41045,56.75
20,1723,NSIL,EQ,8354,4027,48.20
20,1724,NSLNISP,EQ,3136220,1029146,32.81
20,1725,NTPC,EQ,6034113,3383655,56.08
20,1726,NTPCGREEN,EQ,46059879,25448049,55.25
20,1727,NUCLEUS,EQ,30457,15076,49.50
20,1728,NUVAMA,EQ,128882,72685,56.40
20,1729,NUVOCO,EQ,112411,53511,47.60
20,1730,NV20,EQ,41423,29512,71.25
20,1731,NV20BEES,EQ,56458,42830,75.86
20,1732,NV20IETF,EQ,801594,692981,86.45
20,1733,NXST,RR,489121,466632,95.40
20,1734,NYKAA,EQ,3848963,1416754,36.81
20,1735,OAL,EQ,21890,11730,53.59
20,1736,OBCL,EQ,2649,1402,52.93
20,1737,OBEROIRLTY,EQ,328716,56095,17.06
20,1738,OBSCP,ST,19200,19200,100.00
20,1739,OCCL,EQ,13598,8405,61.81
20,1740,OCCLLTD,EQ,70538,38873,55.11
20,1741,OFSS,EQ,101181,40005,39.54
20,1742,OIL,EQ,2394354,886897,37.04
20,1743,OILCOUNTUB,EQ,57298,34715,60.59
20,1744,OILIETF,EQ,550020,313924,57.08
20,1745,OLAELEC,EQ,18187988,5517444,30.34
20,1746,OLECTRA,EQ,274932,74814,27.21
20,1747,OLIL,SM,26400,22800,86.36
20,1748,OMAXAUTO,EQ,40797,19697,48.28
20,1749,OMAXE,EQ,107601,62557,58.14
20,1750,OMFURN,ST,2400,2400,100.00
20,1751,OMINFRAL,EQ,101612,43943,43.25
20,1752,ONDOOR,ST,5700,5400,94.74
20,1753,ONEPOINT,EQ,1204373,241163,20.02
20,1754,ONESOURCE,EQ,307752,191540,62.24
20,1755,ONGC,EQ,6883143,4493541,65.28
20,1756,ONMOBILE,EQ,163946,67956,41.45
20,1757,ONWARDTEC,EQ,46952,23314,49.65
20,1758,ONYX,ST,20000,18000,90.00
20,1759,OPTIEMUS,EQ,164667,72029,43.74
20,1760,ORCHASP,EQ,368716,283682,76.94
20,1761,ORCHPHARMA,EQ,81776,48117,58.84
20,1762,ORIANA,SM,46350,23775,51.29
20,1763,ORICONENT,EQ,505304,266284,52.70
20,1764,ORIENTALTL,EQ,226948,93621,41.25
20,1765,ORIENTBELL,EQ,5163,4350,84.25
20,1766,ORIENTCEM,EQ,662350,496396,74.94
20,1767,ORIENTCER,EQ,45759,21773,47.58
20,1768,ORIENTELEC,EQ,284928,216601,76.02
20,1769,ORIENTHOT,EQ,184235,76073,41.29
20,1770,ORIENTPPR,EQ,725427,387791,53.46
20,1771,ORIENTTECH,EQ,305656,118093,38.64
20,1772,ORISSAMINE,EQ,3479,1637,47.05
20,1773,ORTINGLOBE,EQ,11437,8298,72.55
20,1774,OSELDEVICE,ST,14400,14400,100.00
20,1775,OSIAHYPER,EQ,447312,334284,74.73
20,1776,OSWALAGRO,EQ,23111,14209,61.48
20,1777,OSWALGREEN,EQ,160602,56388,35.11
20,1778,OWAIS,SM,31200,23000,73.72
20,1779,PAGEIND,EQ,43411,20054,46.20
20,1780,PAISALO,EQ,1318302,708339,53.73
20,1781,PAKKA,EQ,81612,47814,58.59
20,1782,PALASHSECU,EQ,2849,760,26.68
20,1783,PANACEABIO,EQ,107951,49743,46.08
20,1784,PANAMAPET,EQ,40536,20898,51.55
20,1785,PARACABLES,EQ,1015662,518904,51.09
20,1786,PARADEEP,EQ,4994551,2396926,47.99
20,1787,PARAGMILK,EQ,232446,109241,47.00
20,1788,PARAGON,ST,45600,42000,92.11
20,1789,PARAMATRIX,SM,8400,4800,57.14
20,1790,PARAMOUNT,SM,10800,8400,77.78
20,1791,PARAS,EQ,203900,54333,26.65
20,1792,PARASPETRO,EQ,105379,91301,86.64
20,1793,PARKHOTELS,EQ,366635,203136,55.41
20,1794,PARTYCRUS,SM,1000,1000,100.00
20,1795,PASHUPATI,ST,30800,28200,91.56
20,1796,PASUPTAC,EQ,15434,8932,57.87
20,1797,PATANJALI,EQ,428744,254385,59.33
20,1798,PATELENG,EQ,2047367,963053,47.04
20,1799,PATINTLOG,EQ,77378,46226,59.74
20,1800,PATTECH,SM,4500,4500,100.00
20,1801,PAVNAIND,EQ,45701,43086,94.28
20,1802,PAYTM,EQ,3410818,522626,15.32
20,1803,PCBL,EQ,1493965,549983,36.81
20,1804,PCCL,SM,100400,98000,97.61
20,1805,PCJEWELLER,EQ,8703961,4377748,50.30
20,1806,PDMJEPAPER,EQ,76801,41577,54.14
20,1807,PDSL,EQ,64836,33044,50.97
20,1808,PEARLPOLY,EQ,19582,13843,70.69
20,1809,PEL,EQ,393745,82358,20.92
20,1810,PELATRO,ST,4800,4800,100.00
20,1811,PENIND,EQ,328997,127746,38.83
20,1812,PENTAGON,SM,7000,6000,85.71
20,1813,PERFECT,ST,63000,63000,100.00
20,1814,PERSISTENT,EQ,649930,269853,41.52
20,1815,PETRONET,EQ,2126423,1155282,54.33
20,1816,PFC,EQ,8201863,5147755,62.76
20,1817,PFIZER,EQ,1098565,46355,4.22
20,1818,PFOCUS,EQ,27851,15157,54.42
20,1819,PFS,EQ,566018,304684,53.83
20,1820,PGEL,EQ,948832,316661,33.37
20,1821,PGHH,EQ,5189,2573,49.59
20,1822,PGHL,EQ,8585,3810,44.38
20,1823,PGIL,EQ,86898,33465,38.51
20,1824,PGINVIT,IV,1683174,1650566,98.06
20,1825,PHANTOMFX,SM,167100,160200,95.87
20,1826,PHARMABEES,EQ,2523887,1337669,53.00
20,1827,PHOENIXLTD,EQ,445813,283114,63.51
20,1828,PHOGLOBAL,ST,30000,30000,100.00
20,1829,PIDILITIND,EQ,369386,239016,64.71
20,1830,PIIND,EQ,142386,68251,47.93
20,1831,PILANIINVS,EQ,3083,1594,51.70
20,1832,PILITA,EQ,166635,117417,70.46
20,1833,PITTIENG,EQ,45924,24479,53.30
20,1834,PIXTRANS,EQ,13819,9253,66.96
20,1835,PLADAINFO,SM,33000,33000,100.00
20,1836,PLASTIBLEN,EQ,5861,4246,72.44
20,1837,PLATIND,EQ,148616,60697,40.84
20,1838,PLAZACABLE,EQ,23240,17115,73.64
20,1839,PNB,EQ,12552679,4083051,32.53
20,1840,PNBGILTS,EQ,368048,140154,38.08
20,1841,PNBHOUSING,EQ,665712,440189,66.12
20,1842,PNCINFRA,EQ,509552,178257,34.98
20,1843,PNGJL,EQ,260865,90572,34.72
20,1844,POCL,EQ,38947,23709,60.88
20,1845,PODDARMENT,EQ,6532,6050,92.62
20,1846,POKARNA,EQ,39165,16293,41.60
20,1847,POLICYBZR,EQ,1408416,791280,56.18
20,1848,POLYCAB,EQ,450544,260331,57.78
20,1849,POLYMED,EQ,88024,33376,37.92
20,1850,POLYPLEX,EQ,40717,19014,46.70
20,1851,POLYSIL,SM,196000,156000,79.59
20,1852,PONNIERODE,EQ,11659,7026,60.26
20,1853,POONAWALLA,EQ,1324006,419204,31.66
20,1854,POSITRON,SM,18000,14100,78.33
20,1855,POWERGRID,EQ,14599185,10493685,71.88
20,1856,POWERINDIA,EQ,186590,57609,30.87
20,1857,POWERMECH,EQ,52768,20063,38.02
20,1858,PPAP,EQ,4269,2852,66.81
20,1859,PPL,EQ,40990,16649,40.62
20,1860,PPLPHARMA,EQ,10490706,1017499,9.70
20,1861,PPSL,SM,15000,12000,80.00
20,1862,PRAENG,EQ,97613,39340,40.30
20,1863,PRAJIND,EQ,635233,187558,29.53
20,1864,PRAKASH,EQ,530587,261754,49.33
20,1865,PRAKASHSTL,EQ,454515,192018,42.25
20,1866,PRAMARA,SM,32000,25000,78.13
20,1867,PRANIK,SM,8000,6400,80.00
20,1868,PRATHAM,ST,1600,1600,100.00
20,1869,PRECAM,EQ,376235,225017,59.81
20,1870,PRECISION,ST,14000,14000,100.00
20,1871,PRECWIRE,EQ,171398,111274,64.92
20,1872,PREMEXPLN,EQ,115190,40622,35.27
20,1873,PREMIERENE,EQ,753520,221293,29.37
20,1874,PREMIERPOL,EQ,130782,84946,64.95
20,1875,PREMIUM,SM,15000,12000,80.00
20,1876,PRESSTONIC,ST,3200,3200,100.00
20,1877,PRESTIGE,EQ,2658937,1735617,65.27
20,1878,PRICOLLTD,EQ,193426,89718,46.38
20,1879,PRIMESECU,EQ,105249,89476,85.01
20,1880,PRINCEPIPE,EQ,199805,73294,36.68
20,1881,PRITI,EQ,5838,3010,51.56
20,1882,PRITIKA,ST,8000,6000,75.00
20,1883,PRITIKAUTO,EQ,155347,91694,59.03
20,1884,PRIVISCL,EQ,19035,10852,57.01
20,1885,PRIZOR,ST,28000,27200,97.14
20,1886,PRLIND,SM,14000,12000,85.71
20,1887,PROLIFE,SM,3500,2500,71.43
20,1888,PROPEQUITY,SM,13200,10800,81.82
20,1889,PROTEAN,EQ,134418,54923,40.86
20,1890,PROV,SM,80,80,100.00
20,1891,PRSMJOHNSN,EQ,211275,79287,37.53
20,1892,PRUDENT,EQ,56109,29069,51.81
20,1893,PSB,EQ,371022,67445,18.18
20,1894,PSFL,SM,16000,10000,62.50
20,1895,PSPPROJECT,EQ,47253,30212,63.94
20,1896,PSRAJ,ST,19000,19000,100.00
20,1897,PSUBANK,EQ,3620,2297,63.45
20,1898,PSUBANKADD,EQ,1844,1243,67.41
20,1899,PSUBNKBEES,EQ,1003273,394145,39.29
20,1900,PSUBNKIETF,EQ,145251,37309,25.69
20,1901,PTC,EQ,1990720,1086807,54.59
20,1902,PTCIL,EQ,12884,6171,47.90
20,1903,PTL,EQ,35103,23277,66.31
20,1904,PULZ,SM,4000,4000,100.00
20,1905,PUNJABCHEM,EQ,7272,3586,49.31
20,1906,PURPLEUTED,SM,23000,16000,69.57
20,1907,PURVA,EQ,48997,23008,46.96
20,1908,PURVFLEXI,SM,36000,29600,82.22
20,1909,PVP,EQ,121653,66112,54.34
20,1910,PVRINOX,EQ,458916,186026,40.54
20,1911,PVSL,EQ,35311,20322,57.55
20,1912,PVTBANIETF,EQ,1191232,627270,52.66
20,1913,PVTBANKADD,EQ,24066,14311,59.47
20,1914,PYRAMID,EQ,58651,24160,41.19
20,1915,QFIL,SM,18000,17000,94.44
20,1916,QGOLDHALF,EQ,15504,11099,71.59
20,1917,QMSMEDI,SM,6000,6000,100.00
20,1918,QNIFTY,EQ,918,893,97.28
20,1919,QPOWER,EQ,11080676,5940373,53.61
20,1920,QUADFUTURE,EQ,5608097,279089,4.98
20,1921,QUADPRO,SM,408000,408000,100.00
20,1922,QUAL30IETF,EQ,488308,350691,71.82
20,1923,QUESS,EQ,85016,38812,45.65
20,1924,QUESTLAB,ST,1200,1200,100.00
20,1925,QUICKHEAL,EQ,230487,107697,46.73
20,1926,QUICKTOUCH,ST,7000,7000,100.00
20,1927,QVCEL,ST,8000,6400,80.00
20,1928,RACE,EQ,10195,6313,61.92
20,1929,RACLGEAR,EQ,5791,3385,58.45
20,1930,RADHIKAJWE,EQ,113964,63015,55.29
20,1931,RADIANTCMS,EQ,103443,64723,62.57
20,1932,RADICO,EQ,173163,72773,42.03
20,1933,RADIOCITY,EQ,132173,118346,89.54
20,1934,RADIOCITY,P1,194,194,100.00
20,1935,RADIOWALLA,SM,8000,6400,80.00
20,1936,RAILTEL,EQ,6236194,537782,8.62
20,1937,RAIN,EQ,755090,341166,45.18
20,1938,RAINBOW,EQ,283838,180756,63.68
20,1939,RAJESHEXPO,EQ,2365791,281506,11.90
20,1940,RAJINDLTD,SM,36000,31500,87.50
20,1941,RAJMET,EQ,840414,437821,52.10
20,1942,RAJPUTANA,SM,13000,10000,76.92
20,1943,RAJRATAN,EQ,103361,74051,71.64
20,1944,RAJSREESUG,EQ,19317,9707,50.25
20,1945,RALLIS,EQ,396628,115494,29.12
20,1946,RAMANEWS,EQ,5656998,1434177,25.35
20,1947,RAMAPHO,EQ,11317,7670,67.77
20,1948,RAMASTEEL,EQ,4987377,1725917,34.61
20,1949,RAMCOCEM,EQ,189858,80222,42.25
20,1950,RAMCOIND,EQ,48799,28759,58.93
20,1951,RAMCOSYS,EQ,46313,19032,41.09
20,1952,RAMKY,EQ,80071,60746,75.87
20,1953,RAMRAT,EQ,13705,6135,44.76
20,1954,RANASUG,EQ,105178,49856,47.40
20,1955,RANEENGINE,EQ,6334,3804,60.06
20,1956,RANEHOLDIN,EQ,13424,9344,69.61
20,1957,RAPPID,ST,1800,1800,100.00
20,1958,RATEGAIN,EQ,390822,177005,45.29
20,1959,RATNAMANI,EQ,12914,5776,44.73
20,1960,RATNAVEER,EQ,82742,45609,55.12
20,1961,RAYMOND,EQ,169841,39529,23.27
20,1962,RAYMONDLSL,EQ,109263,58080,53.16
20,1963,RBA,EQ,635945,307316,48.32
20,1964,RBL,EQ,6025,3585,59.50
20,1965,RBLBANK,EQ,4825467,1149443,23.82
20,1966,RBMINFRA,ST,62800,58800,93.63
20,1967,RBS,ST,12800,11200,87.50
20,1968,RBZJEWEL,EQ,137886,53701,38.95
20,1969,RCDL,SM,15000,15000,100.00
20,1970,RCF,EQ,1250700,332760,26.61
20,1971,READYMIX,ST,51000,51000,100.00
20,1972,RECLTD,EQ,4949143,1905168,38.49
20,1973,REDINGTON,EQ,6585491,1232710,18.72
20,1974,REDTAPE,EQ,136768,51080,37.35
20,1975,REFEX,EQ,147308,81421,55.27
20,1976,REFRACTORY,ST,1000,1000,100.00
20,1977,RELAXO,EQ,78181,35803,45.80
20,1978,RELCHEMQ,EQ,1842,986,53.53
20,1979,RELIABLE,EQ,18120,7765,42.85
20,1980,RELIANCE,EQ,7172498,4272207,59.56
20,1981,RELIGARE,EQ,7029595,1560975,22.21
20,1982,RELINFRA,EQ,3489248,2109668,60.46
20,1983,RELTD,EQ,78657,38076,48.41
20,1984,REMSONSIND,EQ,27294,13022,47.71
20,1985,REMUS,SM,3000,1850,61.67
20,1986,RENUKA,EQ,4203862,1271046,30.24
20,1987,REPCOHOME,EQ,114205,64099,56.13
20,1988,REPRO,EQ,5036,3346,66.44
20,1989,RESPONIND,EQ,135060,49231,36.45
20,1990,RETAIL,EQ,2048,1805,88.13
20,1991,REXPIPES,SM,2000,2000,100.00
20,1992,REXPRO,SM,63000,32000,50.79
20,1993,RGL,EQ,152543,79065,51.83
20,1994,RHIM,EQ,317445,97019,30.56
20,1995,RICOAUTO,EQ,343277,153182,44.62
20,1996,RIIL,EQ,79491,20952,26.36
20,1997,RILINFRA,SM,6400,5000,78.13
20,1998,RISHABH,EQ,54177,28269,52.18
20,1999,RITCO,EQ,35430,19364,54.65
20,2000,RITES,EQ,812631,230456,28.36
20,2001,RITEZONE,SM,8000,8000,100.00
20,2002,RKDL,EQ,9106,6266,68.81
20,2003,RKEC,EQ,68926,53215,77.21
20,2004,RKFORGE,EQ,253589,71410,28.16
20,2005,RKSWAMY,EQ,53349,30093,56.41
20,2006,RMDRIP,ST,11500,11500,100.00
20,2007,RML,EQ,6967,4034,57.90
20,2008,RNFI,ST,21600,21600,100.00
20,2009,ROCKINGDCE,SM,2250,2000,88.89
20,2010,ROHLTD,EQ,145555,47753,32.81
20,2011,ROLEXRINGS,EQ,8524,3342,39.21
20,2012,ROML,EQ,18420,15513,84.22
20,2013,ROSSARI,EQ,33113,16252,49.08
20,2014,ROSSTECH,EQ,23766,14637,61.59
20,2015,ROTO,EQ,75455,40250,53.34
20,2016,ROUTE,EQ,74277,26925,36.25
20,2017,ROXHITECH,ST,19200,16000,83.33
20,2018,ROYALARC,ST,902400,902400,100.00
20,2019,RPEL,EQ,18422,10229,55.53
20,2020,RPGLIFE,EQ,16776,6861,40.90
20,2021,RPOWER,EQ,11570405,4495511,38.85
20,2022,RPPL,EQ,87817,51405,58.54
20,2023,RPSGVENT,EQ,22380,10961,48.98
20,2024,RPTECH,EQ,106250,42875,40.35
20,2025,RRKABEL,EQ,66761,30540,45.75
20,2026,RSWM,EQ,58003,46490,80.15
20,2027,RSYSTEMS,EQ,149109,110453,74.08
20,2028,RTNINDIA,EQ,1234561,428016,34.67
20,2029,RTNPOWER,EQ,7056840,3946336,55.92
20,2030,RUBFILA,EQ,18753,10491,55.94
20,2031,RUBYMILLS,EQ,17468,8737,50.02
20,2032,RUCHINFRA,EQ,98885,62235,62.94
20,2033,RUCHIRA,EQ,13751,8041,58.48
20,2034,RULKA,ST,9900,9900,100.00
20,2035,RUPA,EQ,74854,30467,40.70
20,2036,RUSHIL,EQ,257633,148687,57.71
20,2037,RUSTOMJEE,EQ,34904,14969,42.89
20,2038,RVNL,EQ,10785069,978837,9.08
20,2039,RVTH,EQ,3483,2974,85.39
20,2040,SAAKSHI,SM,2400,1200,50.00
20,2041,SABAR,ST,105000,100000,95.24
20,2042,SADBHIN,EQ,146592,114463,78.08
20,2043,SADHAV,SM,16200,11400,70.37
20,2044,SAFARI,EQ,35879,17660,49.22
20,2045,SAGARDEEP,EQ,68487,16675,24.35
20,2046,SAGCEM,EQ,28791,15499,53.83
20,2047,SAH,EQ,139926,125514,89.70
20,2048,SAHAJSOLAR,SM,3200,3000,93.75
20,2049,SAHANA,ST,6000,5375,89.58
20,2050,SAHASRA,ST,39600,36400,91.92
20,2051,SAHYADRI,EQ,4314,2866,66.43
20,2052,SAIFL,ST,7200,6400,88.89
20,2053,SAIL,EQ,24208995,6247745,25.81
20,2054,SAILIFE,EQ,359694,117303,32.61
20,2055,SAJHOTELS,ST,10000,10000,100.00
20,2056,SAKAR,EQ,72233,27442,37.99
20,2057,SAKHTISUG,EQ,117711,62538,53.13
20,2058,SAKSOFT,EQ,153485,68876,44.87
20,2059,SALASAR,EQ,5453252,2692610,49.38
20,2060,SALONA,EQ,793,382,48.17
20,2061,SALSTEEL,EQ,68110,36524,53.63
20,2062,SALZERELEC,EQ,77903,26964,34.61
20,2063,SAMHI,EQ,904094,522714,57.82
20,2064,SAMMAANCAP,EQ,6858958,3736677,54.48
20,2065,SANATHAN,EQ,339680,295565,87.01
20,2066,SANDESH,EQ,2230,1494,67.00
20,2067,SANDHAR,EQ,115496,52269,45.26
20,2068,SANDUMA,EQ,239534,65225,27.23
20,2069,SANGAMIND,EQ,9241,4848,52.46
20,2070,SANGHIIND,EQ,290717,147287,50.66
20,2071,SANGHVIMOV,EQ,388070,152858,39.39
20,2072,SANGINITA,EQ,14365,11190,77.90
20,2073,SANOFI,EQ,6754,2937,43.49
20,2074,SANOFICONR,EQ,15888,9639,60.67
20,2075,SANSERA,EQ,95225,44473,46.70
20,2076,SANSTAR,EQ,366195,229104,62.56
20,2077,SAPPHIRE,EQ,386550,209876,54.29
20,2078,SARDAEN,EQ,610486,231811,37.97
20,2079,SAREGAMA,EQ,165457,46507,28.11
20,2080,SAROJA,SM,6400,3200,50.00
20,2081,SARTELE,SM,116500,94500,81.12
20,2082,SARVESHWAR,EQ,1339287,703527,52.53
20,2083,SASKEN,EQ,7000,5408,77.26
20,2084,SASTASUNDR,EQ,19870,12001,60.40
20,2085,SATECH,ST,124000,121000,97.58
20,2086,SATIA,EQ,116866,77587,66.39
20,2087,SATIN,EQ,138696,65404,47.16
20,2088,SATINDLTD,EQ,194323,122304,62.94
20,2089,SATIPOLY,SM,1500,1500,100.00
20,2090,SATKARTAR,SM,54400,33600,61.76
20,2091,SAURASHCEM,EQ,37401,18405,49.21
20,2092,SBC,EQ,3612635,2309872,63.94
20,2093,SBCL,EQ,205897,114831,55.77
20,2094,SBFC,EQ,1281206,473836,36.98
20,2095,SBGLP,EQ,177480,177480,100.00
20,2096,SBICARD,EQ,1436630,844055,58.75
20,2097,SBIETFCON,EQ,7813,5964,76.33
20,2098,SBIETFIT,EQ,10368,7870,75.91
20,2099,SBIETFPB,EQ,3709,2747,74.06
20,2100,SBIETFQLTY,EQ,3741,3555,95.03
20,2101,SBILIFE,EQ,1116079,730975,65.49
20,2102,SBIN,EQ,6912148,3131540,45.30
20,2103,SBINEQWETF,EQ,40925,36901,90.17
20,2104,SBISILVER,EQ,46266,28939,62.55
20,2105,SCHAEFFLER,EQ,38730,18536,47.86
20,2106,SCHAND,EQ,55266,43160,78.10
20,2107,SCHNEIDER,EQ,260504,67348,25.85
20,2108,SCI,EQ,920423,319272,34.69
20,2109,SCILAL,EQ,381435,204512,53.62
20,2110,SCL25924A,N1,1,1,100.00
20,2111,SCL310524A,ZK,20,20,100.00
20,2112,SCLZC25,YN,20,20,100.00
20,2113,SCPL,EQ,12524,7701,61.49
20,2114,SDBL,EQ,835072,434250,52.00
20,2115,SDL26BEES,EQ,97987,96895,98.89
20,2116,SDREAMS,ST,8000,8000,100.00
20,2117,SEAMECLTD,EQ,13672,9712,71.04
20,2118,SECL,ST,6250,6250,100.00
20,2119,SECMARK,EQ,3008,1217,40.46
20,2120,SECURKLOUD,EQ,15023,9392,62.52
20,2121,SEJALLTD,EQ,5806,3392,58.42
20,2122,SEL,ST,800,800,100.00
20,2123,SELAN,EQ,50443,25674,50.90
20,2124,SELMC,EQ,29425,24695,83.93
20,2125,SENCO,EQ,1834649,1136147,61.93
20,2126,SENORES,EQ,634330,103359,16.29
20,2127,SENSEXADD,EQ,3135,2804,89.44
20,2128,SENSEXETF,EQ,11085,9778,88.21
20,2129,SENSEXIETF,EQ,31278,15681,50.13
20,2130,SEPC,EQ,4228768,2353485,55.65
20,2131,SEQUENT,EQ,282008,158410,56.17
20,2132,SERVICE,SM,4000,4000,100.00
20,2133,SERVOTECH,EQ,467400,194810,41.68
20,2134,SESHAPAPER,EQ,13973,6364,45.54
20,2135,SETF10GILT,EQ,5861,4449,75.91
20,2136,SETFGOLD,EQ,3729757,2369096,63.52
20,2137,SETFNIF50,EQ,1923190,1814316,94.34
20,2138,SETFNIFBK,EQ,31442,22670,72.10
20,2139,SETFNN50,EQ,45947,27184,59.16
20,2140,SFL,EQ,94828,64462,67.98
20,2141,SFML,ST,32000,28800,90.00
20,2142,SGBAPR28I,GB,250,200,80.00
20,2143,SGBAUG27,GB,56,27,48.21
20,2144,SGBAUG28V,GB,1941,1658,85.42
20,2145,SGBAUG29V,GB,266,244,91.73
20,2146,SGBAUG30,GB,390,236,60.51
20,2147,SGBD29VIII,GB,153,137,89.54
20,2148,SGBDC27VII,GB,166,152,91.57
20,2149,SGBDE30III,GB,338,244,72.19
20,2150,SGBDE31III,GB,2706,2408,88.99
20,2151,SGBDEC25,GB,2,2,100.00
20,2152,SGBDEC2512,GB,5,5,100.00
20,2153,SGBDEC2513,GB,7,4,57.14
20,2154,SGBDEC25XI,GB,3,3,100.00
20,2155,SGBFEB27,GB,37,20,54.05
20,2156,SGBFEB28IX,GB,328,164,50.00
20,2157,SGBFEB29XI,GB,291,251,86.25
20,2158,SGBFEB32IV,GB,2104,1446,68.73
20,2159,SGBJ28VIII,GB,199,199,100.00
20,2160,SGBJAN27,GB,17,16,94.12
20,2161,SGBJAN29IX,GB,478,403,84.31
20,2162,SGBJAN29X,GB,215,168,78.14
20,2163,SGBJAN30IX,GB,73,51,69.86
20,2164,SGBJU29III,GB,155,97,62.58
20,2165,SGBJUL25,GB,96,96,100.00
20,2166,SGBJUL27,GB,14,14,100.00
20,2167,SGBJUL28IV,GB,396,285,71.97
20,2168,SGBJUL29IV,GB,77,59,76.62
20,2169,SGBJUN27,GB,24,20,83.33
20,2170,SGBJUN28,GB,237,162,68.35
20,2171,SGBJUN29II,GB,167,135,80.84
20,2172,SGBJUN30,GB,187,167,89.30
20,2173,SGBJUN31I,GB,812,640,78.82
20,2174,SGBMAR25,GB,132,130,98.48
20,2175,SGBMAR28X,GB,27,23,85.19
20,2176,SGBMAR30X,GB,41,34,82.93
20,2177,SGBMAR31IV,GB,552,414,75.00
20,2178,SGBMAY25,GB,27,27,100.00
20,2179,SGBMAY26,GB,73,42,57.53
20,2180,SGBMAY28,GB,575,424,73.74
20,2181,SGBMAY29I,GB,1007,920,91.36
20,2182,SGBMR29XII,GB,389,268,68.89
20,2183,SGBN28VIII,GB,436,302,69.27
20,2184,SGBNOV25IX,GB,1,1,100.00
20,2185,SGBNOV25VI,GB,6,6,100.00
20,2186,SGBNV29VII,GB,831,605,72.80
20,2187,SGBOC28VII,GB,70,62,88.57
20,2188,SGBOCT25,GB,11,11,100.00
20,2189,SGBOCT25IV,GB,13,13,100.00
20,2190,SGBOCT26,GB,27,27,100.00
20,2191,SGBOCT27,GB,36,36,100.00
20,2192,SGBOCT27VI,GB,14,14,100.00
20,2193,SGBSEP28VI,GB,429,367,85.55
20,2194,SGBSEP29VI,GB,625,565,90.40
20,2195,SGBSEP31II,GB,1521,1186,77.98
20,2196,SGL,EQ,2734,1706,62.40
20,2197,SGLTL,EQ,589693,210299,35.66
20,2198,SHAH,EQ,347968,219888,63.19
20,2199,SHAHALLOYS,EQ,9712,3197,32.92
20,2200,SHAKTIPUMP,EQ,473136,232946,49.23
20,2201,SHALBY,EQ,42385,22644,53.42
20,2202,SHALPAINTS,EQ,255668,119705,46.82
20,2203,SHANKARA,EQ,39986,25302,63.28
20,2204,SHANTHALA,ST,7200,7200,100.00
20,2205,SHANTI,EQ,43749,36627,83.72
20,2206,SHANTIGEAR,EQ,57812,27693,47.90
20,2207,SHARDACROP,EQ,62753,20487,32.65
20,2208,SHARDAMOTR,EQ,8409,3524,41.91
20,2209,SHAREINDIA,EQ,307908,138293,44.91
20,2210,SHARIABEES,EQ,5327,2685,50.40
20,2211,SHEETAL,SM,62000,44000,70.97
20,2212,SHEMAROO,EQ,22167,13682,61.72
20,2213,SHERA,SM,6000,5000,83.33
20,2214,SHIGAN,SM,24000,22500,93.75
20,2215,SHILPAMED,EQ,164939,89192,54.08
20,2216,SHIVALIK,EQ,14060,7056,50.18
20,2217,SHIVAMAUTO,EQ,54587,22711,41.61
20,2218,SHIVAMILLS,EQ,3234,1884,58.26
20,2219,SHIVATEX,EQ,6503,2630,40.44
20,2220,SHK,EQ,1601780,289889,18.10
20,2221,SHOPERSTOP,EQ,19815,9251,46.69
20,2222,SHREDIGCEM,EQ,241498,152518,63.15
20,2223,SHREECEM,EQ,11442,5032,43.98
20,2224,SHREEKARNI,ST,2250,2100,93.33
20,2225,SHREEOSFM,SM,11000,6000,54.55
20,2226,SHREEPUSHK,EQ,308310,109803,35.61
20,2227,SHREMINVIT,IV,25000,25000,100.00
20,2228,SHRENIK,EQ,638627,355395,55.65
20,2229,SHREYANIND,EQ,10261,5277,51.43
20,2230,SHRIPISTON,EQ,24072,8639,35.89
20,2231,SHRIRAMFIN,EQ,4523171,2121368,46.90
20,2232,SHRIRAMPPS,EQ,683522,356022,52.09
20,2233,SHUBHSHREE,ST,18000,13200,73.33
20,2234,SHYAMCENT,EQ,265379,199449,75.16
20,2235,SHYAMMETL,EQ,127970,67432,52.69
20,2236,SIEMENS,EQ,561835,320133,56.98
20,2237,SIGACHI,EQ,1372723,455709,33.20
20,2238,SIGIND,EQ,7890,3680,46.64
20,2239,SIGMA,EQ,26807,3353,12.51
20,2240,SIGNATURE,EQ,652502,112572,17.25
20,2241,SIGNORIA,ST,5000,5000,100.00
20,2242,SIKKO,EQ,59202,25846,43.66
20,2243,SIL,EQ,25349,15196,59.95
20,2244,SILGO,EQ,87865,50924,57.96
20,2245,SILINV,EQ,1770,1066,60.23
20,2246,SILKFLEX,SM,12000,8000,66.67
20,2247,SILLYMONKS,EQ,1381,1355,98.12
20,2248,SILVER,EQ,233269,173836,74.52
20,2249,SILVER1,EQ,138076,126665,91.74
20,2250,SILVERADD,EQ,165546,161736,97.70
20,2251,SILVERBEES,EQ,5830280,5022876,86.15
20,2252,SILVERETF,EQ,278442,181932,65.34
20,2253,SILVERIETF,EQ,1201220,1043934,86.91
20,2254,SILVERTUC,EQ,17175,7885,45.91
20,2255,SILVRETF,EQ,5126,3755,73.25
20,2256,SIMPLEXINF,EQ,2900,2127,73.34
20,2257,SINCLAIR,EQ,44956,30220,67.22
20,2258,SINDHUTRAD,EQ,656467,289807,44.15
20,2259,SINTERCOM,EQ,42932,32277,75.18
20,2260,SIRCA,EQ,25452,11009,43.25
20,2261,SIS,EQ,33412,18978,56.80
20,2262,SIYSIL,EQ,47766,21431,44.87
20,2263,SJLOGISTIC,SM,19750,14000,70.89
20,2264,SJS,EQ,47782,27448,57.44
20,2265,SJVN,EQ,4682847,1263134,26.97
20,2266,SKFINDIA,EQ,49165,34546,70.27
20,2267,SKIPPER,EQ,475727,127113,26.72
20,2268,SKMEGGPROD,EQ,35024,19711,56.28
20,2269,SKP,SM,1500,1500,100.00
20,2270,SLONE,ST,18400,18400,100.00
20,2271,SMALLCAP,EQ,1034094,800684,77.43
20,2272,SMARTLINK,EQ,2530,2054,81.19
20,2273,SMCGLOBAL,EQ,149052,78148,52.43
20,2274,SMLISUZU,EQ,10136,4939,48.73
20,2275,SMLT,EQ,3065,1063,34.68
20,2276,SMSPHARMA,EQ,148920,45139,30.31
20,2277,SMVD,SM,40400,40400,100.00
20,2278,SNOWMAN,EQ,362268,179806,49.63
20,2279,SOBHA,EQ,250009,105620,42.25
20,2280,SOLARA,EQ,465925,257123,55.19
20,2281,SOLARAPP,E1,11511,10848,94.24
20,2282,SOLARINDS,EQ,48361,22043,45.58
20,2283,SOLEX,ST,4875,4750,97.44
20,2284,SOMANYCERA,EQ,43947,20314,46.22
20,2285,SOMICONVEY,EQ,5014,3154,62.90
20,2286,SONACOMS,EQ,1407219,731515,51.98
20,2287,SONAMAC,ST,7000,7000,100.00
20,2288,SONAMLTD,EQ,79809,39585,49.60
20,2289,SONATSOFTW,EQ,446798,231347,51.78
20,2290,SONUINFRA,ST,24000,24000,100.00
20,2291,SOTL,EQ,102760,48930,47.62
20,2292,SOUTHBANK,EQ,8097924,4000688,49.40
20,2293,SOUTHWEST,EQ,42450,28355,66.80
20,2294,SPAL,EQ,29136,12630,43.35
20,2295,SPANDANA,EQ,384731,163478,42.49
20,2296,SPARC,EQ,792543,364743,46.02
20,2297,SPCL,ST,63000,60600,96.19
20,2298,SPECIALITY,EQ,34502,12646,36.65
20,2299,SPECTRUM,SM,6500,4625,71.15
20,2300,SPECTSTM,SM,3200,3200,100.00
20,2301,SPENCERS,EQ,362247,133238,36.78
20,2302,SPIC,EQ,742632,357285,48.11
20,2303,SPLIL,EQ,14431,9629,66.72
20,2304,SPLPETRO,EQ,37242,17122,45.97
20,2305,SPORTKING,EQ,114769,53123,46.29
20,2306,SPPPOLY,ST,2000,2000,100.00
20,2307,SRD,EQ,55019,45344,82.42
20,2308,SREEL,EQ,5324,2747,51.60
20,2309,SRF,EQ,366653,169626,46.26
20,2310,SRGHFL,EQ,8371,1982,23.68
20,2311,SRHHYPOLTD,EQ,15121,8655,57.24
20,2312,SRIVASAVI,SM,12000,11000,91.67
20,2313,SSDL,EQ,47760,23113,48.39
20,2314,SSEGL,SM,91000,57600,63.30
20,2315,SSFL,SM,8500,6500,76.47
20,2316,S&SPOWER,EQ,7660,3473,45.34
20,2317,SSWL,EQ,97551,62702,64.28
20,2318,STALLION,EQ,1725759,752600,43.61
20,2319,STANLEY,EQ,153633,129794,84.48
20,2320,STAR,EQ,412810,187915,45.52
20,2321,STARCEMENT,EQ,1168674,264964,22.67
20,2322,STARHEALTH,EQ,1077871,622346,57.74
20,2323,STARPAPER,EQ,9999,5618,56.19
20,2324,STARTECK,EQ,10675,1326,12.42
20,2325,STCINDIA,EQ,21551,9669,44.87
20,2326,STEELCAS,EQ,2971,1652,55.60
20,2327,STEELCITY,EQ,22579,15563,68.93
20,2328,STEELXIND,EQ,739728,345374,46.69
20,2329,STEL,EQ,5146,3025,58.78
20,2330,STERTOOLS,EQ,95582,55498,58.06
20,2331,STLTECH,EQ,1061468,448173,42.22
20,2332,STOVEKRAFT,EQ,43104,19158,44.45
20,2333,STYLAMIND,EQ,25979,17475,67.27
20,2334,STYLEBAAZA,EQ,277472,114874,41.40
20,2335,STYRENIX,EQ,14998,8788,58.59
20,2336,SUBEXLTD,EQ,3560151,1646144,46.24
20,2337,SUBROS,EQ,63512,16131,25.40
20,2338,SUDARSCHEM,EQ,153832,62231,40.45
20,2339,SUKHJITS,EQ,6403,3870,60.44
20,2340,SULA,EQ,992708,537360,54.13
20,2341,SUMICHEM,EQ,381651,241565,63.29
20,2342,SUMIT,EQ,18152,11944,65.80
20,2343,SUMMITSEC,EQ,12064,5378,44.58
20,2344,SUNCLAY,EQ,15590,8436,54.11
20,2345,SUNDARAM,EQ,337653,165928,49.14
20,2346,SUNDARMFIN,EQ,80586,38596,47.89
20,2347,SUNDARMHLD,EQ,74647,44286,59.33
20,2348,SUNDRMFAST,EQ,39047,15474,39.63
20,2349,SUNLITE,SM,1200,1200,100.00
20,2350,SUNPHARMA,EQ,2357441,1478424,62.71
20,2351,SUNTECK,EQ,316292,156623,49.52
20,2352,SUNTV,EQ,319854,152523,47.69
20,2353,SUPERHOUSE,EQ,10864,5463,50.29
20,2354,SUPERSPIN,EQ,44072,24828,56.34
20,2355,SUPRAJIT,EQ,50041,27485,54.92
20,2356,SUPREME,EQ,23116,12904,55.82
20,2357,SUPREMEIND,EQ,343931,100041,29.09
20,2358,SUPREMEPWR,ST,112000,101500,90.63
20,2359,SUPRIYA,EQ,273704,66772,24.40
20,2360,SURAJEST,EQ,54075,29468,54.49
20,2361,SURAJLTD,EQ,126,89,70.63
20,2362,SURAKSHA,EQ,28072,12227,43.56
20,2363,SURANASOL,EQ,127003,74579,58.72
20,2364,SURANAT&P,EQ,65758,45527,69.23
20,2365,SURYALAXMI,EQ,6436,4575,71.08
20,2366,SURYAROSNI,EQ,569221,328883,57.78
20,2367,SURYODAY,EQ,196625,101313,51.53
20,2368,SUTLEJTEX,EQ,62153,31234,50.25
20,2369,SUVEN,EQ,374237,184041,49.18
20,2370,SUVENPHAR,EQ,442250,150207,33.96
20,2371,SUVIDHAA,EQ,128706,74674,58.02
20,2372,SUYOG,EQ,32635,23174,71.01
20,2373,SUZLON,EQ,43162800,19771848,45.81
20,2374,SWANENERGY,EQ,2401572,541212,22.54
20,2375,SWARAJ,SM,19000,16500,86.84
20,2376,SWARAJENG,EQ,8016,4028,50.25
20,2377,SWASTIK,SM,4800,3600,75.00
20,2378,SWELECTES,EQ,25815,13984,54.17
20,2379,SWIGGY,EQ,12371636,1963208,15.87
20,2380,SWSOLAR,EQ,2475235,1392376,56.25
20,2381,SYLVANPLY,SM,2000,2000,100.00
20,2382,SYMPHONY,EQ,150135,43415,28.92
20,2383,SYNCOMF,EQ,1411395,559291,39.63
20,2384,SYNGENE,EQ,1515456,965699,63.72
20,2385,SYNOPTICS,SM,2400,1800,75.00
20,2386,SYRMA,EQ,1081572,352899,32.63
20,2387,SYSTANGO,SM,8400,4800,57.14
20,2388,TAC,ST,7600,7600,100.00
20,2389,TAINWALCHM,EQ,4415,2219,50.26
20,2390,TAJGVK,EQ,407083,96486,23.70
20,2391,TALBROAUTO,EQ,109317,67394,61.65
20,2392,TANLA,EQ,681670,227174,33.33
20,2393,TAPIFRUIT,SM,1500,1500,100.00
20,2394,TARC,EQ,372351,201027,53.99
20,2395,TARIL,EQ,1532933,683905,44.61
20,2396,TARMAT,EQ,16980,12078,71.13
20,2397,TARSONS,EQ,48380,29774,61.54
20,2398,TASTYBITE,EQ,16642,3526,21.19
20,2399,TATACHEM,EQ,357017,98642,27.63
20,2400,TATACOMM,EQ,741744,493789,66.57
20,2401,TATACONSUM,EQ,1002365,555396,55.41
20,2402,TATAELXSI,EQ,151226,44452,29.39
20,2403,TATAGOLD,EQ,7112462,5432427,76.38
20,2404,TATAINVEST,EQ,72078,12331,17.11
20,2405,TATAMOTORS,EQ,8861769,2886438,32.57
20,2406,TATAPOWER,EQ,3758390,1091429,29.04
20,2407,TATASTEEL,EQ,25193205,7770450,30.84
20,2408,TATATECH,EQ,595866,242500,40.70
20,2409,TATSILV,EQ,1002403,692738,69.11
20,2410,TATVA,EQ,91617,52645,57.46
20,2411,TBI,SM,43800,37800,86.30
20,2412,TBOTEK,EQ,157079,60252,38.36
20,2413,TBZ,EQ,78398,36173,46.14
20,2414,TCHF30,NB,43,43,100.00
20,2415,TCI,EQ,26010,11146,42.85
20,2416,TCIEXP,EQ,21207,11770,55.50
20,2417,TCL,SM,18400,10400,56.52
20,2418,TCPLPACK,EQ,10093,4914,48.69
20,2419,TCS,EQ,2508516,1828578,72.89
20,2420,TDPOWERSYS,EQ,638108,345703,54.18
20,2421,TEAMLEASE,EQ,23918,15800,66.06
20,2422,TECH,EQ,209844,205113,97.75
20,2423,TECHLABS,ST,41250,36125,87.58
20,2424,TECHM,EQ,1672609,986997,59.01
20,2425,TECHNOE,EQ,177481,80957,45.61
20,2426,TECILCHEM,EQ,558,192,34.41
20,2427,TEGA,EQ,98806,58883,59.59
20,2428,TEJASCARGO,ST,1489600,1487200,99.84
20,2429,TEJASNET,EQ,2227687,703062,31.56
20,2430,TEXINFRA,EQ,856545,324768,37.92
20,2431,TEXMOPIPES,EQ,33106,16266,49.13
20,2432,TEXRAIL,EQ,1425339,465165,32.64
20,2433,TFCILTD,EQ,664556,202651,30.49
20,2434,TGBHOTELS,EQ,23587,17682,74.97
20,2435,TGL,ST,33200,29000,87.35
20,2436,THANGAMAYL,EQ,75619,28196,37.29
20,2437,THEINVEST,EQ,113445,92413,81.46
20,2438,THEJO,EQ,7730,4135,53.49
20,2439,THEMISMED,EQ,61139,31404,51.36
20,2440,THERMAX,EQ,75332,30794,40.88
20,2441,THOMASCOOK,EQ,1333562,695285,52.14
20,2442,THYROCARE,EQ,17162,7647,44.56
20,2443,TI,EQ,961365,410967,42.75
20,2444,TICL,EQ,109367,67289,61.53
20,2445,TIIL,EQ,4005,1961,48.96
20,2446,TIINDIA,EQ,221148,123670,55.92
20,2447,TIL,EQ,54070,41181,76.16
20,2448,TIMESCAN,SM,4000,4000,100.00
20,2449,TIMETECHNO,EQ,705797,170167,24.11
20,2450,TIMKEN,EQ,108893,72258,66.36
20,2451,TIPSMUSIC,EQ,237696,108509,45.65
20,2452,TIRUMALCHM,EQ,180389,74271,41.17
20,2453,TIRUPATI,SM,15500,15500,100.00
20,2454,TITAGARH,EQ,1149093,307161,26.73
20,2455,TITAN,EQ,431232,228776,53.05
20,2456,TMB,EQ,42817,23980,56.01
20,2457,TNIDETF,EQ,67327,38998,57.92
20,2458,TNPETRO,EQ,72300,33553,46.41
20,2459,TNPL,EQ,178095,73594,41.32
20,2460,TOKYOPLAST,EQ,6522,5486,84.12
20,2461,TOLINS,EQ,106155,43715,41.18
20,2462,TOP100CASE,EQ,946015,807759,85.39
20,2463,TOP10ADD,EQ,431681,423526,98.11
20,2464,TORNTPHARM,EQ,353049,224726,63.65
20,2465,TORNTPOWER,EQ,451488,213020,47.18
20,2466,TOTAL,EQ,404167,96941,23.99
20,2467,TPLPLASTEH,EQ,149312,27970,18.73
20,2468,TRACXN,EQ,558607,322456,57.73
20,2469,TRANSRAILL,EQ,778669,184002,23.63
20,2470,TRANSTEEL,ST,96000,78000,81.25
20,2471,TRANSWORLD,EQ,52732,27902,52.91
20,2472,TREEHOUSE,EQ,4310,3315,76.91
20,2473,TREJHARA,EQ,19905,13432,67.48
20,2474,TREL,EQ,185729,100236,53.97
20,2475,TRENT,EQ,823625,352275,42.77
20,2476,TRF,EQ,21741,12456,57.29
20,2477,TRIDENT,EQ,2710588,1117019,41.21
20,2478,TRIDHYA,SM,24000,24000,100.00
20,2479,TRIGYN,EQ,60451,25665,42.46
20,2480,TRITURBINE,EQ,851470,231395,27.18
20,2481,TRIVENI,EQ,2740538,318282,11.61
20,2482,TROM,SM,3000,2400,80.00
20,2483,TRUST,ST,78000,78000,100.00
20,2484,TTKHLTCARE,EQ,2779,2233,80.35
20,2485,TTKPRESTIG,EQ,27854,13478,48.39
20,2486,TTML,EQ,2168683,551274,25.42
20,2487,TUNWAL,SM,48000,30000,62.50
20,2488,TVSELECT,EQ,24891,13339,53.59
20,2489,TVSHLTD,EQ,4762,2165,45.46
20,2490,TVSMOTOR,EQ,505656,186123,36.81
20,2491,TVSSCS,EQ,2079714,393151,18.90
20,2492,TVSSRICHAK,EQ,3415,2892,84.69
20,2493,TVTODAY,EQ,67154,34861,51.91
20,2494,UBL,EQ,315107,138361,43.91
20,2495,UCOBANK,EQ,2026948,623143,30.74
20,2496,UDAICEMENT,EQ,109456,71655,65.46
20,2497,UDS,EQ,83287,38719,46.49
20,2498,UFLEX,EQ,45819,29756,64.94
20,2499,UFO,EQ,54216,32696,60.31
20,2500,UGARSUGAR,EQ,105445,55090,52.25
20,2501,UGROCAP,EQ,213041,114254,53.63
20,2502,UHTL,ST,16000,12000,75.00
20,2503,UJJIVANSFB,EQ,6636862,2356749,35.51
20,2504,ULTRACEMCO,EQ,175294,118168,67.41
20,2505,UMA,SM,12000,12000,100.00
20,2506,UMAEXPORTS,EQ,31265,14690,46.99
20,2507,UMESLTD,EQ,26814,12509,46.65
20,2508,UNICHEMLAB,EQ,75498,34309,45.44
20,2509,UNIDT,EQ,14093,6839,48.53
20,2510,UNIECOM,EQ,502104,284544,56.67
20,2511,UNIENTER,EQ,3180,1969,61.92
20,2512,UNIHEALTH,SM,9000,6000,66.67
20,2513,UNIINFO,EQ,14657,6687,45.62
20,2514,UNILEX,SM,1600,1600,100.00
20,2515,UNIMECH,EQ,69733,34217,49.07
20,2516,UNIONBANK,EQ,7889355,2544357,32.25
20,2517,UNIONGOLD,EQ,1000421,1000251,99.98
20,2518,UNIPARTS,EQ,43199,27200,62.96
20,2519,UNITDSPR,EQ,754464,247253,32.77
20,2520,UNITEDPOLY,EQ,30651,26510,86.49
20,2521,UNITEDTEA,EQ,889,583,65.58
20,2522,UNIVCABLES,EQ,90186,28309,31.39
20,2523,UNOMINDA,EQ,677409,364204,53.76
20,2524,UPL,EQ,1293274,611643,47.29
20,2525,URAVIDEF,EQ,867,451,52.02
20,2526,URBAN,SM,24000,17600,73.33
20,2527,USHAFIN,SM,8000,6400,80.00
20,2528,USHAMART,EQ,706650,325258,46.03
20,2529,USK,EQ,66853,39600,59.23
20,2530,UTIAMC,EQ,290592,70736,24.34
20,2531,UTIBANKETF,EQ,36536,25988,71.13
20,2532,UTINEXT50,EQ,219164,174258,79.51
20,2533,UTINIFTETF,EQ,208638,196599,94.23
20,2534,UTISENSETF,EQ,3833,3440,89.75
20,2535,UTISXN50,EQ,3455,2423,70.13
20,2536,UTKARSHBNK,EQ,1185495,500831,42.25
20,2537,UTSSAV,SM,112800,99000,87.77
20,2538,UTTAMSUGAR,EQ,34900,13096,37.52
20,2539,UYFINCORP,EQ,51149,29792,58.25
20,2540,VADILALIND,EQ,20387,10172,49.89
20,2541,VAIBHAVGBL,EQ,352069,146439,41.59
20,2542,VAISHALI,EQ,506436,362906,71.66
20,2543,VAKRANGEE,EQ,8588447,3860045,44.94
20,2544,VAL30IETF,EQ,37907,33988,89.66
20,2545,VALIANTLAB,EQ,20552,14173,68.96
20,2546,VALIANTORG,EQ,20763,11262,54.24
20,2547,VARDHACRLC,EQ,16081,11994,74.58
20,2548,VARROC,EQ,133155,54625,41.02
20,2549,VASCONEQ,EQ,760418,418001,54.97
20,2550,VASWANI,EQ,45535,23010,50.53
20,2551,VBL,EQ,15905230,7476745,47.01
20,2552,VCL,EQ,196003,129168,65.90
20,2553,VDEAL,SM,16800,12000,71.43
20,2554,VEDL,EQ,6486110,2244697,34.61
20,2555,VEEDOL,EQ,8489,5399,63.60
20,2556,VEEKAYEM,ST,2500,2000,80.00
20,2557,VELS,ST,12000,10800,90.00
20,2558,VENKEYS,EQ,15011,6518,43.42
20,2559,VENTIVE,EQ,380304,183045,48.13
20,2560,VENUSPIPES,EQ,83471,21397,25.63
20,2561,VENUSREM,EQ,34091,22377,65.64
20,2562,VERANDA,EQ,74544,25852,34.68
20,2563,VERITAAS,SM,2400,2400,100.00
20,2564,VERTEXPLUS,SM,600,600,100.00
20,2565,VESUVIUS,EQ,98785,13001,13.16
20,2566,VETO,EQ,41642,27806,66.77
20,2567,VGUARD,EQ,532657,230365,43.25
20,2568,VHL,EQ,1971,1061,53.83
20,2569,VIAZ,SM,10000,8000,80.00
20,2570,VIDHIING,EQ,10793,5720,53.00
20,2571,VIESL,SM,38400,35200,91.67
20,2572,VIJAYA,EQ,856915,120931,14.11
20,2573,VIKASECO,EQ,6032953,2137145,35.42
20,2574,VIKASLIFE,EQ,2757748,1277577,46.33
20,2575,VILAS,SM,28500,23250,81.58
20,2576,VIMTALABS,EQ,107944,36088,33.43
20,2577,VINATIORGA,EQ,31528,16734,53.08
20,2578,VINCOFE,EQ,359396,192720,53.62
20,2579,VINDHYATEL,EQ,11414,7123,62.41
20,2580,VINEETLAB,EQ,19304,7938,41.12
20,2581,VINSYS,SM,7500,6500,86.67
20,2582,VINYAS,SM,600,600,100.00
20,2583,VINYLINDIA,EQ,23204,9373,40.39
20,2584,VIPCLOTHNG,EQ,120047,47689,39.73
20,2585,VIPIND,EQ,225005,67920,30.19
20,2586,VIRINCHI,EQ,142587,103624,72.67
20,2587,VISAKAIND,EQ,223451,124819,55.86
20,2588,VISAMAN,SM,3000,3000,100.00
20,2589,VISHNU,EQ,146970,62153,42.29
20,2590,VISHNUINFR,SM,2000,2000,100.00
20,2591,VISHWARAJ,EQ,622106,353953,56.90
20,2592,VISHWAS,SM,9600,6400,66.67
20,2593,VITAL,SM,6000,4800,80.00
20,2594,VIVIANA,ST,7375,7000,94.92
20,2595,VIVIDHA,EQ,313050,205336,65.59
20,2596,VIVO,SM,1600,1600,100.00
20,2597,VLINFRA,ST,66000,66000,100.00
20,2598,VLSFINANCE,EQ,34064,15603,45.80
20,2599,VMARCIND,ST,20750,19500,93.98
20,2600,VMART,EQ,16629,8435,50.72
20,2601,VMM,EQ,9374834,3351955,35.75
20,2602,VOLERCAR,ST,11200,11200,100.00
20,2603,VOLTAMP,EQ,107888,28681,26.58
20,2604,VOLTAS,EQ,1051867,494532,47.01
20,2605,VPRPL,EQ,665009,205773,30.94
20,2606,VR,ST,1600,1200,75.00
20,2607,VRAJ,EQ,24973,10562,42.29
20,2608,VRLLOG,EQ,32944,15165,46.03
20,2609,VSCL,ST,3000,3000,100.00
20,2610,VSSL,EQ,34898,19694,56.43
20,2611,VSTIND,EQ,404991,234369,57.87
20,2612,VSTL,EQ,23874,18034,75.54
20,2613,VSTTILLERS,EQ,3403,1408,41.38
20,2614,VTL,EQ,104273,56946,54.61
20,2615,WAAREEENER,EQ,755727,142584,18.87
20,2616,WABAG,EQ,367686,72434,19.70
20,2617,WALCHANNAG,EQ,421968,204862,48.55
20,2618,WANBURY,EQ,103742,53917,51.97
20,2619,WCIL,EQ,92294,50903,55.15
20,2620,WEIZMANIND,EQ,2132,1363,63.93
20,2621,WEL,EQ,297827,95484,32.06
20,2622,WELCORP,EQ,371887,197723,53.17
20,2623,WELENT,EQ,312117,151881,48.66
20,2624,WELINV,EQ,1958,1070,54.65
20,2625,WELSPUNLIV,EQ,1407391,737701,52.42
20,2626,WENDT,EQ,640,353,55.16
20,2627,WESTLIFE,EQ,50357,17428,34.61
20,2628,WEWIN,EQ,5400,1694,31.37
20,2629,WHEELS,EQ,9953,4946,49.69
20,2630,WHIRLPOOL,EQ,147836,84418,57.10
20,2631,WILLAMAGOR,EQ,2479,2218,89.47
20,2632,WINDLAS,EQ,204729,64041,31.28
20,2633,WINDMACHIN,EQ,58933,37279,63.26
20,2634,WINNY,ST,500,500,100.00
20,2635,WINSOL,SM,21600,14000,64.81
20,2636,WIPRO,EQ,12600963,5790132,45.95
20,2637,WOCKPHARMA,EQ,350051,163242,46.63
20,2638,WOL3D,SM,1000,1000,100.00
20,2639,WOMANCART,ST,3600,3600,100.00
20,2640,WONDERLA,EQ,55611,32507,58.45
20,2641,WORTH,EQ,30181,10132,33.57
20,2642,WSTCSTPAPR,EQ,126692,45793,36.15
20,2643,WTICAB,ST,1000,1000,100.00
20,2644,XCHANGING,EQ,106314,43864,41.26
20,2645,XELPMOC,EQ,8634,4146,48.02
20,2646,XPROINDIA,EQ,20249,10424,51.48
20,2647,XTGLOBAL,EQ,5855,4287,73.22
20,2648,YASHO,EQ,3813,1835,48.12
20,2649,YASHOPTICS,SM,8000,4800,60.00
20,2650,YATHARTH,EQ,374581,184837,49.35
20,2651,YATRA,EQ,197324,96841,49.08
20,2652,YCCL,SM,6000,6000,100.00
20,2653,YESBANK,EQ,53216360,20402225,38.34
20,2654,YUDIZ,SM,800,800,100.00
20,2655,YUKEN,EQ,4637,2197,47.38
20,2656,ZAGGLE,EQ,834511,369372,44.26
20,2657,ZEAL,SM,8400,6600,78.57
20,2658,ZEEL,EQ,9069755,5881899,64.85
20,2659,ZEELEARN,EQ,352821,218544,61.94
20,2660,ZEEMEDIA,EQ,2640636,1244129,47.11
20,2661,ZENITHDRUG,ST,31200,28800,92.31
20,2662,ZENITHSTL,EQ,71866,41714,58.04
20,2663,ZENSARTECH,EQ,2561277,894790,34.94
20,2664,ZENTEC,EQ,1006754,259626,25.79
20,2665,ZFCVINDIA,EQ,9109,3426,37.61
20,2666,ZIMLAB,EQ,36699,25812,70.33
20,2667,ZODIAC,EQ,36310,15284,42.09
20,2668,ZODIACLOTH,EQ,7399,3252,43.95
20,2669,ZOMATO,EQ,43335473,19552123,45.12
20,2670,ZOTA,EQ,34323,18144,52.86
20,2671,ZTECH,ST,8400,7500,89.29
20,2672,ZUARI,EQ,142302,75004,52.71
20,2673,ZUARIIND,EQ,40161,29466,73.37
20,2674,ZYDUSLIFE,EQ,854348,327569,38.34
20,2675,ZYDUSWELL,EQ,16325,7166,43.90
