Security Wise Delivery Position - Compulsory Rolling Settlement
10,MTO,07012025,1132902914,0002627
Trade Date <07-JAN-2025>,Settlement Type <N>
Record Type,Sr No,Name of Security,Quantity Traded,Deliverable Quantity(gross across client level),% of Deliverable Quantity to Traded Quantity
20,1,0MOFSL26,N1,50,50,100.00
20,2,0SCL26,YR,10,10,100.00
20,3,1003ISFL28,N4,126,126,100.00
20,4,1003SFIL28,NX,1644,1644,100.00
20,5,1015ECL29,NR,240,240,100.00
20,6,1018GS2026,GS,4500,4500,100.00
20,7,1030SFIL28,NM,5,5,100.00
20,8,1035UCL26,NA,99,99,100.00
20,9,1040NFL26,NA,1,1,100.00
20,10,1050ISFL28,N5,115,115,100.00
20,11,1050UCL25,N7,20,20,100.00
20,12,1060ECL29,NS,255,255,100.00
20,13,1065NFL27,NC,3,3,100.00
20,14,10CAGL27,N5,12,12,100.00
20,15,10IFSL26,N7,10,10,100.00
20,16,10IIFL28,N4,519,519,100.00
20,17,10IIFL28A,NE,495,483,97.58
20,18,10IIFL29,N6,60,60,100.00
20,19,10NFL25,N9,31,31,100.00
20,20,10NIDO26,N6,79,66,83.54
20,21,11DLSL25,NV,31,31,100.00
20,22,11UCL26,NC,15,15,100.00
20,23,12VCCL27,N0,2,2,100.00
20,24,182D010525,TB,500,500,100.00
20,25,182D080525,TB,100,100,100.00
20,26,182D120625,TB,1100,1100,100.00
20,27,182D150525,TB,100,100,100.00
20,28,182D190625,TB,1000,1000,100.00
20,29,182D240425,TB,700,700,100.00
20,30,360ONE,EQ,1064624,777311,73.01
20,31,364D020525,TB,1900,1900,100.00
20,32,364D031025,TB,200,200,100.00
20,33,364D070825,TB,400,400,100.00
20,34,364D110925,TB,300,300,100.00
20,35,364D120625,TB,1300,1300,100.00
20,36,364D150825,TB,100,100,100.00
20,37,364D161025,TB,300,300,100.00
20,38,364D200225,TB,100,100,100.00
20,39,364D210825,TB,400,400,100.00
20,40,364D280825,TB,300,300,100.00
20,41,364D290525,TB,11900,9900,83.19
20,42,364D301025,TB,100,100,100.00
20,43,3IINFOLTD,EQ,477361,201943,42.30
20,44,3MINDIA,EQ,7413,2684,36.21
20,45,563GS2026,GS,14,14,100.00
20,46,5PAISA,EQ,24984,10553,42.24
20,47,63MOONS,EQ,453261,168714,37.22
20,48,654GS2032,GS,1311,1021,77.88
20,49,664GS2035,GS,18,9,50.00
20,50,667GS2035,GS,3,3,100.00
20,51,667GS2050,GS,155,155,100.00
20,52,676GS2061,GS,201,201,100.00
20,53,679GS2034,GS,1000,1000,100.00
20,54,689GS2025,GS,7000,7000,100.00
20,55,692GS2039,GS,100,100,100.00
20,56,695GS2061,GS,784,784,100.00
20,57,697GR2034,GS,1,1,100.00
20,58,699GS2051,GS,100,100,100.00
20,59,704GS2029,GS,178,178,100.00
20,60,706GS2028,GS,49401,49401,100.00
20,61,709GS2074,GS,300,300,100.00
20,62,710GS2029,GS,6076,6025,99.16
20,63,716GS2050,GS,21,21,100.00
20,64,717GS2030,GS,450,450,100.00
20,65,718GS2037,GS,1047856,1047456,99.96
20,66,723GS2039,GS,100,100,100.00
20,67,725GS2063,GS,3326,3326,100.00
20,68,726GS2032,GS,5111,5111,100.00
20,69,726GS2033,GS,150,150,100.00
20,70,732IRFC25,NI,263,213,80.99
20,71,733GS2026,GS,3700,3600,97.30
20,72,734GS2064,GS,7966,7966,100.00
20,73,736GS2052,GS,18,15,83.33
20,74,736NTPC25D,NB,13,13,100.00
20,75,737GS2028,GS,600,500,83.33
20,76,738GS2027,GS,169420,169420,100.00
20,77,738REC27TF,N2,60,60,100.00
20,78,739NHAI26,N8,68,68,100.00
20,79,73GS2053,GS,45006,45006,100.00
20,80,741GS2036,GS,2877,2876,99.97
20,81,746GS2073,GS,2325,2325,100.00
20,82,74GS2062,GS,500,500,100.00
20,83,751HUDCO28,N5,548,548,100.00
20,84,753IRFC30,NJ,177,167,94.35
20,85,754GS2036,GS,198327,117848,59.42
20,86,762NTPC35F,ND,110,110,100.00
20,87,764HUDCO31,N8,69,69,100.00
20,88,764IRFC31,NO,31,31,100.00
20,89,769HUDCO31,N9,380,371,97.63
20,90,769NHAI31,NE,1,1,100.00
20,91,76IGT26,ND,50,50,100.00
20,92,76NHAI31,NA,131,130,99.24
20,93,773KA35,SG,200,200,100.00
20,94,79NHIT35,N1,23,22,95.65
20,95,79NHIT40,N2,278,278,100.00
20,96,79NHIT47,N3,525,500,95.24
20,97,810IRFC27,N2,146,116,79.45
20,98,812REC27,NI,85,85,100.00
20,99,81TCHF28,N8,1049,900,85.80
20,100,820IIFL27,N9,150,150,100.00
20,101,82HUDCO27,N2,700,600,85.71
20,102,82IGT31,NJ,119,119,100.00
20,103,830NHAI27,N2,1072,822,76.68
20,104,832GS2032,GS,2,2,100.00
20,105,840CIFCL28,N4,39,39,100.00
20,106,842IIFL26,NL,9,9,100.00
20,107,843IHFL29,NC,50,50,100.00
20,108,849NTPC25,N7,534999,334902,62.60
20,109,84TCHF28,NA,400,400,100.00
20,110,85IIFL25,NO,40,40,100.00
20,111,85LTF26,NM,30,30,100.00
20,112,85PFL26A,N7,40,40,100.00
20,113,862REC33,NA,50,50,100.00
20,114,865IIFL28,NS,754,754,100.00
20,115,865IRFC29,NA,1,1,100.00
20,116,865LTF26,NN,350,260,74.29
20,117,865TCAPS27,N8,10,10,100.00
20,118,871REC28,N9,701,695,99.14
20,119,875IIFL26A,NQ,25,25,100.00
20,120,875NHAI29,N6,25,25,100.00
20,121,875PCHFL26,N8,50,50,100.00
20,122,875SFL27,ZF,4,4,100.00
20,123,876HUDCO28,ND,100,100,100.00
20,124,880IREDA29,N5,50,50,100.00
20,125,880IREDA34,N6,50,50,100.00
20,126,885IHL26,N1,138,138,100.00
20,127,885MOFSL26,N0,299,299,100.00
20,128,888IHFL25F,NC,14,14,100.00
20,129,889SCL26,NS,96,96,100.00
20,130,890SFIL23A,NZ,1,1,100.00
20,131,891IIFCL34,N4,238,228,95.80
20,132,891NTPC33,N6,581,581,100.00
20,133,892PFCL33,N8,696,546,78.45
20,134,894SCL27,ZY,161,161,100.00
20,135,897GS2030,GS,2500,2500,100.00
20,136,897MOFSL29,N4,10,10,100.00
20,137,898LTF29,N7,110,110,100.00
20,138,901HUDCO34,NE,10,10,100.00
20,139,901NHB34,N6,831,244,29.36
20,140,903SFL28,YI,150,142,94.67
20,141,905LTF27,NF,50,50,100.00
20,142,905PEL26,N1,50,30,60.00
20,143,910CAGL25,N7,150,150,100.00
20,144,916SCL25,ZW,5,5,100.00
20,145,91D130325,TB,200,200,100.00
20,146,91D160125,TB,100,100,100.00
20,147,91D200325,TB,200,200,100.00
20,148,91MOFSL27,N2,100,100,100.00
20,149,921ISFL25,N0,262,262,100.00
20,150,925IHFL25D,N6,226,226,100.00
20,151,925IHFL29,N1,10,10,100.00
20,152,925SCL25A,NH,6,6,100.00
20,153,925SCL25C,AR,15,15,100.00
20,154,925SCL26D,ZD,10,10,100.00
20,155,92GS2030,GS,3956,2956,74.72
20,156,92SFIL28,ND,25,25,100.00
20,157,935LTF29,N5,1000,1000,100.00
20,158,935PEL33,N3,1060,1060,100.00
20,159,935TSI27,N0,6,6,100.00
20,160,935TSI31,N0,10,10,100.00
20,161,935TSI34,N0,12,12,100.00
20,162,93MOFSL34,N6,803,803,100.00
20,163,943ECL28,NJ,10,10,100.00
20,164,948SCL26D,AI,20,20,100.00
20,165,94IFCI25,NL,673,673,100.00
20,166,94SFL28,YL,110,100,90.91
20,167,955SFIL25A,NH,99,99,100.00
20,168,956AEL29,N6,51,51,100.00
20,169,957NIDO26,N5,25,25,100.00
20,170,960CAGL25,N3,67,67,100.00
20,171,960IIFLS26,N9,200,200,100.00
20,172,965AEL27,N4,55,55,100.00
20,173,965SCL25C,N0,310,310,100.00
20,174,965SCL25F,NZ,50,50,100.00
20,175,965SCL26Y,N1,10,10,100.00
20,176,96IIFL28,N5,361,361,100.00
20,177,96IIFL28A,NF,3582,2388,66.67
20,178,96SFIL24A,NB,28,28,100.00
20,179,970CAGL28,ND,100,100,100.00
20,180,971SCL28,AN,10,10,100.00
20,181,97MOFSL34,N7,150,150,100.00
20,182,980SCL33D,YG,79,79,100.00
20,183,985ECL28,NK,10,10,100.00
20,184,985IIFL22,NC,30,30,100.00
20,185,985SFIL28,NO,5,5,100.00
20,186,990SCL26D,AH,10,10,100.00
20,187,99AEL29,N7,50,50,100.00
20,188,99SCL27,ZH,15,15,100.00
20,189,9IHFL27,N1,50,50,100.00
20,190,9MMFSML,N2,201,135,67.16
20,191,9PCHFL31A,NA,5,3,60.00
20,192,9SCL26BA,NA,10,10,100.00
20,193,AAATECH,EQ,10527,5096,48.41
20,194,AADHARHFC,EQ,218934,118917,54.32
20,195,AAKASH,EQ,161654,116860,72.29
20,196,AARON,EQ,6209,3036,48.90
20,197,AARTECH,EQ,560173,277212,49.49
20,198,AARTIDRUGS,EQ,101499,37404,36.85
20,199,AARTIIND,EQ,1170873,571250,48.79
20,200,AARTIPHARM,EQ,222620,86807,38.99
20,201,AARTISURF,EQ,6870,4597,66.91
20,202,AARVI,EQ,4973,3211,64.57
20,203,AATMAJ,SM,4000,2000,50.00
20,204,AAVAS,EQ,98439,47095,47.84
20,205,ABAN,EQ,44368,23533,53.04
20,206,ABB,EQ,207775,112821,54.30
20,207,ABBOTINDIA,EQ,19691,8101,41.14
20,208,ABCAPITAL,EQ,2965351,1574444,53.09
20,209,ABCOTS,ST,28500,23500,82.46
20,210,ABDL,EQ,294726,139718,47.41
20,211,ABFRL,EQ,1154333,440869,38.19
20,212,ABGSEC,EQ,415,402,96.87
20,213,ABHAPOWER,ST,75200,46400,61.70
20,214,ABREL,EQ,288430,154314,53.50
20,215,ABSLAMC,EQ,364934,201860,55.31
20,216,ABSLBANETF,EQ,24555,17173,69.94
20,217,ABSLLIQUID,EQ,2455,1863,75.89
20,218,ABSLNN50ET,EQ,18974,15548,81.94
20,219,ABSLPSE,EQ,183748,146889,79.94
20,220,ABSMARINE,SM,38500,32000,83.12
20,221,ACC,EQ,144388,56966,39.45
20,222,ACCELYA,EQ,9576,4293,44.83
20,223,ACCENTMIC,SM,20500,15000,73.17
20,224,ACCORD,SM,4000,4000,100.00
20,225,ACCURACY,EQ,203002,143249,70.57
20,226,ACE,EQ,245408,59213,24.13
20,227,ACEINTEG,EQ,9815,7867,80.15
20,228,ACI,EQ,105004,34563,32.92
20,229,ACL,EQ,25269,13303,52.65
20,230,ACLGATI,EQ,248765,122643,49.30
20,231,ACMESOLAR,EQ,407503,172578,42.35
20,232,ADANIENSOL,EQ,1188943,326909,27.50
20,233,ADANIENT,EQ,1019131,357939,35.12
20,234,ADANIGREEN,EQ,2637204,630495,23.91
20,235,ADANIPORTS,EQ,2010913,820078,40.78
20,236,ADANIPOWER,EQ,5606797,1170404,20.87
20,237,ADFFOODS,EQ,337617,139786,41.40
20,238,ADL,EQ,1465,1150,78.50
20,239,ADORWELD,EQ,16775,7942,47.34
20,240,ADROITPP1,X1,10183,8900,87.40
20,241,ADSL,EQ,207992,95545,45.94
20,242,ADVANIHOTR,EQ,39236,18533,47.23
20,243,ADVENZYMES,EQ,133285,81450,61.11
20,244,AEGISLOG,EQ,20364428,1030766,5.06
20,245,AEL120924,N2,50,50,100.00
20,246,AEROFLEX,EQ,513139,202515,39.47
20,247,AERON,SM,24000,20000,83.33
20,248,AESTHETIK,SM,22000,10000,45.45
20,249,AETHER,EQ,36714,18221,49.63
20,250,AFCONS,EQ,919475,312510,33.99
20,251,AFFLE,EQ,180275,98941,54.88
20,252,AFFORDABLE,EQ,9373,5454,58.19
20,253,AFIL,EQ,398344,194301,48.78
20,254,AGARIND,EQ,16736,8907,53.22
20,255,AGARWALFT,SM,64500,64500,100.00
20,256,AGARWALTUF,SM,20400,13200,64.71
20,257,AGI,EQ,292637,129860,44.38
20,258,AGIIL,EQ,9757,4304,44.11
20,259,AGNI,SM,10000,5000,50.00
20,260,AGRITECH,EQ,11667,5643,48.37
20,261,AGROPHOS,EQ,58201,24629,42.32
20,262,AGSTRA,EQ,481495,238206,49.47
20,263,AHIMSA,ST,21000,21000,100.00
20,264,AHL,EQ,140918,115614,82.04
20,265,AHLADA,EQ,231167,70815,30.63
20,266,AHLEAST,EQ,7212,5049,70.01
20,267,AHLUCONT,EQ,46327,21384,46.16
20,268,AIAENG,EQ,12707,6156,48.45
20,269,AIIL,EQ,107162,40684,37.96
20,270,AIMTRON,ST,83200,80800,97.12
20,271,AIRAN,EQ,163104,102306,62.72
20,272,AIROLAM,EQ,12205,3222,26.40
20,273,AIRTELPP,E1,155085,139905,90.21
20,274,AJANTPHARM,EQ,270599,67949,25.11
20,275,AJMERA,EQ,280910,76220,27.13
20,276,AJOONI,EQ,1096652,764563,69.72
20,277,AKANKSHA,ST,39000,39000,100.00
20,278,AKASH,EQ,3818,2439,63.88
20,279,AKG,EQ,38851,21781,56.06
20,280,AKIKO,SM,12800,9600,75.00
20,281,AKSHARCHEM,EQ,5500,3398,61.78
20,282,AKUMS,EQ,110518,46368,41.96
20,283,AKZOINDIA,EQ,49180,14066,28.60
20,284,ALANKIT,EQ,449463,181983,40.49
20,285,ALBERTDAVD,EQ,4182,2642,63.18
20,286,ALEMBICLTD,EQ,556006,221303,39.80
20,287,ALICON,EQ,16267,8339,51.26
20,288,ALKALI,EQ,8649,4598,53.16
20,289,ALKEM,EQ,112844,48795,43.24
20,290,ALKYLAMINE,EQ,25980,11921,45.89
20,291,ALLCARGO,EQ,2775783,1480844,53.35
20,292,ALLDIGI,EQ,23107,15766,68.23
20,293,ALLETEC,ST,21200,20400,96.23
20,294,ALOKINDS,EQ,6563892,1728439,26.33
20,295,ALPA,EQ,162731,85533,52.56
20,296,ALPEXSOLAR,SM,58000,38200,65.86
20,297,ALPHA,EQ,554722,364977,65.79
20,298,ALPHAETF,EQ,254787,135355,53.12
20,299,ALPHAGEO,EQ,15333,4857,31.68
20,300,ALPL30IETF,EQ,510548,343658,67.31
20,301,ALUWIND,SM,157500,145500,92.38
20,302,AMBANIORGO,ST,1000,1000,100.00
20,303,AMBER,EQ,1550475,311908,20.12
20,304,AMBEY,SM,18000,18000,100.00
20,305,AMBICAAGAR,EQ,41806,5879,14.06
20,306,AMBIKCO,EQ,12564,7027,55.93
20,307,AMBUJACEM,EQ,758941,260669,34.35
20,308,AMDIND,EQ,8152,3676,45.09
20,309,AMEYA,ST,10000,10000,100.00
20,310,AMIABLE,SM,1600,1600,100.00
20,311,AMIORG,EQ,314799,120043,38.13
20,312,AMJLAND,EQ,69698,28154,40.39
20,313,AMNPLST,EQ,32018,11250,35.14
20,314,AMRUTANJAN,EQ,9963,5936,59.58
20,315,ANANDRATHI,EQ,47475,30674,64.61
20,316,ANANTRAJ,EQ,1292689,511342,39.56
20,317,ANDHRAPAP,EQ,461632,173820,37.65
20,318,ANDHRSUGAR,EQ,124902,55106,44.12
20,319,ANGELONE,EQ,1582035,265914,16.81
20,320,ANLON,SM,4400,4400,100.00
20,321,ANMOL,EQ,67956,32099,47.23
20,322,ANNAPURNA,SM,128750,101500,78.83
20,323,ANTGRAPHIC,EQ,221624,153072,69.07
20,324,ANUHPHR,EQ,74578,38925,52.19
20,325,ANUP,EQ,30876,13708,44.40
20,326,ANURAS,EQ,42236,9073,21.48
20,327,ANYA,ST,1960000,1770000,90.31
20,328,APARINDS,EQ,162658,42141,25.91
20,329,APCL,EQ,7923,3880,48.97
20,330,APCOTEXIND,EQ,10491,6264,59.71
20,331,APEX,EQ,107167,42971,40.10
20,332,APEXECO,SM,118400,81600,68.92
20,333,APLAPOLLO,EQ,370954,215453,58.08
20,334,APLLTD,EQ,113292,32036,28.28
20,335,APOLLO,EQ,14432343,3928080,27.22
20,336,APOLLOHOSP,EQ,398234,153234,38.48
20,337,APOLLOPIPE,EQ,33040,16884,51.10
20,338,APOLLOTYRE,EQ,2127349,1268334,59.62
20,339,APOLSINHOT,EQ,2404,1884,78.37
20,340,APRAMEYA,ST,28000,26000,92.86
20,341,APS,ST,32750,26250,80.15
20,342,APTECHT,EQ,71836,27672,38.52
20,343,APTUS,EQ,423587,260661,61.54
20,344,ARABIAN,SM,4000,4000,100.00
20,345,ARCHIDPLY,EQ,11817,6397,54.13
20,346,ARCHIES,EQ,17613,9786,55.56
20,347,ARE&M,EQ,328285,160304,48.83
20,348,ARHAM,SM,12000,9000,75.00
20,349,ARIHANTACA,ST,800,800,100.00
20,350,ARIHANTCAP,EQ,434232,138770,31.96
20,351,ARIHANTSUP,EQ,224623,102959,45.84
20,352,ARISTO,ST,6400,6400,100.00
20,353,ARKADE,EQ,4384989,1391154,31.73
20,354,ARMANFIN,EQ,16417,6761,41.18
20,355,AROGRANITE,EQ,17141,9554,55.74
20,356,ARROWGREEN,EQ,34288,19682,57.40
20,357,ARTEMISMED,EQ,444223,196463,44.23
20,358,ARVEE,EQ,1106,546,49.37
20,359,ARVIND,EQ,2125338,1187537,55.88
20,360,ARVINDFASN,EQ,360105,147533,40.97
20,361,ARVINDPORT,ST,13500,12000,88.89
20,362,ARVSMART,EQ,61279,40561,66.19
20,363,ASAHIINDIA,EQ,105540,17478,16.56
20,364,ASAHISONG,EQ,1221,708,57.99
20,365,ASAL,EQ,15975,7424,46.47
20,366,ASALCBR,EQ,35810,23896,66.73
20,367,ASHALOG,ST,23000,23000,100.00
20,368,ASHAPURMIN,EQ,500691,293000,58.52
20,369,ASHIANA,EQ,76457,31571,41.29
20,370,ASHOKA,EQ,3755387,820335,21.84
20,371,ASHOKLEY,EQ,4469843,2259285,50.55
20,372,ASIANENE,EQ,324079,155110,47.86
20,373,ASIANPAINT,EQ,740798,385482,52.04
20,374,ASIANTILES,EQ,448872,204310,45.52
20,375,ASKAUTOLTD,EQ,158723,82589,52.03
20,376,ASLIND,SM,2000,2000,100.00
20,377,ASMS,EQ,3704692,2034467,54.92
20,378,ASPINWALL,EQ,7027,3539,50.36
20,379,ASPIRE,ST,4000,4000,100.00
20,380,ASTEC,EQ,142288,58279,40.96
20,381,ASTERDM,EQ,1079346,691081,64.03
20,382,ASTRAL,EQ,817396,553425,67.71
20,383,ASTRAMICRO,EQ,128825,65136,50.56
20,384,ASTRAZEN,EQ,26441,6583,24.90
20,385,ASTRON,EQ,51257,30612,59.72
20,386,ATAM,EQ,13641,6818,49.98
20,387,ATFL,EQ,16629,10319,62.05
20,388,ATGL,EQ,641975,176369,27.47
20,389,ATL,EQ,232480,143621,61.78
20,390,ATLASCYCLE,EQ,12415,12415,100.00
20,391,ATMASTCO,ST,66800,66400,99.40
20,392,ATUL,EQ,20158,7899,39.19
20,393,ATULAUTO,EQ,37913,17252,45.50
20,394,AUBANK,EQ,1344308,772707,57.48
20,395,AURDIS,ST,3125,3125,100.00
20,396,AURIONPRO,EQ,34852,19215,55.13
20,397,AUROIMPEX,SM,16000,9600,60.00
20,398,AUROPHARMA,EQ,1332147,778949,58.47
20,399,AURUM,EQ,111260,65071,58.49
20,400,AURUMPP1,E1,15178,14030,92.44
20,401,AUTOAXLES,EQ,9090,4836,53.20
20,402,AUTOBEES,EQ,88169,37958,43.05
20,403,AUTOIETF,EQ,204811,109096,53.27
20,404,AUTOIND,EQ,49364,26805,54.30
20,405,AVADHSUGAR,EQ,32796,12809,39.06
20,406,AVALON,EQ,389603,160306,41.15
20,407,AVANTEL,EQ,910485,403875,44.36
20,408,AVANTIFEED,EQ,1126523,103278,9.17
20,409,AVG,EQ,33591,20738,61.74
20,410,AVIANSH,ST,18000,16000,88.89
20,411,AVL,EQ,190478,126256,66.28
20,412,AVONMORE,EQ,7891976,3543287,44.90
20,413,AVPINFRA,ST,87200,82400,94.50
20,414,AVTNPL,EQ,41005,26015,63.44
20,415,AWFIS,EQ,525300,292589,55.70
20,416,AWHCL,EQ,81105,38482,47.45
20,417,AWL,EQ,2120008,1396454,65.87
20,418,AXISBANK,EQ,4619462,2954583,63.96
20,419,AXISBNKETF,EQ,711,425,59.77
20,420,AXISBPSETF,EQ,39425,21386,54.24
20,421,AXISCETF,EQ,1580,1132,71.65
20,422,AXISGOLD,EQ,79735,49203,61.71
20,423,AXISHCETF,EQ,3364,2974,88.41
20,424,AXISILVER,EQ,19670,15768,80.16
20,425,AXISNIFTY,EQ,16403,14123,86.10
20,426,AXISTECETF,EQ,2062,1771,85.89
20,427,AXITA,EQ,3076770,660496,21.47
20,428,AXSENSEX,EQ,1705,1126,66.04
20,429,AYMSYNTEX,EQ,33466,19938,59.58
20,430,AZAD,EQ,245787,102832,41.84
20,431,BABAFP,SM,14400,12800,88.89
20,432,BAHETI,ST,4125,3375,81.82
20,433,BAIDFIN,EQ,2667952,1112808,41.71
20,434,BAJAJ-AUTO,EQ,270785,143741,53.08
20,435,BAJAJCON,EQ,440696,257862,58.51
20,436,BAJAJELEC,EQ,21784,7874,36.15
20,437,BAJAJFINSV,EQ,1242573,610520,49.13
20,438,BAJAJHCARE,EQ,819967,153975,18.78
20,439,BAJAJHFL,EQ,12970931,6874502,53.00
20,440,BAJAJHIND,EQ,6177743,1835921,29.72
20,441,BAJAJHLDNG,EQ,46066,12209,26.50
20,442,BAJEL,EQ,192356,80194,41.69
20,443,BAJFINANCE,EQ,1042538,584902,56.10
20,444,BALAJEE,EQ,125096,48935,39.12
20,445,BALAMINES,EQ,38507,13872,36.02
20,446,BALAXI,EQ,166891,79788,47.81
20,447,BALCO,ST,1200,1200,100.00
20,448,BALKRISHNA,EQ,64871,38343,59.11
20,449,BALKRISIND,EQ,72013,29536,41.01
20,450,BALMLAWRIE,EQ,135934,63458,46.68
20,451,BALRAMCHIN,EQ,615085,197284,32.07
20,452,BALUFORGE,EQ,199519,92175,46.20
20,453,BANARISUG,EQ,257,118,45.91
20,454,BANCOINDIA,EQ,286640,116605,40.68
20,455,BANDHANBNK,EQ,8377149,2976214,35.53
20,456,BANKA,EQ,4566,2635,57.71
20,457,BANKBARODA,EQ,10569432,4573707,43.27
20,458,BANKBEES,EQ,582366,276113,47.41
20,459,BANKBETF,EQ,8466,5823,68.78
20,460,BANKETF,EQ,3956,3517,88.90
20,461,BANKETFADD,EQ,5281,4454,84.34
20,462,BANKIETF,EQ,315523,172814,54.77
20,463,BANKINDIA,EQ,6149090,2062920,33.55
20,464,BANKNIFTY1,EQ,14640,12403,84.72
20,465,BANKPSU,EQ,9377,8719,92.98
20,466,BANSALWIRE,EQ,50960,23397,45.91
20,467,BANSWRAS,EQ,39806,21243,53.37
20,468,BARBEQUE,EQ,39522,18626,47.13
20,469,BASF,EQ,15412,6363,41.29
20,470,BASILIC,ST,14400,14400,100.00
20,471,BASML,EQ,115933,72945,62.92
20,472,BATAINDIA,EQ,85433,22869,26.77
20,473,BAWEJA,SM,10400,8000,76.92
20,474,BAYERCROP,EQ,6418,2692,41.94
20,475,BBETF0432,EQ,452,327,72.35
20,476,BBL,EQ,14309,6255,43.71
20,477,BBNPNBETF,EQ,289,264,91.35
20,478,BBNPPGOLD,EQ,5521,440,7.97
20,479,BBOX,EQ,175949,83780,47.62
20,480,BBTC,EQ,109584,54020,49.30
20,481,BBTCL,EQ,2924,800,27.36
20,482,BCLIND,EQ,833357,314537,37.74
20,483,BCONCEPTS,EQ,5431,3861,71.09
20,484,BDL,EQ,656341,261095,39.78
20,485,BEACON,SM,14000,12000,85.71
20,486,BEARDSELL,EQ,34600,15979,46.18
20,487,BECTORFOOD,EQ,149553,78180,52.28
20,488,BEDMUTHA,EQ,11936,7467,62.56
20,489,BEL,EQ,13247733,7239077,54.64
20,490,BEML,EQ,202236,71354,35.28
20,491,BEPL,EQ,769180,248981,32.37
20,492,BERGEPAINT,EQ,376952,105907,28.10
20,493,BESTAGRO,EQ,25449,14045,55.19
20,494,BETA,SM,2000,1200,60.00
20,495,BEWLTD,ST,17500,17000,97.14
20,496,BFINVEST,EQ,36657,11867,32.37
20,497,BFSI,EQ,113176,70479,62.27
20,498,BHAGCHEM,EQ,56503,21724,38.45
20,499,BHAGYANGR,EQ,27466,15603,56.81
20,500,BHANDARI,EQ,763456,452674,59.29
20,501,BHARATFORG,EQ,823200,403361,49.00
20,502,BHARATGEAR,EQ,18301,13404,73.24
20,503,BHARATRAS,EQ,5561,3890,69.95
20,504,BHARATWIRE,EQ,84955,34420,40.52
20,505,BHARTIARTL,EQ,2830856,1830885,64.68
20,506,BHARTIHEXA,EQ,181805,115272,63.40
20,507,BHEL,EQ,12709847,4259801,33.52
20,508,BHINVIT,IV,62876,58263,92.66
20,509,BIGBLOC,EQ,200434,88852,44.33
20,510,BIKAJI,EQ,427565,224722,52.56
20,511,BIKEWO,SM,30000,16000,53.33
20,512,BINANIIND,EQ,14950,11143,74.54
20,513,BIOCON,EQ,19915058,2653131,13.32
20,514,BIOFILCHEM,EQ,27681,13387,48.36
20,515,BIRDYS,SM,2400,2400,100.00
20,516,BIRET,RR,274877,218073,79.33
20,517,BIRLACABLE,EQ,24449,12010,49.12
20,518,BIRLACORPN,EQ,23396,9536,40.76
20,519,BLACKBUCK,EQ,272415,84617,31.06
20,520,BLAL,EQ,63957,29608,46.29
20,521,BLBLIMITED,EQ,95239,65429,68.70
20,522,BLISSGVS,EQ,1119506,255882,22.86
20,523,BLKASHYAP,EQ,732157,460592,62.91
20,524,BLS,EQ,2751534,517715,18.82
20,525,BLSE,EQ,264652,95928,36.25
20,526,BLUEDART,EQ,6279,2595,41.33
20,527,BLUEJET,EQ,389818,231448,59.37
20,528,BLUEPEBBLE,SM,12800,8800,68.75
20,529,BLUESTARCO,EQ,648118,314568,48.54
20,530,BODALCHEM,EQ,141623,70076,49.48
20,531,BOMDYEING,EQ,1192585,388283,32.56
20,532,BOROLTD,EQ,75330,33266,44.16
20,533,BOROSCI,EQ,83672,58250,69.62
20,534,BOSCHLTD,EQ,11801,5087,43.11
20,535,BPCL,EQ,8306436,3761433,45.28
20,536,BPL,EQ,113276,46799,41.31
20,537,BRIGADE,EQ,79591,30995,38.94
20,538,BRITANNIA,EQ,450200,272227,60.47
20,539,BRNL,EQ,31324,14470,46.19
20,540,BSE,EQ,2007278,402345,20.04
20,541,BSE500IETF,EQ,46046,34235,74.35
20,542,BSHSL,EQ,7499,5006,66.76
20,543,BSL,EQ,41035,15966,38.91
20,544,BSLGOLDETF,EQ,17757,8761,49.34
20,545,BSLNIFTY,EQ,440741,341840,77.56
20,546,BSLSENETFG,EQ,9267,5224,56.37
20,547,BSOFT,EQ,2135885,1113146,52.12
20,548,BTML,EQ,11454044,3533196,30.85
20,549,BURNPUR,EQ,246900,128064,51.87
20,550,BUTTERFLY,EQ,44433,42769,96.26
20,551,BVCL,EQ,59190,26826,45.32
20,552,C2C,SM,248400,86400,34.78
20,553,CADSYS,ST,3500,3500,100.00
20,554,CAGL26,NA,50,50,100.00
20,555,CALSOFT,EQ,47908,29407,61.38
20,556,CAMLINFINE,EQ,3066065,1389230,45.31
20,557,CAMPUS,EQ,491204,152813,31.11
20,558,CAMS,EQ,244811,89152,36.42
20,559,CANARYS,SM,68000,56000,82.35
20,560,CANBK,EQ,13157181,5049493,38.38
20,561,CANFINHOME,EQ,550218,272647,49.55
20,562,CANTABIL,EQ,3089017,739507,23.94
20,563,CAPACITE,EQ,741086,236623,31.93
20,564,CAPITALSFB,EQ,134113,75483,56.28
20,565,CAPLIPOINT,EQ,243741,95308,39.10
20,566,CARBORUNIV,EQ,59825,30464,50.92
20,567,CAREERP,EQ,10249,4935,48.15
20,568,CARERATING,EQ,29930,15066,50.34
20,569,CARRARO,EQ,347154,256462,73.88
20,570,CARTRADE,EQ,390594,122428,31.34
20,571,CARYSIL,EQ,28804,12415,43.10
20,572,CASTROLIND,EQ,1491021,596549,40.01
20,573,CBAZAAR,SM,24000,16000,66.67
20,574,CCHHL,EQ,211061,130020,61.60
20,575,CCL,EQ,93287,36883,39.54
20,576,CDSL,EQ,2361921,813071,34.42
20,577,CEATLTD,EQ,81735,18303,22.39
20,578,CEIGALL,EQ,158781,32823,20.67
20,579,CELEBRITY,EQ,85668,53468,62.41
20,580,CELLECOR,SM,1995000,1284000,64.36
20,581,CELLO,EQ,226431,158665,70.07
20,582,CELLPOINT,SM,2400,1200,50.00
20,583,CENTENKA,EQ,35531,17448,49.11
20,584,CENTEXT,EQ,77007,48097,62.46
20,585,CENTRALBK,EQ,2695043,873600,32.42
20,586,CENTRUM,EQ,237952,101981,42.86
20,587,CENTUM,EQ,24696,11824,47.88
20,588,CENTURYPLY,EQ,375085,70247,18.73
20,589,CERA,EQ,11515,6290,54.62
20,590,CESC,EQ,3797828,1785725,47.02
20,591,CEWATER,EQ,534631,123723,23.14
20,592,CGCL,EQ,40958,14024,34.24
20,593,CGPOWER,EQ,1289563,705919,54.74
20,594,CGRAPHICS,SM,36800,24000,65.22
20,595,CHALET,EQ,267665,157519,58.85
20,596,CHAMBLFERT,EQ,2332248,633723,27.17
20,597,CHAVDA,SM,38000,24000,63.16
20,598,CHEMBOND,EQ,7932,4070,51.31
20,599,CHEMCON,EQ,15979,10262,64.22
20,600,CHEMFAB,EQ,5067,3172,62.60
20,601,CHEMPLASTS,EQ,83300,34318,41.20
20,602,CHENNPETRO,EQ,720041,235584,32.72
20,603,CHETANA,SM,25600,19200,75.00
20,604,CHEVIOT,EQ,2014,1365,67.78
20,605,CHOICEIN,EQ,218413,49696,22.75
20,606,CHOLAFIN,EQ,1548819,909027,58.69
20,607,CHOLAHLDNG,EQ,69956,32904,47.04
20,608,CIEINDIA,EQ,95443,58595,61.39
20,609,CIFCZC28,NH,2,2,100.00
20,610,CIGNITITEC,EQ,128073,60202,47.01
20,611,CINEVISTA,EQ,28052,11894,42.40
20,612,CIPLA,EQ,1045516,511030,48.88
20,613,CLEAN,EQ,83981,33040,39.34
20,614,CLEDUCATE,EQ,71321,44158,61.91
20,615,CLOUD,SZ,114000,94000,82.46
20,616,CLSEL,EQ,191449,35463,18.52
20,617,CLSL,SM,60000,40000,66.67
20,618,CMMIPL,SZ,174000,174000,100.00
20,619,CMNL,ST,12000,12000,100.00
20,620,CMSINFO,EQ,232687,112287,48.26
20,621,COALINDIA,EQ,6542121,3380281,51.67
20,622,COASTCORP,EQ,14239,8599,60.39
20,623,COCHINSHIP,EQ,430854,190173,44.14
20,624,COFORGE,EQ,606669,429877,70.86
20,625,COLPAL,EQ,485008,335788,69.23
20,626,COMMITTED,ST,22400,22400,100.00
20,627,COMMOIETF,EQ,236564,190002,80.32
20,628,COMPUSOFT,EQ,58632,32100,54.75
20,629,CONCOR,EQ,1711530,859741,50.23
20,630,CONCORDBIO,EQ,93785,50100,53.42
20,631,CONFIPET,EQ,947603,359717,37.96
20,632,CONS,EQ,6056,3233,53.39
20,633,CONSOFINVT,EQ,4055,2660,65.60
20,634,CONSUMBEES,EQ,345529,320756,92.83
20,635,CONSUMER,EQ,124985,110261,88.22
20,636,CONSUMIETF,EQ,14572,8522,58.48
20,637,CONTI,ST,6666,6666,100.00
20,638,CONTROLPR,EQ,20708,10271,49.60
20,639,COOLCAPS,ST,4500,4500,100.00
20,640,CORALFINAC,EQ,113561,43849,38.61
20,641,CORDSCABLE,EQ,27538,18289,66.41
20,642,COROMANDEL,EQ,359624,187726,52.20
20,643,COSMOFIRST,EQ,330334,123588,37.41
20,644,COUNCODOS,EQ,81939,53890,65.77
20,645,CPS,ST,4200,4200,100.00
20,646,CPSEETF,EQ,1195034,630426,52.75
20,647,CRAFTSMAN,EQ,12549,4781,38.10
20,648,CRAYONS,SM,11000,10000,90.91
20,649,CREATIVE,EQ,9027,6691,74.12
20,650,CREDITACC,EQ,231822,85940,37.07
20,651,CREST,EQ,16730,11427,68.30
20,652,CRISIL,EQ,64435,19495,30.26
20,653,CROMPTON,EQ,1324219,471108,35.58
20,654,CROWN,EQ,25606,12609,49.24
20,655,CSBBANK,EQ,311175,143049,45.97
20,656,CSLFINANCE,EQ,23608,16602,70.32
20,657,CTE,EQ,37134,21391,57.60
20,658,CUB,EQ,755910,196971,26.06
20,659,CUBEXTUB,EQ,10355,5386,52.01
20,660,CUMMINSIND,EQ,554853,370967,66.86
20,661,CUPID,EQ,567621,384238,67.69
20,662,CYBERMEDIA,EQ,11470,7746,67.53
20,663,CYIENT,EQ,494389,223347,45.18
20,664,CYIENTDLM,EQ,179986,78334,43.52
20,665,DABUR,EQ,2248836,1270323,56.49
20,666,DALBHARAT,EQ,149849,73297,48.91
20,667,DALMIASUG,EQ,77419,30561,39.47
20,668,DAMCAPITAL,EQ,5676039,1176906,20.73
20,669,DAMODARIND,EQ,22121,8010,36.21
20,670,DANGEE,EQ,231837,129763,55.97
20,671,DANISH,SM,110700,50700,45.80
20,672,DATAMATICS,EQ,381803,161065,42.19
20,673,DATAPATTNS,EQ,82008,20938,25.53
20,674,DAVANGERE,EQ,1699944,714830,42.05
20,675,DBCORP,EQ,88174,63538,72.06
20,676,DBEIL,EQ,250408,88916,35.51
20,677,DBL,EQ,195279,75594,38.71
20,678,DBOL,EQ,35596,16782,47.15
20,679,DBREALTY,EQ,2744121,1651229,60.17
20,680,DBSTOCKBRO,EQ,16050,3303,20.58
20,681,DCAL,EQ,624293,273275,43.77
20,682,DCBBANK,EQ,402345,169033,42.01
20,683,DCG,SM,108000,67200,62.22
20,684,DCI,EQ,16074,7429,46.22
20,685,DCM,EQ,30418,15542,51.09
20,686,DCMNVL,EQ,21200,14541,68.59
20,687,DCMSHRIRAM,EQ,43396,13518,31.15
20,688,DCMSRIND,EQ,56925,36162,63.53
20,689,DCW,EQ,1084733,399892,36.87
20,690,DCXINDIA,EQ,1394169,597907,42.89
20,691,DECCANCE,EQ,82726,56632,68.46
20,692,DECCANTRAN,ST,21600,19200,88.89
20,693,DEEDEV,EQ,60826,25497,41.92
20,694,DEEM,SM,5000,4000,80.00
20,695,DEEPAKFERT,EQ,719994,291923,40.55
20,696,DEEPAKNTR,EQ,147824,49971,33.80
20,697,DEEPINDS,EQ,705752,268506,38.05
20,698,DELAPLEX,SM,15600,12000,76.92
20,699,DELHIVERY,EQ,840178,384993,45.82
20,700,DELTACORP,EQ,740363,288806,39.01
20,701,DELTAMAGNT,EQ,31889,16853,52.85
20,702,DEN,EQ,1227546,544768,44.38
20,703,DENEERS,ST,2400,2400,100.00
20,704,DENORA,EQ,9834,4849,49.31
20,705,DENTALKART,SM,10000,7750,77.50
20,706,DEVIT,EQ,1422578,310875,21.85
20,707,DEVYANI,EQ,9241054,798550,8.64
20,708,DHAMPURSUG,EQ,127876,48059,37.58
20,709,DHANI,EQ,8652730,3263420,37.72
20,710,DHANLAXMI,ST,50000,42000,84.00
20,711,DHANUKA,EQ,53555,27737,51.79
20,712,DHARIWAL,SM,15600,14400,92.31
20,713,DHARMAJ,EQ,34058,18545,54.45
20,714,DHRUV,EQ,5860,3052,52.08
20,715,DHTL,ST,5600,5600,100.00
20,716,DHUNINV,EQ,930,427,45.91
20,717,DIAMINESQ,EQ,2409,2001,83.06
20,718,DIAMONDYD,EQ,130333,66440,50.98
20,719,DICIND,EQ,35461,5475,15.44
20,720,DIFFNKG,EQ,73241,37885,51.73
20,721,DIGIDRIVE,EQ,55020,31157,56.63
20,722,DIGIKORE,ST,8400,8200,97.62
20,723,DIGISPICE,EQ,117583,86235,73.34
20,724,DISHTV,EQ,10553708,4327500,41.00
20,725,DIVGIITTS,EQ,28627,16693,58.31
20,726,DIVISLAB,EQ,303309,184260,60.75
20,727,DIVOPPBEES,EQ,361073,317563,87.95
20,728,DIVYADHAN,SM,120000,118000,98.33
20,729,DIXON,EQ,233535,86271,36.94
20,730,DKEGL,SM,1500,1500,100.00
20,731,DLF,EQ,2290843,1145236,49.99
20,732,DLINKINDIA,EQ,134910,55295,40.99
20,733,DLSL25,NW,80,80,100.00
20,734,DMART,EQ,672094,332256,49.44
20,735,DNAMEDIA,EQ,218896,138865,63.44
20,736,DODLA,EQ,19086,8492,44.49
20,737,DOLATALGO,EQ,313360,136932,43.70
20,738,DOLLAR,EQ,44248,21624,48.87
20,739,DOLLEX,SM,12000,12000,100.00
20,740,DOMS,EQ,173129,55664,32.15
20,741,DONEAR,EQ,380348,164727,43.31
20,742,DPABHUSHAN,EQ,29992,9021,30.08
20,743,DPEL,ST,7500,7500,100.00
20,744,DPSCLTD,EQ,150140,92981,61.93
20,745,DPWIRES,EQ,10409,6122,58.81
20,746,DRCSYSTEMS,EQ,153584,99498,64.78
20,747,DREAMFOLKS,EQ,43755,18853,43.09
20,748,DREDGECORP,EQ,15321,7153,46.69
20,749,DRONE,ST,9000,9000,100.00
20,750,DRREDDY,EQ,1723188,965858,56.05
20,751,DRSDILIP,ST,1600,800,50.00
20,752,DSSL,EQ,43070,21495,49.91
20,753,DTIL,EQ,9841,5514,56.03
20,754,DTL,SM,12000,10800,90.00
20,755,DUCOL,SM,3200,2400,75.00
20,756,DUCON,EQ,657714,389781,59.26
20,757,DUGLOBAL,SM,47500,30000,63.16
20,758,DURLAX,SM,20000,16000,80.00
20,759,DVL,EQ,21269,9722,45.71
20,760,DWARKESH,EQ,707471,293058,41.42
20,761,DYCL,EQ,48815,23047,47.21
20,762,DYNAMATECH,EQ,7435,2787,37.48
20,763,DYNAMIC,ST,35500,34500,97.18
20,764,DYNPRO,EQ,7510,6076,80.91
20,765,EASEMYTRIP,EQ,80201763,14947328,18.64
20,766,EBANKNIFTY,EQ,782,487,62.28
20,767,EBBETF0425,EQ,3099,3078,99.32
20,768,EBBETF0430,EQ,6482,3810,58.78
20,769,EBBETF0431,EQ,5055,4600,91.00
20,770,EBBETF0433,EQ,1296,729,56.25
20,771,ECAPINSURE,EQ,7581,6703,88.42
20,772,ECLERX,EQ,82893,45203,54.53
20,773,ECOSMOBLTY,EQ,127134,54513,42.88
20,774,EDELWEISS,EQ,3944273,1830686,46.41
20,775,EFACTOR,ST,1600,1600,100.00
20,776,EFFWA,ST,10400,10400,100.00
20,777,EFORCE,SM,38400,32400,84.38
20,778,EGOLD,EQ,83814,83543,99.68
20,779,EICHERMOT,EQ,439721,243494,55.37
20,780,EIDPARRY,EQ,148105,64388,43.47
20,781,EIEL,EQ,6629111,998753,15.07
20,782,EIFFL,EQ,17485,15370,87.90
20,783,EIHAHOTELS,EQ,33335,14259,42.77
20,784,EIHOTEL,EQ,785678,478516,60.90
20,785,EIMCOELECO,EQ,23529,14404,61.22
20,786,EKC,EQ,627091,204233,32.57
20,787,ELDEHSG,EQ,437,264,60.41
20,788,ELECON,EQ,259186,141789,54.71
20,789,ELECTCAST,EQ,1388789,583939,42.05
20,790,ELGIEQUIP,EQ,129178,71134,55.07
20,791,ELIN,EQ,119371,51103,42.81
20,792,EMAMILTD,EQ,392592,212057,54.01
20,793,EMAMIPAP,EQ,49516,31561,63.74
20,794,EMBASSY,RR,556469,466800,83.89
20,795,EMBDL,EQ,37366245,14135780,37.83
20,796,EMCURE,EQ,160897,144867,90.04
20,797,EMIL,EQ,190725,74807,39.22
20,798,EMKAYTOOLS,SM,6900,6450,93.48
20,799,EMMBI,EQ,1115312,234105,20.99
20,800,EMMIL,ST,6750,6750,100.00
20,801,EMSLIMITED,EQ,374501,128401,34.29
20,802,EMUDHRA,EQ,73154,23180,31.69
20,803,EMULTIMQ,EQ,54723,52072,95.16
20,804,ENDURANCE,EQ,276792,239738,86.61
20,805,ENFUSE,ST,7800,7200,92.31
20,806,ENGINERSIN,EQ,1292855,347407,26.87
20,807,ENIL,EQ,14772,9443,63.92
20,808,ENSER,ST,117000,113000,96.58
20,809,ENTERO,EQ,17133,7249,42.31
20,810,ENVIRO,SM,106000,70000,66.04
20,811,EPACK,EQ,1276234,552417,43.28
20,812,EPIGRAL,EQ,97504,54766,56.17
20,813,EPL,EQ,1972747,732666,37.14
20,814,EQUAL50ADD,EQ,12567,11700,93.10
20,815,EQUITASBNK,EQ,4757085,1991883,41.87
20,816,ERIS,EQ,61438,38265,62.28
20,817,ESABINDIA,EQ,5404,3859,71.41
20,818,ESAFSFB,EQ,330202,131271,39.75
20,819,ESCONET,ST,18800,16800,89.36
20,820,ESCORTS,EQ,73195,15096,20.62
20,821,ESFL,ST,37800,34920,92.38
20,822,ESG,EQ,2464,1808,73.38
20,823,ESILVER,EQ,64438,62364,96.78
20,824,ESPRIT,SM,376000,259200,68.94
20,825,ESTER,EQ,505479,177114,35.04
20,826,ETHOSLTD,EQ,31924,15573,48.78
20,827,ETML,SM,51600,44400,86.05
20,828,EUREKAFORB,EQ,202545,139173,68.71
20,829,EUROBOND,SM,7000,5000,71.43
20,830,EVEREADY,EQ,52362,19508,37.26
20,831,EVERESTIND,EQ,9121,5024,55.08
20,832,EVINDIA,EQ,288138,199570,69.26
20,833,EXCELINDUS,EQ,16610,7049,42.44
20,834,EXCELLENT,SM,9600,9600,100.00
20,835,EXICOM,EQ,260386,143055,54.94
20,836,EXIDEIND,EQ,2815071,1131587,40.20
20,837,EXPLEOSOL,EQ,7744,4010,51.78
20,838,EXXARO,EQ,375020,158133,42.17
20,839,FACT,EQ,2686727,159714,5.94
20,840,FAIRCHEMOR,EQ,14170,6128,43.25
20,841,FALCONTECH,SM,2400,2400,100.00
20,842,FAZE3Q,EQ,12765,7138,55.92
20,843,FCL,EQ,248604,131534,52.91
20,844,FCSSOFT,EQ,3595486,1876486,52.19
20,845,FDC,EQ,140351,92306,65.77
20,846,FEDERALBNK,EQ,6619585,3829706,57.85
20,847,FEDFINA,EQ,291291,148982,51.15
20,848,FELIX,ST,14500,14500,100.00
20,849,FIBERWEB,EQ,133276,53525,40.16
20,850,FICRF3GP,MF,500,500,100.00
20,851,FIDEL,SM,13000,8000,61.54
20,852,FIEMIND,EQ,30231,12149,40.19
20,853,FILATEX,EQ,1795677,418490,23.31
20,854,FINCABLES,EQ,98355,34820,35.40
20,855,FINEORG,EQ,19824,8452,42.64
20,856,FINIETF,EQ,54912,26110,47.55
20,857,FINOPB,EQ,46478,22753,48.95
20,858,FINPIPE,EQ,797613,391598,49.10
20,859,FIRSTCRY,EQ,221537,83070,37.50
20,860,FIVESTAR,EQ,457644,137157,29.97
20,861,FLAIR,EQ,146792,88457,60.26
20,862,FLUOROCHEM,EQ,49017,20116,41.04
20,863,FMCGIETF,EQ,493276,358257,72.63
20,864,FMGOETZE,EQ,48548,31906,65.72
20,865,FOCE,ST,100,100,100.00
20,866,FOCUS,EQ,80037,42359,52.92
20,867,FONEBOX,SM,7000,7000,100.00
20,868,FOODSIN,EQ,75820,30386,40.08
20,869,FORCAS,ST,20800,20800,100.00
20,870,FORCEMOT,EQ,29976,9910,33.06
20,871,FORGEAUTO,SM,27600,19200,69.57
20,872,FORTIS,EQ,2155049,1072977,49.79
20,873,FOSECOIND,EQ,497,277,55.73
20,874,FRESHARA,ST,16800,16800,100.00
20,875,FROG,SM,12400,7200,58.06
20,876,FSL,EQ,13612364,1815925,13.34
20,877,FUSION,EQ,292419,102593,35.08
20,878,GABRIEL,EQ,105666,37405,35.40
20,879,GAEL,EQ,517045,246506,47.68
20,880,GAIL,EQ,14521936,7994149,55.05
20,881,GAJANAND,ST,3000,3000,100.00
20,882,GALAPREC,EQ,84743,21291,25.12
20,883,GALAXYSURF,EQ,11048,5465,49.47
20,884,GALLANTT,EQ,40420,33633,83.21
20,885,GANDHAR,EQ,118587,56429,47.58
20,886,GANDHITUBE,EQ,2584,1316,50.93
20,887,GANECOS,EQ,85888,43808,51.01
20,888,GANESHBE,EQ,46690,29395,62.96
20,889,GANESHHOUC,EQ,327946,173128,52.79
20,890,GANESHIN,SM,214400,115200,53.73
20,891,GANGAFORGE,EQ,1463338,669339,45.74
20,892,GANGESSECU,EQ,32983,10960,33.23
20,893,GARFIBRES,EQ,80104,29662,37.03
20,894,GARUDA,EQ,6420672,1820287,28.35
20,895,GATEWAY,EQ,800017,418453,52.31
20,896,GEECEE,EQ,8643,5051,58.44
20,897,GEEKAYWIRE,EQ,50916,31427,61.72
20,898,GENCON,EQ,90427,45834,50.69
20,899,GENESYS,EQ,900581,322944,35.86
20,900,GENSOL,EQ,327111,116140,35.50
20,901,GENUSPAPER,EQ,118556,61049,51.49
20,902,GENUSPOWER,EQ,638328,263916,41.34
20,903,GEOJITFSL,EQ,303974,155737,51.23
20,904,GEPIL,EQ,144697,69464,48.01
20,905,GESHIP,EQ,446255,212027,47.51
20,906,GFLLIMITED,EQ,93269,56403,60.47
20,907,GGBL,SM,76200,45300,59.45
20,908,GHCL,EQ,397893,215475,54.15
20,909,GHCLTEXTIL,EQ,288708,164135,56.85
20,910,GICHSGFIN,EQ,269132,71358,26.51
20,911,GICL,ST,165000,165000,100.00
20,912,GICRE,EQ,2584907,350144,13.55
20,913,GILLETTE,EQ,22708,8211,36.16
20,914,GILT5YBEES,EQ,183349,139856,76.28
20,915,GINNIFILA,EQ,74863,48430,64.69
20,916,GIPCL,EQ,665813,294708,44.26
20,917,GIRIRAJ,SM,1000,1000,100.00
20,918,GKWLIMITED,EQ,464,263,56.68
20,919,GLAND,EQ,222933,145108,65.09
20,920,GLAXO,EQ,96662,58201,60.21
20,921,GLENMARK,EQ,334037,138551,41.48
20,922,GLOBAL,EQ,69059,36323,52.60
20,923,GLOBALPET,SM,1500,1500,100.00
20,924,GLOBE,EQ,3944425,1826485,46.31
20,925,GLOBUSSPR,EQ,78456,35816,45.65
20,926,GLOSTERLTD,EQ,3151,2072,65.76
20,927,GLS,EQ,40763,19279,47.30
20,928,GMBREW,EQ,407537,72579,17.81
20,929,GMDCLTD,EQ,459370,170168,37.04
20,930,GMMPFAUDLR,EQ,30297,15807,52.17
20,931,GMRAIRPORT,EQ,6456372,3186485,49.35
20,932,GMRP&UI,EQ,2252537,1404628,62.36
20,933,GNA,EQ,24836,10830,43.61
20,934,GNFC,EQ,442750,113401,25.61
20,935,GOACARBON,EQ,24671,8412,34.10
20,936,GOCLCORP,EQ,40685,24323,59.78
20,937,GOCOLORS,EQ,209063,204391,97.77
20,938,GODAVARIB,EQ,106619,41772,39.18
20,939,GODFRYPHLP,EQ,44986,15606,34.69
20,940,GODIGIT,EQ,1285819,858446,66.76
20,941,GODREJAGRO,EQ,122550,54965,44.85
20,942,GODREJCP,EQ,2428244,1820115,74.96
20,943,GODREJIND,EQ,58705,16622,28.31
20,944,GODREJPROP,EQ,310336,125330,40.39
20,945,GOKEX,EQ,146581,74323,50.70
20,946,GOKULAGRO,EQ,168667,84838,50.30
20,947,GOLD1,EQ,1129893,813413,71.99
20,948,GOLDBEES,EQ,10745727,8549585,79.56
20,949,GOLDCASE,EQ,754886,609847,80.79
20,950,GOLDETF,EQ,134667,122878,91.25
20,951,GOLDETFADD,EQ,1212266,1204801,99.38
20,952,GOLDIAM,EQ,9365502,1695616,18.10
20,953,GOLDIETF,EQ,2380997,2147277,90.18
20,954,GOLDSHARE,EQ,129165,117833,91.23
20,955,GOLDSTAR,SM,112500,67500,60.00
20,956,GOODLUCK,EQ,61775,30013,48.58
20,957,GOPAL,EQ,142836,59736,41.82
20,958,GOYALALUM,EQ,228329,138270,60.56
20,959,GOYALSALT,SM,12600,10200,80.95
20,960,GPECO,ST,19200,16200,84.38
20,961,GPIL,EQ,1582787,675021,42.65
20,962,GPPL,EQ,471720,163855,34.74
20,963,GPTHEALTH,EQ,84651,36777,43.45
20,964,GPTINFRA,EQ,197575,66234,33.52
20,965,GRANULES,EQ,1201813,421844,35.10
20,966,GRAPHISAD,ST,22800,16800,73.68
20,967,GRAPHITE,EQ,388398,119805,30.85
20,968,GRASIM,EQ,495162,292951,59.16
20,969,GRAVITA,EQ,339535,180377,53.12
20,970,GRCL,ST,250,250,100.00
20,971,GREAVESCOT,EQ,5645283,1232033,21.82
20,972,GREENCHEF,SM,13600,8000,58.82
20,973,GREENLAM,EQ,9402,2839,30.20
20,974,GREENPANEL,EQ,65242,25862,39.64
20,975,GREENPLY,EQ,107626,47132,43.79
20,976,GREENPOWER,EQ,3196992,1268625,39.68
20,977,GRINDWELL,EQ,33170,20346,61.34
20,978,GRINFRA,EQ,25866,9819,37.96
20,979,GRMOVER,EQ,257814,101472,39.36
20,980,GROBTEA,EQ,377,274,72.68
20,981,GROWWDEFNC,EQ,162001,127626,78.78
20,982,GROWWEV,EQ,799827,653543,81.71
20,983,GROWWGOLD,EQ,103641,79624,76.83
20,984,GROWWLIQID,EQ,235821,146764,62.24
20,985,GRPLTD,EQ,1536,997,64.91
20,986,GRSE,EQ,548553,111459,20.32
20,987,GRWRHITECH,EQ,72864,31966,43.87
20,988,GSEC10ABSL,EQ,101,97,96.04
20,989,GSEC10YEAR,EQ,98224,50472,51.38
20,990,GSEC5IETF,EQ,2055,2017,98.15
20,991,GSFC,EQ,1415938,352391,24.89
20,992,GSLSU,EQ,55502,17876,32.21
20,993,GSMFOILS,ST,2000,2000,100.00
20,994,GSPL,EQ,247116,93390,37.79
20,995,GSS,EQ,139560,74490,53.37
20,996,GSTL,ST,27000,25000,92.59
20,997,GTL,EQ,469345,266250,56.73
20,998,GTLINFRA,EQ,30204941,14059862,46.55
20,999,GTPL,EQ,9604,5363,55.84
20,1000,GUFICBIO,EQ,123957,41600,33.56
20,1001,GUJALKALI,EQ,23214,9256,39.87
20,1002,GUJAPOLLO,EQ,19207,9748,50.75
20,1003,GUJGASLTD,EQ,364105,164247,45.11
20,1004,GULFOILLUB,EQ,54712,23694,43.31
20,1005,GULFPETRO,EQ,125929,58446,46.41
20,1006,GULPOLY,EQ,81819,31779,38.84
20,1007,GVPTECH,EQ,94497,65417,69.23
20,1008,GVT&D,EQ,386599,261157,67.55
20,1009,HAL,EQ,706292,262817,37.21
20,1010,HAPPSTMNDS,EQ,250079,101680,40.66
20,1011,HAPPYFORGE,EQ,20705,8401,40.57
20,1012,HARDWYN,EQ,582882,297949,51.12
20,1013,HARIOMPIPE,EQ,325519,138444,42.53
20,1014,HARRMALAYA,EQ,32894,18568,56.45
20,1015,HARSHA,EQ,42971,22200,51.66
20,1016,HATHWAY,EQ,3966895,1230055,31.01
20,1017,HATSUN,EQ,16615,8505,51.19
20,1018,HAVELLS,EQ,527750,328880,62.32
20,1019,HAVISHA,EQ,63940,44746,69.98
20,1020,HBLENGINE,EQ,917335,348761,38.02
20,1021,HBSL,EQ,7845,4215,53.73
20,1022,HCC,EQ,17839180,5223829,29.28
20,1023,HCG,EQ,165902,85702,51.66
20,1024,HCL-INSYS,EQ,187956,115788,61.60
20,1025,HCLTECH,EQ,2494547,1513882,60.69
20,1026,HDFCAMC,EQ,288911,177292,61.37
20,1027,HDFCBANK,EQ,6763953,4379489,64.75
20,1028,HDFCBSE500,EQ,15649,10317,65.93
20,1029,HDFCGOLD,EQ,1542184,1285876,83.38
20,1030,HDFCGROWTH,EQ,1818,1141,62.76
20,1031,HDFCLIFE,EQ,2813892,1773911,63.04
20,1032,HDFCLIQUID,EQ,2648,2321,87.65
20,1033,HDFCLOWVOL,EQ,8506,7118,83.68
20,1034,HDFCMID150,EQ,174308,97891,56.16
20,1035,HDFCMOMENT,EQ,197985,135312,68.34
20,1036,HDFCNEXT50,EQ,55309,47376,85.66
20,1037,HDFCNIF100,EQ,61960,31810,51.34
20,1038,HDFCNIFBAN,EQ,18893,14842,78.56
20,1039,HDFCNIFIT,EQ,4773,3894,81.58
20,1040,HDFCNIFTY,EQ,66599,49026,73.61
20,1041,HDFCPSUBK,EQ,19486,15552,79.81
20,1042,HDFCPVTBAN,EQ,460745,388528,84.33
20,1043,HDFCQUAL,EQ,8198,5331,65.03
20,1044,HDFCSENSEX,EQ,65581,30455,46.44
20,1045,HDFCSILVER,EQ,330612,250196,75.68
20,1046,HDFCSML250,EQ,327279,174469,53.31
20,1047,HDFCVALUE,EQ,7716,5126,66.43
20,1048,HEADSUP,EQ,17584,6069,34.51
20,1049,HEALTHADD,EQ,2015,1928,95.68
20,1050,HEALTHIETF,EQ,49085,25588,52.13
20,1051,HEALTHY,EQ,360118,241937,67.18
20,1052,HEG,EQ,1115162,332422,29.81
20,1053,HEIDELBERG,EQ,99190,41495,41.83
20,1054,HEMIPROP,EQ,363953,133892,36.79
20,1055,HERANBA,EQ,69339,28301,40.82
20,1056,HERITGFOOD,EQ,321263,182547,56.82
20,1057,HEROMOTOCO,EQ,396158,224816,56.75
20,1058,HESTERBIO,EQ,1215,876,72.10
20,1059,HEUBACHIND,EQ,19179,12959,67.57
20,1060,HEXATRADEX,EQ,14351,7815,54.46
20,1061,HFCL,EQ,10951561,2555989,23.34
20,1062,HGINFRA,EQ,95625,32089,33.56
20,1063,HGS,EQ,11502,6020,52.34
20,1064,HIGREEN,ST,77600,76800,98.97
20,1065,HIKAL,EQ,204004,67680,33.18
20,1066,HIL,EQ,3141,1675,53.33
20,1067,HILTON,EQ,344953,166013,48.13
20,1068,HIMATSEIDE,EQ,1876534,584242,31.13
20,1069,HINDALCO,EQ,5379682,2896364,53.84
20,1070,HINDCOMPOS,EQ,4731,2074,43.84
20,1071,HINDCOPPER,EQ,3337163,1062388,31.84
20,1072,HINDMOTORS,EQ,737771,246407,33.40
20,1073,HINDOILEXP,EQ,318946,111324,34.90
20,1074,HINDPETRO,EQ,3195402,1248817,39.08
20,1075,HINDUNILVR,EQ,922768,590215,63.96
20,1076,HINDWAREAP,EQ,52926,28356,53.58
20,1077,HINDZINC,EQ,566242,258780,45.70
20,1078,HIRECT,EQ,37907,13959,36.82
20,1079,HISARMETAL,EQ,12084,8010,66.29
20,1080,HITECH,EQ,531279,264231,49.73
20,1081,HITECHCORP,EQ,12055,6935,57.53
20,1082,HLEGLAS,EQ,52573,27911,53.09
20,1083,HLVLTD,EQ,1267742,588903,46.45
20,1084,HMAAGRO,EQ,213794,107411,50.24
20,1085,HMVL,EQ,51066,26355,51.61
20,1086,HNDFDS,EQ,54342,29718,54.69
20,1087,HNGSNGBEES,EQ,68957,48056,69.69
20,1088,HOACFOODS,ST,5250,5250,100.00
20,1089,HOLMARC,ST,1500,1500,100.00
20,1090,HOMEFIRST,EQ,140084,73525,52.49
20,1091,HONASA,EQ,2077851,1881039,90.53
20,1092,HONAUT,EQ,3217,1281,39.82
20,1093,HONDAPOWER,EQ,5601,1870,33.39
20,1094,HOVS,EQ,17979,6683,37.17
20,1095,HPAL,EQ,49897,27817,55.75
20,1096,HPIL,EQ,6310,2754,43.65
20,1097,HPL,EQ,169581,53367,31.47
20,1098,HSCL,EQ,1162220,422443,36.35
20,1099,HTMEDIA,EQ,64997,36800,56.62
20,1100,HUDCO,EQ,6897016,2019237,29.28
20,1101,HUHTAMAKI,EQ,38162,20252,53.07
20,1102,HVAX,ST,4200,3300,78.57
20,1103,HYUNDAI,EQ,925887,633237,68.39
20,1104,IBLFL,ST,18000,18000,100.00
20,1105,ICEMAKE,EQ,13008,7306,56.17
20,1106,ICICIB22,EQ,680306,554597,81.52
20,1107,ICICIBANK,EQ,7539758,4147624,55.01
20,1108,ICICIGI,EQ,1142167,822176,71.98
20,1109,ICICIPRULI,EQ,1037686,617292,59.49
20,1110,ICIL,EQ,196182,64122,32.68
20,1111,ICRA,EQ,2554,1365,53.45
20,1112,IDBI,EQ,4060280,1331936,32.80
20,1113,IDEA,EQ,374162457,68453220,18.30
20,1114,IDEAFORGE,EQ,130029,33468,25.74
20,1115,IDEALTECHO,SM,93000,66000,70.97
20,1116,IDENTICAL,ST,572000,506000,88.46
20,1117,IDFCFIRSTB,EQ,14463434,5759621,39.82
20,1118,IDFNIFTYET,EQ,938,567,60.45
20,1119,IEML,SM,6500,6500,100.00
20,1120,IEX,EQ,6044285,1523022,25.20
20,1121,IFBAGRO,EQ,3176,2104,66.25
20,1122,IFBIND,EQ,33074,13602,41.13
20,1123,IFCI,EQ,6405922,1346583,21.02
20,1124,IFGLEXPOR,EQ,11076,7161,64.65
20,1125,IGARASHI,EQ,26688,12312,46.13
20,1126,IGIL,EQ,4204735,1193468,28.38
20,1127,IGL,EQ,4572328,1618224,35.39
20,1128,IGPL,EQ,63626,45595,71.66
20,1129,IHFL261224,N1,10,10,100.00
20,1130,IIFL,EQ,1124136,460457,40.96
20,1131,IIFLCAPS,EQ,198654,115506,58.14
20,1132,IIFLZC25,ND,14,14,100.00
20,1133,IIFLZC25A,NP,1099,949,86.35
20,1134,IIFLZC28B,Y1,2000,1761,88.05
20,1135,IIFLZC28C,N6,500,500,100.00
20,1136,IKIO,EQ,47812,25791,53.94
20,1137,IKS,EQ,534478,252212,47.19
20,1138,IMAGICAA,EQ,740705,315678,42.62
20,1139,IMC1,N0,662,447,67.52
20,1140,IMC1,N1,1331,730,54.85
20,1141,IMFA,EQ,87285,31842,36.48
20,1142,IMPAL,EQ,400,235,58.75
20,1143,INCREDIBLE,EQ,16969,8804,51.88
20,1144,INDBANK,EQ,75422,33631,44.59
20,1145,INDGN,EQ,1255318,676712,53.91
20,1146,INDHOTEL,EQ,1660940,915101,55.10
20,1147,INDIACEM,EQ,489871,276086,56.36
20,1148,INDIAGLYCO,EQ,139153,46595,33.48
20,1149,INDIAMART,EQ,671612,242006,36.03
20,1150,INDIANB,EQ,1458405,704953,48.34
20,1151,INDIANHUME,EQ,41262,15018,36.40
20,1152,INDIASHLTR,EQ,98092,59595,60.75
20,1153,INDIFRA,SM,4000,4000,100.00
20,1154,INDIGO,EQ,584163,371309,63.56
20,1155,INDIGOPNTS,EQ,25062,10873,43.38
20,1156,INDIGRID,IV,207891,159864,76.90
20,1157,INDNIPPON,EQ,7807,4685,60.01
20,1158,INDOAMIN,EQ,130284,48483,37.21
20,1159,INDOBORAX,EQ,45076,24878,55.19
20,1160,INDOCO,EQ,115813,92977,80.28
20,1161,INDOFARM,EQ,24272789,6658430,27.43
20,1162,INDORAMA,EQ,132024,97132,73.57
20,1163,INDOSTAR,EQ,104201,59436,57.04
20,1164,INDOWIND,EQ,947984,341923,36.07
20,1165,INDRAMEDCO,EQ,760982,302494,39.75
20,1166,INDTERRAIN,EQ,33360,19961,59.84
20,1167,INDUSINDBK,EQ,3581533,2053407,57.33
20,1168,INDUSTOWER,EQ,4495351,2482794,55.23
20,1169,INFIBEAM,EQ,5913162,2636764,44.59
20,1170,INFINIUM,ST,1500,1500,100.00
20,1171,INFOBEAN,EQ,10352,7141,68.98
20,1172,INFOLLION,ST,14400,14400,100.00
20,1173,INFOMEDIA,EQ,30218,12874,42.60
20,1174,INFRABEES,EQ,16125,10411,64.56
20,1175,INFRAIETF,EQ,31769,16769,52.78
20,1176,INFY,EQ,4294832,2671982,62.21
20,1177,INGERRAND,EQ,8047,3769,46.84
20,1178,INM,SM,13200,12600,95.45
20,1179,INNOMET,SM,16800,9600,57.14
20,1180,INNOVACAP,EQ,132989,49856,37.49
20,1181,INNOVANA,EQ,72931,29338,40.23
20,1182,INOXGREEN,EQ,944594,356060,37.69
20,1183,INOXINDIA,EQ,97002,51980,53.59
20,1184,INOXWIND,EQ,4969962,2395355,48.20
20,1185,INSECTICID,EQ,30761,15436,50.18
20,1186,INSPIRE,SM,28000,16000,57.14
20,1187,INSPIRISYS,EQ,5849,4408,75.36
20,1188,INTELLECT,EQ,16514463,569819,3.45
20,1189,INTENTECH,EQ,13234,7809,59.01
20,1190,INTERARCH,EQ,113646,41600,36.60
20,1191,INTLCONV,EQ,128916,54369,42.17
20,1192,INVENTURE,EQ,1998694,839962,42.03
20,1193,IOB,EQ,4406397,894276,20.29
20,1194,IOC,EQ,13658286,6941676,50.82
20,1195,IOLCP,EQ,335577,95444,28.44
20,1196,IONEXCHANG,EQ,259833,124527,47.93
20,1197,IPCALAB,EQ,434214,127395,29.34
20,1198,IPHL,ST,10800,10800,100.00
20,1199,IPL,EQ,138086,57976,41.99
20,1200,IRB,EQ,11820099,4350650,36.81
20,1201,IRBINVIT,IV,98779,87278,88.36
20,1202,IRCON,EQ,2602160,623105,23.95
20,1203,IRCTC,EQ,676868,281990,41.66
20,1204,IREDA,EQ,18450188,3416481,18.52
20,1205,IRFC,EQ,13305286,3493438,26.26
20,1206,IRISDOREME,EQ,74083,12057,16.27
20,1207,IRMENERGY,EQ,43839,15862,36.18
20,1208,ISEC,EQ,162536,89300,54.94
20,1209,ISFT,EQ,26244,11173,42.57
20,1210,ISGEC,EQ,59123,25428,43.01
20,1211,ISHAN,ST,192000,192000,100.00
20,1212,IT,EQ,54047,44971,83.21
20,1213,ITALIANE,ST,14000,14000,100.00
20,1214,ITBEES,EQ,3002366,1790716,59.64
20,1215,ITC,EQ,14294780,9600674,67.16
20,1216,ITDC,EQ,99449,28160,28.32
20,1217,ITDCEM,EQ,373537,221217,59.22
20,1218,ITETF,EQ,100740,89117,88.46
20,1219,ITETFADD,EQ,4471,4068,90.99
20,1220,ITI,EQ,21365884,3567808,16.70
20,1221,ITIETF,EQ,894328,653511,73.07
20,1222,ITTL,ST,210,210,100.00
20,1223,IVC,EQ,287177,174948,60.92
20,1224,IVP,EQ,31465,12921,41.06
20,1225,IVZINGOLD,EQ,94,77,81.91
20,1226,IVZINNIFTY,EQ,8,6,75.00
20,1227,IWEL,EQ,6477,4315,66.62
20,1228,IXIGO,EQ,1226204,385676,31.45
20,1229,JAGRAN,EQ,47958,29014,60.50
20,1230,JAGSNPHARM,EQ,134618,70804,52.60
20,1231,JAIBALAJI,EQ,37871,19780,52.23
20,1232,JAICORPLTD,EQ,10535197,1589178,15.08
20,1233,JAINAM,ST,7000,7000,100.00
20,1234,JAIPURKURT,EQ,28270,14869,52.60
20,1235,JALAN,ST,186000,186000,100.00
20,1236,JAMNAAUTO,EQ,526587,193460,36.74
20,1237,JASH,EQ,108893,56472,51.86
20,1238,JAYAGROGN,EQ,8854,5659,63.91
20,1239,JAYBARMARU,EQ,46279,19361,41.84
20,1240,JAYBEE,ST,22000,22000,100.00
20,1241,JAYNECOIND,EQ,486887,94868,19.48
20,1242,JAYSREETEA,EQ,118000,52228,44.26
20,1243,JBCHEPHARM,EQ,222201,159341,71.71
20,1244,JBMA,EQ,52660,14628,27.78
20,1245,JCHAC,EQ,37166,17507,47.10
20,1246,JEYYAM,SM,60000,46000,76.67
20,1247,JGCHEM,EQ,64277,26694,41.53
20,1248,JHS,EQ,216346,111199,51.40
20,1249,JINDALPHOT,EQ,10033,4145,41.31
20,1250,JINDALPOLY,EQ,40674,13334,32.78
20,1251,JINDALSAW,EQ,1541644,783108,50.80
20,1252,JINDALSTEL,EQ,1057467,497848,47.08
20,1253,JINDRILL,EQ,210699,132227,62.76
20,1254,JINDWORLD,EQ,1530854,819953,53.56
20,1255,JIOFIN,EQ,8305881,4620548,55.63
20,1256,JISLDVREQS,EQ,129559,55793,43.06
20,1257,JISLJALEQS,EQ,16274774,7318020,44.97
20,1258,JITFINFRA,EQ,82039,44119,53.78
20,1259,JIWANRAM,SM,282000,258000,91.49
20,1260,J&KBANK,EQ,1385425,487650,35.20
20,1261,JKCEMENT,EQ,167958,53239,31.70
20,1262,JKIL,EQ,165580,83645,50.52
20,1263,JKLAKSHMI,EQ,49488,18724,37.84
20,1264,JKPAPER,EQ,156714,52861,33.73
20,1265,JKTYRE,EQ,207735,80262,38.64
20,1266,JLHL,EQ,95002,60269,63.44
20,1267,JMA,EQ,3273,1389,42.44
20,1268,JMFINANCIL,EQ,2276492,717425,31.51
20,1269,JNKINDIA,EQ,19616,10486,53.46
20,1270,JOCIL,EQ,5911,4284,72.48
20,1271,JPOLYINVST,EQ,11312,4003,35.39
20,1272,JPPOWER,EQ,29708349,9004614,30.31
20,1273,JSFB,EQ,101029,55024,54.46
20,1274,JSL,EQ,501442,233950,46.66
20,1275,JSLL,SM,8190,5310,64.84
20,1276,JSWENERGY,EQ,3408556,1747316,51.26
20,1277,JSWINFRA,EQ,2566679,1390855,54.19
20,1278,JSWSTEEL,EQ,688211,258199,37.52
20,1279,JTEKTINDIA,EQ,148633,54004,36.33
20,1280,JTLIND,EQ,5217550,2589946,49.64
20,1281,JUBLFOOD,EQ,2264155,1134915,50.13
20,1282,JUBLINGREA,EQ,478386,230653,48.21
20,1283,JUBLPHARMA,EQ,339982,217358,63.93
20,1284,JUNIORBEES,EQ,256257,183770,71.71
20,1285,JUNIPER,EQ,131495,78883,59.99
20,1286,JUSTDIAL,EQ,607898,128947,21.21
20,1287,JWL,EQ,983747,232935,23.68
20,1288,JYOTHYLAB,EQ,312734,127246,40.69
20,1289,JYOTICNC,EQ,453422,249930,55.12
20,1290,JYOTISTRUC,EQ,8225177,3629552,44.13
20,1291,K2INFRA,ST,21000,16800,80.00
20,1292,KABRAEXTRU,EQ,87896,29638,33.72
20,1293,KAJARIACER,EQ,299760,195207,65.12
20,1294,KAKATCEM,EQ,2728,2451,89.85
20,1295,KALAMANDIR,EQ,151947,79518,52.33
20,1296,KALANA,SM,92000,38000,41.30
20,1297,KALYANIFRG,EQ,4889,3539,72.39
20,1298,KALYANKJIL,EQ,14987021,3367829,22.47
20,1299,KAMATHOTEL,EQ,65755,24842,37.78
20,1300,KAMDHENU,EQ,239982,123315,51.39
20,1301,KANANIIND,EQ,169237,114038,67.38
20,1302,KANDARP,ST,16000,16000,100.00
20,1303,KANORICHEM,EQ,15643,7611,48.65
20,1304,KANPRPLA,EQ,33570,14363,42.79
20,1305,KANSAINER,EQ,163811,78067,47.66
20,1306,KAPSTON,EQ,6136,4140,67.47
20,1307,KARMAENG,EQ,49962,30432,60.91
20,1308,KARNIKA,ST,2400,2400,100.00
20,1309,KARURVYSYA,EQ,692835,327345,47.25
20,1310,KATARIA,SM,7200,6600,91.67
20,1311,KAUSHALYA,EQ,3812,2361,61.94
20,1312,KAYNES,EQ,546544,177203,32.42
20,1313,KBCGLOBAL,EQ,15407788,5368428,34.84
20,1314,KCEIL,ST,31000,29500,95.16
20,1315,KCK,ST,12500,10000,80.00
20,1316,KCP,EQ,461257,191427,41.50
20,1317,KCPSUGIND,EQ,113981,56720,49.76
20,1318,KDDL,EQ,6181,2657,42.99
20,1319,KDL,ST,8450,8000,94.67
20,1320,KEC,EQ,1156942,587464,50.78
20,1321,KECL,EQ,194139,70251,36.19
20,1322,KEI,EQ,164182,79919,48.68
20,1323,KEL,ST,3600,3600,100.00
20,1324,KELLTONTEC,EQ,5804246,1714343,29.54
20,1325,KESORAMIND,EQ,263925,130151,49.31
20,1326,KFINTECH,EQ,756577,370659,48.99
20,1327,KHADIM,EQ,8864,5740,64.76
20,1328,KHAICHEM,EQ,147916,57941,39.17
20,1329,KHAITANLTD,EQ,1341,829,61.82
20,1330,KHANDSE,EQ,19171,10857,56.63
20,1331,KHFM,SM,7750,6200,80.00
20,1332,KICL,EQ,3813,1944,50.98
20,1333,KILITCH,EQ,7939,4290,54.04
20,1334,KIMS,EQ,730186,245710,33.65
20,1335,KINGFA,EQ,53887,17575,32.61
20,1336,KIOCL,EQ,1124565,132826,11.81
20,1337,KIRIINDUS,EQ,480846,206414,42.93
20,1338,KIRLOSBROS,EQ,3154546,165362,5.24
20,1339,KIRLOSENG,EQ,187036,107781,57.63
20,1340,KIRLOSIND,EQ,2562,1157,45.16
20,1341,KIRLPNU,EQ,87283,46296,53.04
20,1342,KKCL,EQ,17413,8528,48.97
20,1343,KLL,SM,18400,14400,78.26
20,1344,KMEW,EQ,6460,3483,53.92
20,1345,KMSUGAR,EQ,84631,40752,48.15
20,1346,KNAGRI,ST,36000,34800,96.67
20,1347,KNRCON,EQ,569420,197391,34.67
20,1348,KODYTECH,SM,7400,5100,68.92
20,1349,KOHINOOR,EQ,196771,77440,39.36
20,1350,KOKUYOCMLN,EQ,77160,43990,57.01
20,1351,KOLTEPATIL,EQ,83539,35204,42.14
20,1352,KONSTELEC,ST,11000,11000,100.00
20,1353,KONTOR,ST,6000,4800,80.00
20,1354,KORE,ST,2500,2500,100.00
20,1355,KOTAKBANK,EQ,4399938,3088333,70.19
20,1356,KOTARISUG,EQ,85874,39830,46.38
20,1357,KOTHARIPET,EQ,52352,22994,43.92
20,1358,KOTYARK,SM,21100,13900,65.88
20,1359,KPEL,EQ,128105,72377,56.50
20,1360,KPIGREEN,EQ,661256,376277,56.90
20,1361,KPIL,EQ,272493,142973,52.47
20,1362,KPITTECH,EQ,876238,477865,54.54
20,1363,KPRMILL,EQ,116677,48515,41.58
20,1364,KRBL,EQ,236464,88039,37.23
20,1365,KRISHANA,EQ,29575,16298,55.11
20,1366,KRISHCA,SM,6000,4500,75.00
20,1367,KRISHIVAL,SM,1000,1000,100.00
20,1368,KRISHNADEF,ST,58500,54000,92.31
20,1369,KRITINUT,EQ,28570,15505,54.27
20,1370,KRN,EQ,598382,141973,23.73
20,1371,KRONOX,EQ,238448,86562,36.30
20,1372,KROSS,EQ,298217,157612,52.85
20,1373,KRSNAA,EQ,114104,43011,37.69
20,1374,KRYSTAL,EQ,24818,13097,52.77
20,1375,KSB,EQ,104667,73028,69.77
20,1376,KSCL,EQ,165418,69506,42.02
20,1377,KSHITIJPOL,EQ,263267,178613,67.84
20,1378,KSL,EQ,43348,27121,62.57
20,1379,KSOLVES,EQ,36831,20025,54.37
20,1380,KTKBANK,EQ,825540,463589,56.16
20,1381,KTL,ST,9000,6000,66.67
20,1382,KUANTUM,EQ,43347,23450,54.10
20,1383,LAGNAM,EQ,51325,9777,19.05
20,1384,LAKSHYA,SM,48000,31200,65.00
20,1385,LAL,EQ,333497,196412,58.89
20,1386,LALPATHLAB,EQ,519018,145941,28.12
20,1387,LAMOSAIC,ST,5400,5400,100.00
20,1388,LANCORHOL,EQ,106335,66445,62.49
20,1389,LANDMARK,EQ,28796,20538,71.32
20,1390,LAOPALA,EQ,35956,17365,48.30
20,1391,LASA,EQ,39181,21125,53.92
20,1392,LATENTVIEW,EQ,293502,146407,49.88
20,1393,LAURUSLABS,EQ,1601696,506897,31.65
20,1394,LAWSIKHO,SM,20000,18000,90.00
20,1395,LAXMICOT,EQ,25840,11990,46.40
20,1396,LEMERITE,ST,145600,137600,94.51
20,1397,LEMONTREE,EQ,3125720,1202643,38.48
20,1398,LEXUS,EQ,23687,17995,75.97
20,1399,LFIC,EQ,36129,12233,33.86
20,1400,LGBBROSLTD,EQ,12166,5967,49.05
20,1401,LIBAS,EQ,13474,8335,61.86
20,1402,LIBERTSHOE,EQ,28187,18305,64.94
20,1403,LICHSGFIN,EQ,1887588,844006,44.71
20,1404,LICI,EQ,1323119,348838,26.36
20,1405,LICMFGOLD,EQ,919,794,86.40
20,1406,LICNETFGSC,EQ,97195,88455,91.01
20,1407,LICNETFN50,EQ,671,401,59.76
20,1408,LICNETFSEN,EQ,135,93,68.89
20,1409,LICNFNHGP,EQ,225,138,61.33
20,1410,LICNMID100,EQ,3412,2112,61.90
20,1411,LIKHITHA,EQ,48495,24020,49.53
20,1412,LINC,EQ,117320,59820,50.99
20,1413,LINCOLN,EQ,60367,29586,49.01
20,1414,LINDEINDIA,EQ,63567,23651,37.21
20,1415,LIQUID,EQ,117350,92001,78.40
20,1416,LIQUID1,EQ,879744,834930,94.91
20,1417,LIQUIDADD,EQ,1118736,711005,63.55
20,1418,LIQUIDBEES,EQ,3205589,2241298,69.92
20,1419,LIQUIDBETF,EQ,3208,2994,93.33
20,1420,LIQUIDCASE,EQ,7845660,5132766,65.42
20,1421,LIQUIDETF,EQ,353163,327680,92.78
20,1422,LIQUIDIETF,EQ,1105338,894918,80.96
20,1423,LIQUIDPLUS,EQ,31533,31293,99.24
20,1424,LIQUIDSBI,EQ,3458,2296,66.40
20,1425,LIQUIDSHRI,EQ,20301,12355,60.86
20,1426,LLOYDS,SM,9000,6000,66.67
20,1427,LLOYDSENGG,EQ,15166414,4118397,27.15
20,1428,LLOYDSENT,EQ,4107258,2110315,51.38
20,1429,LLOYDSME,EQ,700577,202529,28.91
20,1430,LMW,EQ,2661,1396,52.46
20,1431,LODHA,EQ,519362,136598,26.30
20,1432,LOKESHMACH,EQ,41436,21456,51.78
20,1433,LORDSCHLO,EQ,80877,41328,51.10
20,1434,LOTUSEYE,EQ,156632,44295,28.28
20,1435,LOVABLE,EQ,15013,7438,49.54
20,1436,LOWVOL,EQ,131,97,74.05
20,1437,LOWVOL1,EQ,10557,7256,68.73
20,1438,LOWVOLIETF,EQ,1660220,1017224,61.27
20,1439,LRRPL,ST,6000,6000,100.00
20,1440,LT,EQ,1453540,830053,57.11
20,1441,LTF,EQ,3978224,1384671,34.81
20,1442,LTFOODS,EQ,898168,288614,32.13
20,1443,LTGILTBEES,EQ,2830499,1877921,66.35
20,1444,LTIM,EQ,152237,59729,39.23
20,1445,LTTS,EQ,148865,71879,48.28
20,1446,LUMAXIND,EQ,5524,2908,52.64
20,1447,LUMAXTECH,EQ,91446,37099,40.57
20,1448,LUPIN,EQ,1249557,821649,65.76
20,1449,LUXIND,EQ,42031,15179,36.11
20,1450,LXCHEM,EQ,1228663,639915,52.08
20,1451,LYKALABS,EQ,108850,42808,39.33
20,1452,LYPSAGEMS,EQ,36023,21251,58.99
20,1453,MACOBSTECH,SM,1600,1600,100.00
20,1454,MACPOWER,EQ,7641,4841,63.36
20,1455,MADHAV,EQ,8758,4646,53.05
20,1456,MADHAVBAUG,SM,1200,1200,100.00
20,1457,MADHUCON,EQ,30624,20530,67.04
20,1458,MADHUSUDAN,SM,11000,9000,81.82
20,1459,MADRASFERT,EQ,579262,117051,20.21
20,1460,MAFANG,EQ,98389,97897,99.50
20,1461,MAGADSUGAR,EQ,4856,2258,46.50
20,1462,MAGNUM,EQ,60153,36601,60.85
20,1463,MAGSON,SM,4000,4000,100.00
20,1464,MAHABANK,EQ,21144032,9154865,43.30
20,1465,MAHAPEXLTD,EQ,14622,5936,40.60
20,1466,MAHEPC,EQ,33549,21181,63.13
20,1467,MAHESHWARI,EQ,111895,60789,54.33
20,1468,MAHICKRA,SM,15750,12000,76.19
20,1469,MAHKTECH,EQ,1028801,784323,76.24
20,1470,MAHLIFE,EQ,293442,228931,78.02
20,1471,MAHLOG,EQ,69174,31276,45.21
20,1472,MAHSCOOTER,EQ,4322,2793,64.62
20,1473,MAHSEAMLES,EQ,229578,68543,29.86
20,1474,MAITHANALL,EQ,20771,9734,46.86
20,1475,MAITREYA,ST,3600,2800,77.78
20,1476,MAKEINDIA,EQ,32582,20711,63.57
20,1477,MAL,SM,35200,28800,81.82
20,1478,MALLCOM,EQ,1691,799,47.25
20,1479,MALUPAPER,EQ,89022,22296,25.05
20,1480,MANAKALUCO,EQ,28198,11145,39.52
20,1481,MANAKSIA,EQ,61070,24884,40.75
20,1482,MANAKSTEEL,EQ,35078,18437,52.56
20,1483,MANALIPETC,EQ,122572,55260,45.08
20,1484,MANAPPURAM,EQ,4990066,1924517,38.57
20,1485,MANBA,EQ,272277,104097,38.23
20,1486,MANCREDIT,EQ,85327,27975,32.79
20,1487,MANDEEP,SM,14000,12000,85.71
20,1488,MANGALAM,EQ,19946,11234,56.32
20,1489,MANGCHEFER,EQ,338100,137467,40.66
20,1490,MANGLMCEM,EQ,36099,18252,50.56
20,1491,MANINDS,EQ,397061,205017,51.63
20,1492,MANINFRA,EQ,835850,338794,40.53
20,1493,MANKIND,EQ,681474,519443,76.22
20,1494,MANOMAY,EQ,40572,36396,89.71
20,1495,MANORAMA,EQ,48046,24725,51.46
20,1496,MANORG,EQ,4476,2956,66.04
20,1497,MANUGRAPH,EQ,8856,7200,81.30
20,1498,MANYAVAR,EQ,298562,264750,88.68
20,1499,MAPMYINDIA,EQ,48233,24163,50.10
20,1500,MARALOVER,EQ,11084,7913,71.39
20,1501,MARATHON,EQ,201423,75271,37.37
20,1502,MARCO,SM,85500,63000,73.68
20,1503,MARICO,EQ,1687921,1192699,70.66
20,1504,MARINETRAN,ST,4000,4000,100.00
20,1505,MARKSANS,EQ,835014,271913,32.56
20,1506,MARUTI,EQ,308104,161786,52.51
20,1507,MASFIN,EQ,83910,33882,40.38
20,1508,MASON,ST,16000,13000,81.25
20,1509,MASPTOP50,EQ,72423,68892,95.12
20,1510,MASTEK,EQ,68817,33689,48.95
20,1511,MASTERTR,EQ,11247,7098,63.11
20,1512,MATRIMONY,EQ,11142,6477,58.13
20,1513,MAWANASUG,EQ,42289,20106,47.54
20,1514,MAXESTATES,EQ,265417,157205,59.23
20,1515,MAXHEALTH,EQ,1976892,1238686,62.66
20,1516,MAXIND,EQ,54934,36322,66.12
20,1517,MAXPOSURE,SM,49000,18000,36.73
20,1518,MAYURUNIQ,EQ,44451,17027,38.31
20,1519,MAZDA,EQ,268354,43585,16.24
20,1520,MAZDOCK,EQ,2097861,269201,12.83
20,1521,MBAPL,EQ,52229,39969,76.53
20,1522,MBLINFRA,EQ,173045,44368,25.64
20,1523,MCON,ST,11000,8000,72.73
20,1524,MCX,EQ,355119,111980,31.53
20,1525,MDL,SM,10000,9000,90.00
20,1526,MEDANTA,EQ,218649,125358,57.33
20,1527,MEDIASSIST,EQ,133923,60211,44.96
20,1528,MEDICAMEQ,EQ,11774,6135,52.11
20,1529,MEDICO,EQ,428925,128841,30.04
20,1530,MEDIORG,ST,30000,30000,100.00
20,1531,MEDPLUS,EQ,258026,155301,60.19
20,1532,MEGASOFT,EQ,1134255,626020,55.19
20,1533,MEGASTAR,EQ,158520,64219,40.51
20,1534,MEGATHERM,SM,30000,13200,44.00
20,1535,MENONBE,EQ,26976,17673,65.51
20,1536,METAL,EQ,225392,90323,40.07
20,1537,METALIETF,EQ,2242461,1163720,51.89
20,1538,METROBRAND,EQ,46244,22312,48.25
20,1539,METROPOLIS,EQ,299045,46083,15.41
20,1540,MFSL,EQ,423949,190703,44.98
20,1541,MGEL,EQ,1088246,474609,43.61
20,1542,MGL,EQ,864619,366766,42.42
20,1543,MHHL,SM,354000,270000,76.27
20,1544,MHRIL,EQ,117265,45655,38.93
20,1545,MICEL,EQ,342414,165102,48.22
20,1546,MID150BEES,EQ,267251,163795,61.29
20,1547,MID150CASE,EQ,314720,170770,54.26
20,1548,MIDCAP,EQ,15995,11020,68.90
20,1549,MIDCAPETF,EQ,1191332,931339,78.18
20,1550,MIDCAPIETF,EQ,422863,180858,42.77
20,1551,MIDHANI,EQ,164809,60127,36.48
20,1552,MIDQ50ADD,EQ,926,823,88.88
20,1553,MIDSELIETF,EQ,184190,98714,53.59
20,1554,MIDSMALL,EQ,47966,35275,73.54
20,1555,MIEL,ST,6000,6000,100.00
20,1556,MINDACORP,EQ,2326530,541341,23.27
20,1557,MINDSPACE,RR,168640,156962,93.08
20,1558,MINDTECK,EQ,121277,56309,46.43
20,1559,MIRCELECTR,EQ,900987,343529,38.13
20,1560,MIRZAINT,EQ,82850,38593,46.58
20,1561,MITCON,EQ,7933,5532,69.73
20,1562,MITCONPP,E1,940,282,30.00
20,1563,MITTAL,EQ,5164885,3192039,61.80
20,1564,M&M,EQ,1978328,1186931,60.00
20,1565,M&MFIN,EQ,780470,262428,33.62
20,1566,MMFL,EQ,98402,28914,29.38
20,1567,MMP,EQ,12652,7379,58.32
20,1568,MMTC,EQ,1115031,330198,29.61
20,1569,MNC,EQ,15825,12233,77.30
20,1570,MOBIKWIK,EQ,61451586,2529572,4.12
20,1571,MODEFENCE,EQ,269628,132598,49.18
20,1572,MODIRUBBER,EQ,4186,2204,52.65
20,1573,MODISONLTD,EQ,29125,14821,50.89
20,1574,MOGSEC,EQ,46530,41216,88.58
20,1575,MOHEALTH,EQ,139006,118426,85.19
20,1576,MOIL,EQ,1275855,344196,26.98
20,1577,MOKSH,EQ,301335,211550,70.20
20,1578,MOL,EQ,434982,138305,31.80
20,1579,MOLDTECH,EQ,64277,44861,69.79
20,1580,MOLDTKPAC,EQ,93595,75830,81.02
20,1581,MOLOWVOL,EQ,3253,1234,37.93
20,1582,MOM100,EQ,329975,145220,44.01
20,1583,MOM30IETF,EQ,849107,636437,74.95
20,1584,MOM50,EQ,3847,3436,89.32
20,1585,MOMENTUM,EQ,64285,53909,83.86
20,1586,MOMENTUM50,EQ,272101,244764,89.95
20,1587,MOMOMENTUM,EQ,99272,87913,88.56
20,1588,MON100,EQ,910157,689518,75.76
20,1589,MONARCH,EQ,208553,86708,41.58
20,1590,MONIFTY500,EQ,199995,162485,81.24
20,1591,MONQ50,EQ,110108,67523,61.32
20,1592,MONTECARLO,EQ,35161,15440,43.91
20,1593,MOQUALITY,EQ,7559,5009,66.27
20,1594,MOREALTY,EQ,73144,56017,76.58
20,1595,MOREPENLAB,EQ,4359407,1216432,27.90
20,1596,MOS,ST,14800,12400,83.78
20,1597,MOSMALL250,EQ,249192,179764,72.14
20,1598,MOTHERSON,EQ,7657691,4547586,59.39
20,1599,MOTILALOFS,EQ,1668102,627464,37.62
20,1600,MOTISONS,EQ,3649434,1546326,42.37
20,1601,MOTOGENFIN,EQ,10596,8665,81.78
20,1602,MOVALUE,EQ,24419,17481,71.59
20,1603,MPHASIS,EQ,555628,323163,58.16
20,1604,MPSLTD,EQ,4786,2535,52.97
20,1605,MPTODAY,SM,6000,6000,100.00
20,1606,MRF,EQ,8586,2560,29.82
20,1607,MRO-TEK,EQ,12106,6947,57.38
20,1608,MRPL,EQ,2204103,584126,26.50
20,1609,MSPL,EQ,1132637,695379,61.39
20,1610,MSTCLTD,EQ,169136,63297,37.42
20,1611,MSUMI,EQ,34470089,20432646,59.28
20,1612,MTARTECH,EQ,306495,67075,21.88
20,1613,MTNL,EQ,3376859,713487,21.13
20,1614,MUFIN,EQ,151655,103059,67.96
20,1615,MUFTI,EQ,75382,36258,48.10
20,1616,MUKANDLTD,EQ,74178,32592,43.94
20,1617,MUKKA,EQ,394245,162567,41.24
20,1618,MUKTAARTS,EQ,22088,14842,67.19
20,1619,MULTICAP,EQ,187908,128516,68.39
20,1620,MUNJALAU,EQ,148120,55256,37.30
20,1621,MUNJALSHOW,EQ,28136,14446,51.34
20,1622,MURUDCERA,EQ,55182,32878,59.58
20,1623,MUTHOOTCAP,EQ,6651,4166,62.64
20,1624,MUTHOOTFIN,EQ,315147,165250,52.44
20,1625,MUTHOOTMF,EQ,99666,55127,55.31
20,1626,MVGJL,EQ,1268202,382889,30.19
20,1627,MVKAGRO,SM,13200,12000,90.91
20,1628,MWL,SM,4800,4800,100.00
20,1629,MYMUDRA,SM,34800,21600,62.07
20,1630,NACLIND,EQ,497616,304408,61.17
20,1631,NAGAFERT,EQ,991198,364848,36.81
20,1632,NAHARCAP,EQ,9326,5519,59.18
20,1633,NAHARINDUS,EQ,43919,35407,80.62
20,1634,NAHARPOLY,EQ,16702,8833,52.89
20,1635,NAHARSPING,EQ,19917,12097,60.74
20,1636,NAMAN,ST,6400,6400,100.00
20,1637,NAM-INDIA,EQ,458492,225508,49.18
20,1638,NAMOEWASTE,ST,40000,40000,100.00
20,1639,NARMADA,EQ,287917,179076,62.20
20,1640,NATCOPHARM,EQ,322675,188910,58.54
20,1641,NATHBIOGEN,EQ,10088,5381,53.34
20,1642,NATIONALUM,EQ,11620363,4398838,37.85
20,1643,NAUKRI,EQ,557458,236156,42.36
20,1644,NAVA,EQ,162342,69522,42.82
20,1645,NAVINFLUOR,EQ,292488,116547,39.85
20,1646,NAVKARCORP,EQ,573109,204602,35.70
20,1647,NAVNETEDUL,EQ,60148,33522,55.73
20,1648,NAZARA,EQ,267218,130587,48.87
20,1649,NBCC,EQ,5570304,1800680,32.33
20,1650,NCC,EQ,5305088,1628416,30.70
20,1651,NCLIND,EQ,54718,24067,43.98
20,1652,NDL,EQ,1917534,1180948,61.59
20,1653,NDLVENTURE,EQ,6037,4288,71.03
20,1654,NDRAUTO,EQ,83612,42659,51.02
20,1655,NDTV,EQ,66828,34036,50.93
20,1656,NECCLTD,EQ,747168,215217,28.80
20,1657,NEELAM,ST,54000,42000,77.78
20,1658,NELCAST,EQ,36407,20682,56.81
20,1659,NELCO,EQ,108918,43882,40.29
20,1660,NEOGEN,EQ,23492,9087,38.68
20,1661,NEPHROCARE,ST,5200,5200,100.00
20,1662,NESCO,EQ,233049,48593,20.85
20,1663,NESTLEIND,EQ,595819,389611,65.39
20,1664,NETF,EQ,4678,3297,70.48
20,1665,NETWEB,EQ,106759,37882,35.48
20,1666,NETWORK18,EQ,3080407,1391466,45.17
20,1667,NEULANDLAB,EQ,25412,7764,30.55
20,1668,NEWGEN,EQ,138656,54236,39.12
20,1669,NEWJAISA,SM,6000,6000,100.00
20,1670,NEXT50,EQ,19995,15036,75.20
20,1671,NEXT50IETF,EQ,814425,414105,50.85
20,1672,NFL,EQ,3859033,623844,16.17
20,1673,NGIL,EQ,166551,5845,3.51
20,1674,NGILPP1,E1,4694,4442,94.63
20,1675,NGLFINE,EQ,2419,1359,56.18
20,1676,NH,EQ,703099,311803,44.35
20,1677,NHPC,EQ,14031288,5738681,40.90
20,1678,NIACL,EQ,1396905,217441,15.57
20,1679,NIDAN,SM,13000,11000,84.62
20,1680,NIF100BEES,EQ,17423,8130,46.66
20,1681,NIF100IETF,EQ,125157,62510,49.95
20,1682,NIF10GETF,EQ,3382,3224,95.33
20,1683,NIF5GETF,EQ,525,385,73.33
20,1684,NIFITETF,EQ,208,123,59.13
20,1685,NIFMID150,EQ,448,330,73.66
20,1686,NIFTY1,EQ,41087,30158,73.40
20,1687,NIFTY50ADD,EQ,33832,26672,78.84
20,1688,NIFTYBEES,EQ,3881642,2718434,70.03
20,1689,NIFTYBETF,EQ,21938,10202,46.50
20,1690,NIFTYETF,EQ,225418,219399,97.33
20,1691,NIFTYIETF,EQ,221939,117954,53.15
20,1692,NIFTYQLITY,EQ,33737,25650,76.03
20,1693,NIITLTD,EQ,860725,249648,29.00
20,1694,NIITMTS,EQ,51349,22136,43.11
20,1695,NILAINFRA,EQ,3021155,1009044,33.40
20,1696,NILKAMAL,EQ,1890,1416,74.92
20,1697,NINSYS,EQ,6011,3254,54.13
20,1698,NIPPOBATRY,EQ,4232,2317,54.75
20,1699,NIRMAN,ST,39600,39600,100.00
20,1700,NITINSPIN,EQ,81543,30863,37.85
20,1701,NITIRAJ,EQ,3054,1992,65.23
20,1702,NIVABUPA,EQ,1339661,447922,33.44
20,1703,NLCINDIA,EQ,832052,261935,31.48
20,1704,NMDC,EQ,38761765,12921945,33.34
20,1705,NMSTEEL,ST,209600,193600,92.37
20,1706,NOCIL,EQ,282154,127965,45.35
20,1707,NORTHARC,EQ,307630,150871,49.04
20,1708,NOVAAGRI,EQ,181572,72074,39.69
20,1709,NPBET,EQ,3241,3173,97.90
20,1710,NPST,SM,13800,9250,67.03
20,1711,NRAIL,EQ,3672,2104,57.30
20,1712,NRBBEARING,EQ,127760,65297,51.11
20,1713,NSIL,EQ,20041,6567,32.77
20,1714,NSLNISP,EQ,2532543,931925,36.80
20,1715,NTPC,EQ,13891401,8729790,62.84
20,1716,NTPCGREEN,EQ,12297678,3684538,29.96
20,1717,NUCLEUS,EQ,19570,8268,42.25
20,1718,NURECA,EQ,119336,46819,39.23
20,1719,NUVAMA,EQ,41798,17592,42.09
20,1720,NUVOCO,EQ,286422,56716,19.80
20,1721,NV20,EQ,15402,12237,79.45
20,1722,NV20BEES,EQ,6766,4144,61.25
20,1723,NV20IETF,EQ,311343,151574,48.68
20,1724,NXST,RR,386427,340468,88.11
20,1725,NYKAA,EQ,8688720,3860430,44.43
20,1726,OAL,EQ,46799,12498,26.71
20,1727,OBCL,EQ,24684,23606,95.63
20,1728,OBEROIRLTY,EQ,779322,421019,54.02
20,1729,OBSCP,ST,44400,44400,100.00
20,1730,OCCL,EQ,12645,6761,53.47
20,1731,OCCLLTD,EQ,382479,188349,49.24
20,1732,OFSS,EQ,56206,20567,36.59
20,1733,OIL,EQ,5339442,1129192,21.15
20,1734,OILIETF,EQ,676442,346924,51.29
20,1735,OLAELEC,EQ,30769069,6315191,20.52
20,1736,OLECTRA,EQ,243732,88720,36.40
20,1737,OLIL,SM,51600,31200,60.47
20,1738,OMAXAUTO,EQ,4574,2414,52.78
20,1739,OMAXE,EQ,108402,70554,65.09
20,1740,OMFURN,ST,36000,33600,93.33
20,1741,OMINFRAL,EQ,184508,60936,33.03
20,1742,ONDOOR,ST,9000,8700,96.67
20,1743,ONELIFECAP,EQ,9369,7730,82.51
20,1744,ONEPOINT,EQ,4820625,2044742,42.42
20,1745,ONGC,EQ,52956766,21968356,41.48
20,1746,ONMOBILE,EQ,573775,142005,24.75
20,1747,ONWARDTEC,EQ,42988,20033,46.60
20,1748,ONYX,ST,58000,54000,93.10
20,1749,OPTIEMUS,EQ,219318,143023,65.21
20,1750,ORCHPHARMA,EQ,80248,34795,43.36
20,1751,ORIANA,SM,94350,52650,55.80
20,1752,ORICONENT,EQ,1413205,573229,40.56
20,1753,ORIENTALTL,EQ,193962,58448,30.13
20,1754,ORIENTBELL,EQ,11766,7644,64.97
20,1755,ORIENTCEM,EQ,517738,357285,69.01
20,1756,ORIENTCER,EQ,42640,20406,47.86
20,1757,ORIENTELEC,EQ,116501,50713,43.53
20,1758,ORIENTHOT,EQ,86347,35815,41.48
20,1759,ORIENTPPR,EQ,656215,292337,44.55
20,1760,ORIENTTECH,EQ,1694524,511754,30.20
20,1761,ORISSAMINE,EQ,7560,4364,57.72
20,1762,ORTINGLOBE,EQ,10385,8137,78.35
20,1763,OSELDEVICE,ST,27200,27200,100.00
20,1764,OSWALAGRO,EQ,48416,35789,73.92
20,1765,OSWALGREEN,EQ,981800,301812,30.74
20,1766,OWAIS,SM,19600,15600,79.59
20,1767,PAGEIND,EQ,43413,26810,61.76
20,1768,PAISALO,EQ,1991267,1009378,50.69
20,1769,PAKKA,EQ,58584,28122,48.00
20,1770,PALASHSECU,EQ,4124,2489,60.35
20,1771,PANACEABIO,EQ,142836,95245,66.68
20,1772,PANAMAPET,EQ,33418,19069,57.06
20,1773,PANSARI,EQ,1192,740,62.08
20,1774,PAR,EQ,46085,19208,41.68
20,1775,PARACABLES,EQ,2925158,1097798,37.53
20,1776,PARADEEP,EQ,13794026,3438512,24.93
20,1777,PARAGMILK,EQ,389067,169603,43.59
20,1778,PARAGON,ST,9600,9600,100.00
20,1779,PARAMOUNT,SM,1200,1200,100.00
20,1780,PARAS,EQ,489510,154127,31.49
20,1781,PARASPETRO,EQ,191895,130151,67.82
20,1782,PARKHOTELS,EQ,1392839,756804,54.34
20,1783,PARTYCRUS,SM,12000,12000,100.00
20,1784,PATANJALI,EQ,329025,220164,66.91
20,1785,PATELENG,EQ,3065691,1251788,40.83
20,1786,PATINTLOG,EQ,196074,94142,48.01
20,1787,PAYTM,EQ,2776232,456268,16.43
20,1788,PCBL,EQ,3282549,1594243,48.57
20,1789,PCCL,SM,12800,8800,68.75
20,1790,PCJEWELLER,EQ,22042954,11654896,52.87
20,1791,PDMJEPAPER,EQ,457472,157294,34.38
20,1792,PDSL,EQ,57971,27980,48.27
20,1793,PEARLPOLY,EQ,67917,32358,47.64
20,1794,PEL,EQ,288008,118285,41.07
20,1795,PELATRO,ST,8400,7800,92.86
20,1796,PENIND,EQ,490202,195434,39.87
20,1797,PENINLAND,EQ,279583,129146,46.19
20,1798,PENTAGON,SM,19000,12000,63.16
20,1799,PERFECT,ST,27000,27000,100.00
20,1800,PERSISTENT,EQ,367951,251668,68.40
20,1801,PETRONET,EQ,4824993,3306036,68.52
20,1802,PFC,EQ,4817004,2398437,49.79
20,1803,PFIZER,EQ,117953,22023,18.67
20,1804,PFOCUS,EQ,24671,9230,37.41
20,1805,PFS,EQ,515658,232445,45.08
20,1806,PGEL,EQ,1520881,886608,58.30
20,1807,PGHH,EQ,5482,2832,51.66
20,1808,PGHL,EQ,4964,2807,56.55
20,1809,PGIL,EQ,144719,60661,41.92
20,1810,PGINVIT,IV,1775975,1634171,92.02
20,1811,PHANTOMFX,ST,20700,18900,91.30
20,1812,PHARMABEES,EQ,4115226,2459460,59.76
20,1813,PHOENIXLTD,EQ,416162,228753,54.97
20,1814,PHOGLOBAL,ST,6000,6000,100.00
20,1815,PIDILITIND,EQ,369474,222656,60.26
20,1816,PIIND,EQ,417142,318012,76.24
20,1817,PILANIINVS,EQ,4526,1526,33.72
20,1818,PILITA,EQ,75267,38898,51.68
20,1819,PITTIENG,EQ,109177,32378,29.66
20,1820,PIXTRANS,EQ,36984,15940,43.10
20,1821,PLASTIBLEN,EQ,10074,4320,42.88
20,1822,PLATIND,EQ,189047,66441,35.15
20,1823,PLAZACABLE,EQ,25427,14213,55.90
20,1824,PNB,EQ,21097404,6425131,30.45
20,1825,PNBGILTS,EQ,193356,78197,40.44
20,1826,PNBHOUSING,EQ,735772,397411,54.01
20,1827,PNC,EQ,100054,52404,52.38
20,1828,PNCINFRA,EQ,510724,181842,35.60
20,1829,PNGJL,EQ,370231,159646,43.12
20,1830,POCL,EQ,41518,20525,49.44
20,1831,PODDARMENT,EQ,1041,566,54.37
20,1832,POKARNA,EQ,100370,51094,50.91
20,1833,POLICYBZR,EQ,1403657,840754,59.90
20,1834,POLYCAB,EQ,262756,152997,58.23
20,1835,POLYMED,EQ,104728,27839,26.58
20,1836,POLYPLEX,EQ,179424,85119,47.44
20,1837,POLYSIL,SM,2000,2000,100.00
20,1838,PONNIERODE,EQ,9622,5375,55.86
20,1839,POONAWALLA,EQ,4706192,3717981,79.00
20,1840,POSITRON,ST,21900,21300,97.26
20,1841,POWERGRID,EQ,10137739,5741652,56.64
20,1842,POWERINDIA,EQ,35982,17041,47.36
20,1843,POWERMECH,EQ,52001,17494,33.64
20,1844,PPAP,EQ,21809,12191,55.90
20,1845,PPL,EQ,57225,25472,44.51
20,1846,PPLPHARMA,EQ,2470327,946984,38.33
20,1847,PPSL,SM,126000,108000,85.71
20,1848,PRAENG,EQ,83314,49313,59.19
20,1849,PRAJIND,EQ,752693,279080,37.08
20,1850,PRAKASH,EQ,309960,133213,42.98
20,1851,PRAKASHSTL,EQ,333755,226804,67.96
20,1852,PRAMARA,SM,7000,4000,57.14
20,1853,PRANIK,SM,62400,44800,71.79
20,1854,PRATHAM,ST,30800,27200,88.31
20,1855,PRECAM,EQ,225291,82443,36.59
20,1856,PRECISION,ST,56000,50000,89.29
20,1857,PRECWIRE,EQ,2190294,429240,19.60
20,1858,PREMEXPLN,EQ,176580,47289,26.78
20,1859,PREMIERENE,EQ,1112019,259539,23.34
20,1860,PRESSTONIC,ST,3200,3200,100.00
20,1861,PRESTIGE,EQ,787790,455711,57.85
20,1862,PRICOLLTD,EQ,374372,180989,48.34
20,1863,PRIMESECU,EQ,32168,22218,69.07
20,1864,PRINCEPIPE,EQ,151566,74680,49.27
20,1865,PRITI,EQ,27305,12862,47.10
20,1866,PRITIKA,ST,9000,9000,100.00
20,1867,PRITIKAUTO,EQ,258006,135345,52.46
20,1868,PRIVISCL,EQ,40289,25951,64.41
20,1869,PRIZOR,ST,73600,72000,97.83
20,1870,PRLIND,SM,177000,120000,67.80
20,1871,PROLIFE,SM,4000,2000,50.00
20,1872,PROPEQUITY,SM,1800,1200,66.67
20,1873,PROV,SM,240,240,100.00
20,1874,PROZONER,EQ,1777522,983461,55.33
20,1875,PRSMJOHNSN,EQ,202940,75686,37.29
20,1876,PRUDENT,EQ,32100,16057,50.02
20,1877,PSB,EQ,443830,148178,33.39
20,1878,PSFL,SM,18000,16000,88.89
20,1879,PSPPROJECT,EQ,134046,61560,45.92
20,1880,PSUBANK,EQ,5250,3523,67.10
20,1881,PSUBANKADD,EQ,1167574,1163552,99.66
20,1882,PSUBNKBEES,EQ,5839768,5162750,88.41
20,1883,PSUBNKIETF,EQ,134906,66295,49.14
20,1884,PTC,EQ,1945918,996867,51.23
20,1885,PTCIL,EQ,119561,21712,18.16
20,1886,PTL,EQ,35689,24652,69.07
20,1887,PULZ,ST,20000,20000,100.00
20,1888,PUNJABCHEM,EQ,3578,1695,47.37
20,1889,PURPLEUTED,SM,128000,82000,64.06
20,1890,PURVA,EQ,88715,37634,42.42
20,1891,PURVFLEXI,SM,32000,7200,22.50
20,1892,PVP,EQ,308181,145702,47.28
20,1893,PVRINOX,EQ,3168224,941162,29.71
20,1894,PVSL,EQ,23376,11698,50.04
20,1895,PVTBANIETF,EQ,536798,294593,54.88
20,1896,PVTBANKADD,EQ,29816,24998,83.84
20,1897,PYRAMID,EQ,64689,33482,51.76
20,1898,QGOLDHALF,EQ,282978,145269,51.34
20,1899,QMSMEDI,SM,2000,2000,100.00
20,1900,QNIFTY,EQ,1053,546,51.85
20,1901,QUAL30IETF,EQ,27933,15044,53.86
20,1902,QUESS,EQ,313644,130111,41.48
20,1903,QUESTLAB,SM,229200,130800,57.07
20,1904,QUICKHEAL,EQ,45611,23074,50.59
20,1905,QUICKTOUCH,ST,2000,1500,75.00
20,1906,QVCEL,ST,6400,6400,100.00
20,1907,RACE,EQ,18988,6805,35.84
20,1908,RACLGEAR,EQ,10439,8329,79.79
20,1909,RADHIKAJWE,EQ,299210,198441,66.32
20,1910,RADIANTCMS,EQ,48666,26981,55.44
20,1911,RADICO,EQ,100180,48455,48.37
20,1912,RADIOCITY,EQ,103279,51413,49.78
20,1913,RADIOCITY,P1,13814,13814,100.00
20,1914,RADIOWALLA,SM,12800,9600,75.00
20,1915,RAILTEL,EQ,988903,241647,24.44
20,1916,RAIN,EQ,687923,228972,33.28
20,1917,RAINBOW,EQ,197862,93969,47.49
20,1918,RAJESHEXPO,EQ,370011,141596,38.27
20,1919,RAJINDLTD,SM,13500,12000,88.89
20,1920,RAJMET,EQ,468967,258984,55.22
20,1921,RAJPUTANA,SM,32000,21000,65.63
20,1922,RAJRATAN,EQ,169607,43844,25.85
20,1923,RAJSREESUG,EQ,36969,20274,54.84
20,1924,RALLIS,EQ,292935,114779,39.18
20,1925,RAMANEWS,EQ,36407,17222,47.30
20,1926,RAMAPHO,EQ,12672,5108,40.31
20,1927,RAMASTEEL,EQ,7068342,2412516,34.13
20,1928,RAMCOCEM,EQ,179910,68520,38.09
20,1929,RAMCOIND,EQ,176961,78740,44.50
20,1930,RAMCOSYS,EQ,38901,20141,51.78
20,1931,RAMKY,EQ,76481,61250,80.09
20,1932,RAMRAT,EQ,7651,4847,63.35
20,1933,RANASUG,EQ,171948,88824,51.66
20,1934,RANEENGINE,EQ,2415,1580,65.42
20,1935,RANEHOLDIN,EQ,8786,4235,48.20
20,1936,RAPPID,ST,7800,6600,84.62
20,1937,RATEGAIN,EQ,85331,48029,56.29
20,1938,RATNAMANI,EQ,14781,6477,43.82
20,1939,RATNAVEER,EQ,169600,77853,45.90
20,1940,RAYMOND,EQ,443039,86002,19.41
20,1941,RAYMONDLSL,EQ,57292,22557,39.37
20,1942,RBA,EQ,1746910,992886,56.84
20,1943,RBL,EQ,3125,1569,50.21
20,1944,RBLBANK,EQ,7372574,2220550,30.12
20,1945,RBMINFRA,ST,25800,23200,89.92
20,1946,RBS,ST,81600,78400,96.08
20,1947,RBZJEWEL,EQ,237329,125735,52.98
20,1948,RCDL,SM,72000,54000,75.00
20,1949,RCF,EQ,9210166,1274926,13.84
20,1950,RECLTD,EQ,4660352,2069649,44.41
20,1951,REDINGTON,EQ,2095906,952739,45.46
20,1952,REDTAPE,EQ,49608,21169,42.67
20,1953,REFEX,EQ,299524,172835,57.70
20,1954,REFRACTORY,ST,32000,31000,96.88
20,1955,RELAXO,EQ,37500,20409,54.42
20,1956,RELCHEMQ,EQ,3460,2198,63.53
20,1957,RELIABLE,EQ,1855,1360,73.32
20,1958,RELIANCE,EQ,10070505,6359466,63.15
20,1959,RELIGARE,EQ,516776,277541,53.71
20,1960,RELINFRA,EQ,2266086,1157687,51.09
20,1961,RELTD,EQ,69751,37435,53.67
20,1962,REMSONSIND,EQ,84278,56782,67.37
20,1963,REMUS,SM,2450,1650,67.35
20,1964,RENUKA,EQ,3211265,897521,27.95
20,1965,REPCOHOME,EQ,111331,52871,47.49
20,1966,REPRO,EQ,2002,1007,50.30
20,1967,RESPONIND,EQ,1581586,1264777,79.97
20,1968,RETAIL,EQ,11388,7609,66.82
20,1969,RGL,EQ,579643,387015,66.77
20,1970,RHIM,EQ,460846,321922,69.85
20,1971,RICHA,SM,2000,2000,100.00
20,1972,RICOAUTO,EQ,841072,297311,35.35
20,1973,RIIL,EQ,444272,52163,11.74
20,1974,RILINFRA,ST,34900,33900,97.13
20,1975,RISHABH,EQ,18336,8760,47.77
20,1976,RITCO,EQ,80834,31681,39.19
20,1977,RITES,EQ,1266003,265392,20.96
20,1978,RITEZONE,SM,11200,8000,71.43
20,1979,RKEC,EQ,31387,17925,57.11
20,1980,RKFORGE,EQ,152389,81485,53.47
20,1981,RKSWAMY,EQ,99063,78560,79.30
20,1982,RMDRIP,ST,9500,8500,89.47
20,1983,RML,EQ,3399,2077,61.11
20,1984,RNFI,ST,158400,154800,97.73
20,1985,ROCKINGDCE,SM,22500,20000,88.89
20,1986,ROHLTD,EQ,72226,30259,41.89
20,1987,ROLEXRINGS,EQ,30469,24302,79.76
20,1988,ROML,EQ,13492,8010,59.37
20,1989,ROSSARI,EQ,27112,9225,34.03
20,1990,ROSSTECH,EQ,9637,6440,66.83
20,1991,ROTO,EQ,256130,66588,26.00
20,1992,ROUTE,EQ,28511,12277,43.06
20,1993,ROXHITECH,SM,46400,35200,75.86
20,1994,RPEL,EQ,69034,24614,35.65
20,1995,RPGLIFE,EQ,14804,6646,44.89
20,1996,RPOWER,EQ,24607193,12469979,50.68
20,1997,RPPL,EQ,51557,39140,75.92
20,1998,RPSGVENT,EQ,210503,75286,35.76
20,1999,RPTECH,EQ,118548,55341,46.68
20,2000,RRKABEL,EQ,140866,101184,71.83
20,2001,RSWM,EQ,35197,21473,61.01
20,2002,RSYSTEMS,EQ,95389,72750,76.27
20,2003,RTNINDIA,EQ,1477026,518451,35.10
20,2004,RTNPOWER,EQ,8863006,3900920,44.01
20,2005,RUBFILA,EQ,56348,33407,59.29
20,2006,RUBYMILLS,EQ,15412,6246,40.53
20,2007,RUCHINFRA,EQ,82327,48883,59.38
20,2008,RUCHIRA,EQ,29234,17783,60.83
20,2009,RULKA,SM,8100,7200,88.89
20,2010,RUPA,EQ,52581,24420,46.44
20,2011,RUSHIL,EQ,235865,122199,51.81
20,2012,RUSTOMJEE,EQ,13805,6228,45.11
20,2013,RVNL,EQ,2593957,868592,33.49
20,2014,SAAKSHI,SM,13200,12600,95.45
20,2015,SADBHAV,EQ,852377,462581,54.27
20,2016,SADBHIN,EQ,156200,88778,56.84
20,2017,SADHAV,SM,22200,16200,72.97
20,2018,SADHNANIQ,EQ,149993,74289,49.53
20,2019,SAFARI,EQ,12680,6260,49.37
20,2020,SAGARDEEP,EQ,9557,4331,45.32
20,2021,SAGCEM,EQ,38584,13677,35.45
20,2022,SAGILITY,EQ,15303034,7502168,49.02
20,2023,SAHAJSOLAR,ST,25400,24400,96.06
20,2024,SAHANA,ST,13375,12750,95.33
20,2025,SAHASRA,SM,110800,72000,64.98
20,2026,SAHYADRI,EQ,9830,7095,72.18
20,2027,SAIFL,SM,15200,9600,63.16
20,2028,SAIL,EQ,7161545,1747126,24.40
20,2029,SAILIFE,EQ,867017,238078,27.46
20,2030,SAJHOTELS,SM,8000,6000,75.00
20,2031,SAKAR,EQ,4874,2531,51.93
20,2032,SAKHTISUG,EQ,68943,37312,54.12
20,2033,SAKSOFT,EQ,105341,55013,52.22
20,2034,SALASAR,EQ,8392698,3347673,39.89
20,2035,SALONA,EQ,272,181,66.54
20,2036,SALSTEEL,EQ,77236,45242,58.58
20,2037,SALZERELEC,EQ,105813,48638,45.97
20,2038,SAMHI,EQ,1415549,672523,47.51
20,2039,SAMMAANCAP,EQ,5411161,2550370,47.13
20,2040,SANATHAN,EQ,297453,133417,44.85
20,2041,SANDESH,EQ,1370,862,62.92
20,2042,SANDHAR,EQ,51362,24844,48.37
20,2043,SANDUMA,EQ,103049,37893,36.77
20,2044,SANGAMIND,EQ,25169,11443,45.46
20,2045,SANGANI,ST,15000,12000,80.00
20,2046,SANGHIIND,EQ,614464,327210,53.25
20,2047,SANGHVIMOV,EQ,185660,79209,42.66
20,2048,SANGINITA,EQ,19030,12631,66.37
20,2049,SANOFI,EQ,50726,22228,43.82
20,2050,SANOFICONR,EQ,4511,2844,63.05
20,2051,SANSERA,EQ,144401,107601,74.52
20,2052,SANSTAR,EQ,374228,167068,44.64
20,2053,SAPPHIRE,EQ,555067,208877,37.63
20,2054,SARDAEN,EQ,369238,182476,49.42
20,2055,SAREGAMA,EQ,3063404,527068,17.21
20,2056,SAROJA,SM,3200,1600,50.00
20,2057,SARTELE,SM,29500,19500,66.10
20,2058,SARVESHWAR,EQ,6671386,3053484,45.77
20,2059,SASKEN,EQ,12559,6224,49.56
20,2060,SASTASUNDR,EQ,15273,10428,68.28
20,2061,SATECH,ST,87000,77000,88.51
20,2062,SATIA,EQ,220864,126772,57.40
20,2063,SATIN,EQ,175014,85772,49.01
20,2064,SATINDLTD,EQ,449348,260704,58.02
20,2065,SATIPOLY,SM,2500,2500,100.00
20,2066,SAURASHCEM,EQ,71459,41611,58.23
20,2067,SBC,EQ,1722024,895026,51.98
20,2068,SBCL,EQ,81290,29999,36.90
20,2069,SBFC,EQ,1800107,523696,29.09
20,2070,SBGLP,EQ,136815,48462,35.42
20,2071,SBICARD,EQ,957937,296209,30.92
20,2072,SBIETFCON,EQ,3680,2756,74.89
20,2073,SBIETFIT,EQ,3720,2814,75.65
20,2074,SBIETFPB,EQ,11024,9145,82.96
20,2075,SBIETFQLTY,EQ,10827,10352,95.61
20,2076,SBILIFE,EQ,2362510,1440188,60.96
20,2077,SBIN,EQ,9669152,4636630,47.95
20,2078,SBINEQWETF,EQ,35417,21928,61.91
20,2079,SBISILVER,EQ,27110,22419,82.70
20,2080,SCHAEFFLER,EQ,32178,16071,49.94
20,2081,SCHAND,EQ,87108,50945,58.48
20,2082,SCHNEIDER,EQ,145750,59455,40.79
20,2083,SCI,EQ,1272839,329487,25.89
20,2084,SCILAL,EQ,404693,171512,42.38
20,2085,SCLZC26B,AY,10,10,100.00
20,2086,SCML,SM,8000,8000,100.00
20,2087,SDBL,EQ,3719136,1131173,30.41
20,2088,SDL26BEES,EQ,13485,12955,96.07
20,2089,SDREAMS,SM,19000,16000,84.21
20,2090,SEAMECLTD,EQ,9330,6365,68.22
20,2091,SECMARK,EQ,5929,3097,52.23
20,2092,SECURKLOUD,EQ,77705,53873,69.33
20,2093,SEL,ST,4600,4600,100.00
20,2094,SELAN,EQ,28603,12837,44.88
20,2095,SELMC,EQ,10026,5581,55.67
20,2096,SENCO,EQ,378087,176121,46.58
20,2097,SENORES,EQ,521260,207941,39.89
20,2098,SENSEXADD,EQ,1701,1382,81.25
20,2099,SENSEXETF,EQ,10433,7245,69.44
20,2100,SENSEXIETF,EQ,12509,3610,28.86
20,2101,SEPC,EQ,8836755,2673618,30.26
20,2102,SEQUENT,EQ,689871,319190,46.27
20,2103,SERVICE,SM,12000,10000,83.33
20,2104,SERVOTECH,EQ,753048,301297,40.01
20,2105,SESHAPAPER,EQ,10311,7884,76.46
20,2106,SETF10GILT,EQ,40628,40077,98.64
20,2107,SETFGOLD,EQ,2102367,1734123,82.48
20,2108,SETFNIF50,EQ,453173,400927,88.47
20,2109,SETFNIFBK,EQ,25900,18916,73.03
20,2110,SETFNN50,EQ,28470,22974,80.70
20,2111,SFL,EQ,282027,125053,44.34
20,2112,SFML,SM,142400,96000,67.42
20,2113,SGBAPR28I,GB,113,86,76.11
20,2114,SGBAUG27,GB,6,6,100.00
20,2115,SGBAUG28V,GB,533,449,84.24
20,2116,SGBAUG29V,GB,284,221,77.82
20,2117,SGBAUG30,GB,63,53,84.13
20,2118,SGBD29VIII,GB,163,132,80.98
20,2119,SGBDC27VII,GB,2,1,50.00
20,2120,SGBDE30III,GB,109,64,58.72
20,2121,SGBDE31III,GB,1823,1209,66.32
20,2122,SGBDEC25,GB,2,2,100.00
20,2123,SGBDEC2513,GB,1,1,100.00
20,2124,SGBDEC26,GB,23,23,100.00
20,2125,SGBFEB29XI,GB,18,14,77.78
20,2126,SGBFEB32IV,GB,475,398,83.79
20,2127,SGBJ28VIII,GB,3,2,66.67
20,2128,SGBJAN26,GB,1,1,100.00
20,2129,SGBJAN27,GB,11,5,45.45
20,2130,SGBJAN29IX,GB,488,399,81.76
20,2131,SGBJAN29X,GB,138,110,79.71
20,2132,SGBJAN30IX,GB,22,12,54.55
20,2133,SGBJU29III,GB,38,27,71.05
20,2134,SGBJUL25,GB,57,57,100.00
20,2135,SGBJUL28IV,GB,425,385,90.59
20,2136,SGBJUL29IV,GB,93,77,82.80
20,2137,SGBJUN27,GB,9,9,100.00
20,2138,SGBJUN28,GB,50,26,52.00
20,2139,SGBJUN29II,GB,192,121,63.02
20,2140,SGBJUN30,GB,151,107,70.86
20,2141,SGBJUN31I,GB,157,118,75.16
20,2142,SGBMAR25,GB,22,19,86.36
20,2143,SGBMAR30X,GB,42,38,90.48
20,2144,SGBMAR31IV,GB,33,32,96.97
20,2145,SGBMAY25,GB,3,3,100.00
20,2146,SGBMAY28,GB,116,104,89.66
20,2147,SGBMAY29I,GB,243,205,84.36
20,2148,SGBMR29XII,GB,268,232,86.57
20,2149,SGBN28VIII,GB,86,71,82.56
20,2150,SGBNV29VII,GB,133,108,81.20
20,2151,SGBOC28VII,GB,26,26,100.00
20,2152,SGBOCT25,GB,9,8,88.89
20,2153,SGBOCT25IV,GB,9,8,88.89
20,2154,SGBOCT25V,GB,12,12,100.00
20,2155,SGBOCT27,GB,52,49,94.23
20,2156,SGBOCT27VI,GB,6,6,100.00
20,2157,SGBSEP27,GB,12,12,100.00
20,2158,SGBSEP28VI,GB,252,177,70.24
20,2159,SGBSEP29VI,GB,141,106,75.18
20,2160,SGBSEP31II,GB,1125,914,81.24
20,2161,SGL,EQ,23181,13973,60.28
20,2162,SHAH,EQ,1082630,691168,63.84
20,2163,SHALBY,EQ,60599,30748,50.74
20,2164,SHALPAINTS,EQ,110693,68248,61.66
20,2165,SHANKARA,EQ,28404,11187,39.39
20,2166,SHANTHALA,ST,3600,3600,100.00
20,2167,SHANTI,EQ,486491,227236,46.71
20,2168,SHANTIGEAR,EQ,10947,6266,57.24
20,2169,SHARDACROP,EQ,495028,176374,35.63
20,2170,SHARDAMOTR,EQ,11269,5069,44.98
20,2171,SHAREINDIA,EQ,910891,333326,36.59
20,2172,SHARIABEES,EQ,3749,2075,55.35
20,2173,SHEETAL,SM,48000,40000,83.33
20,2174,SHEMAROO,EQ,16201,10159,62.71
20,2175,SHERA,SM,13000,10000,76.92
20,2176,SHIGAN,SM,13500,12000,88.89
20,2177,SHILPAMED,EQ,316219,156653,49.54
20,2178,SHIVALIK,EQ,14719,6027,40.95
20,2179,SHIVAMAUTO,EQ,179815,84883,47.21
20,2180,SHIVAMILLS,EQ,24566,8106,33.00
20,2181,SHIVATEX,EQ,8862,4285,48.35
20,2182,SHK,EQ,2078346,895163,43.07
20,2183,SHOPERSTOP,EQ,363740,337917,92.90
20,2184,SHREDIGCEM,EQ,156140,60365,38.66
20,2185,SHREECEM,EQ,20692,5121,24.75
20,2186,SHREEKARNI,SM,14700,10800,73.47
20,2187,SHREEOSFM,SM,6000,5000,83.33
20,2188,SHREEPUSHK,EQ,51811,29424,56.79
20,2189,SHRENIK,EQ,1526099,1135955,74.44
20,2190,SHREYANIND,EQ,15727,12141,77.20
20,2191,SHRIPISTON,EQ,35085,16539,47.14
20,2192,SHRIRAMFIN,EQ,556342,299500,53.83
20,2193,SHRIRAMPPS,EQ,810089,353341,43.62
20,2194,SHRITECH,SM,102000,90000,88.24
20,2195,SHUBHLAXMI,ST,3000,3000,100.00
20,2196,SHUBHSHREE,ST,8400,8400,100.00
20,2197,SHYAMCENT,EQ,103750,68698,66.21
20,2198,SHYAMMETL,EQ,418092,200674,48.00
20,2199,SIDDHIKA,SM,1000,1000,100.00
20,2200,SIEMENS,EQ,309990,174272,56.22
20,2201,SIGACHI,EQ,1846740,586309,31.75
20,2202,SIGIND,EQ,14066,10853,77.16
20,2203,SIGMA,EQ,39870,7477,18.75
20,2204,SIGNATURE,EQ,534408,54992,10.29
20,2205,SIGNORIA,SM,4000,4000,100.00
20,2206,SIKKO,EQ,40719,17987,44.17
20,2207,SIL,EQ,51235,26777,52.26
20,2208,SILGO,EQ,53970,15354,28.45
20,2209,SILLYMONKS,EQ,8920,8033,90.06
20,2210,SILVER,EQ,179617,93395,52.00
20,2211,SILVER1,EQ,232340,174131,74.95
20,2212,SILVERADD,EQ,11824,9623,81.39
20,2213,SILVERBEES,EQ,5033950,4132552,82.09
20,2214,SILVERETF,EQ,146821,101595,69.20
20,2215,SILVERIETF,EQ,1051269,839404,79.85
20,2216,SILVERTUC,EQ,12693,2587,20.38
20,2217,SILVRETF,EQ,20538,14699,71.57
20,2218,SINCLAIR,EQ,128930,54150,42.00
20,2219,SINDHUTRAD,EQ,7402471,1711788,23.12
20,2220,SINTERCOM,EQ,8087,3987,49.30
20,2221,SIRCA,EQ,221555,183075,82.63
20,2222,SIS,EQ,51620,29720,57.57
20,2223,SIYSIL,EQ,277059,65257,23.55
20,2224,SJLOGISTIC,ST,31750,30500,96.06
20,2225,SJS,EQ,37261,15235,40.89
20,2226,SJVN,EQ,6529601,1711084,26.21
20,2227,SKFINDIA,EQ,18159,11881,65.43
20,2228,SKIPPER,EQ,699465,299008,42.75
20,2229,SKMEGGPROD,EQ,55675,22690,40.75
20,2230,SKP,SM,8000,5500,68.75
20,2231,SLONE,ST,3200,3200,100.00
20,2232,SMALLCAP,EQ,413817,257728,62.28
20,2233,SMCGLOBAL,EQ,163826,81757,49.90
20,2234,SMLISUZU,EQ,10215,5306,51.94
20,2235,SMLT,EQ,17384,10364,59.62
20,2236,SMSPHARMA,EQ,96877,37054,38.25
20,2237,SMVD,SM,4040,4040,100.00
20,2238,SNOWMAN,EQ,272511,115595,42.42
20,2239,SOBHA,EQ,106415,46046,43.27
20,2240,SOLARA,EQ,80566,46101,57.22
20,2241,SOLARAPP,E1,2108,1741,82.59
20,2242,SOLARINDS,EQ,145518,116673,80.18
20,2243,SOLEX,SM,23000,10250,44.57
20,2244,SOMANYCERA,EQ,8595,5251,61.09
20,2245,SOMICONVEY,EQ,19515,11608,59.48
20,2246,SONACOMS,EQ,787355,415396,52.76
20,2247,SONAMAC,ST,8000,8000,100.00
20,2248,SONATSOFTW,EQ,202165,110698,54.76
20,2249,SONUINFRA,ST,15000,15000,100.00
20,2250,SOTAC,SM,2400,2400,100.00
20,2251,SOTL,EQ,27289,13889,50.90
20,2252,SOUTHBANK,EQ,11023977,4830640,43.82
20,2253,SOUTHWEST,EQ,70936,31986,45.09
20,2254,SPAL,EQ,45091,27088,60.07
20,2255,SPANDANA,EQ,5241856,894130,17.06
20,2256,SPARC,EQ,511254,247837,48.48
20,2257,SPCENET,EQ,881703,881703,100.00
20,2258,SPCL,ST,27600,25200,91.30
20,2259,SPECIALITY,EQ,41678,23970,57.51
20,2260,SPECTRUM,SM,9625,8250,85.71
20,2261,SPECTSTM,ST,26400,25600,96.97
20,2262,SPENCERS,EQ,234858,115495,49.18
20,2263,SPIC,EQ,656966,186521,28.39
20,2264,SPLIL,EQ,11726,7084,60.41
20,2265,SPLPETRO,EQ,35953,20282,56.41
20,2266,SPORTKING,EQ,150835,74089,49.12
20,2267,SPPPOLY,ST,44000,44000,100.00
20,2268,SREEL,EQ,4536,2383,52.54
20,2269,SRF,EQ,505414,183286,36.26
20,2270,SRGHFL,EQ,2019,1287,63.74
20,2271,SRHHYPOLTD,EQ,27479,15186,55.26
20,2272,SRIVASAVI,SM,5000,5000,100.00
20,2273,SRM,EQ,125871,73278,58.22
20,2274,SSDL,EQ,44061,22827,51.81
20,2275,SSEGL,ST,86200,84000,97.45
20,2276,SSFL,ST,7500,7000,93.33
20,2277,SSWL,EQ,130754,58696,44.89
20,2278,STANLEY,EQ,53906,24346,45.16
20,2279,STAR,EQ,1236326,918076,74.26
20,2280,STARCEMENT,EQ,569889,150853,26.47
20,2281,STARHEALTH,EQ,471020,248182,52.69
20,2282,STARPAPER,EQ,13847,4795,34.63
20,2283,STARTECK,EQ,15532,771,4.96
20,2284,STCINDIA,EQ,25472,8859,34.78
20,2285,STEELCAS,EQ,66660,24851,37.28
20,2286,STEELCITY,EQ,51423,25281,49.16
20,2287,STEELXIND,EQ,781796,391651,50.10
20,2288,STEL,EQ,12602,6629,52.60
20,2289,STERTOOLS,EQ,137357,38174,27.79
20,2290,STLTECH,EQ,834094,415859,49.86
20,2291,STOVEKRAFT,EQ,67214,43709,65.03
20,2292,STYLAMIND,EQ,48331,23564,48.76
20,2293,STYLEBAAZA,EQ,158959,68458,43.07
20,2294,STYRENIX,EQ,23884,10825,45.32
20,2295,SUBEXLTD,EQ,2296914,625498,27.23
20,2296,SUBROS,EQ,44638,25089,56.21
20,2297,SUDARSCHEM,EQ,225354,181599,80.58
20,2298,SUKHJITS,EQ,8083,4743,58.68
20,2299,SULA,EQ,118832,44044,37.06
20,2300,SUMICHEM,EQ,139968,55706,39.80
20,2301,SUMMITSEC,EQ,6408,2932,45.76
20,2302,SUNCLAY,EQ,17185,10963,63.79
20,2303,SUNDARAM,EQ,358389,248607,69.37
20,2304,SUNDARMFIN,EQ,105728,18996,17.97
20,2305,SUNDARMHLD,EQ,63502,26035,41.00
20,2306,SUNDRMFAST,EQ,22339,10702,47.91
20,2307,SUNLITE,SM,6000,6000,100.00
20,2308,SUNPHARMA,EQ,1615649,1095805,67.82
20,2309,SUNTECK,EQ,337985,157104,46.48
20,2310,SUNTV,EQ,679454,364338,53.62
20,2311,SUPERHOUSE,EQ,3702,1513,40.87
20,2312,SUPRAJIT,EQ,70871,40042,56.50
20,2313,SUPREMEIND,EQ,69323,39232,56.59
20,2314,SUPREMEPWR,ST,58500,57500,98.29
20,2315,SUPRIYA,EQ,265637,107585,40.50
20,2316,SURAJEST,EQ,84170,42012,49.91
20,2317,SURAKSHA,EQ,313603,192999,61.54
20,2318,SURANASOL,EQ,174542,112447,64.42
20,2319,SURANAT&P,EQ,335157,204590,61.04
20,2320,SURANI,ST,2200,2200,100.00
20,2321,SURYALAXMI,EQ,15124,8510,56.27
20,2322,SURYAROSNI,EQ,507758,271452,53.46
20,2323,SURYODAY,EQ,339333,206510,60.86
20,2324,SUTLEJTEX,EQ,81645,42784,52.40
20,2325,SUVEN,EQ,166490,60278,36.21
20,2326,SUVENPHAR,EQ,111663,43391,38.86
20,2327,SUVIDHAA,EQ,473675,290819,61.40
20,2328,SUYOG,EQ,21475,11242,52.35
20,2329,SUZLON,EQ,59115926,27145363,45.92
20,2330,SWANENERGY,EQ,3454109,731178,21.17
20,2331,SWARAJ,ST,6500,6500,100.00
20,2332,SWARAJENG,EQ,2326,953,40.97
20,2333,SWASTIK,SM,16800,15600,92.86
20,2334,SWELECTES,EQ,16385,8098,49.42
20,2335,SWIGGY,EQ,12034803,5277600,43.85
20,2336,SWSOLAR,EQ,634815,301778,47.54
20,2337,SYLVANPLY,SM,14000,10000,71.43
20,2338,SYMPHONY,EQ,166118,42060,25.32
20,2339,SYNCOMF,EQ,3535243,1607362,45.47
20,2340,SYNGENE,EQ,816353,365709,44.80
20,2341,SYNOPTICS,SM,7800,6000,76.92
20,2342,SYRMA,EQ,989932,234895,23.73
20,2343,SYSTANGO,SM,26400,16000,60.61
20,2344,TAC,ST,15800,15600,98.73
20,2345,TAINWALCHM,EQ,6361,3181,50.01
20,2346,TAJGVK,EQ,558220,168093,30.11
20,2347,TAKE,EQ,73572,41811,56.83
20,2348,TALBROAUTO,EQ,53512,25767,48.15
20,2349,TANLA,EQ,7861148,1105771,14.07
20,2350,TARACHAND,EQ,442162,230664,52.17
20,2351,TARC,EQ,858716,443960,51.70
20,2352,TARMAT,EQ,20733,13334,64.31
20,2353,TARSONS,EQ,67222,27476,40.87
20,2354,TASTYBITE,EQ,1726,791,45.83
20,2355,TATACHEM,EQ,1311159,620685,47.34
20,2356,TATACOMM,EQ,194557,105734,54.35
20,2357,TATACONSUM,EQ,2413582,1007310,41.74
20,2358,TATAELXSI,EQ,208512,76371,36.63
20,2359,TATAGOLD,EQ,2821319,1539078,54.55
20,2360,TATAINVEST,EQ,26750,8556,31.99
20,2361,TATAMOTORS,EQ,15547971,5421719,34.87
20,2362,TATAPOWER,EQ,7289119,3175869,43.57
20,2363,TATASTEEL,EQ,24239451,9010071,37.17
20,2364,TATATECH,EQ,424409,202915,47.81
20,2365,TATSILV,EQ,1090636,993756,91.12
20,2366,TATVA,EQ,20075,9614,47.89
20,2367,TBI,ST,18600,17400,93.55
20,2368,TBOTEK,EQ,83013,47727,57.49
20,2369,TBZ,EQ,870244,250093,28.74
20,2370,TCI,EQ,52640,25833,49.07
20,2371,TCIEXP,EQ,21793,11316,51.92
20,2372,TCL,SM,19200,10400,54.17
20,2373,TCLCONS,EQ,170847,75843,44.39
20,2374,TCPLPACK,EQ,1755,1177,67.07
20,2375,TCS,EQ,2669054,1585862,59.42
20,2376,TDPOWERSYS,EQ,367296,188385,51.29
20,2377,TEAMLEASE,EQ,78701,34236,43.50
20,2378,TECH,EQ,9162,5679,61.98
20,2379,TECHERA,ST,51200,49600,96.88
20,2380,TECHLABS,ST,110625,97125,87.80
20,2381,TECHM,EQ,1305847,698635,53.50
20,2382,TECHNOE,EQ,204849,85292,41.64
20,2383,TECILCHEM,EQ,999,994,99.50
20,2384,TEGA,EQ,33882,15116,44.61
20,2385,TEJASNET,EQ,413784,151555,36.63
20,2386,TEXINFRA,EQ,479916,235913,49.16
20,2387,TEXMOPIPES,EQ,30596,15786,51.59
20,2388,TEXRAIL,EQ,1260755,416355,33.02
20,2389,TFCILTD,EQ,253027,86838,34.32
20,2390,TGBHOTELS,EQ,49904,30185,60.49
20,2391,TGL,ST,36000,32800,91.11
20,2392,THANGAMAYL,EQ,57811,30837,53.34
20,2393,THEINVEST,EQ,8298,3608,43.48
20,2394,THEJO,EQ,8650,5779,66.81
20,2395,THEMISMED,EQ,61458,35137,57.17
20,2396,THERMAX,EQ,57862,32304,55.83
20,2397,THESL,ST,18000,18000,100.00
20,2398,THOMASCOOK,EQ,662811,378078,57.04
20,2399,THYROCARE,EQ,257357,77732,30.20
20,2400,TI,EQ,1669957,524661,31.42
20,2401,TIIL,EQ,9154,5835,63.74
20,2402,TIINDIA,EQ,192699,132999,69.02
20,2403,TIMETECHNO,EQ,1308403,525214,40.14
20,2404,TIMKEN,EQ,116706,89923,77.05
20,2405,TIPSMUSIC,EQ,423845,246000,58.04
20,2406,TIRUMALCHM,EQ,172905,68362,39.54
20,2407,TIRUPATI,SM,4000,4000,100.00
20,2408,TITAGARH,EQ,1648186,391153,23.73
20,2409,TITAN,EQ,2389563,1182852,49.50
20,2410,TMB,EQ,94370,54167,57.40
20,2411,TNIDETF,EQ,76256,72098,94.55
20,2412,TNPETRO,EQ,272967,126251,46.25
20,2413,TNPL,EQ,372205,166525,44.74
20,2414,TOKYOPLAST,EQ,5225,2947,56.40
20,2415,TOLINS,EQ,425724,132582,31.14
20,2416,TOP100CASE,EQ,812593,714088,87.88
20,2417,TOP10ADD,EQ,335880,328233,97.72
20,2418,TORNTPHARM,EQ,134592,67479,50.14
20,2419,TORNTPOWER,EQ,316996,187171,59.05
20,2420,TOTAL,EQ,7701,4857,63.07
20,2421,TOUCHWOOD,EQ,2793,1882,67.38
20,2422,TPLPLASTEH,EQ,210024,65519,31.20
20,2423,TRACXN,EQ,231182,137344,59.41
20,2424,TRANSRAILL,EQ,11337902,1249093,11.02
20,2425,TRANSTEEL,ST,474000,402000,84.81
20,2426,TRANSWIND,ST,8000,8000,100.00
20,2427,TRANSWORLD,EQ,69971,34604,49.45
20,2428,TREJHARA,EQ,11717,8289,70.74
20,2429,TREL,EQ,339365,149760,44.13
20,2430,TRENT,EQ,601356,292222,48.59
20,2431,TRF,EQ,13787,5831,42.29
20,2432,TRIDENT,EQ,6974467,2003990,28.73
20,2433,TRIDHYA,SM,15000,15000,100.00
20,2434,TRIGYN,EQ,143596,88542,61.66
20,2435,TRITURBINE,EQ,429238,131260,30.58
20,2436,TRIVENI,EQ,622620,182244,29.27
20,2437,TROM,SM,16200,11400,70.37
20,2438,TRUST,SM,60600,41400,68.32
20,2439,TTKHLTCARE,EQ,10124,7992,78.94
20,2440,TTKPRESTIG,EQ,16393,6115,37.30
20,2441,TTML,EQ,3562014,674268,18.93
20,2442,TUNWAL,SM,94000,68000,72.34
20,2443,TVSELECT,EQ,31442,11438,36.38
20,2444,TVSHLTD,EQ,10456,5465,52.27
20,2445,TVSMOTOR,EQ,529516,294357,55.59
20,2446,TVSSCS,EQ,338423,138415,40.90
20,2447,TVSSRICHAK,EQ,1062,748,70.43
20,2448,TVTODAY,EQ,55367,25096,45.33
20,2449,UBL,EQ,73329,26844,36.61
20,2450,UCOBANK,EQ,4133134,981461,23.75
20,2451,UDAICEMENT,EQ,318487,166776,52.37
20,2452,UDS,EQ,124881,58157,46.57
20,2453,UFLEX,EQ,54623,24579,45.00
20,2454,UFO,EQ,71838,32624,45.41
20,2455,UGARSUGAR,EQ,311268,116161,37.32
20,2456,UGROCAP,EQ,120012,74708,62.25
20,2457,UHTL,ST,26000,24000,92.31
20,2458,UJJIVANSFB,EQ,5981431,2984412,49.89
20,2459,ULTRACEMCO,EQ,197212,130110,65.97
20,2460,UMA,SM,176000,104000,59.09
20,2461,UMAEXPORTS,EQ,106645,43373,40.67
20,2462,UMESLTD,EQ,40082,29926,74.66
20,2463,UNICHEMLAB,EQ,18603,10313,55.44
20,2464,UNIDT,EQ,42093,28408,67.49
20,2465,UNIECOM,EQ,435583,139228,31.96
20,2466,UNIENTER,EQ,18585,9613,51.72
20,2467,UNIHEALTH,SM,3000,2000,66.67
20,2468,UNIINFO,EQ,9481,5491,57.92
20,2469,UNILEX,SM,20800,20800,100.00
20,2470,UNIMECH,EQ,1193564,218246,18.29
20,2471,UNIONBANK,EQ,15013620,5152827,34.32
20,2472,UNIPARTS,EQ,35828,21718,60.62
20,2473,UNITDSPR,EQ,542151,292497,53.95
20,2474,UNITEDTEA,EQ,78093,15622,20.00
20,2475,UNIVASTU,EQ,24946,16015,64.20
20,2476,UNIVCABLES,EQ,78342,40871,52.17
20,2477,UNOMINDA,EQ,389826,168535,43.23
20,2478,UPL,EQ,4787940,1469179,30.68
20,2479,UPLPP,E1,772423,439267,56.87
20,2480,URAVI,EQ,889,656,73.79
20,2481,URBAN,ST,12400,12000,96.77
20,2482,USASEEDS,SM,600,600,100.00
20,2483,USHAFIN,SM,32800,28000,85.37
20,2484,USHAMART,EQ,1228919,815422,66.35
20,2485,USK,EQ,937276,447201,47.71
20,2486,UTIAMC,EQ,103734,43452,41.89
20,2487,UTIBANKETF,EQ,39127,31707,81.04
20,2488,UTINEXT50,EQ,103166,74851,72.55
20,2489,UTINIFTETF,EQ,12048,11609,96.36
20,2490,UTISENSETF,EQ,1094,858,78.43
20,2491,UTISXN50,EQ,4636,3658,78.90
20,2492,UTKARSHBNK,EQ,7187840,3382940,47.06
20,2493,UTSSAV,ST,16800,16800,100.00
20,2494,UTTAMSUGAR,EQ,32700,15880,48.56
20,2495,UYFINCORP,EQ,26938,13515,50.17
20,2496,VADILALIND,EQ,3986,1342,33.67
20,2497,VAIBHAVGBL,EQ,288096,105057,36.47
20,2498,VAKRANGEE,EQ,39172116,15239710,38.90
20,2499,VAL30IETF,EQ,41614,25153,60.44
20,2500,VALIANTLAB,EQ,32972,16413,49.78
20,2501,VALIANTORG,EQ,17881,9010,50.39
20,2502,VARDHACRLC,EQ,12196,8093,66.36
20,2503,VARROC,EQ,354618,118457,33.40
20,2504,VASCONEQ,EQ,460900,264148,57.31
20,2505,VASWANI,EQ,552338,242258,43.86
20,2506,VBL,EQ,3524547,1973424,55.99
20,2507,VDEAL,SM,7200,3600,50.00
20,2508,VEDL,EQ,5869461,2562907,43.67
20,2509,VEEDOL,EQ,37293,12079,32.39
20,2510,VEEKAYEM,ST,1000,1000,100.00
20,2511,VELS,SM,2400,2400,100.00
20,2512,VENKEYS,EQ,14969,6733,44.98
20,2513,VENTIVE,EQ,792194,398638,50.32
20,2514,VENUSPIPES,EQ,83724,15419,18.42
20,2515,VENUSREM,EQ,27195,14700,54.05
20,2516,VERA,ST,6000,6000,100.00
20,2517,VERANDA,EQ,90170,55017,61.01
20,2518,VERTOZ,EQ,1142912,623425,54.55
20,2519,VESUVIUS,EQ,6374,3155,49.50
20,2520,VGUARD,EQ,293241,121207,41.33
20,2521,VHL,EQ,1240,631,50.89
20,2522,VIDHIING,EQ,20549,11146,54.24
20,2523,VIESL,SM,36800,22400,60.87
20,2524,VIJAYA,EQ,2996149,945180,31.55
20,2525,VIKASECO,EQ,2411568,1360031,56.40
20,2526,VIKASLIFE,EQ,3168072,1927523,60.84
20,2527,VILAS,ST,16250,14000,86.15
20,2528,VILINBIO,SM,24000,24000,100.00
20,2529,VIMTALABS,EQ,349609,95836,27.41
20,2530,VINATIORGA,EQ,14255,6908,48.46
20,2531,VINCOFE,EQ,337038,193806,57.50
20,2532,VINDHYATEL,EQ,10796,5739,53.16
20,2533,VINEETLAB,EQ,141862,66087,46.59
20,2534,VINSYS,SM,6500,4500,69.23
20,2535,VINYAS,ST,2200,2200,100.00
20,2536,VINYLINDIA,EQ,12515,5754,45.98
20,2537,VIPCLOTHNG,EQ,239791,112175,46.78
20,2538,VIPIND,EQ,150068,74438,49.60
20,2539,VIRINCHI,EQ,212682,102796,48.33
20,2540,VISAKAIND,EQ,110626,79292,71.68
20,2541,VISHNU,EQ,87352,55382,63.40
20,2542,VISHNUINFR,ST,67500,67000,99.26
20,2543,VISHWARAJ,EQ,622680,275907,44.31
20,2544,VISHWAS,SM,12800,11200,87.50
20,2545,VITAL,SM,14400,12000,83.33
20,2546,VIVIANA,ST,7625,6875,90.16
20,2547,VIVIDHA,EQ,417636,340944,81.64
20,2548,VLEGOV,EQ,968384,481804,49.75
20,2549,VLINFRA,ST,18000,18000,100.00
20,2550,VLSFINANCE,EQ,29054,13109,45.12
20,2551,VMARCIND,ST,11250,10250,91.11
20,2552,VMART,EQ,18045,8449,46.82
20,2553,VMM,EQ,52702210,16735752,31.76
20,2554,VOLTAMP,EQ,12403,4657,37.55
20,2555,VOLTAS,EQ,895288,598099,66.81
20,2556,VPRPL,EQ,639848,168859,26.39
20,2557,VR,ST,2000,2000,100.00
20,2558,VRAJ,EQ,57876,19664,33.98
20,2559,VRLLOG,EQ,20670,9391,45.43
20,2560,VSSL,EQ,42893,19415,45.26
20,2561,VSTIND,EQ,95419,52300,54.81
20,2562,VSTL,EQ,10435,6596,63.21
20,2563,VSTTILLERS,EQ,3396,1821,53.62
20,2564,VTL,EQ,229641,89221,38.85
20,2565,WAAREEENER,EQ,826532,188692,22.83
20,2566,WABAG,EQ,399766,209656,52.44
20,2567,WALCHANNAG,EQ,342571,107545,31.39
20,2568,WALPAR,SM,4000,2000,50.00
20,2569,WCIL,EQ,350098,146011,41.71
20,2570,WEIZMANIND,EQ,6444,4327,67.15
20,2571,WEL,EQ,281864,93478,33.16
20,2572,WELCORP,EQ,310512,138676,44.66
20,2573,WELENT,EQ,389456,169990,43.65
20,2574,WELINV,EQ,1581,1021,64.58
20,2575,WELSPUNLIV,EQ,872277,357957,41.04
20,2576,WENDT,EQ,284,186,65.49
20,2577,WESTLIFE,EQ,176224,71312,40.47
20,2578,WEWIN,EQ,3493,2556,73.17
20,2579,WHEELS,EQ,19229,8889,46.23
20,2580,WHIRLPOOL,EQ,122860,73279,59.64
20,2581,WILLAMAGOR,EQ,9143,4847,53.01
20,2582,WINDLAS,EQ,19127,12139,63.47
20,2583,WINDMACHIN,EQ,118669,43760,36.88
20,2584,WINNY,ST,1000,1000,100.00
20,2585,WINSOL,SM,98000,70400,71.84
20,2586,WIPRO,EQ,7381943,3500484,47.42
20,2587,WOCKPHARMA,EQ,323604,130576,40.35
20,2588,WOL3D,SM,7000,7000,100.00
20,2589,WOMANCART,ST,400,400,100.00
20,2590,WONDERLA,EQ,104021,44392,42.68
20,2591,WORTH,EQ,458059,159307,34.78
20,2592,WSI,EQ,46019,24433,53.09
20,2593,WSTCSTPAPR,EQ,54980,22968,41.78
20,2594,WTICAB,ST,20000,20000,100.00
20,2595,XCHANGING,EQ,175675,89305,50.84
20,2596,XELPMOC,EQ,27966,9879,35.33
20,2597,XPROINDIA,EQ,32620,17350,53.19
20,2598,XTGLOBAL,EQ,434010,182403,42.03
20,2599,YASHO,EQ,6277,3197,50.93
20,2600,YASHOPTICS,SM,3200,3200,100.00
20,2601,YATHARTH,EQ,360844,193003,53.49
20,2602,YATRA,EQ,149895,61103,40.76
20,2603,YCCL,SM,9000,6000,66.67
20,2604,YESBANK,EQ,67368307,20762110,30.82
20,2605,YUDIZ,SM,7200,7200,100.00
20,2606,YUKEN,EQ,2008,1162,57.87
20,2607,ZAGGLE,EQ,659301,306064,46.42
20,2608,ZEAL,SM,9600,6600,68.75
20,2609,ZEEL,EQ,12933885,5706002,44.12
20,2610,ZEELEARN,EQ,1637649,1039289,63.46
20,2611,ZEEMEDIA,EQ,2754426,1910596,69.36
20,2612,ZENITHDRUG,ST,101600,96800,95.28
20,2613,ZENITHEXPO,EQ,782,418,53.45
20,2614,ZENITHSTL,EQ,126716,91767,72.42
20,2615,ZENSARTECH,EQ,433144,99155,22.89
20,2616,ZENTEC,EQ,239798,105886,44.16
20,2617,ZFCVINDIA,EQ,15352,11330,73.80
20,2618,ZIMLAB,EQ,73093,36359,49.74
20,2619,ZODIAC,EQ,14538,8085,55.61
20,2620,ZODIACLOTH,EQ,12057,6289,52.16
20,2621,ZOMATO,EQ,115216965,59481929,51.63
20,2622,ZOTA,EQ,549253,149697,27.25
20,2623,ZTECH,ST,900,900,100.00
20,2624,ZUARI,EQ,285919,147364,51.54
20,2625,ZUARIIND,EQ,82489,46103,55.89
20,2626,ZYDUSLIFE,EQ,3691121,1262057,34.19
20,2627,ZYDUSWELL,EQ,8337,2637,31.63
