Security Wise Delivery Position - Compulsory Rolling Settlement
10,MTO,23012025,938189046,0002612
Trade Date <23-JAN-2025>,Settlement Type <N>
Record Type,Sr No,Name of Security,Quantity Traded,Deliverable Quantity(gross across client level),% of Deliverable Quantity to Traded Quantity
20,1,0SCL26,YR,20,20,100.00
20,2,1003IIFL29,NC,48,48,100.00
20,3,1003ISFL28,N4,102,102,100.00
20,4,1003SCL31,ZQ,11,11,100.00
20,5,1015ECL29,NR,385,377,97.92
20,6,1018GS2026,GS,995,995,100.00
20,7,1025SCL34,Z8,498,498,100.00
20,8,1030SFIL26,NJ,96,96,100.00
20,9,1050IIFL29,ND,70,70,100.00
20,10,1050ISFL28,N5,150,150,100.00
20,11,1050NFL26,N7,2,2,100.00
20,12,1050UCL25,N7,110,110,100.00
20,13,1060ECL29,NS,849,849,100.00
20,14,10CAGL27,N5,2,2,100.00
20,15,10IIFL28,N4,906,798,88.08
20,16,10IIFL28A,NE,572,373,65.21
20,17,10NIDO26,N6,10,10,100.00
20,18,1102NFL26,N8,20,10,50.00
20,19,182D030725,TB,1000,1000,100.00
20,20,182D040425,TB,100,100,100.00
20,21,182D050625,TB,200,200,100.00
20,22,182D060325,TB,100,100,100.00
20,23,182D080525,TB,200,200,100.00
20,24,182D100425,TB,100,100,100.00
20,25,182D150525,TB,12100,11200,92.56
20,26,182D200225,TB,200,200,100.00
20,27,182D240425,TB,100,100,100.00
20,28,182D270225,TB,200,200,100.00
20,29,182D300125,TB,600,300,50.00
20,30,20MICRONS,EQ,1019299,508432,49.88
20,31,360ONE,EQ,376946,118067,31.32
20,32,364D010126,TB,100,100,100.00
20,33,364D020525,TB,500,500,100.00
20,34,364D120625,TB,60800,60800,100.00
20,35,364D150525,TB,10000,10000,100.00
20,36,364D150825,TB,800,800,100.00
20,37,364D161025,TB,100,100,100.00
20,38,364D200325,TB,100,100,100.00
20,39,364D280825,TB,700,400,57.14
20,40,364D310725,TB,21000,21000,100.00
20,41,3IINFOLTD,EQ,321519,155816,48.46
20,42,3MINDIA,EQ,8885,5321,59.89
20,43,574GS2026,GS,1100,1100,100.00
20,44,577GS2030,GS,2,2,100.00
20,45,5PAISA,EQ,17278,7097,41.08
20,46,619GS2034,GS,50,50,100.00
20,47,63MOONS,EQ,226883,83815,36.94
20,48,654GS2032,GS,104,104,100.00
20,49,667GS2035,GS,23,23,100.00
20,50,667GS2050,GS,34810,34810,100.00
20,51,676GS2061,GS,22100,22100,100.00
20,52,679GS2031,GS,100,100,100.00
20,53,679GS2034A,GS,1,1,100.00
20,54,695GS2061,GS,1376,1275,92.66
20,55,702GS2031,GS,101,101,100.00
20,56,704GS2029,GS,1000,1000,100.00
20,57,706GS2028,GS,100,100,100.00
20,58,709GS2054,GS,233,233,100.00
20,59,709GS2074,GS,200,200,100.00
20,60,710GS2029,GS,6150,4801,78.07
20,61,716GS2050,GS,9,9,100.00
20,62,717GS2030,GS,7700,7700,100.00
20,63,718GS2033,GS,8207,8207,100.00
20,64,718GS2037,GS,18902,18801,99.47
20,65,719GS2060,GS,195,195,100.00
20,66,71GS2034,GS,600,600,100.00
20,67,723GS2039,GS,20000,20000,100.00
20,68,725GS2063,GS,65829,65819,99.98
20,69,726GS2032,GS,21000,21000,100.00
20,70,726GS2033,GS,3,3,100.00
20,71,732GS2030,GS,1600,1600,100.00
20,72,732IRFC25,NI,101,101,100.00
20,73,733GS2026,GS,10400,10400,100.00
20,74,734GS2064,GS,400,400,100.00
20,75,736NTPC25D,NB,4,4,100.00
20,76,737GS2028,GS,1005081,1003650,99.86
20,77,737NTPC35C,NA,16,16,100.00
20,78,738GS2027,GS,31111,25836,83.04
20,79,738REC27TF,N2,1305,1100,84.29
20,80,739NHAI26,N8,500,500,100.00
20,81,73GS2053,GS,100,100,100.00
20,82,741GS2036,GS,1347,1347,100.00
20,83,743REC35,NH,259,259,100.00
20,84,746GS2073,GS,8031,8030,99.99
20,85,750IRFC35,NK,371,371,100.00
20,86,753IRFC30,NJ,1,1,100.00
20,87,754GS2036,GS,304955,303944,99.67
20,88,758GJ32,SG,200,200,100.00
20,89,760PFCL35,N3,250,250,100.00
20,90,762NTPC35F,ND,478,478,100.00
20,91,764HUDCO31,N8,149,149,100.00
20,92,764NABAR31,N2,875,650,74.29
20,93,769HUDCO31,N9,557,557,100.00
20,94,769NHAI31,NE,101,101,100.00
20,95,76IGT26,ND,121,121,100.00
20,96,76NHAI31,NA,1709,1100,64.37
20,97,774IREDA31,N7,138,138,100.00
20,98,795GS2032,GS,1,1,100.00
20,99,79NHIT35,N1,2384,2382,99.92
20,100,79NHIT40,N2,2220,1921,86.53
20,101,805ABFL28,N2,354,354,100.00
20,102,810IRFC27,N2,150,150,100.00
20,103,812REC27,NI,60,60,100.00
20,104,820IIFL27,N9,1150,1150,100.00
20,105,824GS2027,GS,2,1,50.00
20,106,82HUDCO27,N2,6406,810,12.64
20,107,82IGT31,NJ,155,150,96.77
20,108,830NHAI27,N2,409,300,73.35
20,109,833GS2026,GS,11,11,100.00
20,110,835IFL25,NV,258,250,96.90
20,111,842IIFL26,NL,269,269,100.00
20,112,849NTPC25,N7,648824,408127,62.90
20,113,84TCHF28,NA,500,500,100.00
20,114,850NHAI29,N5,408,408,100.00
20,115,862REC33,NA,15,15,100.00
20,116,863REC29,NC,5,5,100.00
20,117,865IFL28,NZ,339,290,85.55
20,118,865IIFL28,NS,2066,2066,100.00
20,119,865IRFC29,NA,513,513,100.00
20,120,865LTF26,NN,22,22,100.00
20,121,865SCL26,N8,3,3,100.00
20,122,868NHB29,N3,343,180,52.48
20,123,871REC28,N9,90,80,88.89
20,124,875IIFL26,NM,100,100,100.00
20,125,875NHAI29,N6,27,27,100.00
20,126,875SFL27,ZF,27,27,100.00
20,127,876HUDCO28,ND,813,713,87.70
20,128,885MOFSL26,N0,10,10,100.00
20,129,888IRFC29,NE,124,124,100.00
20,130,890SFIL23A,NZ,10,10,100.00
20,131,891IIFCL34,N4,1339,913,68.19
20,132,891NTPC33,N6,5243,1229,23.44
20,133,892NHPC33,N6,125,125,100.00
20,134,892PFCL33,N8,383,352,91.91
20,135,897MOFSL29,N4,30,30,100.00
20,136,89IHFL29,N1,17,17,100.00
20,137,8ABFL26,N0,92,61,66.30
20,138,901HUDCO34,NE,75,50,66.67
20,139,901NHB34,N6,232,71,30.60
20,140,903SFL28,YI,209,157,75.12
20,141,905LTF27,NF,112,112,100.00
20,142,905PEL26,N1,30,25,83.33
20,143,905SC24B,Z9,50,50,100.00
20,144,910TCAP28,NA,100,100,100.00
20,145,915SCL26,NE,1104,1104,100.00
20,146,91D280325,TB,1000,1000,100.00
20,147,91MOFSL27,N2,500,500,100.00
20,148,921ISFL25,N0,40,40,100.00
20,149,925AEL26,N1,500,500,100.00
20,150,925ERFL28,N6,122,122,100.00
20,151,925SCL26B,YQ,1,1,100.00
20,152,925SCL26F,N1,11,11,100.00
20,153,92GS2030,GS,1000,1000,100.00
20,154,92SFIL28,ND,47,47,100.00
20,155,935TSI27,N0,1,1,100.00
20,156,935TSI30,N0,3,3,100.00
20,157,935TSI34,N0,10,10,100.00
20,158,93MOFSL34,N6,50,50,100.00
20,159,943ECL28,NJ,5,5,100.00
20,160,945IFSL25,N4,38,38,100.00
20,161,948SCL26A,NN,4,4,100.00
20,162,94IFCI25,NL,65,65,100.00
20,163,950SCL23A,AP,20,20,100.00
20,164,955SCL25,ZU,25,25,100.00
20,165,955SCL27A,ZJ,10,10,100.00
20,166,956AEL29,N6,11,11,100.00
20,167,957ISFL26,N2,15,15,100.00
20,168,957NIDO26,N5,30,10,33.33
20,169,965AEL27,N4,250,250,100.00
20,170,965SCL25,AG,28,28,100.00
20,171,965SCL25C,N0,10,10,100.00
20,172,965SCL26,YO,20,20,100.00
20,173,96IIFL28,N5,8697,6663,76.61
20,174,96IIFL28A,NF,1195,1043,87.28
20,175,96SFIL24A,NB,31,31,100.00
20,176,970CAGL28,ND,183,183,100.00
20,177,971SCL28I,BC,6,6,100.00
20,178,97SFL26,Z9,25,25,100.00
20,179,97SFL28,YS,5,5,100.00
20,180,97SFL29,YZ,100,100,100.00
20,181,985ECL28,NK,176,176,100.00
20,182,985IIFL22,NC,151,151,100.00
20,183,990SCL26,N7,46,46,100.00
20,184,99AEL29,N7,3,3,100.00
20,185,9ICCL23A,N0,10,10,100.00
20,186,9IIFL28,Y0,50,50,100.00
20,187,9IIFL28A,NT,41,41,100.00
20,188,9MMFSML,N2,554,554,100.00
20,189,9PEL25,N0,3,2,66.67
20,190,9SCL25,YM,75,75,100.00
20,191,9SCL26BA,NA,970,880,90.72
20,192,AAATECH,EQ,35762,24266,67.85
20,193,AADHARHFC,EQ,428454,233073,54.40
20,194,AAKASH,EQ,180942,108498,59.96
20,195,AARON,EQ,11896,4004,33.66
20,196,AARTIDRUGS,EQ,59840,27280,45.59
20,197,AARTIIND,EQ,1474236,576210,39.09
20,198,AARTIPHARM,EQ,186207,87819,47.16
20,199,AARTISURF,EQ,3926,2633,67.07
20,200,AARVI,EQ,2883,1916,66.46
20,201,AATMAJ,SM,8000,8000,100.00
20,202,AAVAS,EQ,329403,205634,62.43
20,203,ABAN,EQ,75320,51899,68.90
20,204,ABB,EQ,243034,122024,50.21
20,205,ABBOTINDIA,EQ,4584,1241,27.07
20,206,ABCAPITAL,EQ,1576070,650317,41.26
20,207,ABCOTS,ST,11000,7500,68.18
20,208,ABDL,EQ,243909,105869,43.41
20,209,ABFRL,EQ,1012419,318058,31.42
20,210,ABGSEC,EQ,117,115,98.29
20,211,ABHAPOWER,ST,33600,32000,95.24
20,212,ABINFRA,EQ,139256,37575,26.98
20,213,ABREL,EQ,290215,85989,29.63
20,214,ABSLAMC,EQ,250683,146312,58.37
20,215,ABSLBANETF,EQ,10646,6783,63.71
20,216,ABSLLIQUID,EQ,53999,53994,99.99
20,217,ABSLNN50ET,EQ,5536,3982,71.93
20,218,ABSLPSE,EQ,186730,138396,74.12
20,219,ABSMARINE,SM,27500,17500,63.64
20,220,ACC,EQ,323927,130355,40.24
20,221,ACCELYA,EQ,98156,45438,46.29
20,222,ACCENTMIC,SM,31500,22500,71.43
20,223,ACCORD,SM,2000,2000,100.00
20,224,ACCURACY,EQ,81141,61870,76.25
20,225,ACE,EQ,93459,28947,30.97
20,226,ACEINTEG,EQ,8230,6129,74.47
20,227,ACI,EQ,77887,34379,44.14
20,228,ACL,EQ,16261,9986,61.41
20,229,ACLGATI,EQ,203978,102437,50.22
20,230,ACMESOLAR,EQ,567353,322394,56.82
20,231,ADANIENSOL,EQ,3765979,950486,25.24
20,232,ADANIENT,EQ,826721,307154,37.15
20,233,ADANIGREEN,EQ,3052259,484920,15.89
20,234,ADANIPORTS,EQ,1968815,751350,38.16
20,235,ADANIPOWER,EQ,4337709,792427,18.27
20,236,ADFFOODS,EQ,157921,76627,48.52
20,237,ADL,EQ,1008,389,38.59
20,238,ADORWELD,EQ,15340,6800,44.33
20,239,ADSL,EQ,1948815,497550,25.53
20,240,ADVANIHOTR,EQ,20278,9811,48.38
20,241,ADVENZYMES,EQ,57904,22378,38.65
20,242,AEGISLOG,EQ,1320262,191885,14.53
20,243,AEROFLEX,EQ,4920654,1076296,21.87
20,244,AERON,SM,31000,20000,64.52
20,245,AESTHETIK,SM,12000,6000,50.00
20,246,AETHER,EQ,27879,11143,39.97
20,247,AFCONS,EQ,870916,511948,58.78
20,248,AFFLE,EQ,104369,43252,41.44
20,249,AFFORDABLE,EQ,10112,6403,63.32
20,250,AFIL,EQ,530059,224914,42.43
20,251,AGARIND,EQ,10839,6684,61.67
20,252,AGARWALFT,SM,39000,30000,76.92
20,253,AGARWALTUF,SM,3600,3600,100.00
20,254,AGI,EQ,220353,76115,34.54
20,255,AGIIL,EQ,62385,61412,98.44
20,256,AGNI,SM,15000,7500,50.00
20,257,AGRITECH,EQ,6087,2892,47.51
20,258,AGROPHOS,EQ,26146,5631,21.54
20,259,AGSTRA,EQ,442687,293719,66.35
20,260,AHIMSA,ST,3000,3000,100.00
20,261,AHL,EQ,493572,147679,29.92
20,262,AHLADA,EQ,13490,7244,53.70
20,263,AHLEAST,EQ,6855,2710,39.53
20,264,AHLUCONT,EQ,39481,21017,53.23
20,265,AIAENG,EQ,54044,24786,45.86
20,266,AIIL,EQ,69634,27610,39.65
20,267,AILIMITED,ST,4500,4500,100.00
20,268,AIMTRON,SM,35600,24000,67.42
20,269,AIRAN,EQ,136646,66722,48.83
20,270,AIROLAM,EQ,2179,1150,52.78
20,271,AIRTELPP,E1,727001,657737,90.47
20,272,AISL,SM,600,600,100.00
20,273,AJANTPHARM,EQ,85845,37998,44.26
20,274,AJMERA,EQ,50191,16224,32.32
20,275,AJOONI,EQ,493710,324215,65.67
20,276,AKANKSHA,ST,59000,52000,88.14
20,277,AKASH,EQ,3543,1522,42.96
20,278,AKG,EQ,32605,25705,78.84
20,279,AKIKO,SM,67200,43200,64.29
20,280,AKSHARCHEM,EQ,1648,503,30.52
20,281,AKUMS,EQ,239017,118674,49.65
20,282,AKZOINDIA,EQ,7081,4217,59.55
20,283,ALANKIT,EQ,253458,130628,51.54
20,284,ALBERTDAVD,EQ,2662,1972,74.08
20,285,ALEMBICLTD,EQ,241703,101201,41.87
20,286,ALICON,EQ,13645,6235,45.69
20,287,ALIVUS,EQ,408756,109379,26.76
20,288,ALKALI,EQ,3195,1667,52.18
20,289,ALKEM,EQ,34691,12978,37.41
20,290,ALKYLAMINE,EQ,18284,8464,46.29
20,291,ALLCARGO,EQ,1690375,795634,47.07
20,292,ALLDIGI,EQ,57652,24839,43.08
20,293,ALLETEC,ST,11600,10000,86.21
20,294,ALOKINDS,EQ,3447544,840218,24.37
20,295,ALPA,EQ,58514,21131,36.11
20,296,ALPEXSOLAR,SM,38200,25600,67.02
20,297,ALPHA,EQ,2119421,1708203,80.60
20,298,ALPHAETF,EQ,2306463,1603101,69.50
20,299,ALPHAGEO,EQ,5911,1667,28.20
20,300,ALPL30IETF,EQ,369434,267968,72.53
20,301,ALUWIND,SM,24000,15000,62.50
20,302,AMBER,EQ,1449087,138168,9.53
20,303,AMBEY,SM,4000,4000,100.00
20,304,AMBICAAGAR,EQ,16026,5108,31.87
20,305,AMBIKCO,EQ,8434,3994,47.36
20,306,AMBUJACEM,EQ,1841473,687004,37.31
20,307,AMDIND,EQ,3001,1795,59.81
20,308,AMEYA,SM,12000,12000,100.00
20,309,AMIORG,EQ,162402,82993,51.10
20,310,AMJLAND,EQ,33688,13520,40.13
20,311,AMNPLST,EQ,24275,8066,33.23
20,312,AMRUTANJAN,EQ,11475,6188,53.93
20,313,ANANDRATHI,EQ,28554,14271,49.98
20,314,ANANTRAJ,EQ,1067571,215750,20.21
20,315,ANDHRAPAP,EQ,178259,96280,54.01
20,316,ANDHRSUGAR,EQ,74685,25102,33.61
20,317,ANGELONE,EQ,1226568,175625,14.32
20,318,ANIKINDS,EQ,6376,2698,42.31
20,319,ANLON,SM,3200,2000,62.50
20,320,ANMOL,EQ,31685,21975,69.35
20,321,ANNAPURNA,SM,74000,52250,70.61
20,322,ANTGRAPHIC,EQ,129920,96538,74.31
20,323,ANUHPHR,EQ,37125,19428,52.33
20,324,ANUP,EQ,21852,13648,62.46
20,325,ANURAS,EQ,81040,40758,50.29
20,326,ANYA,SM,1410000,930000,65.96
20,327,APARINDS,EQ,188664,137864,73.07
20,328,APCL,EQ,4883,2857,58.51
20,329,APCOTEXIND,EQ,17514,8565,48.90
20,330,APEX,EQ,206001,57816,28.07
20,331,APEXECO,SM,86400,43200,50.00
20,332,APLAPOLLO,EQ,401870,209351,52.09
20,333,APLLTD,EQ,381460,272790,71.51
20,334,APOLLO,EQ,8881717,1975043,22.24
20,335,APOLLOHOSP,EQ,271085,142706,52.64
20,336,APOLLOPIPE,EQ,44200,23643,53.49
20,337,APOLLOTYRE,EQ,965683,404421,41.88
20,338,APOLSINHOT,EQ,1279,717,56.06
20,339,APRAMEYA,ST,14000,12000,85.71
20,340,APS,SM,40250,25250,62.73
20,341,APTECHT,EQ,79517,24864,31.27
20,342,APTUS,EQ,362379,187071,51.62
20,343,ARABIAN,SM,4000,4000,100.00
20,344,ARCHIDPLY,EQ,31469,12234,38.88
20,345,ARCHIES,EQ,12133,6841,56.38
20,346,ARE&M,EQ,383965,184327,48.01
20,347,ARHAM,SM,6000,6000,100.00
20,348,ARIHANTACA,ST,800,800,100.00
20,349,ARIHANTCAP,EQ,153433,64421,41.99
20,350,ARIHANTSUP,EQ,20072,8874,44.21
20,351,ARKADE,EQ,1882718,560141,29.75
20,352,ARMANFIN,EQ,42749,23823,55.73
20,353,AROGRANITE,EQ,6061,4150,68.47
20,354,ARROWGREEN,EQ,20526,11017,53.67
20,355,ARTEMISMED,EQ,76901,45358,58.98
20,356,ARVEE,EQ,217,121,55.76
20,357,ARVIND,EQ,325169,150858,46.39
20,358,ARVINDFASN,EQ,181283,80597,44.46
20,359,ARVINDPORT,ST,57000,43500,76.32
20,360,ARVSMART,EQ,57376,45076,78.56
20,361,ASAHIINDIA,EQ,75806,52357,69.07
20,362,ASAHISONG,EQ,7488,5622,75.08
20,363,ASAL,EQ,6833,2739,40.08
20,364,ASALCBR,EQ,42015,20085,47.80
20,365,ASHALOG,ST,14000,10000,71.43
20,366,ASHAPURMIN,EQ,489215,231079,47.23
20,367,ASHIANA,EQ,33093,16719,50.52
20,368,ASHOKA,EQ,1169830,456215,39.00
20,369,ASHOKAMET,EQ,19808,13889,70.12
20,370,ASHOKLEY,EQ,4593922,1999989,43.54
20,371,ASIANENE,EQ,55105,27753,50.36
20,372,ASIANPAINT,EQ,1142498,703352,61.56
20,373,ASIANTILES,EQ,228818,109399,47.81
20,374,ASKAUTOLTD,EQ,317595,246313,77.56
20,375,ASMS,EQ,890809,437432,49.11
20,376,ASPINWALL,EQ,71669,52291,72.96
20,377,ASPIRE,ST,16000,12000,75.00
20,378,ASTEC,EQ,9174,5165,56.30
20,379,ASTERDM,EQ,860458,709640,82.47
20,380,ASTRAL,EQ,686991,414024,60.27
20,381,ASTRAMICRO,EQ,71570,30506,42.62
20,382,ASTRAZEN,EQ,24265,7487,30.86
20,383,ASTRON,EQ,23290,16748,71.91
20,384,ATAM,EQ,16118,10465,64.93
20,385,ATFL,EQ,19309,10709,55.46
20,386,ATGL,EQ,491703,107116,21.78
20,387,ATL,EQ,632188,278216,44.01
20,388,ATMASTCO,ST,27200,26800,98.53
20,389,ATUL,EQ,19400,7688,39.63
20,390,ATULAUTO,EQ,15081,8105,53.74
20,391,AUBANK,EQ,1940763,566577,29.19
20,392,AURDIS,ST,1875,1250,66.67
20,393,AURIONPRO,EQ,57708,32081,55.59
20,394,AUROIMPEX,SM,1600,1600,100.00
20,395,AUROPHARMA,EQ,1314811,489944,37.26
20,396,AURUM,EQ,64993,41593,64.00
20,397,AURUMPP1,E1,1499,1460,97.40
20,398,AUTOAXLES,EQ,6733,4168,61.90
20,399,AUTOBEES,EQ,101536,53085,52.28
20,400,AUTOIETF,EQ,211277,100758,47.69
20,401,AUTOIND,EQ,65190,39878,61.17
20,402,AVADHSUGAR,EQ,25671,12285,47.86
20,403,AVALON,EQ,613123,257512,42.00
20,404,AVANTEL,EQ,881606,196239,22.26
20,405,AVANTIFEED,EQ,1555160,288869,18.57
20,406,AVIANSH,ST,12000,12000,100.00
20,407,AVL,EQ,164264,98605,60.03
20,408,AVPINFRA,ST,9600,9600,100.00
20,409,AVTNPL,EQ,23578,15718,66.66
20,410,AWFIS,EQ,180780,107720,59.59
20,411,AWHCL,EQ,33163,16701,50.36
20,412,AWL,EQ,2089263,1155054,55.29
20,413,AXISBANK,EQ,24649522,19449021,78.90
20,414,AXISBNKETF,EQ,205,198,96.59
20,415,AXISBPSETF,EQ,58748,47235,80.40
20,416,AXISCETF,EQ,1804,1564,86.70
20,417,AXISGOLD,EQ,183803,105615,57.46
20,418,AXISHCETF,EQ,8070,5482,67.93
20,419,AXISILVER,EQ,16106,12892,80.04
20,420,AXISNIFTY,EQ,2237,1892,84.58
20,421,AXISTECETF,EQ,1809,1437,79.44
20,422,AXITA,EQ,3820625,913778,23.92
20,423,AXSENSEX,EQ,459,327,71.24
20,424,AYMSYNTEX,EQ,58690,27615,47.05
20,425,AZAD,EQ,69463,33369,48.04
20,426,BABAFP,SM,8000,6400,80.00
20,427,BAHETI,ST,1875,1875,100.00
20,428,BAIDFIN,EQ,153954,66622,43.27
20,429,BAJAJ-AUTO,EQ,347894,197298,56.71
20,430,BAJAJCON,EQ,164817,102632,62.27
20,431,BAJAJELEC,EQ,33930,12582,37.08
20,432,BAJAJFINSV,EQ,1888122,990322,52.45
20,433,BAJAJHCARE,EQ,265823,83671,31.48
20,434,BAJAJHFL,EQ,10655216,5646402,52.99
20,435,BAJAJHIND,EQ,2910564,808666,27.78
20,436,BAJAJHLDNG,EQ,42202,13550,32.11
20,437,BAJEL,EQ,123551,42690,34.55
20,438,BAJFINANCE,EQ,1030295,545347,52.93
20,439,BALAJEE,EQ,158963,56221,35.37
20,440,BALAMINES,EQ,21820,9549,43.76
20,441,BALAXI,EQ,53274,24565,46.11
20,442,BALCO,ST,2400,2400,100.00
20,443,BALKRISHNA,EQ,25309,13505,53.36
20,444,BALKRISIND,EQ,67208,22715,33.80
20,445,BALMLAWRIE,EQ,234234,65569,27.99
20,446,BALPHARMA,EQ,16347,10330,63.19
20,447,BALRAMCHIN,EQ,225707,57704,25.57
20,448,BALUFORGE,EQ,452417,129875,28.71
20,449,BANARISUG,EQ,533,343,64.35
20,450,BANCOINDIA,EQ,77102,35522,46.07
20,451,BANDHANBNK,EQ,3073609,1090603,35.48
20,452,BANKA,EQ,18232,17461,95.77
20,453,BANKBARODA,EQ,7731880,3110355,40.23
20,454,BANKBEES,EQ,499506,259236,51.90
20,455,BANKBETF,EQ,5602,3468,61.91
20,456,BANKETF,EQ,1749,1548,88.51
20,457,BANKETFADD,EQ,6548,5309,81.08
20,458,BANKIETF,EQ,145845,83442,57.21
20,459,BANKINDIA,EQ,3393691,876817,25.84
20,460,BANKNIFTY1,EQ,27419,13182,48.08
20,461,BANKPSU,EQ,1330,721,54.21
20,462,BANSALWIRE,EQ,80199,55528,69.24
20,463,BANSWRAS,EQ,17569,11858,67.49
20,464,BARBEQUE,EQ,93501,39002,41.71
20,465,BARFLEX,ST,1806000,1608000,89.04
20,466,BASF,EQ,10410,3956,38.00
20,467,BASILIC,ST,40200,38700,96.27
20,468,BASML,EQ,42878,29366,68.49
20,469,BATAINDIA,EQ,426525,290750,68.17
20,470,BAWEJA,SM,7200,800,11.11
20,471,BAYERCROP,EQ,13590,5323,39.17
20,472,BBETF0432,EQ,2689,2680,99.67
20,473,BBL,EQ,9408,3754,39.90
20,474,BBNPNBETF,EQ,95,70,73.68
20,475,BBNPPGOLD,EQ,240,191,79.58
20,476,BBOX,EQ,316622,228710,72.23
20,477,BBTC,EQ,846264,45551,5.38
20,478,BBTCL,EQ,7988,5812,72.76
20,479,BCLIND,EQ,386077,177717,46.03
20,480,BCONCEPTS,EQ,6086,3171,52.10
20,481,BDL,EQ,1706823,427177,25.03
20,482,BEACON,SM,5000,4000,80.00
20,483,BEARDSELL,EQ,43218,21600,49.98
20,484,BECTORFOOD,EQ,81473,67021,82.26
20,485,BEDMUTHA,EQ,5578,2811,50.39
20,486,BEL,EQ,11978782,4117069,34.37
20,487,BEML,EQ,148173,35833,24.18
20,488,BEPL,EQ,295392,149833,50.72
20,489,BERGEPAINT,EQ,1399938,773173,55.23
20,490,BESTAGRO,EQ,24053,8874,36.89
20,491,BETA,SM,4900,4300,87.76
20,492,BEWLTD,ST,23500,19500,82.98
20,493,BFINVEST,EQ,14453,6532,45.19
20,494,BFSI,EQ,47472,33155,69.84
20,495,BHAGCHEM,EQ,46361,29455,63.53
20,496,BHAGERIA,EQ,28983,14066,48.53
20,497,BHAGYANGR,EQ,14949,8332,55.74
20,498,BHANDARI,EQ,317913,131089,41.23
20,499,BHARATFORG,EQ,503606,232120,46.09
20,500,BHARATGEAR,EQ,12250,6178,50.43
20,501,BHARATRAS,EQ,4743,2992,63.08
20,502,BHARATWIRE,EQ,32036,17987,56.15
20,503,BHARTIARTL,EQ,2457080,1405505,57.20
20,504,BHARTIHEXA,EQ,841602,416296,49.46
20,505,BHEL,EQ,11501338,4928599,42.85
20,506,BIGBLOC,EQ,74514,33633,45.14
20,507,BIKAJI,EQ,76207,34503,45.28
20,508,BIKEWO,SM,14000,10000,71.43
20,509,BINANIIND,EQ,8909,5827,65.41
20,510,BIOCON,EQ,3214357,1021656,31.78
20,511,BIOFILCHEM,EQ,10445,6504,62.27
20,512,BIRDYS,SM,1200,1200,100.00
20,513,BIRET,RR,214306,188774,88.09
20,514,BIRLACABLE,EQ,11805,5688,48.18
20,515,BIRLACORPN,EQ,105663,32741,30.99
20,516,BLACKBUCK,EQ,149544,88485,59.17
20,517,BLAL,EQ,18969,10042,52.94
20,518,BLBLIMITED,EQ,186288,100014,53.69
20,519,BLISSGVS,EQ,488898,89935,18.40
20,520,BLKASHYAP,EQ,168508,81269,48.23
20,521,BLS,EQ,2678702,346390,12.93
20,522,BLSE,EQ,131282,44943,34.23
20,523,BLUEDART,EQ,10606,2076,19.57
20,524,BLUEJET,EQ,336699,199735,59.32
20,525,BLUEPEBBLE,SM,10400,9200,88.46
20,526,BLUESTARCO,EQ,297169,182116,61.28
20,527,BMETRICS,SM,12000,8800,73.33
20,528,BODALCHEM,EQ,94321,44211,46.87
20,529,BOMDYEING,EQ,584854,234188,40.04
20,530,BOROLTD,EQ,51711,35008,67.70
20,531,BOROSCI,EQ,19317,8315,43.04
20,532,BOSCHLTD,EQ,17809,9271,52.06
20,533,BPCL,EQ,18806324,6534409,34.75
20,534,BPL,EQ,143475,50042,34.88
20,535,BRACEPORT,ST,17600,17600,100.00
20,536,BRIGADE,EQ,480569,389157,80.98
20,537,BRITANNIA,EQ,361082,169106,46.83
20,538,BRNL,EQ,33669,14496,43.05
20,539,BSE,EQ,1356629,333344,24.57
20,540,BSE500IETF,EQ,33953,23601,69.51
20,541,BSHSL,EQ,18521,12985,70.11
20,542,BSL,EQ,18609,11141,59.87
20,543,BSLGOLDETF,EQ,246830,225830,91.49
20,544,BSLNIFTY,EQ,140810,71403,50.71
20,545,BSLSENETFG,EQ,642,580,90.34
20,546,BSOFT,EQ,3792070,1071988,28.27
20,547,BULKCORP,SM,22800,6000,26.32
20,548,BURNPUR,EQ,115307,71049,61.62
20,549,BUTTERFLY,EQ,1693,887,52.39
20,550,BVCL,EQ,18269,8879,48.60
20,551,C2C,SM,120600,82200,68.16
20,552,CADSYS,ST,500,500,100.00
20,553,CAGL28,NE,60,50,83.33
20,554,CAMLINFINE,EQ,726736,198591,27.33
20,555,CAMPUS,EQ,277513,96726,34.85
20,556,CAMS,EQ,525391,292966,55.76
20,557,CANARYS,SM,92000,56000,60.87
20,558,CANBK,EQ,11470131,3733635,32.55
20,559,CANFINHOME,EQ,367970,123257,33.50
20,560,CANTABIL,EQ,184708,95511,51.71
20,561,CAPACITE,EQ,628424,276043,43.93
20,562,CAPINVIT,IV,334487,318668,95.27
20,563,CAPITALSFB,EQ,78675,60009,76.27
20,564,CAPLIPOINT,EQ,125515,42692,34.01
20,565,CARBORUNIV,EQ,99791,39388,39.47
20,566,CAREERP,EQ,8595,4941,57.49
20,567,CARERATING,EQ,23842,14469,60.69
20,568,CARRARO,EQ,71567,27863,38.93
20,569,CARTRADE,EQ,348821,144061,41.30
20,570,CARYSIL,EQ,23562,12581,53.40
20,571,CASTROLIND,EQ,1501691,615976,41.02
20,572,CBAZAAR,SM,8000,8000,100.00
20,573,CCHHL,EQ,8542,5889,68.94
20,574,CCL,EQ,63572,27440,43.16
20,575,CDSL,EQ,2036494,623640,30.62
20,576,CEATLTD,EQ,91724,33116,36.10
20,577,CEIGALL,EQ,37948,19180,50.54
20,578,CELEBRITY,EQ,56974,35399,62.13
20,579,CELLECOR,SM,654000,399000,61.01
20,580,CELLO,EQ,120713,81472,67.49
20,581,CELLPOINT,SM,7200,6000,83.33
20,582,CENTENKA,EQ,11666,5620,48.17
20,583,CENTEXT,EQ,59423,44048,74.13
20,584,CENTRALBK,EQ,2983336,722342,24.21
20,585,CENTRUM,EQ,143025,82397,57.61
20,586,CENTUM,EQ,8787,3379,38.45
20,587,CENTURYPLY,EQ,85305,25013,29.32
20,588,CERA,EQ,6003,3553,59.19
20,589,CESC,EQ,4554286,2171864,47.69
20,590,CEWATER,EQ,303806,82408,27.13
20,591,CGCL,EQ,268782,69204,25.75
20,592,CGPOWER,EQ,2723623,1428211,52.44
20,593,CGRAPHICS,SM,45600,33600,73.68
20,594,CHALET,EQ,126878,43019,33.91
20,595,CHAMBLFERT,EQ,2063726,964789,46.75
20,596,CHAVDA,SM,94000,76000,80.85
20,597,CHEMBOND,EQ,6383,4426,69.34
20,598,CHEMCON,EQ,13605,7360,54.10
20,599,CHEMFAB,EQ,4124,1956,47.43
20,600,CHEMPLASTS,EQ,41235,14566,35.32
20,601,CHENNPETRO,EQ,361006,116944,32.39
20,602,CHETANA,SM,19200,12800,66.67
20,603,CHEVIOT,EQ,2028,1389,68.49
20,604,CHOICEIN,EQ,202625,28903,14.26
20,605,CHOLAFIN,EQ,1143154,482519,42.21
20,606,CHOLAHLDNG,EQ,256085,224863,87.81
20,607,CIEINDIA,EQ,86571,32381,37.40
20,608,CIGNITITEC,EQ,1457030,174863,12.00
20,609,CINEVISTA,EQ,34295,17928,52.28
20,610,CIPLA,EQ,1070838,675489,63.08
20,611,CLEAN,EQ,50165,17070,34.03
20,612,CLEDUCATE,EQ,47376,30495,64.37
20,613,CLOUD,SZ,45000,43000,95.56
20,614,CLSEL,EQ,38245,11999,31.37
20,615,CLSL,SM,16000,12000,75.00
20,616,CMRSL,SM,1600,800,50.00
20,617,CMSINFO,EQ,697505,452739,64.91
20,618,COALINDIA,EQ,5844752,2695932,46.13
20,619,COASTCORP,EQ,14444,7118,49.28
20,620,COCHINSHIP,EQ,362392,191660,52.89
20,621,COFORGE,EQ,2342505,368776,15.74
20,622,COLPAL,EQ,484671,231821,47.83
20,623,COMMITTED,ST,1600,1600,100.00
20,624,COMMOIETF,EQ,53964,19384,35.92
20,625,COMPUSOFT,EQ,33464,19350,57.82
20,626,CONCOR,EQ,481199,189385,39.36
20,627,CONCORDBIO,EQ,32973,13926,42.23
20,628,CONFIPET,EQ,265483,71767,27.03
20,629,CONS,EQ,1536,1027,66.86
20,630,CONSOFINVT,EQ,315216,54838,17.40
20,631,CONSUMBEES,EQ,41098,24457,59.51
20,632,CONSUMER,EQ,319798,304285,95.15
20,633,CONSUMIETF,EQ,7720,5104,66.11
20,634,CONTI,ST,9999,9999,100.00
20,635,CONTROLPR,EQ,15860,10175,64.16
20,636,COOLCAPS,ST,1750,1750,100.00
20,637,CORALFINAC,EQ,12322,9143,74.20
20,638,CORDSCABLE,EQ,22534,9400,41.71
20,639,COROMANDEL,EQ,477047,226956,47.58
20,640,COSMOFIRST,EQ,116447,46604,40.02
20,641,COUNCODOS,EQ,33673,18453,54.80
20,642,CPS,ST,600,600,100.00
20,643,CPSEETF,EQ,726936,336881,46.34
20,644,CRAFTSMAN,EQ,19707,7818,39.67
20,645,CRAYONS,SM,37000,29000,78.38
20,646,CREATIVE,EQ,15874,12083,76.12
20,647,CREDITACC,EQ,693112,172920,24.95
20,648,CREST,EQ,6063,3549,58.54
20,649,CRISIL,EQ,62778,32934,52.46
20,650,CROMPTON,EQ,2473272,1582372,63.98
20,651,CROWN,EQ,16764,8685,51.81
20,652,CSBBANK,EQ,89029,32092,36.05
20,653,CSLFINANCE,EQ,82005,58784,71.68
20,654,CTE,EQ,24537,8599,35.05
20,655,CUB,EQ,2679093,1407058,52.52
20,656,CUMMINSIND,EQ,256027,142413,55.62
20,657,CUPID,EQ,201906,96847,47.97
20,658,CYBERMEDIA,EQ,3362,2267,67.43
20,659,CYBERTECH,EQ,436996,138489,31.69
20,660,CYIENT,EQ,737847,267255,36.22
20,661,CYIENTDLM,EQ,518378,149364,28.81
20,662,DABUR,EQ,698448,261963,37.51
20,663,DALBHARAT,EQ,985904,373622,37.90
20,664,DALMIASUG,EQ,63579,27441,43.16
20,665,DAMCAPITAL,EQ,3880712,1389200,35.80
20,666,DAMODARIND,EQ,7201,5995,83.25
20,667,DANGEE,EQ,43820,29766,67.93
20,668,DANISH,SM,115800,69300,59.84
20,669,DATAMATICS,EQ,128884,31496,24.44
20,670,DATAPATTNS,EQ,133439,45770,34.30
20,671,DAVANGERE,EQ,1244110,583927,46.94
20,672,DBCORP,EQ,48758,25345,51.98
20,673,DBEIL,EQ,615153,347658,56.52
20,674,DBL,EQ,112349,40811,36.33
20,675,DBOL,EQ,44638,23262,52.11
20,676,DBREALTY,EQ,1132004,431650,38.13
20,677,DBSTOCKBRO,EQ,3735,2784,74.54
20,678,DCAL,EQ,532675,262568,49.29
20,679,DCBBANK,EQ,579997,339085,58.46
20,680,DCG,SM,49200,31200,63.41
20,681,DCI,EQ,9442,5261,55.72
20,682,DCM,EQ,10791,5124,47.48
20,683,DCMNVL,EQ,13797,6980,50.59
20,684,DCMSHRIRAM,EQ,85921,51359,59.77
20,685,DCMSRIND,EQ,57878,35626,61.55
20,686,DCW,EQ,875525,373735,42.69
20,687,DCXINDIA,EQ,648990,353695,54.50
20,688,DDEVPLSTIK,EQ,286827,138759,48.38
20,689,DECCANCE,EQ,10789,4718,43.73
20,690,DECCANTRAN,ST,7200,7200,100.00
20,691,DEEDEV,EQ,78612,35033,44.56
20,692,DEEM,SM,4000,4000,100.00
20,693,DEEPAKFERT,EQ,610144,204222,33.47
20,694,DEEPAKNTR,EQ,86149,25131,29.17
20,695,DEEPINDS,EQ,173716,62314,35.87
20,696,DELAPLEX,SM,13200,7800,59.09
20,697,DELHIVERY,EQ,1559376,891229,57.15
20,698,DELTACORP,EQ,502076,185821,37.01
20,699,DELTAMAGNT,EQ,8146,3816,46.85
20,700,DELTIC,ST,59000,53000,89.83
20,701,DEN,EQ,597480,243286,40.72
20,702,DENEERS,ST,4200,4200,100.00
20,703,DENORA,EQ,3942,2502,63.47
20,704,DENTALKART,SM,9250,9000,97.30
20,705,DEVIT,EQ,197526,87379,44.24
20,706,DEVYANI,EQ,1058651,474118,44.79
20,707,DHAMPURSUG,EQ,187035,56651,30.29
20,708,DHANI,EQ,2811249,950420,33.81
20,709,DHANLAXMI,ST,46000,40000,86.96
20,710,DHANUKA,EQ,14817,7338,49.52
20,711,DHARIWAL,SM,6000,6000,100.00
20,712,DHARMAJ,EQ,102582,67581,65.88
20,713,DHRUV,EQ,10631,10631,100.00
20,714,DHUNINV,EQ,660,277,41.97
20,715,DIAMINESQ,EQ,6443,3516,54.57
20,716,DIAMONDYD,EQ,97787,54716,55.95
20,717,DICIND,EQ,357,268,75.07
20,718,DIFFNKG,EQ,27706,10525,37.99
20,719,DIGIDRIVE,EQ,13756,5690,41.36
20,720,DIGIKORE,ST,2600,2400,92.31
20,721,DIGISPICE,EQ,37776,21420,56.70
20,722,DISHTV,EQ,5436603,1289187,23.71
20,723,DIVGIITTS,EQ,3537,1998,56.49
20,724,DIVISLAB,EQ,449602,325138,72.32
20,725,DIVOPPBEES,EQ,17821,11059,62.06
20,726,DIVYADHAN,SM,32000,26000,81.25
20,727,DIXON,EQ,860408,292056,33.94
20,728,DLF,EQ,2810434,1302436,46.34
20,729,DLINKINDIA,EQ,54043,23812,44.06
20,730,DMART,EQ,263606,129480,49.12
20,731,DNAMEDIA,EQ,74810,43329,57.92
20,732,DODLA,EQ,36628,16131,44.04
20,733,DOLATALGO,EQ,160092,63669,39.77
20,734,DOLLAR,EQ,22933,10261,44.74
20,735,DOLLEX,SM,12000,12000,100.00
20,736,DOMS,EQ,187479,100271,53.48
20,737,DONEAR,EQ,137993,68015,49.29
20,738,DPABHUSHAN,EQ,30006,19240,64.12
20,739,DPEL,ST,7500,7500,100.00
20,740,DPSCLTD,EQ,108679,68018,62.59
20,741,DPWIRES,EQ,5039,2990,59.34
20,742,DRCSYSTEMS,EQ,75633,43049,56.92
20,743,DREAMFOLKS,EQ,52856,27717,52.44
20,744,DREDGECORP,EQ,9341,4703,50.35
20,745,DRL,SM,6000,6000,100.00
20,746,DRONE,ST,9500,9500,100.00
20,747,DRREDDY,EQ,1448659,457944,31.61
20,748,DSSL,EQ,28590,15238,53.30
20,749,DTIL,EQ,3289,1325,40.29
20,750,DTL,SM,2400,2400,100.00
20,751,DUCOL,SM,2400,1600,66.67
20,752,DUCON,EQ,270071,162479,60.16
20,753,DUGLOBAL,SM,40000,35000,87.50
20,754,DURLAX,SM,8000,8000,100.00
20,755,DVL,EQ,7535,3819,50.68
20,756,DWARKESH,EQ,441847,198905,45.02
20,757,DYCL,EQ,63635,32629,51.28
20,758,DYNAMATECH,EQ,4398,1979,45.00
20,759,DYNAMIC,ST,66500,57000,85.71
20,760,DYNPRO,EQ,11057,8803,79.61
20,761,EASEMYTRIP,EQ,93631352,19268840,20.58
20,762,EBANKNIFTY,EQ,1487,1176,79.09
20,763,EBBETF0425,EQ,4181,2970,71.04
20,764,EBBETF0430,EQ,9308,7625,81.92
20,765,EBBETF0431,EQ,3951,3921,99.24
20,766,EBBETF0433,EQ,640,328,51.25
20,767,ECAPINSURE,EQ,9838,8913,90.60
20,768,ECLERX,EQ,103949,66795,64.26
20,769,ECOSMOBLTY,EQ,156106,74200,47.53
20,770,EDELWEISS,EQ,2184176,929883,42.57
20,771,EFFWA,ST,25600,25200,98.44
20,772,EFORCE,SM,16800,14400,85.71
20,773,EGOLD,EQ,1005,543,54.03
20,774,EICHERMOT,EQ,442186,201940,45.67
20,775,EIDPARRY,EQ,196310,86793,44.21
20,776,EIEL,EQ,4558811,842499,18.48
20,777,EIFFL,EQ,26438,23201,87.76
20,778,EIHAHOTELS,EQ,16660,5297,31.79
20,779,EIHOTEL,EQ,1026580,425588,41.46
20,780,EIMCOELECO,EQ,10688,6925,64.79
20,781,EKC,EQ,395822,113399,28.65
20,782,ELDEHSG,EQ,450,302,67.11
20,783,ELECON,EQ,951998,235263,24.71
20,784,ELECTCAST,EQ,1121016,507620,45.28
20,785,ELGIEQUIP,EQ,278840,40248,14.43
20,786,ELIN,EQ,92520,47378,51.21
20,787,EMAMILTD,EQ,366306,187413,51.16
20,788,EMAMIPAP,EQ,14955,7700,51.49
20,789,EMBASSY,RR,1356677,1050610,77.44
20,790,EMBDL,EQ,13783869,5277310,38.29
20,791,EMCURE,EQ,50694,29927,59.03
20,792,EMIL,EQ,236517,121259,51.27
20,793,EMKAYTOOLS,SM,5100,4350,85.29
20,794,EMMBI,EQ,93900,30742,32.74
20,795,EMMIL,ST,5000,4750,95.00
20,796,EMSLIMITED,EQ,169791,47896,28.21
20,797,EMUDHRA,EQ,114081,45844,40.19
20,798,EMULTIMQ,EQ,61337,35142,57.29
20,799,ENDURANCE,EQ,154904,136228,87.94
20,800,ENFUSE,ST,7800,5400,69.23
20,801,ENGINERSIN,EQ,968867,245127,25.30
20,802,ENIL,EQ,11775,5748,48.82
20,803,ENSER,ST,22000,22000,100.00
20,804,ENTERO,EQ,129451,122577,94.69
20,805,ENVIRO,SM,22000,14000,63.64
20,806,EPACK,EQ,1142529,542398,47.47
20,807,EPIGRAL,EQ,11511,5600,48.65
20,808,EPL,EQ,612010,233368,38.13
20,809,EQUAL50ADD,EQ,2398,1431,59.67
20,810,EQUITASBNK,EQ,2379508,982738,41.30
20,811,ERIS,EQ,64777,52187,80.56
20,812,ESABINDIA,EQ,928,474,51.08
20,813,ESAFSFB,EQ,210929,122558,58.10
20,814,ESCONET,ST,8000,8000,100.00
20,815,ESCORTS,EQ,184128,63705,34.60
20,816,ESFL,SM,13680,10080,73.68
20,817,ESG,EQ,5023,4130,82.22
20,818,ESILVER,EQ,10776,9395,87.18
20,819,ESPRIT,ST,12800,9600,75.00
20,820,ESTER,EQ,102442,34341,33.52
20,821,ETHOSLTD,EQ,25443,11993,47.14
20,822,ETML,SM,13200,12000,90.91
20,823,EUREKAFORB,EQ,153713,101620,66.11
20,824,EUROBOND,SM,24000,19000,79.17
20,825,EVEREADY,EQ,31738,18521,58.36
20,826,EVERESTIND,EQ,9486,3953,41.67
20,827,EVINDIA,EQ,393449,226899,57.67
20,828,EXCELINDUS,EQ,17598,5049,28.69
20,829,EXCELLENT,SM,1600,1600,100.00
20,830,EXICOM,EQ,239882,141123,58.83
20,831,EXIDEIND,EQ,1194583,388061,32.49
20,832,EXPLEOSOL,EQ,12555,6556,52.22
20,833,EXXARO,EQ,1094329,617599,56.44
20,834,FACT,EQ,907086,132857,14.65
20,835,FAIRCHEMOR,EQ,34565,29645,85.77
20,836,FALCONTECH,SM,2400,2400,100.00
20,837,FAZE3Q,EQ,1893,1188,62.76
20,838,FCL,EQ,340467,141680,41.61
20,839,FCSSOFT,EQ,1440952,721647,50.08
20,840,FDC,EQ,35424,12864,36.31
20,841,FEDERALBNK,EQ,3960511,2046094,51.66
20,842,FEDFINA,EQ,270147,159288,58.96
20,843,FELIX,ST,47000,47000,100.00
20,844,FIBERWEB,EQ,56906,23153,40.69
20,845,FIDEL,ST,2000,2000,100.00
20,846,FIEMIND,EQ,35460,26603,75.02
20,847,FILATEX,EQ,673544,282655,41.97
20,848,FINCABLES,EQ,160821,46992,29.22
20,849,FINEORG,EQ,9296,4332,46.60
20,850,FINIETF,EQ,198082,119197,60.18
20,851,FINOPB,EQ,59505,29562,49.68
20,852,FINPIPE,EQ,1967919,1422884,72.30
20,853,FIRSTCRY,EQ,647261,237474,36.69
20,854,FIVESTAR,EQ,358947,98161,27.35
20,855,FLAIR,EQ,24067,11062,45.96
20,856,FLUOROCHEM,EQ,51685,23343,45.16
20,857,FMCGIETF,EQ,745557,416635,55.88
20,858,FMGOETZE,EQ,14289,8444,59.09
20,859,FOCUS,EQ,167011,111039,66.49
20,860,FONEBOX,SM,3000,3000,100.00
20,861,FOODSIN,EQ,141530,60198,42.53
20,862,FORCAS,ST,9600,8000,83.33
20,863,FORCEMOT,EQ,19897,7960,40.01
20,864,FORGEAUTO,SM,6000,4800,80.00
20,865,FORTIS,EQ,1016611,670118,65.92
20,866,FOSECOIND,EQ,560,263,46.96
20,867,FRESHARA,ST,30000,30000,100.00
20,868,FROG,SM,731200,352400,48.19
20,869,FSL,EQ,3389840,935604,27.60
20,870,FUSION,EQ,88639,39349,44.39
20,871,GABRIEL,EQ,148320,74384,50.15
20,872,GAEL,EQ,425646,149836,35.20
20,873,GAIL,EQ,7865833,3862574,49.11
20,874,GALAPREC,EQ,47832,13443,28.10
20,875,GALAXYSURF,EQ,5507,3404,61.81
20,876,GALLANTT,EQ,15068,11437,75.90
20,877,GANDHAR,EQ,66992,25210,37.63
20,878,GANDHITUBE,EQ,1630,942,57.79
20,879,GANECOS,EQ,68529,34306,50.06
20,880,GANESHBE,EQ,70432,29042,41.23
20,881,GANESHHOUC,EQ,214766,49992,23.28
20,882,GANESHIN,SM,96000,67200,70.00
20,883,GANGAFORGE,EQ,181330,128657,70.95
20,884,GANGESSECU,EQ,2383,927,38.90
20,885,GARFIBRES,EQ,92017,49113,53.37
20,886,GARUDA,EQ,2717465,752596,27.69
20,887,GATEWAY,EQ,288427,121874,42.25
20,888,GEECEE,EQ,11834,7412,62.63
20,889,GEEKAYWIRE,EQ,25229,16836,66.73
20,890,GENCON,EQ,118510,90586,76.44
20,891,GENESYS,EQ,300017,105377,35.12
20,892,GENSOL,EQ,107081,50407,47.07
20,893,GENUSPAPER,EQ,132091,84377,63.88
20,894,GENUSPOWER,EQ,359247,170283,47.40
20,895,GEOJITFSL,EQ,188776,81416,43.13
20,896,GEPIL,EQ,85838,47307,55.11
20,897,GESHIP,EQ,261328,140271,53.68
20,898,GFLLIMITED,EQ,26525,12292,46.34
20,899,GGBL,SM,48000,31200,65.00
20,900,GHCL,EQ,241277,70882,29.38
20,901,GHCLTEXTIL,EQ,73742,27560,37.37
20,902,GICHSGFIN,EQ,43186,22540,52.19
20,903,GICRE,EQ,974662,292760,30.04
20,904,GILLETTE,EQ,8945,4963,55.48
20,905,GILT5YBEES,EQ,234976,198717,84.57
20,906,GINNIFILA,EQ,62615,33609,53.68
20,907,GIPCL,EQ,240699,151116,62.78
20,908,GKWLIMITED,EQ,329,144,43.77
20,909,GLAND,EQ,192856,129146,66.96
20,910,GLAXO,EQ,241306,175053,72.54
20,911,GLENMARK,EQ,277968,146810,52.82
20,912,GLOBAL,EQ,50873,27654,54.36
20,913,GLOBALPET,SM,6000,6000,100.00
20,914,GLOBE,EQ,1464044,1063852,72.67
20,915,GLOBUSSPR,EQ,92057,21841,23.73
20,916,GLOSTERLTD,EQ,2163,1651,76.33
20,917,GMBREW,EQ,16078,6996,43.51
20,918,GMDCLTD,EQ,441446,146635,33.22
20,919,GMMPFAUDLR,EQ,29827,16139,54.11
20,920,GMRAIRPORT,EQ,6441341,3368602,52.30
20,921,GMRP&UI,EQ,1256400,543415,43.25
20,922,GNA,EQ,112303,102250,91.05
20,923,GNFC,EQ,332682,175725,52.82
20,924,GOACARBON,EQ,8647,3303,38.20
20,925,GOCLCORP,EQ,12536,8205,65.45
20,926,GOCOLORS,EQ,14974,6870,45.88
20,927,GODAVARIB,EQ,71068,31859,44.83
20,928,GODFRYPHLP,EQ,35018,10346,29.54
20,929,GODIGIT,EQ,47284570,3071540,6.50
20,930,GODREJAGRO,EQ,92123,48855,53.03
20,931,GODREJCP,EQ,893059,464418,52.00
20,932,GODREJIND,EQ,90603,42257,46.64
20,933,GODREJPROP,EQ,1242922,693225,55.77
20,934,GOKEX,EQ,44800,19253,42.98
20,935,GOKULAGRO,EQ,89822,49450,55.05
20,936,GOLD1,EQ,603310,523693,86.80
20,937,GOLDBEES,EQ,9478508,7224511,76.22
20,938,GOLDCASE,EQ,1090420,810916,74.37
20,939,GOLDETF,EQ,629728,574583,91.24
20,940,GOLDETFADD,EQ,1588311,1272911,80.14
20,941,GOLDIAM,EQ,769770,186978,24.29
20,942,GOLDIETF,EQ,11795278,11484545,97.37
20,943,GOLDSHARE,EQ,213457,208341,97.60
20,944,GOLDSTAR,SM,56250,45000,80.00
20,945,GOODLUCK,EQ,177806,99401,55.90
20,946,GOPAL,EQ,82634,49694,60.14
20,947,GOYALALUM,EQ,83980,50044,59.59
20,948,GOYALSALT,SM,3000,2400,80.00
20,949,GPECO,ST,62400,59400,95.19
20,950,GPIL,EQ,606172,256642,42.34
20,951,GPPL,EQ,1214501,692140,56.99
20,952,GPTHEALTH,EQ,50944,21915,43.02
20,953,GPTINFRA,EQ,283256,166890,58.92
20,954,GRANULES,EQ,595517,145067,24.36
20,955,GRAPHISAD,ST,1200,1200,100.00
20,956,GRAPHITE,EQ,383108,227806,59.46
20,957,GRASIM,EQ,596720,289812,48.57
20,958,GRAVITA,EQ,618873,200346,32.37
20,959,GRCL,SM,1750,1500,85.71
20,960,GREAVESCOT,EQ,3832577,789675,20.60
20,961,GREENCHEF,SM,5600,4800,85.71
20,962,GREENLAM,EQ,40728,18830,46.23
20,963,GREENPANEL,EQ,26542,12052,45.41
20,964,GREENPLY,EQ,86977,34619,39.80
20,965,GREENPOWER,EQ,1985877,742693,37.40
20,966,GRINDWELL,EQ,99194,85152,85.84
20,967,GRINFRA,EQ,15666,6218,39.69
20,968,GRMOVER,EQ,393354,135056,34.33
20,969,GROBTEA,EQ,336,251,74.70
20,970,GROWWDEFNC,EQ,83977,38022,45.28
20,971,GROWWEV,EQ,152264,111490,73.22
20,972,GROWWGOLD,EQ,215846,52753,24.44
20,973,GROWWLIQID,EQ,67538,58813,87.08
20,974,GRPLTD,EQ,1349,1104,81.84
20,975,GRSE,EQ,419354,83155,19.83
20,976,GRWRHITECH,EQ,54268,21800,40.17
20,977,GSEC10ABSL,EQ,23,23,100.00
20,978,GSEC10IETF,EQ,235,233,99.15
20,979,GSEC10YEAR,EQ,5654,3024,53.48
20,980,GSEC5IETF,EQ,1186,148,12.48
20,981,GSFC,EQ,1693451,573448,33.86
20,982,GSLSU,EQ,41685,11573,27.76
20,983,GSMFOILS,ST,18000,18000,100.00
20,984,GSPL,EQ,425426,167765,39.43
20,985,GSS,EQ,13464,7634,56.70
20,986,GSTL,ST,1000,1000,100.00
20,987,GTL,EQ,233757,90898,38.89
20,988,GTLINFRA,EQ,27148465,12338380,45.45
20,989,GTPL,EQ,33762,14233,42.16
20,990,GUFICBIO,EQ,44869,18532,41.30
20,991,GUJALKALI,EQ,28607,14251,49.82
20,992,GUJAPOLLO,EQ,43287,19326,44.65
20,993,GUJGASLTD,EQ,647763,397590,61.38
20,994,GULFOILLUB,EQ,54813,33093,60.37
20,995,GULFPETRO,EQ,64464,29611,45.93
20,996,GULPOLY,EQ,181473,73855,40.70
20,997,GVPTECH,EQ,31071,20378,65.59
20,998,GVT&D,EQ,612431,501276,81.85
20,999,HAL,EQ,1649481,577056,34.98
20,1000,HAPPSTMNDS,EQ,547241,420762,76.89
20,1001,HAPPYFORGE,EQ,11747,6046,51.47
20,1002,HARIOMPIPE,EQ,42106,21873,51.95
20,1003,HARRMALAYA,EQ,32310,14867,46.01
20,1004,HARSHA,EQ,49052,20118,41.01
20,1005,HATHWAY,EQ,2753678,854277,31.02
20,1006,HATSUN,EQ,297589,276819,93.02
20,1007,HAVELLS,EQ,872416,446557,51.19
20,1008,HAVISHA,EQ,12407,9312,75.05
20,1009,HBLENGINE,EQ,601258,257007,42.74
20,1010,HBSL,EQ,8223,5014,60.98
20,1011,HCC,EQ,19454374,5454999,28.04
20,1012,HCG,EQ,116825,60551,51.83
20,1013,HCL-INSYS,EQ,225346,146765,65.13
20,1014,HCLTECH,EQ,3750930,2400408,64.00
20,1015,HDFCAMC,EQ,298595,171629,57.48
20,1016,HDFCBANK,EQ,17454579,11872698,68.02
20,1017,HDFCBSE500,EQ,11749,8369,71.23
20,1018,HDFCGOLD,EQ,2340493,1796456,76.76
20,1019,HDFCGROWTH,EQ,1950,1445,74.10
20,1020,HDFCLIFE,EQ,1673008,909726,54.38
20,1021,HDFCLIQUID,EQ,2415,1328,54.99
20,1022,HDFCLOWVOL,EQ,4618,3883,84.08
20,1023,HDFCMID150,EQ,182613,62939,34.47
20,1024,HDFCMOMENT,EQ,125682,59680,47.48
20,1025,HDFCNEXT50,EQ,40404,34145,84.51
20,1026,HDFCNIF100,EQ,13587,9857,72.55
20,1027,HDFCNIFBAN,EQ,10656,7938,74.49
20,1028,HDFCNIFIT,EQ,22858,18260,79.88
20,1029,HDFCNIFTY,EQ,45818,36809,80.34
20,1030,HDFCPSUBK,EQ,6337,5705,90.03
20,1031,HDFCPVTBAN,EQ,81327,60811,74.77
20,1032,HDFCQUAL,EQ,6262,4599,73.44
20,1033,HDFCSENSEX,EQ,78127,33963,43.47
20,1034,HDFCSILVER,EQ,238772,119583,50.08
20,1035,HDFCSML250,EQ,481305,233202,48.45
20,1036,HDFCVALUE,EQ,15532,14473,93.18
20,1037,HEADSUP,EQ,28577,14545,50.90
20,1038,HEALTHADD,EQ,219,218,99.54
20,1039,HEALTHIETF,EQ,43983,27954,63.56
20,1040,HEALTHY,EQ,189657,124246,65.51
20,1041,HEG,EQ,396440,144833,36.53
20,1042,HEIDELBERG,EQ,498186,96521,19.37
20,1043,HEMIPROP,EQ,212872,91969,43.20
20,1044,HERANBA,EQ,66488,29357,44.15
20,1045,HERITGFOOD,EQ,611837,224653,36.72
20,1046,HEROMOTOCO,EQ,282745,141973,50.21
20,1047,HESTERBIO,EQ,2554,900,35.24
20,1048,HEUBACHIND,EQ,17531,15419,87.95
20,1049,HEXATRADEX,EQ,9164,4628,50.50
20,1050,HFCL,EQ,10208892,1918757,18.79
20,1051,HGINFRA,EQ,55273,32286,58.41
20,1052,HGS,EQ,13189,8072,61.20
20,1053,HIGREEN,ST,24000,24000,100.00
20,1054,HIKAL,EQ,92113,39206,42.56
20,1055,HIL,EQ,16155,11226,69.49
20,1056,HILTON,EQ,114719,61582,53.68
20,1057,HIMATSEIDE,EQ,797754,443495,55.59
20,1058,HINDALCO,EQ,6826419,4615251,67.61
20,1059,HINDCOMPOS,EQ,4669,2386,51.10
20,1060,HINDCOPPER,EQ,2006294,621790,30.99
20,1061,HINDMOTORS,EQ,1003204,420337,41.90
20,1062,HINDOILEXP,EQ,301964,101915,33.75
20,1063,HINDPETRO,EQ,5143368,1954752,38.01
20,1064,HINDUNILVR,EQ,3408925,1571109,46.09
20,1065,HINDWAREAP,EQ,46632,26251,56.29
20,1066,HINDZINC,EQ,1013935,537166,52.98
20,1067,HIRECT,EQ,12320,5147,41.78
20,1068,HISARMETAL,EQ,3869,1219,31.51
20,1069,HITECH,EQ,1549586,778487,50.24
20,1070,HITECHCORP,EQ,2886,1518,52.60
20,1071,HLEGLAS,EQ,28524,11966,41.95
20,1072,HLVLTD,EQ,518691,239490,46.17
20,1073,HMAAGRO,EQ,117597,58214,49.50
20,1074,HMVL,EQ,27210,13451,49.43
20,1075,HNDFDS,EQ,34418,17660,51.31
20,1076,HNGSNGBEES,EQ,67892,45340,66.78
20,1077,HOACFOODS,ST,1500,1500,100.00
20,1078,HOLMARC,ST,4500,4500,100.00
20,1079,HOMEFIRST,EQ,171601,92086,53.66
20,1080,HOMESFY,SM,9300,8400,90.32
20,1081,HONASA,EQ,1654805,1432125,86.54
20,1082,HONAUT,EQ,3481,1566,44.99
20,1083,HONDAPOWER,EQ,4756,2629,55.28
20,1084,HOVS,EQ,5518,2988,54.15
20,1085,HPAL,EQ,64108,35488,55.36
20,1086,HPIL,EQ,529,281,53.12
20,1087,HPL,EQ,116887,52997,45.34
20,1088,HRHNEXT,ST,3000,3000,100.00
20,1089,HSCL,EQ,255290,117160,45.89
20,1090,HTMEDIA,EQ,128570,86070,66.94
20,1091,HUBTOWN,EQ,68892,45753,66.41
20,1092,HUDCO,EQ,28145348,5006163,17.79
20,1093,HUHTAMAKI,EQ,67238,44632,66.38
20,1094,HVAX,ST,5700,5400,94.74
20,1095,HYUNDAI,EQ,937567,569215,60.71
20,1096,IBLFL,ST,14000,14000,100.00
20,1097,ICEMAKE,EQ,22545,9293,41.22
20,1098,ICICIB22,EQ,174109,84582,48.58
20,1099,ICICIBANK,EQ,8770650,4999956,57.01
20,1100,ICICIGI,EQ,747789,550366,73.60
20,1101,ICICIPRULI,EQ,889946,413601,46.47
20,1102,ICIL,EQ,183601,71959,39.19
20,1103,ICRA,EQ,746,400,53.62
20,1104,IDBI,EQ,4798511,1112193,23.18
20,1105,IDEA,EQ,356247545,89071616,25.00
20,1106,IDEAFORGE,EQ,79024,40944,51.81
20,1107,IDEALTECHO,SM,2000,1000,50.00
20,1108,IDENTICAL,SM,144000,94000,65.28
20,1109,IDFCFIRSTB,EQ,12498402,4941034,39.53
20,1110,IDFNIFTYET,EQ,205,184,89.76
20,1111,IEML,SM,6000,4500,75.00
20,1112,IEX,EQ,2492263,976183,39.17
20,1113,IFBAGRO,EQ,2104,1183,56.23
20,1114,IFBIND,EQ,23588,10476,44.41
20,1115,IFCI,EQ,4995004,1150593,23.03
20,1116,IFCIZC25,NM,25,25,100.00
20,1117,IFGLEXPOR,EQ,5249,2884,54.94
20,1118,IGARASHI,EQ,19198,9688,50.46
20,1119,IGIL,EQ,3610776,1641600,45.46
20,1120,IGL,EQ,2324266,1376941,59.24
20,1121,IGPL,EQ,16680,7805,46.79
20,1122,IHFL261224,N1,50,50,100.00
20,1123,IIFL,EQ,475665,188541,39.64
20,1124,IIFLCAPS,EQ,304185,175023,57.54
20,1125,IIFLZC25,ND,282,282,100.00
20,1126,IIFLZC26,NN,90,0,0.00
20,1127,IIFLZC26A,NR,30,30,100.00
20,1128,IIFLZC28C,N6,95,9,9.47
20,1129,IKIO,EQ,41822,22094,52.83
20,1130,IKS,EQ,139262,74996,53.85
20,1131,IMAGICAA,EQ,490787,207172,42.21
20,1132,IMC1,N0,342,342,100.00
20,1133,IMC1,N3,10,10,100.00
20,1134,IMFA,EQ,161375,69023,42.77
20,1135,IMPAL,EQ,1665,1140,68.47
20,1136,INCREDIBLE,EQ,4911,3317,67.54
20,1137,INDBANK,EQ,52253,31930,61.11
20,1138,INDGN,EQ,315816,161632,51.18
20,1139,INDHOTEL,EQ,2462777,958128,38.90
20,1140,INDIACEM,EQ,2815182,285835,10.15
20,1141,INDIAGLYCO,EQ,58538,24087,41.15
20,1142,INDIAMART,EQ,814555,416873,51.18
20,1143,INDIANB,EQ,547154,205553,37.57
20,1144,INDIANHUME,EQ,33986,15046,44.27
20,1145,INDIASHLTR,EQ,273463,227093,83.04
20,1146,INDIFRA,SM,2000,2000,100.00
20,1147,INDIGO,EQ,1213108,674478,55.60
20,1148,INDIGOPNTS,EQ,26409,10846,41.07
20,1149,INDIGRID,IV,518119,492086,94.98
20,1150,INDNIPPON,EQ,1592,700,43.97
20,1151,INDOAMIN,EQ,89567,30194,33.71
20,1152,INDOBORAX,EQ,28782,14976,52.03
20,1153,INDOCO,EQ,225859,53048,23.49
20,1154,INDOFARM,EQ,886889,255809,28.84
20,1155,INDORAMA,EQ,53152,32469,61.09
20,1156,INDOSTAR,EQ,104758,59093,56.41
20,1157,INDOWIND,EQ,262903,141956,54.00
20,1158,INDRAMEDCO,EQ,65165,32850,50.41
20,1159,INDTERRAIN,EQ,24120,14494,60.09
20,1160,INDUSINDBK,EQ,3359986,1873159,55.75
20,1161,INDUSINVIT,IV,29621,24288,82.00
20,1162,INDUSTOWER,EQ,9182913,4211294,45.86
20,1163,INFIBEAM,EQ,3519763,1489531,42.32
20,1164,INFINIUM,SM,500,500,100.00
20,1165,INFOBEAN,EQ,8545,4087,47.83
20,1166,INFOLLION,ST,10000,8800,88.00
20,1167,INFOMEDIA,EQ,1930,1308,67.77
20,1168,INFRABEES,EQ,9889,6892,69.69
20,1169,INFRAIETF,EQ,47370,32260,68.10
20,1170,INFY,EQ,5907471,3382069,57.25
20,1171,INGERRAND,EQ,5799,2499,43.09
20,1172,INM,SM,1800,1800,100.00
20,1173,INNOMET,SM,2400,2400,100.00
20,1174,INNOVACAP,EQ,110563,42515,38.45
20,1175,INNOVANA,EQ,7304,3794,51.94
20,1176,INOXGREEN,EQ,374528,131845,35.20
20,1177,INOXINDIA,EQ,189782,124039,65.36
20,1178,INOXWIND,EQ,8075569,3712541,45.97
20,1179,INSECTICID,EQ,17500,7598,43.42
20,1180,INSPIRE,SM,66000,38000,57.58
20,1181,INSPIRISYS,EQ,9392,7855,83.64
20,1182,INTELLECT,EQ,741234,105845,14.28
20,1183,INTENTECH,EQ,46901,20372,43.44
20,1184,INTERARCH,EQ,74302,25897,34.85
20,1185,INTLCONV,EQ,42479,21593,50.83
20,1186,INVENTURE,EQ,2526486,797292,31.56
20,1187,IOB,EQ,3788273,724070,19.11
20,1188,IOC,EQ,7058477,2755114,39.03
20,1189,IOLCP,EQ,152565,34182,22.40
20,1190,IONEXCHANG,EQ,120637,75318,62.43
20,1191,IPCALAB,EQ,206974,81140,39.20
20,1192,IPHL,ST,79200,78000,98.48
20,1193,IPL,EQ,123657,72201,58.39
20,1194,IPSL,ST,500,500,100.00
20,1195,IRB,EQ,11171231,3331703,29.82
20,1196,IRBINVIT,IV,179294,157517,87.85
20,1197,IRCON,EQ,5582434,980950,17.57
20,1198,IRCTC,EQ,1235738,437413,35.40
20,1199,IREDA,EQ,12827023,3212165,25.04
20,1200,IRFC,EQ,17671282,2972506,16.82
20,1201,IRISDOREME,EQ,84218,17348,20.60
20,1202,IRMENERGY,EQ,43467,21155,48.67
20,1203,ISEC,EQ,31729,11369,35.83
20,1204,ISFT,EQ,28496,12678,44.49
20,1205,ISGEC,EQ,55345,26037,47.04
20,1206,ISHAN,SM,144000,96000,66.67
20,1207,IT,EQ,44521,23054,51.78
20,1208,ITBEES,EQ,3707394,1914757,51.65
20,1209,ITC,EQ,8888248,4753594,53.48
20,1210,ITDC,EQ,10685,4279,40.05
20,1211,ITDCEM,EQ,301546,199624,66.20
20,1212,ITETF,EQ,159209,84958,53.36
20,1213,ITETFADD,EQ,14629,13892,94.96
20,1214,ITIETF,EQ,2883241,2393868,83.03
20,1215,IVC,EQ,1402391,389845,27.80
20,1216,IVP,EQ,5221,3037,58.17
20,1217,IVZINGOLD,EQ,287,186,64.81
20,1218,IWEL,EQ,3528,2096,59.41
20,1219,IXIGO,EQ,405937,201500,49.64
20,1220,JAGRAN,EQ,90018,63733,70.80
20,1221,JAGSNPHARM,EQ,4002672,459826,11.49
20,1222,JAIBALAJI,EQ,736846,623427,84.61
20,1223,JAICORPLTD,EQ,1621272,602128,37.14
20,1224,JAIPURKURT,EQ,164166,92765,56.51
20,1225,JAKHARIA,ST,800,800,100.00
20,1226,JAMNAAUTO,EQ,726294,450165,61.98
20,1227,JASH,EQ,309060,148247,47.97
20,1228,JAYAGROGN,EQ,15633,10915,69.82
20,1229,JAYBARMARU,EQ,38582,19929,51.65
20,1230,JAYBEE,ST,82000,70000,85.37
20,1231,JAYNECOIND,EQ,427893,160169,37.43
20,1232,JAYSREETEA,EQ,69356,24000,34.60
20,1233,JBCHEPHARM,EQ,20150,7710,38.26
20,1234,JBMA,EQ,43277,16848,38.93
20,1235,JCHAC,EQ,15011,10146,67.59
20,1236,JEYYAM,SM,52000,40000,76.92
20,1237,JFLLIFE,ST,6000,6000,100.00
20,1238,JGCHEM,EQ,126631,54908,43.36
20,1239,JHS,EQ,71041,42893,60.38
20,1240,JINDALPHOT,EQ,6486,3331,51.36
20,1241,JINDALPOLY,EQ,21106,5879,27.85
20,1242,JINDALSAW,EQ,601440,335808,55.83
20,1243,JINDALSTEL,EQ,1097278,511618,46.63
20,1244,JINDRILL,EQ,55368,25692,46.40
20,1245,JINDWORLD,EQ,150491,37133,24.67
20,1246,JIOFIN,EQ,26848859,11610245,43.24
20,1247,JISLDVREQS,EQ,35883,17014,47.42
20,1248,JISLJALEQS,EQ,4110913,1584713,38.55
20,1249,JITFINFRA,EQ,48292,26478,54.83
20,1250,JIWANRAM,ST,24000,18000,75.00
20,1251,J&KBANK,EQ,5500712,3085142,56.09
20,1252,JKCEMENT,EQ,146117,53643,36.71
20,1253,JKIL,EQ,105632,46904,44.40
20,1254,JKLAKSHMI,EQ,608873,80139,13.16
20,1255,JKPAPER,EQ,173993,49534,28.47
20,1256,JKTYRE,EQ,181190,54340,29.99
20,1257,JLHL,EQ,23364,10346,44.28
20,1258,JMA,EQ,6010,4322,71.91
20,1259,JMFINANCIL,EQ,1596357,605834,37.95
20,1260,JNKINDIA,EQ,7911,2666,33.70
20,1261,JOCIL,EQ,3404,2801,82.29
20,1262,JPOLYINVST,EQ,5666,2672,47.16
20,1263,JPPOWER,EQ,15978781,5315523,33.27
20,1264,JSFB,EQ,2531849,247116,9.76
20,1265,JSL,EQ,530397,143250,27.01
20,1266,JSLL,SM,4500,3690,82.00
20,1267,JSWENERGY,EQ,1716243,803559,46.82
20,1268,JSWINFRA,EQ,907903,416750,45.90
20,1269,JSWSTEEL,EQ,1267989,334556,26.38
20,1270,JTEKTINDIA,EQ,72621,34250,47.16
20,1271,JTLIND,EQ,774060,390162,50.40
20,1272,JUBLFOOD,EQ,1423852,643479,45.19
20,1273,JUBLINGREA,EQ,445269,171659,38.55
20,1274,JUBLPHARMA,EQ,86345,38081,44.10
20,1275,JUNIORBEES,EQ,290988,108294,37.22
20,1276,JUNIPER,EQ,99378,68879,69.31
20,1277,JUSTDIAL,EQ,137685,41227,29.94
20,1278,JWL,EQ,927092,204060,22.01
20,1279,JYOTHYLAB,EQ,551482,294646,53.43
20,1280,JYOTICNC,EQ,195182,87130,44.64
20,1281,JYOTISTRUC,EQ,4070068,1783706,43.82
20,1282,K2INFRA,ST,9600,9600,100.00
20,1283,KABRAEXTRU,EQ,23873,11347,47.53
20,1284,KAJARIACER,EQ,39044,17568,45.00
20,1285,KAKATCEM,EQ,2514,1998,79.47
20,1286,KALAMANDIR,EQ,393879,122979,31.22
20,1287,KALANA,SM,12000,10000,83.33
20,1288,KALYANKJIL,EQ,44335820,4485277,10.12
20,1289,KAMATHOTEL,EQ,10674,7282,68.22
20,1290,KAMDHENU,EQ,474015,229173,48.35
20,1291,KANANIIND,EQ,164833,139326,84.53
20,1292,KANDARP,ST,4000,4000,100.00
20,1293,KANORICHEM,EQ,34494,14828,42.99
20,1294,KANPRPLA,EQ,8023,3909,48.72
20,1295,KANSAINER,EQ,242775,143040,58.92
20,1296,KAPSTON,EQ,5255,2244,42.70
20,1297,KARMAENG,EQ,1750,910,52.00
20,1298,KARNIKA,ST,14400,12000,83.33
20,1299,KARURVYSYA,EQ,3696230,1384029,37.44
20,1300,KATARIA,ST,1200,600,50.00
20,1301,KAUSHALYA,EQ,712,624,87.64
20,1302,KAYNES,EQ,1382406,187810,13.59
20,1303,KBCGLOBAL,EQ,19900749,7971101,40.05
20,1304,KCEIL,ST,70500,57500,81.56
20,1305,KCK,ST,10000,10000,100.00
20,1306,KCP,EQ,299035,121367,40.59
20,1307,KCPSUGIND,EQ,92506,48505,52.43
20,1308,KDDL,EQ,3430,1767,51.52
20,1309,KDL,ST,17550,16350,93.16
20,1310,KEC,EQ,1083094,591148,54.58
20,1311,KECL,EQ,101206,44275,43.75
20,1312,KEI,EQ,1440639,584400,40.57
20,1313,KEL,SM,3600,3600,100.00
20,1314,KELLTONTEC,EQ,5025395,1098432,21.86
20,1315,KESORAMIND,EQ,1906054,939795,49.31
20,1316,KEYFINSERV,EQ,9588,5461,56.96
20,1317,KFINTECH,EQ,1395121,623658,44.70
20,1318,KHADIM,EQ,9408,8029,85.34
20,1319,KHAICHEM,EQ,277559,100316,36.14
20,1320,KHAITANLTD,EQ,43385,24274,55.95
20,1321,KHANDSE,EQ,18152,10598,58.38
20,1322,KHFM,SM,6200,6200,100.00
20,1323,KICL,EQ,1466,1012,69.03
20,1324,KILITCH,EQ,2261,1237,54.71
20,1325,KIMS,EQ,175843,100435,57.12
20,1326,KINGFA,EQ,7289,2696,36.99
20,1327,KIOCL,EQ,63716,20815,32.67
20,1328,KIRIINDUS,EQ,186105,101042,54.29
20,1329,KIRLOSBROS,EQ,140913,53375,37.88
20,1330,KIRLOSENG,EQ,102470,51990,50.74
20,1331,KIRLOSIND,EQ,1490,811,54.43
20,1332,KIRLPNU,EQ,85530,35462,41.46
20,1333,KKCL,EQ,19324,10552,54.61
20,1334,KKJEWELS,ST,835000,679000,81.32
20,1335,KLL,SM,6400,6400,100.00
20,1336,KMEW,EQ,31446,19150,60.90
20,1337,KMSUGAR,EQ,104841,56259,53.66
20,1338,KNAGRI,SM,3200,2800,87.50
20,1339,KNRCON,EQ,534228,203983,38.18
20,1340,KODYTECH,SM,6500,3600,55.38
20,1341,KOHINOOR,EQ,68537,17121,24.98
20,1342,KOKUYOCMLN,EQ,67452,53011,78.59
20,1343,KOLTEPATIL,EQ,82603,29379,35.57
20,1344,KONTOR,SM,16200,16200,100.00
20,1345,KORE,ST,3000,3000,100.00
20,1346,KOTAKBANK,EQ,3161159,1820746,57.60
20,1347,KOTARISUG,EQ,38691,21151,54.67
20,1348,KOTHARIPET,EQ,46129,18621,40.37
20,1349,KOTYARK,SM,38800,32100,82.73
20,1350,KPEL,EQ,247688,137793,55.63
20,1351,KPIGREEN,EQ,3038522,1392305,45.82
20,1352,KPIL,EQ,283643,194539,68.59
20,1353,KPITTECH,EQ,1519850,707969,46.58
20,1354,KPRMILL,EQ,171412,78682,45.90
20,1355,KRBL,EQ,169496,50748,29.94
20,1356,KRISHANA,EQ,33067,17959,54.31
20,1357,KRISHCA,SM,9000,4500,50.00
20,1358,KRISHNADEF,SM,11750,9000,76.60
20,1359,KRITINUT,EQ,20950,6863,32.76
20,1360,KRN,EQ,2129402,392481,18.43
20,1361,KRONOX,EQ,141663,53523,37.78
20,1362,KROSS,EQ,77192,35567,46.08
20,1363,KRSNAA,EQ,25642,11937,46.55
20,1364,KRYSTAL,EQ,46263,10400,22.48
20,1365,KSB,EQ,37239,20862,56.02
20,1366,KSCL,EQ,212400,131182,61.76
20,1367,KSL,EQ,22402,9583,42.78
20,1368,KSOLVES,EQ,47158,18897,40.07
20,1369,KTKBANK,EQ,1072782,531704,49.56
20,1370,KTL,ST,12000,9000,75.00
20,1371,KUANTUM,EQ,37639,25013,66.46
20,1372,LAGNAM,EQ,14097,3166,22.46
20,1373,LAKSHYA,SM,230400,116800,50.69
20,1374,LALPATHLAB,EQ,251331,101833,40.52
20,1375,LAMOSAIC,ST,6600,6600,100.00
20,1376,LANCORHOL,EQ,251792,230413,91.51
20,1377,LANDMARK,EQ,89548,75420,84.22
20,1378,LAOPALA,EQ,38074,18144,47.65
20,1379,LASA,EQ,29334,10615,36.19
20,1380,LATENTVIEW,EQ,148962,71196,47.79
20,1381,LAURUSLABS,EQ,1495768,532854,35.62
20,1382,LAWSIKHO,SM,9500,6500,68.42
20,1383,LAXMICOT,EQ,37642,14158,37.61
20,1384,LAXMIDENTL,EQ,11881704,1239627,10.43
20,1385,LEMERITE,ST,18400,16800,91.30
20,1386,LEMONTREE,EQ,2579676,1475883,57.21
20,1387,LEXUS,EQ,11240,6757,60.12
20,1388,LFIC,EQ,1581,1027,64.96
20,1389,LGBBROSLTD,EQ,9236,6128,66.35
20,1390,LIBAS,EQ,29410,21902,74.47
20,1391,LIBERTSHOE,EQ,19625,13023,66.36
20,1392,LICHSGFIN,EQ,1880756,561825,29.87
20,1393,LICI,EQ,713322,252013,35.33
20,1394,LICMFGOLD,EQ,157,83,52.87
20,1395,LICNETFGSC,EQ,39687,38586,97.23
20,1396,LICNETFN50,EQ,433,193,44.57
20,1397,LICNETFSEN,EQ,85,63,74.12
20,1398,LICNFNHGP,EQ,315,245,77.78
20,1399,LICNMID100,EQ,13924,8643,62.07
20,1400,LIKHITHA,EQ,19057,7403,38.85
20,1401,LINC,EQ,56891,45543,80.05
20,1402,LINCOLN,EQ,44463,21890,49.23
20,1403,LINDEINDIA,EQ,36142,14060,38.90
20,1404,LIQUID,EQ,103480,34437,33.28
20,1405,LIQUID1,EQ,165492,114628,69.26
20,1406,LIQUIDADD,EQ,444790,374860,84.28
20,1407,LIQUIDBEES,EQ,4247302,3794745,89.34
20,1408,LIQUIDBETF,EQ,14777,14298,96.76
20,1409,LIQUIDCASE,EQ,6540447,5786963,88.48
20,1410,LIQUIDETF,EQ,237045,169315,71.43
20,1411,LIQUIDIETF,EQ,517109,338780,65.51
20,1412,LIQUIDPLUS,EQ,2037,1624,79.73
20,1413,LIQUIDSBI,EQ,3334,3317,99.49
20,1414,LIQUIDSHRI,EQ,1514,980,64.73
20,1415,LLOYDSENGG,EQ,3452150,841539,24.38
20,1416,LLOYDSENT,EQ,2700448,1173739,43.46
20,1417,LLOYDSME,EQ,343200,125273,36.50
20,1418,LMW,EQ,1875,925,49.33
20,1419,LODHA,EQ,1582475,705973,44.61
20,1420,LOKESHMACH,EQ,27828,15413,55.39
20,1421,LOTUSEYE,EQ,5604,3266,58.28
20,1422,LOVABLE,EQ,7346,3753,51.09
20,1423,LOWVOL,EQ,7473,6782,90.75
20,1424,LOWVOL1,EQ,289887,178739,61.66
20,1425,LOWVOLIETF,EQ,2782147,2033134,73.08
20,1426,LRRPL,ST,4500,4500,100.00
20,1427,LT,EQ,1993204,1082618,54.32
20,1428,LTF,EQ,3738977,1485240,39.72
20,1429,LTFOODS,EQ,234514,100479,42.85
20,1430,LTGILTBEES,EQ,1714341,1423504,83.04
20,1431,LTIM,EQ,283420,82935,29.26
20,1432,LTTS,EQ,174956,57767,33.02
20,1433,LUMAXIND,EQ,1398,996,71.24
20,1434,LUMAXTECH,EQ,111232,54117,48.65
20,1435,LUPIN,EQ,528574,239376,45.29
20,1436,LUXIND,EQ,28054,10360,36.93
20,1437,LXCHEM,EQ,3224733,708734,21.98
20,1438,LYKALABS,EQ,36019,16375,45.46
20,1439,LYPSAGEMS,EQ,40112,26933,67.14
20,1440,MACOBSTECH,SM,1600,1600,100.00
20,1441,MACPOWER,EQ,17410,14286,82.06
20,1442,MADHAV,EQ,3701,2021,54.61
20,1443,MADHAVBAUG,SM,1600,1600,100.00
20,1444,MADHUCON,EQ,69035,32428,46.97
20,1445,MADHUSUDAN,SM,6000,4000,66.67
20,1446,MADRASFERT,EQ,185058,42278,22.85
20,1447,MAFANG,EQ,86430,86430,100.00
20,1448,MAGADSUGAR,EQ,6239,4682,75.04
20,1449,MAGNUM,EQ,30132,17799,59.07
20,1450,MAGSON,SM,4000,4000,100.00
20,1451,MAHABANK,EQ,8233501,1772439,21.53
20,1452,MAHAPEXLTD,EQ,14003,5023,35.87
20,1453,MAHESHWARI,EQ,19869,9185,46.23
20,1454,MAHICKRA,SM,750,750,100.00
20,1455,MAHKTECH,EQ,447916,244352,54.55
20,1456,MAHLIFE,EQ,212496,98471,46.34
20,1457,MAHLOG,EQ,41825,18349,43.87
20,1458,MAHSCOOTER,EQ,1582,1041,65.80
20,1459,MAHSEAMLES,EQ,144745,74877,51.73
20,1460,MAITHANALL,EQ,31580,18127,57.40
20,1461,MAITREYA,ST,5600,3600,64.29
20,1462,MAKEINDIA,EQ,25634,15077,58.82
20,1463,MAL,SM,6400,6400,100.00
20,1464,MALLCOM,EQ,2063,1052,50.99
20,1465,MALUPAPER,EQ,4069,2176,53.48
20,1466,MAMATA,EQ,1393503,393584,28.24
20,1467,MANAKALUCO,EQ,4610,2309,50.09
20,1468,MANAKSIA,EQ,10207,5010,49.08
20,1469,MANAKSTEEL,EQ,31835,14609,45.89
20,1470,MANALIPETC,EQ,203239,126792,62.39
20,1471,MANAPPURAM,EQ,9510212,3636925,38.24
20,1472,MANBA,EQ,111622,44351,39.73
20,1473,MANCREDIT,EQ,43655,21073,48.27
20,1474,MANGALAM,EQ,25439,16314,64.13
20,1475,MANGCHEFER,EQ,657370,324447,49.36
20,1476,MANGLMCEM,EQ,34453,14793,42.94
20,1477,MANINDS,EQ,139953,91392,65.30
20,1478,MANINFRA,EQ,1595465,414845,26.00
20,1479,MANKIND,EQ,682734,408963,59.90
20,1480,MANOMAY,EQ,216821,173865,80.19
20,1481,MANORAMA,EQ,77834,39049,50.17
20,1482,MANORG,EQ,2400,1710,71.25
20,1483,MANUGRAPH,EQ,29989,15039,50.15
20,1484,MANYAVAR,EQ,39014,18291,46.88
20,1485,MAPMYINDIA,EQ,72014,52176,72.45
20,1486,MARALOVER,EQ,24753,10540,42.58
20,1487,MARATHON,EQ,43624,20760,47.59
20,1488,MARCO,SM,10500,7500,71.43
20,1489,MARICO,EQ,593272,196125,33.06
20,1490,MARKSANS,EQ,691212,208313,30.14
20,1491,MARUTI,EQ,480876,319691,66.48
20,1492,MASFIN,EQ,98210,52653,53.61
20,1493,MASON,ST,18000,17000,94.44
20,1494,MASPTOP50,EQ,48372,46215,95.54
20,1495,MASTEK,EQ,112550,55849,49.62
20,1496,MASTER,SM,1000,1000,100.00
20,1497,MASTERTR,EQ,30061,22205,73.87
20,1498,MATRIMONY,EQ,7201,6184,85.88
20,1499,MAWANASUG,EQ,74514,39021,52.37
20,1500,MAXESTATES,EQ,132798,82116,61.84
20,1501,MAXHEALTH,EQ,1467332,868045,59.16
20,1502,MAXIND,EQ,19319,9522,49.29
20,1503,MAXPOSURE,SM,1000,1000,100.00
20,1504,MAYURUNIQ,EQ,37032,24448,66.02
20,1505,MAZDOCK,EQ,3898601,579038,14.85
20,1506,MBAPL,EQ,42826,25813,60.27
20,1507,MBLINFRA,EQ,89921,17854,19.86
20,1508,MCON,ST,4000,4000,100.00
20,1509,MCX,EQ,611014,166124,27.19
20,1510,MDL,SM,6000,6000,100.00
20,1511,MEDANTA,EQ,152913,67657,44.25
20,1512,MEDIASSIST,EQ,43689,28139,64.41
20,1513,MEDICAMEQ,EQ,23635,16789,71.03
20,1514,MEDICO,EQ,1472072,631840,42.92
20,1515,MEDIORG,ST,2000,2000,100.00
20,1516,MEDPLUS,EQ,659475,567344,86.03
20,1517,MEGAFLEX,SM,6000,6000,100.00
20,1518,MEGASTAR,EQ,10149,6289,61.97
20,1519,MEGATHERM,SM,14800,9200,62.16
20,1520,MENONBE,EQ,55246,17607,31.87
20,1521,METAL,EQ,50412,36725,72.85
20,1522,METALIETF,EQ,486542,239496,49.22
20,1523,METROBRAND,EQ,162606,93368,57.42
20,1524,METROPOLIS,EQ,65122,20994,32.24
20,1525,MFSL,EQ,648845,447869,69.03
20,1526,MGEL,EQ,120268,58375,48.54
20,1527,MGL,EQ,361497,137303,37.98
20,1528,MHHL,ST,48000,45000,93.75
20,1529,MHRIL,EQ,54038,28063,51.93
20,1530,MICEL,EQ,231761,132099,57.00
20,1531,MICROPRO,SM,3200,3200,100.00
20,1532,MID150BEES,EQ,444632,310564,69.85
20,1533,MID150CASE,EQ,651960,454031,69.64
20,1534,MIDCAP,EQ,19406,11489,59.20
20,1535,MIDCAPETF,EQ,1036117,671295,64.79
20,1536,MIDCAPIETF,EQ,560604,217611,38.82
20,1537,MIDHANI,EQ,144515,51404,35.57
20,1538,MIDQ50ADD,EQ,795,728,91.57
20,1539,MIDSELIETF,EQ,125022,75813,60.64
20,1540,MIDSMALL,EQ,361509,261247,72.27
20,1541,MIEL,ST,76000,72000,94.74
20,1542,MINDACORP,EQ,242769,95740,39.44
20,1543,MINDSPACE,RR,176218,167181,94.87
20,1544,MINDTECK,EQ,21688,9005,41.52
20,1545,MIRCELECTR,EQ,966575,453165,46.88
20,1546,MIRZAINT,EQ,62936,30657,48.71
20,1547,MITCON,EQ,16497,12523,75.91
20,1548,MITCONPP,E1,860,790,91.86
20,1549,MITTAL,EQ,2671350,1723363,64.51
20,1550,M&M,EQ,2650506,1602491,60.46
20,1551,M&MFIN,EQ,3033964,1462036,48.19
20,1552,M&MFIN,N3,2,2,100.00
20,1553,MMFL,EQ,44010,23675,53.79
20,1554,MMP,EQ,16592,11234,67.71
20,1555,MMTC,EQ,1815324,262365,14.45
20,1556,MNC,EQ,12400,8096,65.29
20,1557,MOBIKWIK,EQ,9536986,871149,9.13
20,1558,MODEFENCE,EQ,424186,289490,68.25
20,1559,MODIRUBBER,EQ,1903,1199,63.01
20,1560,MODISONLTD,EQ,13261,6059,45.69
20,1561,MOGSEC,EQ,1093,1040,95.15
20,1562,MOHEALTH,EQ,45396,34027,74.96
20,1563,MOIL,EQ,1220219,411545,33.73
20,1564,MOKSH,EQ,66362,52060,78.45
20,1565,MOL,EQ,683377,261351,38.24
20,1566,MOLDTECH,EQ,36747,22345,60.81
20,1567,MOLDTKPAC,EQ,58800,41503,70.58
20,1568,MOLOWVOL,EQ,42169,36727,87.09
20,1569,MOM100,EQ,319661,120014,37.54
20,1570,MOM30IETF,EQ,1142068,578041,50.61
20,1571,MOM50,EQ,1186,1168,98.48
20,1572,MOMENTUM,EQ,47508,36579,77.00
20,1573,MOMENTUM50,EQ,296245,196996,66.50
20,1574,MOMOMENTUM,EQ,107974,56070,51.93
20,1575,MON100,EQ,1074740,795735,74.04
20,1576,MONARCH,EQ,169284,48176,28.46
20,1577,MONIFTY500,EQ,108000,84404,78.15
20,1578,MONOPHARMA,SM,14000,14000,100.00
20,1579,MONQ50,EQ,186477,147228,78.95
20,1580,MONTECARLO,EQ,11150,6749,60.53
20,1581,MOQUALITY,EQ,619,593,95.80
20,1582,MOREALTY,EQ,261602,219857,84.04
20,1583,MOREPENLAB,EQ,2094875,674319,32.19
20,1584,MOS,ST,3600,3600,100.00
20,1585,MOSMALL250,EQ,365755,265170,72.50
20,1586,MOTHERSON,EQ,5918214,2938688,49.65
20,1587,MOTILALOFS,EQ,3786083,1359831,35.92
20,1588,MOTISONS,EQ,2076191,1649058,79.43
20,1589,MOTOGENFIN,EQ,6375,5777,90.62
20,1590,MOVALUE,EQ,33535,24741,73.78
20,1591,MOXSH,SM,12800,6400,50.00
20,1592,MPHASIS,EQ,830570,380783,45.85
20,1593,MPSLTD,EQ,173178,70355,40.63
20,1594,MRF,EQ,7377,3196,43.32
20,1595,MRO-TEK,EQ,51877,29461,56.79
20,1596,MRPL,EQ,1065943,237159,22.25
20,1597,MSPL,EQ,344535,201826,58.58
20,1598,MSTCLTD,EQ,77884,21271,27.31
20,1599,MSUMI,EQ,3019822,1638910,54.27
20,1600,MTARTECH,EQ,68462,30431,44.45
20,1601,MTNL,EQ,2093628,443268,21.17
20,1602,MUFIN,EQ,717240,347140,48.40
20,1603,MUFTI,EQ,98863,51078,51.67
20,1604,MUKANDLTD,EQ,462577,172365,37.26
20,1605,MUKKA,EQ,226185,118179,52.25
20,1606,MUKTAARTS,EQ,7615,4500,59.09
20,1607,MULTICAP,EQ,217171,209627,96.53
20,1608,MUNJALAU,EQ,59287,18674,31.50
20,1609,MUNJALSHOW,EQ,16634,8601,51.71
20,1610,MURUDCERA,EQ,30453,19581,64.30
20,1611,MUTHOOTCAP,EQ,7019,4479,63.81
20,1612,MUTHOOTFIN,EQ,640641,332068,51.83
20,1613,MUTHOOTMF,EQ,46741,20760,44.41
20,1614,MVGJL,EQ,181520,82997,45.72
20,1615,MVKAGRO,SM,7200,6000,83.33
20,1616,MWL,SM,7200,6000,83.33
20,1617,MYMUDRA,SM,44400,43200,97.30
20,1618,NACLIND,EQ,184454,95810,51.94
20,1619,NAGAFERT,EQ,506677,278502,54.97
20,1620,NAGREEKEXP,EQ,80256,31436,39.17
20,1621,NAHARCAP,EQ,4452,1325,29.76
20,1622,NAHARINDUS,EQ,6460,5032,77.89
20,1623,NAHARPOLY,EQ,7731,3858,49.90
20,1624,NAHARSPING,EQ,23459,14074,59.99
20,1625,NAMAN,ST,3200,3200,100.00
20,1626,NAM-INDIA,EQ,1083004,580616,53.61
20,1627,NAMOEWASTE,ST,24000,22400,93.33
20,1628,NARMADA,EQ,681828,371423,54.47
20,1629,NATCOPHARM,EQ,419048,177455,42.35
20,1630,NATHBIOGEN,EQ,8277,4454,53.81
20,1631,NATIONALUM,EQ,6869655,2644546,38.50
20,1632,NAUKRI,EQ,262099,100548,38.36
20,1633,NAVA,EQ,321480,131621,40.94
20,1634,NAVINFLUOR,EQ,91974,30392,33.04
20,1635,NAVKARCORP,EQ,343505,127615,37.15
20,1636,NAVNETEDUL,EQ,91922,50231,54.65
20,1637,NAZARA,EQ,188417,67226,35.68
20,1638,NBCC,EQ,9160862,2041224,22.28
20,1639,NCC,EQ,2261336,868058,38.39
20,1640,NCLIND,EQ,43458,22754,52.36
20,1641,NDL,EQ,6977583,6009168,86.12
20,1642,NDLVENTURE,EQ,25761,11823,45.89
20,1643,NDRAUTO,EQ,27666,9204,33.27
20,1644,NDTV,EQ,79289,33105,41.75
20,1645,NECCLTD,EQ,154329,47514,30.79
20,1646,NEELAM,ST,12000,12000,100.00
20,1647,NELCAST,EQ,39687,10855,27.35
20,1648,NELCO,EQ,96185,63436,65.95
20,1649,NEOGEN,EQ,29201,13130,44.96
20,1650,NEPHROCARE,SM,10400,8800,84.62
20,1651,NESCO,EQ,58679,16838,28.70
20,1652,NESTLEIND,EQ,496007,252470,50.90
20,1653,NETF,EQ,2263,1253,55.37
20,1654,NETWEB,EQ,746341,254065,34.04
20,1655,NETWORK18,EQ,3362678,1282261,38.13
20,1656,NEULANDLAB,EQ,46213,25720,55.66
20,1657,NEWGEN,EQ,1360796,416074,30.58
20,1658,NEWJAISA,SM,15000,12000,80.00
20,1659,NEXT50,EQ,4954,3506,70.77
20,1660,NEXT50IETF,EQ,456597,223613,48.97
20,1661,NFL,EQ,2476959,463974,18.73
20,1662,NGIL,EQ,147771,47162,31.92
20,1663,NGILPP1,E1,20007,20006,100.00
20,1664,NGLFINE,EQ,609,340,55.83
20,1665,NH,EQ,146338,62980,43.04
20,1666,NHIT,IV,525000,525000,100.00
20,1667,NHPC,EQ,7900425,2477737,31.36
20,1668,NIACL,EQ,498745,100568,20.16
20,1669,NIDAN,SM,4000,4000,100.00
20,1670,NIF100BEES,EQ,10862,6950,63.98
20,1671,NIF100IETF,EQ,48554,28066,57.80
20,1672,NIF10GETF,EQ,78,58,74.36
20,1673,NIF5GETF,EQ,402,396,98.51
20,1674,NIFITETF,EQ,309,267,86.41
20,1675,NIFMID150,EQ,483,387,80.12
20,1676,NIFTY1,EQ,27410,9451,34.48
20,1677,NIFTY50ADD,EQ,27821,26841,96.48
20,1678,NIFTYBEES,EQ,3506635,1945774,55.49
20,1679,NIFTYBETF,EQ,2865,2670,93.19
20,1680,NIFTYETF,EQ,123449,102282,82.85
20,1681,NIFTYIETF,EQ,896860,773559,86.25
20,1682,NIFTYQLITY,EQ,36992,27490,74.31
20,1683,NIITLTD,EQ,818496,247309,30.22
20,1684,NIITMTS,EQ,241088,87419,36.26
20,1685,NILAINFRA,EQ,404839,163528,40.39
20,1686,NILKAMAL,EQ,1877,1131,60.26
20,1687,NINSYS,EQ,3987,2429,60.92
20,1688,NIPPOBATRY,EQ,4053,2902,71.60
20,1689,NIRMAN,SM,34800,27000,77.59
20,1690,NITINSPIN,EQ,52978,28149,53.13
20,1691,NITIRAJ,EQ,5400,3111,57.61
20,1692,NIVABUPA,EQ,592500,238545,40.26
20,1693,NLCINDIA,EQ,692947,237806,34.32
20,1694,NMDC,EQ,36174380,11382974,31.47
20,1695,NMSTEEL,SM,3200,1600,50.00
20,1696,NOCIL,EQ,251031,124230,49.49
20,1697,NORTHARC,EQ,286940,149125,51.97
20,1698,NOVAAGRI,EQ,151172,63163,41.78
20,1699,NPBET,EQ,740,485,65.54
20,1700,NPST,SM,11900,9000,75.63
20,1701,NRAIL,EQ,2262,1043,46.11
20,1702,NRBBEARING,EQ,73431,36892,50.24
20,1703,NSIL,EQ,18076,8666,47.94
20,1704,NSLNISP,EQ,2345865,857149,36.54
20,1705,NTPC,EQ,6477347,3079827,47.55
20,1706,NTPCGREEN,EQ,7242761,3796857,52.42
20,1707,NUCLEUS,EQ,35966,16476,45.81
20,1708,NUVAMA,EQ,138906,75683,54.49
20,1709,NUVOCO,EQ,625643,81974,13.10
20,1710,NV20,EQ,12894,6780,52.58
20,1711,NV20BEES,EQ,10869,10041,92.38
20,1712,NV20IETF,EQ,459115,268059,58.39
20,1713,NXST,RR,6554687,5092763,77.70
20,1714,NYKAA,EQ,2858247,930685,32.56
20,1715,OAL,EQ,12990,6108,47.02
20,1716,OBCL,EQ,3822,3309,86.58
20,1717,OBEROIRLTY,EQ,1344506,574090,42.70
20,1718,OBSCP,ST,2400,2400,100.00
20,1719,OCCL,EQ,6667,2418,36.27
20,1720,OCCLLTD,EQ,187327,65046,34.72
20,1721,OFSS,EQ,320690,79785,24.88
20,1722,OIL,EQ,3508784,1824855,52.01
20,1723,OILIETF,EQ,687912,435370,63.29
20,1724,OLAELEC,EQ,11531639,3314166,28.74
20,1725,OLECTRA,EQ,220444,66207,30.03
20,1726,OLIL,SM,45600,36000,78.95
20,1727,OMAXAUTO,EQ,23726,5050,21.28
20,1728,OMAXE,EQ,54112,30782,56.89
20,1729,OMFURN,ST,110400,103200,93.48
20,1730,OMINFRAL,EQ,61784,30422,49.24
20,1731,ONDOOR,ST,1200,900,75.00
20,1732,ONELIFECAP,EQ,5129,3307,64.48
20,1733,ONEPOINT,EQ,1087410,506015,46.53
20,1734,ONGC,EQ,5026675,2188175,43.53
20,1735,ONMOBILE,EQ,164893,65585,39.77
20,1736,ONWARDTEC,EQ,86284,28816,33.40
20,1737,ONYX,ST,4000,4000,100.00
20,1738,OPTIEMUS,EQ,112831,77839,68.99
20,1739,ORCHPHARMA,EQ,164553,31513,19.15
20,1740,ORIANA,SM,58950,36825,62.47
20,1741,ORICONENT,EQ,411352,213866,51.99
20,1742,ORIENTALTL,EQ,995285,595595,59.84
20,1743,ORIENTBELL,EQ,21132,18171,85.99
20,1744,ORIENTCEM,EQ,292773,181061,61.84
20,1745,ORIENTCER,EQ,17617,10608,60.21
20,1746,ORIENTELEC,EQ,95976,56900,59.29
20,1747,ORIENTHOT,EQ,240725,114860,47.71
20,1748,ORIENTPPR,EQ,513608,195613,38.09
20,1749,ORIENTTECH,EQ,702502,271043,38.58
20,1750,ORISSAMINE,EQ,4583,2405,52.48
20,1751,ORTINGLOBE,EQ,1541,1275,82.74
20,1752,OSELDEVICE,ST,140000,132800,94.86
20,1753,OSWALAGRO,EQ,84809,32413,38.22
20,1754,OSWALGREEN,EQ,344725,118177,34.28
20,1755,OWAIS,SM,26000,20400,78.46
20,1756,PAGEIND,EQ,29451,17504,59.43
20,1757,PAISALO,EQ,704245,364150,51.71
20,1758,PAKKA,EQ,55680,26675,47.91
20,1759,PALASHSECU,EQ,1790,681,38.04
20,1760,PANACEABIO,EQ,159178,81215,51.02
20,1761,PANAMAPET,EQ,61078,49520,81.08
20,1762,PANSARI,EQ,4116,754,18.32
20,1763,PARACABLES,EQ,757646,339547,44.82
20,1764,PARADEEP,EQ,6585030,1132816,17.20
20,1765,PARAGMILK,EQ,141749,64040,45.18
20,1766,PARAGON,ST,13200,13200,100.00
20,1767,PARAMATRIX,SM,1200,1200,100.00
20,1768,PARAS,EQ,557379,133182,23.89
20,1769,PARASPETRO,EQ,120257,87044,72.38
20,1770,PARIN,ST,11500,10000,86.96
20,1771,PARKHOTELS,EQ,105089,55281,52.60
20,1772,PARTYCRUS,SM,8000,8000,100.00
20,1773,PATANJALI,EQ,749650,315652,42.11
20,1774,PATELENG,EQ,2205446,920531,41.74
20,1775,PATINTLOG,EQ,147170,76920,52.27
20,1776,PATTECH,SM,1500,1500,100.00
20,1777,PAVNAIND,EQ,22429,16750,74.68
20,1778,PAYTM,EQ,3430914,557597,16.25
20,1779,PCBL,EQ,1757682,812473,46.22
20,1780,PCCL,SM,70400,49200,69.89
20,1781,PCJEWELLER,EQ,10091481,5925066,58.71
20,1782,PDMJEPAPER,EQ,502648,397966,79.17
20,1783,PDSL,EQ,55088,35845,65.07
20,1784,PEARLPOLY,EQ,27446,10556,38.46
20,1785,PEL,EQ,363685,140281,38.57
20,1786,PELATRO,ST,4200,3600,85.71
20,1787,PENIND,EQ,400614,186761,46.62
20,1788,PENINLAND,EQ,195277,97652,50.01
20,1789,PENTAGON,SM,10000,6000,60.00
20,1790,PERFECT,ST,18000,18000,100.00
20,1791,PERSISTENT,EQ,2738505,791854,28.92
20,1792,PETRONET,EQ,1116248,486600,43.59
20,1793,PFC,EQ,5201731,2172833,41.77
20,1794,PFIZER,EQ,14793,9338,63.12
20,1795,PFOCUS,EQ,60280,31236,51.82
20,1796,PFS,EQ,795341,450163,56.60
20,1797,PGEL,EQ,1561561,556867,35.66
20,1798,PGHH,EQ,7858,4982,63.40
20,1799,PGHL,EQ,8018,5034,62.78
20,1800,PGIL,EQ,105602,38604,36.56
20,1801,PGINVIT,IV,385408,349538,90.69
20,1802,PHANTOMFX,ST,40800,40800,100.00
20,1803,PHARMABEES,EQ,2591390,1724180,66.53
20,1804,PHOENIXLTD,EQ,648821,344024,53.02
20,1805,PHOGLOBAL,ST,24000,24000,100.00
20,1806,PIDILITIND,EQ,2312757,535947,23.17
20,1807,PIIND,EQ,103745,54511,52.54
20,1808,PILANIINVS,EQ,2337,1151,49.25
20,1809,PILITA,EQ,157452,87089,55.31
20,1810,PITTIENG,EQ,25175,12509,49.69
20,1811,PIXTRANS,EQ,9607,5988,62.33
20,1812,PLADAINFO,SM,9000,6000,66.67
20,1813,PLASTIBLEN,EQ,8215,5025,61.17
20,1814,PLATIND,EQ,118692,46693,39.34
20,1815,PLAZACABLE,EQ,21573,14790,68.56
20,1816,PNB,EQ,18589650,6185471,33.27
20,1817,PNBGILTS,EQ,168835,74058,43.86
20,1818,PNBHOUSING,EQ,1248016,528373,42.34
20,1819,PNC,EQ,3851,2166,56.25
20,1820,PNCINFRA,EQ,198909,82966,41.71
20,1821,PNGJL,EQ,186216,94801,50.91
20,1822,POCL,EQ,206077,161060,78.16
20,1823,PODDARMENT,EQ,2162,977,45.19
20,1824,POKARNA,EQ,39956,21068,52.73
20,1825,POLICYBZR,EQ,1397792,702990,50.29
20,1826,POLYCAB,EQ,1215099,434025,35.72
20,1827,POLYMED,EQ,117747,46621,39.59
20,1828,POLYPLEX,EQ,40372,17245,42.72
20,1829,POLYSIL,SM,28000,28000,100.00
20,1830,PONNIERODE,EQ,21129,11422,54.06
20,1831,POONAWALLA,EQ,1396610,567968,40.67
20,1832,POSITRON,ST,27600,26400,95.65
20,1833,POWERGRID,EQ,12228286,8278698,67.70
20,1834,POWERINDIA,EQ,51133,18536,36.25
20,1835,POWERMECH,EQ,61396,34697,56.51
20,1836,PPAP,EQ,60160,15387,25.58
20,1837,PPL,EQ,71556,33284,46.51
20,1838,PPLPHARMA,EQ,4851245,1675760,34.54
20,1839,PPSL,SM,30000,24000,80.00
20,1840,PRAENG,EQ,189479,152326,80.39
20,1841,PRAJIND,EQ,591729,186454,31.51
20,1842,PRAKASH,EQ,493643,238118,48.24
20,1843,PRAKASHSTL,EQ,150096,85671,57.08
20,1844,PRAMARA,SM,1000,1000,100.00
20,1845,PRANIK,SM,1600,1600,100.00
20,1846,PRATHAM,ST,6400,6400,100.00
20,1847,PRECAM,EQ,106178,38623,36.38
20,1848,PRECWIRE,EQ,139914,43033,30.76
20,1849,PREMEXPLN,EQ,47948,16521,34.46
20,1850,PREMIERENE,EQ,3033184,626462,20.65
20,1851,PREMIUM,SM,3000,3000,100.00
20,1852,PRESSTONIC,ST,11200,11200,100.00
20,1853,PRESTIGE,EQ,1519127,941497,61.98
20,1854,PRICOLLTD,EQ,175430,68872,39.26
20,1855,PRIMESECU,EQ,186292,88008,47.24
20,1856,PRINCEPIPE,EQ,81221,36194,44.56
20,1857,PRITI,EQ,16649,7604,45.67
20,1858,PRITIKA,ST,4000,3000,75.00
20,1859,PRITIKAUTO,EQ,134989,72786,53.92
20,1860,PRIVISCL,EQ,10838,7061,65.15
20,1861,PRIZOR,ST,13600,13600,100.00
20,1862,PRLIND,SM,38000,22000,57.89
20,1863,PROLIFE,SM,2000,1500,75.00
20,1864,PROV,SM,800,800,100.00
20,1865,PRSMJOHNSN,EQ,213834,56382,26.37
20,1866,PRUDENT,EQ,135632,126282,93.11
20,1867,PSB,EQ,663931,150845,22.72
20,1868,PSFL,SM,12000,12000,100.00
20,1869,PSPPROJECT,EQ,53934,26795,49.68
20,1870,PSUBANK,EQ,27084,20057,74.05
20,1871,PSUBANKADD,EQ,7063,6621,93.74
20,1872,PSUBNKBEES,EQ,724583,346855,47.87
20,1873,PSUBNKIETF,EQ,67648,16862,24.93
20,1874,PTC,EQ,1927121,1052666,54.62
20,1875,PTCIL,EQ,17238,8306,48.18
20,1876,PTL,EQ,33163,23745,71.60
20,1877,PULZ,ST,16000,16000,100.00
20,1878,PUNJABCHEM,EQ,2376,1463,61.57
20,1879,PURPLEUTED,SM,27000,16000,59.26
20,1880,PURVA,EQ,586101,207373,35.38
20,1881,PURVFLEXI,SM,12800,8000,62.50
20,1882,PVP,EQ,164099,64236,39.14
20,1883,PVRINOX,EQ,452348,214177,47.35
20,1884,PVSL,EQ,30449,17256,56.67
20,1885,PVTBANIETF,EQ,882980,590149,66.84
20,1886,PVTBANKADD,EQ,61730,53534,86.72
20,1887,PYRAMID,EQ,23090,10148,43.95
20,1888,QGOLDHALF,EQ,66479,58932,88.65
20,1889,QMSMEDI,SM,5000,3000,60.00
20,1890,QNIFTY,EQ,282,164,58.16
20,1891,QUADFUTURE,EQ,5288421,590479,11.17
20,1892,QUADPRO,SM,36000,24000,66.67
20,1893,QUAL30IETF,EQ,57235,38888,67.94
20,1894,QUESS,EQ,242198,118951,49.11
20,1895,QUESTLAB,ST,154800,150000,96.90
20,1896,QUICKHEAL,EQ,44119,14136,32.04
20,1897,QUICKTOUCH,ST,5500,5500,100.00
20,1898,QVCEL,ST,4800,4800,100.00
20,1899,RACE,EQ,1919,1281,66.75
20,1900,RACLGEAR,EQ,2087,1368,65.55
20,1901,RADHIKAJWE,EQ,537891,311998,58.00
20,1902,RADIANTCMS,EQ,44319,27706,62.51
20,1903,RADICO,EQ,98583,46885,47.56
20,1904,RADIOCITY,EQ,176279,132859,75.37
20,1905,RADIOCITY,P1,52,51,98.08
20,1906,RADIOWALLA,SM,1600,1600,100.00
20,1907,RAILTEL,EQ,1514202,282210,18.64
20,1908,RAIN,EQ,598500,268935,44.93
20,1909,RAINBOW,EQ,364927,219450,60.14
20,1910,RAJESHEXPO,EQ,357609,160628,44.92
20,1911,RAJINDLTD,SM,13500,7500,55.56
20,1912,RAJMET,EQ,272886,156123,57.21
20,1913,RAJPUTANA,SM,15000,11000,73.33
20,1914,RAJRATAN,EQ,155208,38961,25.10
20,1915,RAJSREESUG,EQ,47956,21400,44.62
20,1916,RALLIS,EQ,427283,241621,56.55
20,1917,RAMANEWS,EQ,99971,36672,36.68
20,1918,RAMAPHO,EQ,12470,8041,64.48
20,1919,RAMASTEEL,EQ,64026127,6921579,10.81
20,1920,RAMCOCEM,EQ,1310460,551187,42.06
20,1921,RAMCOIND,EQ,99437,67395,67.78
20,1922,RAMCOSYS,EQ,174371,50447,28.93
20,1923,RAMKY,EQ,25386,12445,49.02
20,1924,RAMRAT,EQ,20320,9772,48.09
20,1925,RANASUG,EQ,149803,71945,48.03
20,1926,RANEENGINE,EQ,4032,2510,62.25
20,1927,RANEHOLDIN,EQ,5926,3040,51.30
20,1928,RAPPID,ST,14400,14400,100.00
20,1929,RATEGAIN,EQ,272201,109621,40.27
20,1930,RATNAMANI,EQ,28239,19184,67.93
20,1931,RATNAVEER,EQ,178653,70837,39.65
20,1932,RAYMOND,EQ,558393,137397,24.61
20,1933,RAYMONDLSL,EQ,61222,36307,59.30
20,1934,RBA,EQ,358685,216585,60.38
20,1935,RBL,EQ,4453,1665,37.39
20,1936,RBLBANK,EQ,5664656,1412691,24.94
20,1937,RBMINFRA,SM,26400,19200,72.73
20,1938,RBS,ST,8000,8000,100.00
20,1939,RBZJEWEL,EQ,145655,92200,63.30
20,1940,RCDL,SM,39000,24000,61.54
20,1941,RCF,EQ,2316056,481915,20.81
20,1942,RECLTD,EQ,5320651,2368019,44.51
20,1943,REDINGTON,EQ,8412507,1454587,17.29
20,1944,REDTAPE,EQ,32537,15669,48.16
20,1945,REFRACTORY,ST,10000,10000,100.00
20,1946,RELAXO,EQ,63733,18883,29.63
20,1947,RELCHEMQ,EQ,2200,641,29.14
20,1948,RELIABLE,EQ,6050,2396,39.60
20,1949,RELIANCE,EQ,8720682,5406848,62.00
20,1950,RELIGARE,EQ,1301755,588332,45.20
20,1951,RELINFRA,EQ,957332,419817,43.85
20,1952,RELTD,EQ,54619,20289,37.15
20,1953,REMSONSIND,EQ,247550,217114,87.71
20,1954,REMUS,SM,1200,950,79.17
20,1955,RENUKA,EQ,2999886,899293,29.98
20,1956,REPCOHOME,EQ,102285,49408,48.30
20,1957,REPRO,EQ,5883,3461,58.83
20,1958,RESPONIND,EQ,63162,33069,52.36
20,1959,RETAIL,EQ,1075,838,77.95
20,1960,REXPIPES,SM,14000,14000,100.00
20,1961,RGL,EQ,579572,356642,61.54
20,1962,RHIM,EQ,68185,30978,45.43
20,1963,RICOAUTO,EQ,395037,121261,30.70
20,1964,RIIL,EQ,101952,17348,17.02
20,1965,RILINFRA,SM,77300,65300,84.48
20,1966,RISHABH,EQ,47309,38024,80.37
20,1967,RITCO,EQ,14764,6810,46.13
20,1968,RITES,EQ,1301645,500136,38.42
20,1969,RKDL,EQ,39477,22324,56.55
20,1970,RKEC,EQ,14240,7268,51.04
20,1971,RKFORGE,EQ,859291,306528,35.67
20,1972,RKSWAMY,EQ,32770,19019,58.04
20,1973,RMDRIP,ST,8000,8000,100.00
20,1974,RML,EQ,5140,3100,60.31
20,1975,RNFI,ST,190800,178800,93.71
20,1976,ROCKINGDCE,SM,8250,6500,78.79
20,1977,ROHLTD,EQ,15632,8984,57.47
20,1978,ROLEXRINGS,EQ,4179,2516,60.21
20,1979,ROML,EQ,11850,9321,78.66
20,1980,ROSSARI,EQ,30989,12422,40.09
20,1981,ROSSTECH,EQ,29318,17670,60.27
20,1982,ROTO,EQ,85574,40063,46.82
20,1983,ROUTE,EQ,113624,42334,37.26
20,1984,ROXHITECH,SM,124800,65600,52.56
20,1985,RPEL,EQ,20060,10190,50.80
20,1986,RPGLIFE,EQ,6962,3364,48.32
20,1987,RPOWER,EQ,8591590,4281230,49.83
20,1988,RPPL,EQ,87161,38742,44.45
20,1989,RPSGVENT,EQ,24266,12133,50.00
20,1990,RPTECH,EQ,55583,25298,45.51
20,1991,RRKABEL,EQ,26078,9821,37.66
20,1992,RSWM,EQ,27285,14426,52.87
20,1993,RSYSTEMS,EQ,101346,50966,50.29
20,1994,RTNINDIA,EQ,864062,285959,33.09
20,1995,RTNPOWER,EQ,13756115,4741568,34.47
20,1996,RUBFILA,EQ,27608,14849,53.79
20,1997,RUBYMILLS,EQ,7081,3294,46.52
20,1998,RUCHINFRA,EQ,29569,24673,83.44
20,1999,RUCHIRA,EQ,17756,10595,59.67
20,2000,RULKA,ST,11400,10500,92.11
20,2001,RUPA,EQ,89943,55295,61.48
20,2002,RUSHIL,EQ,683718,318401,46.57
20,2003,RUSTOMJEE,EQ,29329,17581,59.94
20,2004,RVNL,EQ,6083832,977534,16.07
20,2005,SAAKSHI,SM,1200,1200,100.00
20,2006,SABAR,ST,100000,100000,100.00
20,2007,SADBHAV,EQ,712580,396939,55.70
20,2008,SADBHIN,EQ,86703,55825,64.39
20,2009,SADHAV,SM,20400,11400,55.88
20,2010,SADHNANIQ,EQ,143398,79753,55.62
20,2011,SAFARI,EQ,158345,144420,91.21
20,2012,SAGARDEEP,EQ,39643,29065,73.32
20,2013,SAGCEM,EQ,24958,11934,47.82
20,2014,SAHAJSOLAR,SM,13200,8600,65.15
20,2015,SAHANA,ST,16750,16250,97.01
20,2016,SAHASRA,SM,36400,23200,63.74
20,2017,SAHYADRI,EQ,3068,1655,53.94
20,2018,SAIFL,SM,11200,9600,85.71
20,2019,SAIL,EQ,7849758,1809504,23.05
20,2020,SAILIFE,EQ,297864,114766,38.53
20,2021,SAJHOTELS,ST,38000,38000,100.00
20,2022,SAKAR,EQ,23364,18897,80.88
20,2023,SAKHTISUG,EQ,59994,29750,49.59
20,2024,SAKSOFT,EQ,173902,52777,30.35
20,2025,SALASAR,EQ,2917474,1073423,36.79
20,2026,SALONA,EQ,366,295,80.60
20,2027,SALSTEEL,EQ,118593,38648,32.59
20,2028,SALZERELEC,EQ,62946,24192,38.43
20,2029,SAMHI,EQ,643717,292292,45.41
20,2030,SAMMAANCAP,EQ,7940315,4407029,55.50
20,2031,SANATHAN,EQ,674945,366922,54.36
20,2032,SANDESH,EQ,236,147,62.29
20,2033,SANDHAR,EQ,63219,35337,55.90
20,2034,SANDUMA,EQ,305192,98507,32.28
20,2035,SANGAMIND,EQ,5614,2054,36.59
20,2036,SANGHIIND,EQ,336079,149844,44.59
20,2037,SANGHVIMOV,EQ,216633,113622,52.45
20,2038,SANGINITA,EQ,21478,11162,51.97
20,2039,SANOFI,EQ,29387,15485,52.69
20,2040,SANOFICONR,EQ,17567,14323,81.53
20,2041,SANSERA,EQ,143998,80802,56.11
20,2042,SANSTAR,EQ,337757,181673,53.79
20,2043,SAPPHIRE,EQ,294864,146864,49.81
20,2044,SARDAEN,EQ,322315,152416,47.29
20,2045,SAREGAMA,EQ,162753,55901,34.35
20,2046,SARTELE,SM,214500,137500,64.10
20,2047,SARVESHWAR,EQ,1869021,770560,41.23
20,2048,SASKEN,EQ,3054,1118,36.61
20,2049,SASTASUNDR,EQ,4906,2761,56.28
20,2050,SATECH,ST,32000,30000,93.75
20,2051,SATIA,EQ,66220,31282,47.24
20,2052,SATIN,EQ,171340,91283,53.28
20,2053,SATINDLTD,EQ,499647,179525,35.93
20,2054,SATIPOLY,SM,5000,4500,90.00
20,2055,SATKARTAR,ST,547200,427200,78.07
20,2056,SAURASHCEM,EQ,65865,37970,57.65
20,2057,SBC,EQ,2105170,996214,47.32
20,2058,SBCL,EQ,88338,54876,62.12
20,2059,SBFC,EQ,1323094,492644,37.23
20,2060,SBGLP,EQ,394517,187684,47.57
20,2061,SBICARD,EQ,1054554,497700,47.20
20,2062,SBIETFCON,EQ,11831,1094,9.25
20,2063,SBIETFIT,EQ,5781,2762,47.78
20,2064,SBIETFPB,EQ,5548,5259,94.79
20,2065,SBIETFQLTY,EQ,1037,855,82.45
20,2066,SBILIFE,EQ,1301601,865150,66.47
20,2067,SBIN,EQ,10986405,4797148,43.66
20,2068,SBINEQWETF,EQ,17301,8510,49.19
20,2069,SBISILVER,EQ,31900,19365,60.71
20,2070,SCHAEFFLER,EQ,42821,24015,56.08
20,2071,SCHAND,EQ,14342,6849,47.75
20,2072,SCHNEIDER,EQ,141533,45864,32.41
20,2073,SCI,EQ,929969,273636,29.42
20,2074,SCILAL,EQ,340657,145044,42.58
20,2075,SCL25B,BI,30,15,50.00
20,2076,SCML,SM,3000,3000,100.00
20,2077,SCPL,EQ,7966,4503,56.53
20,2078,SDBL,EQ,368259,164343,44.63
20,2079,SDL26BEES,EQ,5137,3795,73.88
20,2080,SDREAMS,SM,10000,9000,90.00
20,2081,SEAMECLTD,EQ,16659,11971,71.86
20,2082,SECL,ST,6250,6250,100.00
20,2083,SECMARK,EQ,206,21,10.19
20,2084,SECURKLOUD,EQ,1785,1369,76.69
20,2085,SEL,ST,1200,1200,100.00
20,2086,SELAN,EQ,73838,54532,73.85
20,2087,SELMC,EQ,20736,11702,56.43
20,2088,SENCO,EQ,232752,121329,52.13
20,2089,SENORES,EQ,3743028,897078,23.97
20,2090,SENSEXADD,EQ,327,311,95.11
20,2091,SENSEXETF,EQ,12761,10639,83.37
20,2092,SENSEXIETF,EQ,4125,3390,82.18
20,2093,SEPC,EQ,3881715,1433634,36.93
20,2094,SEQUENT,EQ,320928,149857,46.69
20,2095,SERVICE,SM,6000,6000,100.00
20,2096,SERVOTECH,EQ,482562,246172,51.01
20,2097,SESHAPAPER,EQ,26495,14852,56.06
20,2098,SETF10GILT,EQ,8811,5992,68.01
20,2099,SETFGOLD,EQ,1655161,1246806,75.33
20,2100,SETFNIF50,EQ,174161,118778,68.20
20,2101,SETFNIFBK,EQ,19265,5726,29.72
20,2102,SETFNN50,EQ,37438,30010,80.16
20,2103,SFL,EQ,56261,27787,49.39
20,2104,SFLZC26A,ZC,90,50,55.56
20,2105,SFML,SM,102400,84800,82.81
20,2106,SGBAPR28I,GB,65,40,61.54
20,2107,SGBAUG27,GB,39,39,100.00
20,2108,SGBAUG28V,GB,321,251,78.19
20,2109,SGBAUG29V,GB,42,39,92.86
20,2110,SGBAUG30,GB,167,97,58.08
20,2111,SGBD29VIII,GB,54,53,98.15
20,2112,SGBDC27VII,GB,8,8,100.00
20,2113,SGBDE30III,GB,139,93,66.91
20,2114,SGBDE31III,GB,878,689,78.47
20,2115,SGBDEC25,GB,7,5,71.43
20,2116,SGBDEC2513,GB,2,2,100.00
20,2117,SGBDEC26,GB,3,3,100.00
20,2118,SGBFEB29XI,GB,43,43,100.00
20,2119,SGBFEB32IV,GB,1406,1006,71.55
20,2120,SGBJ28VIII,GB,30,30,100.00
20,2121,SGBJAN26,GB,21,21,100.00
20,2122,SGBJAN27,GB,1,1,100.00
20,2123,SGBJAN29IX,GB,225,184,81.78
20,2124,SGBJAN29X,GB,73,46,63.01
20,2125,SGBJAN30IX,GB,49,37,75.51
20,2126,SGBJU29III,GB,117,97,82.91
20,2127,SGBJUL27,GB,23,23,100.00
20,2128,SGBJUL28IV,GB,327,297,90.83
20,2129,SGBJUL29IV,GB,624,508,81.41
20,2130,SGBJUN28,GB,56,36,64.29
20,2131,SGBJUN29II,GB,73,71,97.26
20,2132,SGBJUN30,GB,47,36,76.60
20,2133,SGBJUN31I,GB,497,347,69.82
20,2134,SGBMAR25,GB,27,22,81.48
20,2135,SGBMAR28X,GB,8,8,100.00
20,2136,SGBMAR30X,GB,9,9,100.00
20,2137,SGBMAR31IV,GB,150,123,82.00
20,2138,SGBMAY25,GB,49,49,100.00
20,2139,SGBMAY26,GB,4,4,100.00
20,2140,SGBMAY28,GB,655,655,100.00
20,2141,SGBMAY29I,GB,342,295,86.26
20,2142,SGBMR29XII,GB,279,256,91.76
20,2143,SGBN28VIII,GB,272,242,88.97
20,2144,SGBNV29VII,GB,477,470,98.53
20,2145,SGBOC28VII,GB,159,159,100.00
20,2146,SGBOCT25V,GB,1,1,100.00
20,2147,SGBOCT27,GB,29,24,82.76
20,2148,SGBOCT27VI,GB,280,279,99.64
20,2149,SGBSEP27,GB,4,4,100.00
20,2150,SGBSEP28VI,GB,75,72,96.00
20,2151,SGBSEP29VI,GB,112,80,71.43
20,2152,SGBSEP31II,GB,1414,942,66.62
20,2153,SGL,EQ,33788,17137,50.72
20,2154,SGLTL,EQ,3359018,665212,19.80
20,2155,SHAH,EQ,739700,444143,60.04
20,2156,SHALBY,EQ,62809,39280,62.54
20,2157,SHALPAINTS,EQ,78440,35675,45.48
20,2158,SHANKARA,EQ,12923,6406,49.57
20,2159,SHANTI,EQ,301246,206659,68.60
20,2160,SHANTIGEAR,EQ,18652,9325,49.99
20,2161,SHARDACROP,EQ,197042,88293,44.81
20,2162,SHARDAMOTR,EQ,9519,5489,57.66
20,2163,SHAREINDIA,EQ,199662,90955,45.55
20,2164,SHARIABEES,EQ,652,336,51.53
20,2165,SHEETAL,SM,24000,16000,66.67
20,2166,SHEMAROO,EQ,19951,12463,62.47
20,2167,SHERA,SM,25000,17000,68.00
20,2168,SHILPAMED,EQ,180344,72549,40.23
20,2169,SHIVALIK,EQ,72926,33389,45.78
20,2170,SHIVAMAUTO,EQ,446010,141316,31.68
20,2171,SHIVAMILLS,EQ,5783,2852,49.32
20,2172,SHIVATEX,EQ,52031,16767,32.23
20,2173,SHK,EQ,204638,95194,46.52
20,2174,SHOPERSTOP,EQ,71208,33940,47.66
20,2175,SHREDIGCEM,EQ,339172,180557,53.23
20,2176,SHREECEM,EQ,58591,33487,57.15
20,2177,SHREEKARNI,ST,3600,3000,83.33
20,2178,SHREEOSFM,SM,1000,1000,100.00
20,2179,SHREEPUSHK,EQ,44714,28444,63.61
20,2180,SHRENIK,EQ,816809,549603,67.29
20,2181,SHREYANIND,EQ,1201,547,45.55
20,2182,SHRIPISTON,EQ,28395,16656,58.66
20,2183,SHRIRAMFIN,EQ,5150004,2598053,50.45
20,2184,SHRIRAMPPS,EQ,570451,225986,39.62
20,2185,SHRITECH,SM,16000,8000,50.00
20,2186,SHUBHLAXMI,ST,3000,3000,100.00
20,2187,SHYAMCENT,EQ,65649,32409,49.37
20,2188,SHYAMMETL,EQ,110289,35858,32.51
20,2189,SIEMENS,EQ,240349,84282,35.07
20,2190,SIGACHI,EQ,1639947,602498,36.74
20,2191,SIGIND,EQ,6488,3519,54.24
20,2192,SIGMA,EQ,34349,6543,19.05
20,2193,SIGNATURE,EQ,531723,49957,9.40
20,2194,SIKKO,EQ,55561,20484,36.87
20,2195,SIL,EQ,24423,11358,46.51
20,2196,SILGO,EQ,44749,23958,53.54
20,2197,SILKFLEX,SM,12000,12000,100.00
20,2198,SILLYMONKS,EQ,1336,1201,89.90
20,2199,SILVER,EQ,168302,137842,81.90
20,2200,SILVER1,EQ,52822,32009,60.60
20,2201,SILVERADD,EQ,3432,2730,79.55
20,2202,SILVERBEES,EQ,2513578,1816740,72.28
20,2203,SILVERETF,EQ,60047,41700,69.45
20,2204,SILVERIETF,EQ,249566,184204,73.81
20,2205,SILVERTUC,EQ,16999,7838,46.11
20,2206,SILVRETF,EQ,5069,2710,53.46
20,2207,SINCLAIR,EQ,52231,28605,54.77
20,2208,SINDHUTRAD,EQ,1298055,311025,23.96
20,2209,SINTERCOM,EQ,28036,24079,85.89
20,2210,SIRCA,EQ,52546,20582,39.17
20,2211,SIS,EQ,48757,25985,53.29
20,2212,SIYSIL,EQ,257441,84850,32.96
20,2213,SJLOGISTIC,SM,46000,30750,66.85
20,2214,SJS,EQ,41471,19927,48.05
20,2215,SJVN,EQ,6538648,1701863,26.03
20,2216,SKFINDIA,EQ,40658,26530,65.25
20,2217,SKIPPER,EQ,431201,145426,33.73
20,2218,SKMEGGPROD,EQ,26525,11735,44.24
20,2219,SKP,SM,12500,10000,80.00
20,2220,SLONE,ST,2400,2400,100.00
20,2221,SMALLCAP,EQ,634656,507592,79.98
20,2222,SMCGLOBAL,EQ,43347,24204,55.84
20,2223,SMLISUZU,EQ,10736,5548,51.68
20,2224,SMLT,EQ,8671,4665,53.80
20,2225,SMSPHARMA,EQ,139381,97323,69.83
20,2226,SMVD,SM,4040,4040,100.00
20,2227,SNOWMAN,EQ,166492,83150,49.94
20,2228,SOBHA,EQ,312927,151770,48.50
20,2229,SOLARA,EQ,63588,37917,59.63
20,2230,SOLARAPP,E1,478,366,76.57
20,2231,SOLARINDS,EQ,36406,13207,36.28
20,2232,SOLEX,SM,59125,34750,58.77
20,2233,SOMANYCERA,EQ,35015,20985,59.93
20,2234,SOMICONVEY,EQ,7713,3869,50.16
20,2235,SONACOMS,EQ,1738327,926255,53.28
20,2236,SONAMAC,ST,14000,13000,92.86
20,2237,SONATSOFTW,EQ,1188688,207199,17.43
20,2238,SONUINFRA,ST,27000,24000,88.89
20,2239,SOTAC,SM,27600,27600,100.00
20,2240,SOTL,EQ,20307,11089,54.61
20,2241,SOUTHBANK,EQ,13645934,5608188,41.10
20,2242,SOUTHWEST,EQ,80111,40162,50.13
20,2243,SPAL,EQ,8765,3525,40.22
20,2244,SPANDANA,EQ,720480,370698,51.45
20,2245,SPARC,EQ,210465,95144,45.21
20,2246,SPCL,ST,86400,79800,92.36
20,2247,SPECIALITY,EQ,18342,12997,70.86
20,2248,SPECTRUM,SM,38375,26375,68.73
20,2249,SPECTSTM,ST,20800,18400,88.46
20,2250,SPENCERS,EQ,68954,36814,53.39
20,2251,SPIC,EQ,668513,370024,55.35
20,2252,SPLIL,EQ,14002,9736,69.53
20,2253,SPLPETRO,EQ,54469,20532,37.69
20,2254,SPORTKING,EQ,60034,27929,46.52
20,2255,SPRL,ST,4800,4800,100.00
20,2256,SREEL,EQ,4424,2320,52.44
20,2257,SRF,EQ,448201,187765,41.89
20,2258,SRGHFL,EQ,14845,12200,82.18
20,2259,SRHHYPOLTD,EQ,12448,5981,48.05
20,2260,SRIVASAVI,SM,10000,10000,100.00
20,2261,SSDL,EQ,32262,15649,48.51
20,2262,SSEGL,SM,37000,22800,61.62
20,2263,SSFL,SM,9500,7000,73.68
20,2264,S&SPOWER,EQ,6376,6175,96.85
20,2265,SSWL,EQ,85559,43256,50.56
20,2266,STANLEY,EQ,55489,31297,56.40
20,2267,STAR,EQ,1408445,593671,42.15
20,2268,STARCEMENT,EQ,1892444,676552,35.75
20,2269,STARHEALTH,EQ,616809,383999,62.26
20,2270,STARPAPER,EQ,12892,6777,52.57
20,2271,STARTECK,EQ,8580,576,6.71
20,2272,STCINDIA,EQ,59887,17574,29.35
20,2273,STEELCAS,EQ,4940,1795,36.34
20,2274,STEELCITY,EQ,14753,8537,57.87
20,2275,STEELXIND,EQ,922457,604619,65.54
20,2276,STEL,EQ,4304,2576,59.85
20,2277,STERTOOLS,EQ,94222,32472,34.46
20,2278,STLTECH,EQ,1152402,638579,55.41
20,2279,STOVEKRAFT,EQ,124082,55950,45.09
20,2280,STYLAMIND,EQ,79488,69445,87.37
20,2281,STYLEBAAZA,EQ,131005,63484,48.46
20,2282,STYRENIX,EQ,26772,16812,62.80
20,2283,SUBEXLTD,EQ,1454359,540006,37.13
20,2284,SUBROS,EQ,34683,17940,51.73
20,2285,SUDARSCHEM,EQ,210073,121172,57.68
20,2286,SUKHJITS,EQ,5100,2617,51.31
20,2287,SULA,EQ,223386,135990,60.88
20,2288,SUMICHEM,EQ,220612,112034,50.78
20,2289,SUMMITSEC,EQ,4739,1787,37.71
20,2290,SUNCLAY,EQ,24315,17431,71.69
20,2291,SUNDARAM,EQ,237208,165072,69.59
20,2292,SUNDARMFIN,EQ,69827,17351,24.85
20,2293,SUNDARMHLD,EQ,68311,28895,42.30
20,2294,SUNDRMFAST,EQ,141522,61135,43.20
20,2295,SUNLITE,SM,3600,2400,66.67
20,2296,SUNPHARMA,EQ,1974760,1174439,59.47
20,2297,SUNTECK,EQ,424613,132660,31.24
20,2298,SUNTV,EQ,128930,33365,25.88
20,2299,SUPERHOUSE,EQ,2175,648,29.79
20,2300,SUPRAJIT,EQ,28769,14930,51.90
20,2301,SUPREMEIND,EQ,293011,175911,60.04
20,2302,SUPREMEPWR,ST,43500,42000,96.55
20,2303,SUPRIYA,EQ,355598,160084,45.02
20,2304,SURAJEST,EQ,34035,18227,53.55
20,2305,SURAKSHA,EQ,57459,20888,36.35
20,2306,SURANASOL,EQ,61070,27367,44.81
20,2307,SURANAT&P,EQ,95790,61171,63.86
20,2308,SURANI,ST,1600,1600,100.00
20,2309,SURYALAXMI,EQ,12312,6583,53.47
20,2310,SURYAROSNI,EQ,507158,174018,34.31
20,2311,SURYODAY,EQ,351528,150251,42.74
20,2312,SUTLEJTEX,EQ,123867,40877,33.00
20,2313,SUVEN,EQ,344377,194935,56.61
20,2314,SUVENPHAR,EQ,95505,55556,58.17
20,2315,SUVIDHAA,EQ,282767,203268,71.89
20,2316,SUYOG,EQ,9913,3871,39.05
20,2317,SUZLON,EQ,49582278,31705701,63.95
20,2318,SWANENERGY,EQ,1496619,396215,26.47
20,2319,SWARAJ,SM,20000,18500,92.50
20,2320,SWARAJENG,EQ,11635,5844,50.23
20,2321,SWASTIK,SM,13200,10800,81.82
20,2322,SWELECTES,EQ,8430,3284,38.96
20,2323,SWIGGY,EQ,13375717,4068342,30.42
20,2324,SWSOLAR,EQ,1941178,925310,47.67
20,2325,SYLVANPLY,SM,10000,8000,80.00
20,2326,SYMPHONY,EQ,62489,31595,50.56
20,2327,SYNCOMF,EQ,1302131,585818,44.99
20,2328,SYNGENE,EQ,1113126,171586,15.41
20,2329,SYNOPTICS,SM,14400,13800,95.83
20,2330,SYRMA,EQ,1316882,426067,32.35
20,2331,SYSTANGO,SM,51600,14400,27.91
20,2332,TAC,ST,73800,60000,81.30
20,2333,TAINWALCHM,EQ,16383,6521,39.80
20,2334,TAJGVK,EQ,529566,132154,24.96
20,2335,TAKE,EQ,274150,202618,73.91
20,2336,TALBROAUTO,EQ,38393,20549,53.52
20,2337,TANLA,EQ,1217003,238738,19.62
20,2338,TARC,EQ,1072160,703044,65.57
20,2339,TARMAT,EQ,16417,10780,65.66
20,2340,TARSONS,EQ,19943,13090,65.64
20,2341,TASTYBITE,EQ,1651,438,26.53
20,2342,TATACHEM,EQ,730913,142887,19.55
20,2343,TATACOMM,EQ,1122214,370846,33.05
20,2344,TATACONSUM,EQ,1235360,470707,38.10
20,2345,TATAELXSI,EQ,221641,61464,27.73
20,2346,TATAGOLD,EQ,5196961,3054020,58.77
20,2347,TATAINVEST,EQ,32160,9277,28.85
20,2348,TATAMOTORS,EQ,7916689,1678740,21.21
20,2349,TATAPOWER,EQ,4886732,1711097,35.02
20,2350,TATASTEEL,EQ,20722538,7029949,33.92
20,2351,TATATECH,EQ,717266,291225,40.60
20,2352,TATSILV,EQ,863182,413991,47.96
20,2353,TATVA,EQ,16870,7904,46.85
20,2354,TBI,SM,5400,4200,77.78
20,2355,TBOTEK,EQ,36859,13426,36.43
20,2356,TBZ,EQ,156070,60901,39.02
20,2357,TCHF30,NB,1,1,100.00
20,2358,TCI,EQ,10068,5134,50.99
20,2359,TCIEXP,EQ,5431,2583,47.56
20,2360,TCL,SM,19200,11200,58.33
20,2361,TCLCONS,EQ,181086,103760,57.30
20,2362,TCPLPACK,EQ,3042,1395,45.86
20,2363,TCS,EQ,1822998,1124451,61.68
20,2364,TDPOWERSYS,EQ,313597,167404,53.38
20,2365,TEAMLEASE,EQ,6501,3995,61.45
20,2366,TECH,EQ,13392,11789,88.03
20,2367,TECHERA,ST,8000,8000,100.00
20,2368,TECHLABS,ST,27125,25250,93.09
20,2369,TECHM,EQ,2255334,1139756,50.54
20,2370,TECHNOE,EQ,207196,98310,47.45
20,2371,TECILCHEM,EQ,3157,1438,45.55
20,2372,TEGA,EQ,30531,17731,58.08
20,2373,TEJASNET,EQ,665673,183960,27.64
20,2374,TEXINFRA,EQ,1260604,435363,34.54
20,2375,TEXMOPIPES,EQ,19210,10705,55.73
20,2376,TEXRAIL,EQ,1162709,399571,34.37
20,2377,TFCILTD,EQ,199587,79754,39.96
20,2378,TGBHOTELS,EQ,17930,10247,57.15
20,2379,TGL,ST,66400,61400,92.47
20,2380,THANGAMAYL,EQ,12088,6968,57.64
20,2381,THEINVEST,EQ,11517,5043,43.79
20,2382,THEJO,EQ,4862,2892,59.48
20,2383,THEMISMED,EQ,35112,15132,43.10
20,2384,THERMAX,EQ,99573,59847,60.10
20,2385,THESL,ST,3000,3000,100.00
20,2386,THOMASCOOK,EQ,325187,173297,53.29
20,2387,THYROCARE,EQ,53906,26455,49.08
20,2388,TI,EQ,301759,102993,34.13
20,2389,TIIL,EQ,26316,16527,62.80
20,2390,TIINDIA,EQ,161532,75764,46.90
20,2391,TIL,EQ,13078,9586,73.30
20,2392,TIMESCAN,SM,34000,30000,88.24
20,2393,TIMETECHNO,EQ,1065472,344786,32.36
20,2394,TIMKEN,EQ,205378,173696,84.57
20,2395,TIPSMUSIC,EQ,1285448,809500,62.97
20,2396,TIRUMALCHM,EQ,138742,73300,52.83
20,2397,TIRUPATI,SM,5500,5250,95.45
20,2398,TITAGARH,EQ,1562275,492887,31.55
20,2399,TITAN,EQ,713603,287920,40.35
20,2400,TMB,EQ,42729,29573,69.21
20,2401,TNIDETF,EQ,67960,56850,83.65
20,2402,TNPETRO,EQ,94529,35279,37.32
20,2403,TNPL,EQ,147510,62928,42.66
20,2404,TOKYOPLAST,EQ,3919,2934,74.87
20,2405,TOLINS,EQ,130829,73762,56.38
20,2406,TOP100CASE,EQ,450496,335076,74.38
20,2407,TOP10ADD,EQ,284693,281468,98.87
20,2408,TORNTPHARM,EQ,297254,181200,60.96
20,2409,TORNTPOWER,EQ,618512,407279,65.85
20,2410,TOTAL,EQ,8410,7687,91.40
20,2411,TOUCHWOOD,EQ,1341,311,23.19
20,2412,TPLPLASTEH,EQ,150793,26806,17.78
20,2413,TRACXN,EQ,284625,120792,42.44
20,2414,TRANSRAILL,EQ,1190066,221650,18.63
20,2415,TRANSTEEL,ST,28000,28000,100.00
20,2416,TRANSWORLD,EQ,24746,12078,48.81
20,2417,TREJHARA,EQ,13413,5641,42.06
20,2418,TREL,EQ,230595,122916,53.30
20,2419,TRENT,EQ,2106761,1374330,65.23
20,2420,TRF,EQ,10155,6102,60.09
20,2421,TRIDENT,EQ,3059679,881227,28.80
20,2422,TRIGYN,EQ,226008,40853,18.08
20,2423,TRITURBINE,EQ,463443,176045,37.99
20,2424,TRIVENI,EQ,244476,48559,19.86
20,2425,TROM,SM,16800,12600,75.00
20,2426,TRUST,SM,35400,25800,72.88
20,2427,TTKHLTCARE,EQ,2489,2052,82.44
20,2428,TTKPRESTIG,EQ,18782,8388,44.66
20,2429,TTML,EQ,7110102,1055163,14.84
20,2430,TUNWAL,SM,56000,42000,75.00
20,2431,TVSELECT,EQ,22472,9265,41.23
20,2432,TVSHLTD,EQ,2862,1321,46.16
20,2433,TVSMOTOR,EQ,336213,175585,52.22
20,2434,TVSSCS,EQ,189537,106664,56.28
20,2435,TVSSRICHAK,EQ,5266,2770,52.60
20,2436,TVTODAY,EQ,33031,16091,48.71
20,2437,UBL,EQ,150061,72047,48.01
20,2438,UCOBANK,EQ,4294556,772822,18.00
20,2439,UDAICEMENT,EQ,310886,150634,48.45
20,2440,UDS,EQ,60113,30554,50.83
20,2441,UFLEX,EQ,19345,6283,32.48
20,2442,UFO,EQ,49589,27611,55.68
20,2443,UGARSUGAR,EQ,264351,98535,37.27
20,2444,UGROCAP,EQ,75409,51193,67.89
20,2445,UHTL,ST,102000,80000,78.43
20,2446,UJJIVANSFB,EQ,5507313,2631674,47.79
20,2447,ULTRACEMCO,EQ,1510866,528472,34.98
20,2448,UMAEXPORTS,EQ,63283,25658,40.54
20,2449,UMESLTD,EQ,2826,1283,45.40
20,2450,UNICHEMLAB,EQ,19475,10452,53.67
20,2451,UNIDT,EQ,36364,29376,80.78
20,2452,UNIECOM,EQ,388671,192013,49.40
20,2453,UNIENTER,EQ,14280,7449,52.16
20,2454,UNIHEALTH,SM,3000,2000,66.67
20,2455,UNIINFO,EQ,4335,2704,62.38
20,2456,UNIMECH,EQ,97645,25566,26.18
20,2457,UNIONBANK,EQ,5207678,1917644,36.82
20,2458,UNIPARTS,EQ,36506,25998,71.22
20,2459,UNITDSPR,EQ,1235078,602456,48.78
20,2460,UNITEDTEA,EQ,2989,1295,43.33
20,2461,UNIVCABLES,EQ,18608,5860,31.49
20,2462,UNOMINDA,EQ,528702,220779,41.76
20,2463,UPL,EQ,1477011,601116,40.70
20,2464,UPLPP,E1,359555,172828,48.07
20,2465,URAVIDEF,EQ,2175,1578,72.55
20,2466,URBAN,ST,3200,2800,87.50
20,2467,USASEEDS,SM,1500,900,60.00
20,2468,USHAFIN,SM,44000,36800,83.64
20,2469,USHAMART,EQ,398690,234724,58.87
20,2470,USK,EQ,56630,31591,55.78
20,2471,UTIAMC,EQ,74778,49502,66.20
20,2472,UTIBANKETF,EQ,14611,9314,63.75
20,2473,UTINEXT50,EQ,51868,40372,77.84
20,2474,UTINIFTETF,EQ,26491,25109,94.78
20,2475,UTISENSETF,EQ,1219,1009,82.77
20,2476,UTISXN50,EQ,1012,725,71.64
20,2477,UTKARSHBNK,EQ,807950,392908,48.63
20,2478,UTSSAV,ST,60600,54600,90.10
20,2479,UTTAMSUGAR,EQ,31456,15159,48.19
20,2480,UYFINCORP,EQ,34150,20726,60.69
20,2481,VADILALIND,EQ,11780,5966,50.65
20,2482,VAIBHAVGBL,EQ,280300,112484,40.13
20,2483,VAKRANGEE,EQ,5438337,1644571,30.24
20,2484,VAL30IETF,EQ,45921,21771,47.41
20,2485,VALIANTLAB,EQ,31993,16157,50.50
20,2486,VALIANTORG,EQ,14705,9410,63.99
20,2487,VARDHACRLC,EQ,9050,6226,68.80
20,2488,VARROC,EQ,184997,128742,69.59
20,2489,VASCONEQ,EQ,394210,162042,41.11
20,2490,VASWANI,EQ,38896,23096,59.38
20,2491,VBL,EQ,8855673,5774018,65.20
20,2492,VDEAL,SM,16800,10800,64.29
20,2493,VEDL,EQ,5671143,2480648,43.74
20,2494,VEEDOL,EQ,8826,5133,58.16
20,2495,VELS,SM,12000,12000,100.00
20,2496,VENKEYS,EQ,10459,4785,45.75
20,2497,VENTIVE,EQ,122551,66929,54.61
20,2498,VENUSPIPES,EQ,51934,22144,42.64
20,2499,VENUSREM,EQ,13085,6804,52.00
20,2500,VERANDA,EQ,62190,33093,53.21
20,2501,VERITAAS,SM,2400,2400,100.00
20,2502,VERTEXPLUS,SM,20400,20400,100.00
20,2503,VERTOZ,EQ,997417,596653,59.82
20,2504,VESUVIUS,EQ,7579,3986,52.59
20,2505,VETO,EQ,50773,21311,41.97
20,2506,VGUARD,EQ,221805,115596,52.12
20,2507,VHL,EQ,647,318,49.15
20,2508,VIDHIING,EQ,22087,9605,43.49
20,2509,VIESL,SM,30400,21600,71.05
20,2510,VIJAYA,EQ,311397,137991,44.31
20,2511,VIKASECO,EQ,5703955,2684724,47.07
20,2512,VIKASLIFE,EQ,4558991,2396662,52.57
20,2513,VILAS,ST,15750,13000,82.54
20,2514,VIMTALABS,EQ,104030,70890,68.14
20,2515,VINATIORGA,EQ,165351,158080,95.60
20,2516,VINCOFE,EQ,541849,491037,90.62
20,2517,VINDHYATEL,EQ,10179,5278,51.85
20,2518,VINEETLAB,EQ,15162,7646,50.43
20,2519,VINSYS,SM,72500,58000,80.00
20,2520,VINYAS,ST,200,200,100.00
20,2521,VINYLINDIA,EQ,14180,9029,63.67
20,2522,VIPCLOTHNG,EQ,18475,10982,59.44
20,2523,VIPIND,EQ,289338,128625,44.45
20,2524,VIRINCHI,EQ,244559,144024,58.89
20,2525,VISAKAIND,EQ,58874,28557,48.51
20,2526,VISHNU,EQ,263249,146485,55.65
20,2527,VISHNUINFR,SM,27000,18000,66.67
20,2528,VISHWARAJ,EQ,409406,115873,28.30
20,2529,VISHWAS,SM,3200,3200,100.00
20,2530,VITAL,SM,6000,3600,60.00
20,2531,VIVIANA,ST,12250,11000,89.80
20,2532,VIVIDHA,EQ,536998,279013,51.96
20,2533,VIVO,SM,1600,1600,100.00
20,2534,VLEGOV,EQ,562745,228867,40.67
20,2535,VLINFRA,ST,7500,7500,100.00
20,2536,VLSFINANCE,EQ,16554,6757,40.82
20,2537,VMARCIND,ST,15250,14250,93.44
20,2538,VMART,EQ,42323,25436,60.10
20,2539,VMM,EQ,8543848,3331039,38.99
20,2540,VOLTAMP,EQ,41417,24028,58.01
20,2541,VOLTAS,EQ,1007459,520924,51.71
20,2542,VPRPL,EQ,484593,110105,22.72
20,2543,VRAJ,EQ,133032,113042,84.97
20,2544,VRLLOG,EQ,52553,33504,63.75
20,2545,VSCL,ST,3000,3000,100.00
20,2546,VSSL,EQ,33449,15752,47.09
20,2547,VSTIND,EQ,185048,86663,46.83
20,2548,VSTL,EQ,8799,6395,72.68
20,2549,VSTTILLERS,EQ,3489,1912,54.80
20,2550,VTL,EQ,608781,141911,23.31
20,2551,WAAREEENER,EQ,2825108,707776,25.05
20,2552,WABAG,EQ,441964,210821,47.70
20,2553,WALCHANNAG,EQ,180945,97754,54.02
20,2554,WALPAR,SM,2000,2000,100.00
20,2555,WCIL,EQ,149815,74578,49.78
20,2556,WEIZMANIND,EQ,2486,1717,69.07
20,2557,WEL,EQ,317702,106710,33.59
20,2558,WELCORP,EQ,322536,157991,48.98
20,2559,WELENT,EQ,109079,47361,43.42
20,2560,WELINV,EQ,540,427,79.07
20,2561,WELSPUNLIV,EQ,860455,428226,49.77
20,2562,WENDT,EQ,630,380,60.32
20,2563,WESTLIFE,EQ,35437,19530,55.11
20,2564,WEWIN,EQ,3131,1767,56.44
20,2565,WHEELS,EQ,8029,4681,58.30
20,2566,WHIRLPOOL,EQ,81271,46508,57.23
20,2567,WILLAMAGOR,EQ,3763,748,19.88
20,2568,WINDLAS,EQ,23642,11920,50.42
20,2569,WINDMACHIN,EQ,33616,20041,59.62
20,2570,WINSOL,SM,19600,13600,69.39
20,2571,WIPRO,EQ,39904371,14521709,36.39
20,2572,WOCKPHARMA,EQ,597393,264362,44.25
20,2573,WOL3D,SM,1000,1000,100.00
20,2574,WOMANCART,ST,400,400,100.00
20,2575,WONDERLA,EQ,52756,20680,39.20
20,2576,WORTH,EQ,33126,23214,70.08
20,2577,WSI,EQ,65135,37852,58.11
20,2578,WSTCSTPAPR,EQ,52026,23365,44.91
20,2579,WTICAB,ST,18000,17500,97.22
20,2580,XCHANGING,EQ,91620,39936,43.59
20,2581,XELPMOC,EQ,11499,6184,53.78
20,2582,XPROINDIA,EQ,20722,13883,67.00
20,2583,XTGLOBAL,EQ,11244,6707,59.65
20,2584,YASHO,EQ,5511,2790,50.63
20,2585,YASHOPTICS,SM,60800,41600,68.42
20,2586,YATHARTH,EQ,1142618,699342,61.21
20,2587,YATRA,EQ,55031,21001,38.16
20,2588,YCCL,SM,9000,6000,66.67
20,2589,YESBANK,EQ,83253385,19715600,23.68
20,2590,YUDIZ,SM,800,800,100.00
20,2591,YUKEN,EQ,4120,2558,62.09
20,2592,ZAGGLE,EQ,628269,341285,54.32
20,2593,ZEAL,SM,13200,9600,72.73
20,2594,ZEEL,EQ,21550115,5788131,26.86
20,2595,ZEELEARN,EQ,561658,351151,62.52
20,2596,ZEEMEDIA,EQ,1498380,1210919,80.82
20,2597,ZENITHDRUG,ST,8000,8000,100.00
20,2598,ZENITHEXPO,EQ,950,643,67.68
20,2599,ZENITHSTL,EQ,120137,62860,52.32
20,2600,ZENSARTECH,EQ,28279244,2277234,8.05
20,2601,ZENTEC,EQ,737708,270440,36.66
20,2602,ZFCVINDIA,EQ,14832,10048,67.75
20,2603,ZIMLAB,EQ,22386,9469,42.30
20,2604,ZODIAC,EQ,35482,21563,60.77
20,2605,ZODIACLOTH,EQ,4851,2311,47.64
20,2606,ZOMATO,EQ,75649874,31931251,42.21
20,2607,ZOTA,EQ,175892,20734,11.79
20,2608,ZTECH,ST,8400,8400,100.00
20,2609,ZUARI,EQ,114618,54052,47.16
20,2610,ZUARIIND,EQ,29743,13326,44.80
20,2611,ZYDUSLIFE,EQ,523186,285856,54.64
20,2612,ZYDUSWELL,EQ,22248,15527,69.79
