Security Wise Delivery Position - Compulsory Rolling Settlement
10,MTO,13012025,1668437104,0002644
Trade Date <13-JAN-2025>,Settlement Type <N>
Record Type,Sr No,Name of Security,Quantity Traded,Deliverable Quantity(gross across client level),% of Deliverable Quantity to Traded Quantity
20,1,0MOFSL26,N1,150,150,100.00
20,2,0MOFSL27,N3,50,50,100.00
20,3,1003IIFL29,NC,304,304,100.00
20,4,1003ISFL28,N4,1172,1072,91.47
20,5,1015ECL29,NR,117,117,100.00
20,6,1015UCL26,N1,140,140,100.00
20,7,1018GS2026,GS,5302,5302,100.00
20,8,1025NFL25,N5,47,47,100.00
20,9,1025SCL34B,N1,250,250,100.00
20,10,1030SFIL26,NJ,200,200,100.00
20,11,1030SFIL28,NM,1,1,100.00
20,12,1040UCL25,N4,65,65,100.00
20,13,1050NFL26,N7,196,196,100.00
20,14,1060ECL29,NS,110,110,100.00
20,15,1065NFL27,NC,241,241,100.00
20,16,1075SCL34,ZR,10,7,70.00
20,17,10CAGL27,N5,102,81,79.41
20,18,10IFSL26,N7,127,127,100.00
20,19,10IIFL28,N4,86,79,91.86
20,20,10IIFL28A,NE,91,91,100.00
20,21,10IIFL29,N6,75,75,100.00
20,22,10IIFLSF27,NB,10,10,100.00
20,23,10NIDO26,N6,1053,1053,100.00
20,24,10SCL30A,BV,3,3,100.00
20,25,119VCCL26,N0,4,4,100.00
20,26,11UCL26,NC,69,60,86.96
20,27,182D120625,TB,100,100,100.00
20,28,182D130325,TB,400,400,100.00
20,29,182D240425,TB,200,200,100.00
20,30,20MICRONS,EQ,172734,110827,64.16
20,31,360ONE,EQ,819110,428491,52.31
20,32,364D061125,TB,300,300,100.00
20,33,364D120625,TB,43000,43000,100.00
20,34,364D130325,TB,100,100,100.00
20,35,364D161025,TB,1100,1100,100.00
20,36,364D180425,TB,400,200,50.00
20,37,364D210825,TB,100,100,100.00
20,38,364D211125,TB,1000,1000,100.00
20,39,364D261225,TB,100,100,100.00
20,40,364D280825,TB,3500,2000,57.14
20,41,3IINFOLTD,EQ,682945,325729,47.69
20,42,3MINDIA,EQ,13631,8309,60.96
20,43,515GS2025,GS,11,11,100.00
20,44,563GS2026,GS,4,2,50.00
20,45,5PAISA,EQ,45448,22220,48.89
20,46,63MOONS,EQ,387414,186036,48.02
20,47,667GS2050,GS,497,497,100.00
20,48,675GS2029,GS,200,200,100.00
20,49,676GS2061,GS,351,301,85.75
20,50,679GS2031,GS,200,100,50.00
20,51,679GS2034,GS,698,598,85.67
20,52,689GS2025,GS,1010,1010,100.00
20,53,68GS2060,GS,2,2,100.00
20,54,692GS2039,GS,200,200,100.00
20,55,695GS2061,GS,1,1,100.00
20,56,698GR2054,GS,100,100,100.00
20,57,699GS2026,GS,8050,7350,91.30
20,58,699GS2051,GS,3648,3648,100.00
20,59,702GS2027,GS,626,626,100.00
20,60,702GS2031,GS,500,500,100.00
20,61,704GS2029,GS,1200,1200,100.00
20,62,706GS2028,GS,17620,17620,100.00
20,63,709GS2054,GS,2599,2599,100.00
20,64,709GS2074,GS,300,300,100.00
20,65,710GS2029,GS,56750,52750,92.95
20,66,717GS2030,GS,3000,3000,100.00
20,67,718GS2033,GS,962,962,100.00
20,68,718GS2037,GS,174650,149650,85.69
20,69,719GS2060,GS,2,1,50.00
20,70,71GS2034,GS,1400,1400,100.00
20,71,723GS2039,GS,165100,165100,100.00
20,72,725GS2063,GS,339867,320377,94.27
20,73,726GS2032,GS,5502,5502,100.00
20,74,727GS2026,GS,2,1,50.00
20,75,729IRFC26,NN,4,4,100.00
20,76,729NHAI26,NC,383,344,89.82
20,77,732GS2030,GS,2500,2500,100.00
20,78,732IRFC25,NI,493,396,80.32
20,79,733GS2026,GS,10166,9674,95.16
20,80,734GS2064,GS,28584,28584,100.00
20,81,735PFCL35,N1,100,100,100.00
20,82,736NTPC25D,NB,130,130,100.00
20,83,737GS2028,GS,6999,6999,100.00
20,84,738GS2027,GS,372706,341635,91.66
20,85,738REC27TF,N2,100,100,100.00
20,86,739NHAI26,N8,700,700,100.00
20,87,73GS2053,GS,6632,6167,92.99
20,88,741GS2036,GS,5554,5554,100.00
20,89,743REC35,NH,215,215,100.00
20,90,746GS2073,GS,50361,50311,99.90
20,91,74GS2062,GS,86,80,93.02
20,92,750IRFC35,NK,250,200,80.00
20,93,751HUDCO28,N5,183,183,100.00
20,94,753IRFC30,NJ,116,116,100.00
20,95,754GS2036,GS,692374,627288,90.60
20,96,762NTPC35F,ND,60,60,100.00
20,97,764HUDCO31,N8,390,390,100.00
20,98,764IRFC31,NO,308,305,99.03
20,99,764NABAR31,N2,1495,1100,73.58
20,100,769HUDCO31,N9,100,100,100.00
20,101,769NHAI31,NE,209,209,100.00
20,102,76NHAI31,NA,1927,1390,72.13
20,103,774IREDA31,N7,558,558,100.00
20,104,78ABFL33,N4,3,3,100.00
20,105,795GS2032,GS,27,27,100.00
20,106,79NHIT35,N1,1597,1597,100.00
20,107,79NHIT40,N2,45,44,97.78
20,108,79NHIT47,N3,761,761,100.00
20,109,810IRFC27,N2,112,112,100.00
20,110,812REC27,NI,800,400,50.00
20,111,81TCHF28,N8,34,24,70.59
20,112,824GS2027,GS,997,997,100.00
20,113,82HUDCO27,N2,4507,2233,49.55
20,114,82IGT31,NJ,2139,2130,99.58
20,115,830CIFC26,N2,115,115,100.00
20,116,830NHAI27,N2,3040,3012,99.08
20,117,833GS2026,GS,8,7,87.50
20,118,842IIFL26,NL,633,633,100.00
20,119,843IHFL29,NC,137,137,100.00
20,120,846REC28,N6,100,100,100.00
20,121,849NTPC25,N7,110020,61683,56.07
20,122,84CIFCL28,NA,80,80,100.00
20,123,850IIFL27,NA,20,20,100.00
20,124,850NHAI29,N5,100,100,100.00
20,125,863IRFC29,NC,120,120,100.00
20,126,865IFL28,NZ,80,80,100.00
20,127,865IIFL28,NS,346,346,100.00
20,128,865IRFC29,NA,1,1,100.00
20,129,865LTF26,NN,1095,1095,100.00
20,130,871REC28,N9,80,80,100.00
20,131,873NTPC28,N5,300,300,100.00
20,132,875IIFL26,NM,415,415,100.00
20,133,875NHAI29,N6,2128,1894,89.00
20,134,876HUDCO28,ND,10,10,100.00
20,135,87LTF27,NH,202,201,99.50
20,136,885MOFSL26,N0,180,180,100.00
20,137,885TCAPS29,NC,50,50,100.00
20,138,888IHFL25F,NC,30,30,100.00
20,139,888IRFC29,NE,2499,1103,44.14
20,140,891IIFCL34,N4,1270,1065,83.86
20,141,891NTPC33,N6,765,615,80.39
20,142,892PFCL33,N8,442,432,97.74
20,143,893NHB29,N6,10,10,100.00
20,144,897GS2030,GS,514,514,100.00
20,145,898LTF29,N7,2,2,100.00
20,146,901HUDCO34,NE,373,373,100.00
20,147,901NHB34,N6,587,293,49.91
20,148,903SFL28,YI,197,112,56.85
20,149,905LTF27,NF,10,10,100.00
20,150,910CAGL25,N7,4,4,100.00
20,151,915SCL26,NE,102,102,100.00
20,152,916SCL25,ZW,2,2,100.00
20,153,91D200325,TB,1000,1000,100.00
20,154,91D300125,TB,300,300,100.00
20,155,920IIFLS26,N8,683,683,100.00
20,156,925AEL26,N1,1,1,100.00
20,157,930SFL28,YP,30,30,100.00
20,158,932AEL27,N3,10,10,100.00
20,159,935MOFSL29,N5,50,50,100.00
20,160,93MOFSL34,N6,250,250,100.00
20,161,943ECL28,NJ,359,327,91.09
20,162,948SCL26,N9,60,60,100.00
20,163,948SCL26A,NN,320,160,50.00
20,164,94IFCI25,NL,330,330,100.00
20,165,955SCL25,ZU,676,676,100.00
20,166,955SCL27A,ZJ,40,40,100.00
20,167,956AEL29,N6,68,68,100.00
20,168,957NIDO26,N5,40,40,100.00
20,169,960IIFLS26,N9,815,550,67.48
20,170,960ISFL25,N1,300,300,100.00
20,171,965AEL27,N4,300,300,100.00
20,172,965SCL25B,Y1,2,2,100.00
20,173,965SCL25C,N0,250,250,100.00
20,174,965SCL25E,BF,120,60,50.00
20,175,96IIFL28,N5,5780,4044,69.97
20,176,96IIFL28A,NF,5363,4956,92.41
20,177,96SFIL24A,NB,50,50,100.00
20,178,970CAGL28,ND,545,545,100.00
20,179,971SCL28,AN,60,60,100.00
20,180,97SFL26,Z9,250,150,60.00
20,181,980IFSL25,N5,1,1,100.00
20,182,980SCL33D,YG,83,83,100.00
20,183,985ECL28,NK,470,435,92.55
20,184,985IIFL22,NC,32,32,100.00
20,185,99AEL29,N7,681,494,72.54
20,186,99SCL27V,N1,19,19,100.00
20,187,9IIFL28,Y0,700,700,100.00
20,188,9IIFL28A,NT,14,14,100.00
20,189,9MMFSML,N2,600,600,100.00
20,190,9SCL26BA,NA,1045,713,68.23
20,191,AAATECH,EQ,44247,15542,35.13
20,192,AADHARHFC,EQ,613533,319668,52.10
20,193,AAKASH,EQ,110981,84619,76.25
20,194,AARON,EQ,16807,8346,49.66
20,195,AARTIDRUGS,EQ,138159,47740,34.55
20,196,AARTIIND,EQ,5697469,1290003,22.64
20,197,AARTIPHARM,EQ,431853,152306,35.27
20,198,AARTISURF,EQ,13214,9102,68.88
20,199,AARVI,EQ,12244,6660,54.39
20,200,AATMAJ,SM,26000,24000,92.31
20,201,AAVAS,EQ,302723,205925,68.02
20,202,ABAN,EQ,100911,65413,64.82
20,203,ABB,EQ,389091,197219,50.69
20,204,ABBOTINDIA,EQ,8154,3290,40.35
20,205,ABCAPITAL,EQ,15183138,4125252,27.17
20,206,ABCOTS,ST,7500,5000,66.67
20,207,ABDL,EQ,760713,442789,58.21
20,208,ABFRL,EQ,3857845,1258218,32.61
20,209,ABGSEC,EQ,1270,1249,98.35
20,210,ABHAPOWER,ST,60800,59200,97.37
20,211,ABINFRA,EQ,9247,6872,74.32
20,212,ABREL,EQ,559176,309867,55.41
20,213,ABSLAMC,EQ,299326,135559,45.29
20,214,ABSLBANETF,EQ,30876,21394,69.29
20,215,ABSLLIQUID,EQ,16046,9020,56.21
20,216,ABSLNN50ET,EQ,65630,48456,73.83
20,217,ABSLPSE,EQ,946203,745646,78.80
20,218,ABSMARINE,SM,76500,55000,71.90
20,219,ACC,EQ,464797,249216,53.62
20,220,ACCELYA,EQ,10957,6622,60.44
20,221,ACCENTMIC,SM,32500,23500,72.31
20,222,ACCURACY,EQ,350761,242715,69.20
20,223,ACE,EQ,701886,249270,35.51
20,224,ACEINTEG,EQ,16237,6409,39.47
20,225,ACI,EQ,187030,80771,43.19
20,226,ACL,EQ,49646,32898,66.27
20,227,ACLGATI,EQ,863922,460556,53.31
20,228,ACMESOLAR,EQ,812521,419897,51.68
20,229,ADANIENSOL,EQ,1424633,387724,27.22
20,230,ADANIENT,EQ,1559903,463961,29.74
20,231,ADANIGREEN,EQ,2618478,840553,32.10
20,232,ADANIPORTS,EQ,2273302,921112,40.52
20,233,ADANIPOWER,EQ,5369628,2005848,37.36
20,234,ADFFOODS,EQ,142423,58597,41.14
20,235,ADL,EQ,1365,938,68.72
20,236,ADORWELD,EQ,19775,15283,77.28
20,237,ADSL,EQ,524227,211607,40.37
20,238,ADVANIHOTR,EQ,118127,63423,53.69
20,239,ADVENZYMES,EQ,376338,226222,60.11
20,240,AEGISLOG,EQ,17035298,424926,2.49
20,241,AEROFLEX,EQ,842903,396062,46.99
20,242,AERON,SM,104000,82000,78.85
20,243,AESTHETIK,SM,20000,18000,90.00
20,244,AETHER,EQ,54967,28804,52.40
20,245,AFCONS,EQ,2138684,533460,24.94
20,246,AFFLE,EQ,519912,235813,45.36
20,247,AFFORDABLE,EQ,26185,19047,72.74
20,248,AFIL,EQ,355433,252284,70.98
20,249,AGARIND,EQ,36617,20475,55.92
20,250,AGARWALFT,SM,10500,10500,100.00
20,251,AGARWALTUF,SM,14400,12000,83.33
20,252,AGI,EQ,255265,133010,52.11
20,253,AGIIL,EQ,20181,8387,41.56
20,254,AGNI,SM,27500,15000,54.55
20,255,AGRITECH,EQ,13642,7478,54.82
20,256,AGROPHOS,EQ,32378,11335,35.01
20,257,AGSTRA,EQ,602274,312286,51.85
20,258,AGUL,SM,2000,2000,100.00
20,259,AHIMSA,ST,3000,3000,100.00
20,260,AHL,EQ,209290,142651,68.16
20,261,AHLADA,EQ,42376,18833,44.44
20,262,AHLEAST,EQ,31942,16431,51.44
20,263,AHLUCONT,EQ,114407,72061,62.99
20,264,AIAENG,EQ,26044,13871,53.26
20,265,AIIL,EQ,161043,121293,75.32
20,266,AIMTRON,ST,82400,72800,88.35
20,267,AIRAN,EQ,496896,200764,40.40
20,268,AIROLAM,EQ,11755,5740,48.83
20,269,AIRTELPP,E1,183055,154602,84.46
20,270,AISL,SM,7200,6600,91.67
20,271,AJANTPHARM,EQ,144931,65531,45.22
20,272,AJMERA,EQ,82658,33223,40.19
20,273,AJOONI,EQ,786726,537296,68.30
20,274,AKANKSHA,ST,43000,41000,95.35
20,275,AKASH,EQ,12538,7724,61.60
20,276,AKG,EQ,39821,18341,46.06
20,277,AKIKO,SM,62400,57600,92.31
20,278,AKSHARCHEM,EQ,11568,8174,70.66
20,279,AKUMS,EQ,323738,210319,64.97
20,280,AKZOINDIA,EQ,40150,30376,75.66
20,281,ALANKIT,EQ,1311324,677484,51.66
20,282,ALBERTDAVD,EQ,11326,6455,56.99
20,283,ALEMBICLTD,EQ,644438,305734,47.44
20,284,ALICON,EQ,53482,33470,62.58
20,285,ALKALI,EQ,16438,9463,57.57
20,286,ALKEM,EQ,74385,33941,45.63
20,287,ALKYLAMINE,EQ,76945,37152,48.28
20,288,ALLCARGO,EQ,2105537,896423,42.57
20,289,ALLDIGI,EQ,34052,19530,57.35
20,290,ALLETEC,ST,24800,23600,95.16
20,291,ALOKINDS,EQ,7874446,2903471,36.87
20,292,ALPA,EQ,118073,65336,55.34
20,293,ALPEXSOLAR,SM,134000,84600,63.13
20,294,ALPHA,EQ,3386374,2730383,80.63
20,295,ALPHAETF,EQ,4051875,3405309,84.04
20,296,ALPHAGEO,EQ,46260,22961,49.63
20,297,ALPL30IETF,EQ,797404,559460,70.16
20,298,ALUWIND,SM,9000,6000,66.67
20,299,AMBER,EQ,858194,230650,26.88
20,300,AMBEY,SM,20000,18000,90.00
20,301,AMBICAAGAR,EQ,61175,23167,37.87
20,302,AMBIKCO,EQ,13223,8409,63.59
20,303,AMBUJACEM,EQ,2284738,1222331,53.50
20,304,AMDIND,EQ,16088,12186,75.75
20,305,AMEYA,ST,18000,17000,94.44
20,306,AMIABLE,SM,11200,8000,71.43
20,307,AMIORG,EQ,481787,250371,51.97
20,308,AMJLAND,EQ,73955,32879,44.46
20,309,AMNPLST,EQ,24030,12388,51.55
20,310,AMRUTANJAN,EQ,393254,247896,63.04
20,311,ANANDRATHI,EQ,155003,57817,37.30
20,312,ANANTRAJ,EQ,1715104,657839,38.36
20,313,ANDHRAPAP,EQ,211582,115578,54.63
20,314,ANDHRSUGAR,EQ,210463,136253,64.74
20,315,ANGELONE,EQ,2431897,472265,19.42
20,316,ANLON,SM,15600,14800,94.87
20,317,ANMOL,EQ,197736,117116,59.23
20,318,ANNAPURNA,SM,82250,56000,68.09
20,319,ANTGRAPHIC,EQ,308253,281470,91.31
20,320,ANUHPHR,EQ,59618,24565,41.20
20,321,ANUP,EQ,48403,21420,44.25
20,322,ANURAS,EQ,120301,44683,37.14
20,323,ANYA,ST,1130000,1000000,88.50
20,324,APARINDS,EQ,141855,61196,43.14
20,325,APCL,EQ,9670,5677,58.71
20,326,APCOTEXIND,EQ,30366,20294,66.83
20,327,APEX,EQ,155445,68093,43.81
20,328,APEXECO,SM,211200,81600,38.64
20,329,APLAPOLLO,EQ,1012887,637392,62.93
20,330,APLLTD,EQ,143164,76189,53.22
20,331,APOLLO,EQ,11596696,3096388,26.70
20,332,APOLLOHOSP,EQ,431086,233320,54.12
20,333,APOLLOPIPE,EQ,37285,26708,71.63
20,334,APOLLOTYRE,EQ,1225767,417623,34.07
20,335,APOLSINHOT,EQ,3522,2036,57.81
20,336,APRAMEYA,ST,4000,4000,100.00
20,337,APS,SM,96250,66750,69.35
20,338,APTECHT,EQ,171642,89004,51.85
20,339,APTUS,EQ,648273,368299,56.81
20,340,ARABIAN,SM,26000,24000,92.31
20,341,ARCHIDPLY,EQ,40072,31846,79.47
20,342,ARCHIES,EQ,65168,54159,83.11
20,343,ARE&M,EQ,740328,335608,45.33
20,344,ARHAM,SM,9000,7000,77.78
20,345,ARIHANTACA,ST,4800,4800,100.00
20,346,ARIHANTCAP,EQ,533183,269757,50.59
20,347,ARIHANTSUP,EQ,94648,45791,48.38
20,348,ARISTO,ST,3200,3200,100.00
20,349,ARKADE,EQ,2511300,718981,28.63
20,350,ARMANFIN,EQ,41806,26916,64.38
20,351,AROGRANITE,EQ,20631,14625,70.89
20,352,ARROWGREEN,EQ,51120,35685,69.81
20,353,ARTEMISMED,EQ,263347,124452,47.26
20,354,ARVEE,EQ,747,472,63.19
20,355,ARVIND,EQ,616919,295484,47.90
20,356,ARVINDFASN,EQ,340666,156376,45.90
20,357,ARVINDPORT,ST,22500,22500,100.00
20,358,ARVSMART,EQ,53429,28449,53.25
20,359,ASAHIINDIA,EQ,78331,38112,48.66
20,360,ASAHISONG,EQ,5117,3264,63.79
20,361,ASAL,EQ,24457,12908,52.78
20,362,ASALCBR,EQ,132770,83951,63.23
20,363,ASHALOG,ST,21000,19000,90.48
20,364,ASHAPURMIN,EQ,516578,232991,45.10
20,365,ASHIANA,EQ,208703,95205,45.62
20,366,ASHOKA,EQ,4413217,1588777,36.00
20,367,ASHOKLEY,EQ,6156288,3267037,53.07
20,368,ASIANENE,EQ,466697,213484,45.74
20,369,ASIANPAINT,EQ,1181928,624369,52.83
20,370,ASIANTILES,EQ,571516,321592,56.27
20,371,ASKAUTOLTD,EQ,268834,119569,44.48
20,372,ASLIND,SM,2000,2000,100.00
20,373,ASMS,EQ,2247101,1027132,45.71
20,374,ASPINWALL,EQ,9842,5145,52.28
20,375,ASPIRE,ST,12000,10000,83.33
20,376,ASTEC,EQ,45800,20796,45.41
20,377,ASTERDM,EQ,1507422,971055,64.42
20,378,ASTRAL,EQ,687728,338924,49.28
20,379,ASTRAMICRO,EQ,265910,149379,56.18
20,380,ASTRAZEN,EQ,153130,8575,5.60
20,381,ASTRON,EQ,61589,31960,51.89
20,382,ATAM,EQ,23781,13575,57.08
20,383,ATFL,EQ,22727,14890,65.52
20,384,ATGL,EQ,1727803,452151,26.17
20,385,ATL,EQ,428985,231370,53.93
20,386,ATLASCYCLE,EQ,37233,37233,100.00
20,387,ATMASTCO,ST,82000,82000,100.00
20,388,ATUL,EQ,38765,17132,44.19
20,389,ATULAUTO,EQ,59679,34322,57.51
20,390,AUBANK,EQ,3711095,2435155,65.62
20,391,AURDIS,ST,5000,5000,100.00
20,392,AURIONPRO,EQ,98575,62514,63.42
20,393,AUROIMPEX,SM,16000,9600,60.00
20,394,AUROPHARMA,EQ,2921597,1935560,66.25
20,395,AURUM,EQ,92998,48941,52.63
20,396,AURUMPP1,E1,1305,1268,97.16
20,397,AUSL,SM,14000,12000,85.71
20,398,AUTOAXLES,EQ,9243,6203,67.11
20,399,AUTOBEES,EQ,219037,115047,52.52
20,400,AUTOIETF,EQ,574880,314601,54.72
20,401,AUTOIND,EQ,117979,70324,59.61
20,402,AVADHSUGAR,EQ,52799,25748,48.77
20,403,AVALON,EQ,585764,211168,36.05
20,404,AVANTEL,EQ,956629,467925,48.91
20,405,AVANTIFEED,EQ,477286,175107,36.69
20,406,AVG,EQ,43154,20778,48.15
20,407,AVIANSH,ST,18000,18000,100.00
20,408,AVL,EQ,94781,46561,49.12
20,409,AVPINFRA,ST,2400,2400,100.00
20,410,AVTNPL,EQ,106160,63695,60.00
20,411,AWFIS,EQ,415498,214015,51.51
20,412,AWHCL,EQ,116311,55954,48.11
20,413,AWL,EQ,21163348,9622834,45.47
20,414,AXISBANK,EQ,7180930,4096164,57.04
20,415,AXISBNKETF,EQ,2767,2755,99.57
20,416,AXISBPSETF,EQ,883686,864211,97.80
20,417,AXISCETF,EQ,2623,1625,61.95
20,418,AXISGOLD,EQ,278264,218924,78.67
20,419,AXISHCETF,EQ,4731,4189,88.54
20,420,AXISILVER,EQ,30182,28719,95.15
20,421,AXISNIFTY,EQ,15721,12967,82.48
20,422,AXISTECETF,EQ,888698,884370,99.51
20,423,AXITA,EQ,3578565,866830,24.22
20,424,AXSENSEX,EQ,1659,1256,75.71
20,425,AYMSYNTEX,EQ,66718,52576,78.80
20,426,AZAD,EQ,150117,68108,45.37
20,427,BABAFP,SM,24000,17600,73.33
20,428,BAHETI,ST,19875,19875,100.00
20,429,BAIDFIN,EQ,3897533,1464775,37.58
20,430,BAJAJ-AUTO,EQ,341577,173620,50.83
20,431,BAJAJCON,EQ,305556,155636,50.94
20,432,BAJAJELEC,EQ,18609,8104,43.55
20,433,BAJAJFINSV,EQ,1177882,707312,60.05
20,434,BAJAJHCARE,EQ,623684,227756,36.52
20,435,BAJAJHFL,EQ,16238333,8648757,53.26
20,436,BAJAJHIND,EQ,10962369,4860852,44.34
20,437,BAJAJHLDNG,EQ,45192,17042,37.71
20,438,BAJEL,EQ,241865,110142,45.54
20,439,BAJFINANCE,EQ,664274,346994,52.24
20,440,BALAJEE,EQ,128089,67178,52.45
20,441,BALAMINES,EQ,101624,29384,28.91
20,442,BALAXI,EQ,44292,29788,67.25
20,443,BALCO,ST,7200,6000,83.33
20,444,BALKRISHNA,EQ,26929,15581,57.86
20,445,BALKRISIND,EQ,85981,26207,30.48
20,446,BALMLAWRIE,EQ,264745,129067,48.75
20,447,BALPHARMA,EQ,75429,44609,59.14
20,448,BALRAMCHIN,EQ,761767,453154,59.49
20,449,BALUFORGE,EQ,706221,379790,53.78
20,450,BANARISUG,EQ,1115,996,89.33
20,451,BANCOINDIA,EQ,269165,121867,45.28
20,452,BANDHANBNK,EQ,10921399,4349714,39.83
20,453,BANKA,EQ,14848,8380,56.44
20,454,BANKBARODA,EQ,14375458,7352142,51.14
20,455,BANKBEES,EQ,1286197,713040,55.44
20,456,BANKBETF,EQ,20864,17145,82.18
20,457,BANKETF,EQ,122742,96471,78.60
20,458,BANKETFADD,EQ,8221,7319,89.03
20,459,BANKIETF,EQ,1842863,1305632,70.85
20,460,BANKINDIA,EQ,9889266,4649538,47.02
20,461,BANKNIFTY1,EQ,154384,73888,47.86
20,462,BANKPSU,EQ,10381,7251,69.85
20,463,BANSALWIRE,EQ,148878,82587,55.47
20,464,BANSWRAS,EQ,45656,27662,60.59
20,465,BARBEQUE,EQ,79324,48677,61.36
20,466,BASF,EQ,41736,20713,49.63
20,467,BASILIC,ST,9600,9600,100.00
20,468,BASML,EQ,106406,75975,71.40
20,469,BATAINDIA,EQ,200946,64693,32.19
20,470,BAWEJA,SM,20800,16000,76.92
20,471,BAYERCROP,EQ,33743,17317,51.32
20,472,BBETF0432,EQ,718,646,89.97
20,473,BBL,EQ,43234,20724,47.93
20,474,BBNPNBETF,EQ,905994,905196,99.91
20,475,BBNPPGOLD,EQ,499,366,73.35
20,476,BBOX,EQ,515320,245053,47.55
20,477,BBTC,EQ,61360,24046,39.19
20,478,BBTCL,EQ,1231,612,49.72
20,479,BCLIND,EQ,1516755,737724,48.64
20,480,BCONCEPTS,EQ,32205,19108,59.33
20,481,BDL,EQ,833122,325462,39.07
20,482,BEACON,SM,30000,24000,80.00
20,483,BEARDSELL,EQ,111631,70901,63.51
20,484,BECTORFOOD,EQ,122565,68699,56.05
20,485,BEDMUTHA,EQ,32771,21561,65.79
20,486,BEL,EQ,19429753,10113608,52.05
20,487,BEML,EQ,269509,104697,38.85
20,488,BEPL,EQ,892566,475365,53.26
20,489,BERGEPAINT,EQ,1046468,339784,32.47
20,490,BESTAGRO,EQ,40040,21776,54.39
20,491,BETA,SM,11300,7800,69.03
20,492,BEWLTD,ST,17000,15500,91.18
20,493,BFINVEST,EQ,42269,20050,47.43
20,494,BFSI,EQ,203252,135479,66.66
20,495,BHAGCHEM,EQ,141512,72594,51.30
20,496,BHAGERIA,EQ,93980,52993,56.39
20,497,BHAGYANGR,EQ,67860,43171,63.62
20,498,BHANDARI,EQ,548104,342267,62.45
20,499,BHARATFORG,EQ,1720272,1155145,67.15
20,500,BHARATGEAR,EQ,15767,11124,70.55
20,501,BHARATRAS,EQ,2568,1575,61.33
20,502,BHARATWIRE,EQ,200182,123707,61.80
20,503,BHARTIARTL,EQ,3705039,2330660,62.91
20,504,BHARTIHEXA,EQ,215788,109513,50.75
20,505,BHEL,EQ,23244835,10266713,44.17
20,506,BHINVIT,IV,31305,27820,88.87
20,507,BIGBLOC,EQ,192165,88250,45.92
20,508,BIKAJI,EQ,369947,221740,59.94
20,509,BIKEWO,SM,30000,26000,86.67
20,510,BINANIIND,EQ,13007,10343,79.52
20,511,BIOCON,EQ,23779837,5108405,21.48
20,512,BIOFILCHEM,EQ,41429,31095,75.06
20,513,BIRDYS,SM,1200,1200,100.00
20,514,BIRET,RR,205210,194842,94.95
20,515,BIRLACABLE,EQ,34138,19325,56.61
20,516,BIRLACORPN,EQ,141306,77550,54.88
20,517,BLACKBUCK,EQ,63137,37011,58.62
20,518,BLAL,EQ,130099,71433,54.91
20,519,BLBLIMITED,EQ,140625,74890,53.26
20,520,BLISSGVS,EQ,774264,239470,30.93
20,521,BLKASHYAP,EQ,584122,345709,59.18
20,522,BLS,EQ,4463690,1666546,37.34
20,523,BLSE,EQ,287236,136046,47.36
20,524,BLUEDART,EQ,30008,17239,57.45
20,525,BLUEJET,EQ,194730,87349,44.86
20,526,BLUEPEBBLE,SM,11200,9600,85.71
20,527,BLUESTARCO,EQ,1414634,502462,35.52
20,528,BMETRICS,SM,12800,9600,75.00
20,529,BODALCHEM,EQ,403173,249571,61.90
20,530,BOMDYEING,EQ,1381763,594575,43.03
20,531,BOROLTD,EQ,130556,80376,61.56
20,532,BOROSCI,EQ,97950,66189,67.57
20,533,BOSCHLTD,EQ,19575,9422,48.13
20,534,BOSS,ST,14000,14000,100.00
20,535,BPCL,EQ,10488655,5335631,50.87
20,536,BPL,EQ,338110,139168,41.16
20,537,BRACEPORT,ST,4800,4800,100.00
20,538,BRIGADE,EQ,530473,354114,66.75
20,539,BRIGHT,SZ,87000,87000,100.00
20,540,BRITANNIA,EQ,448698,229141,51.07
20,541,BRNL,EQ,56098,36630,65.30
20,542,BSE,EQ,2083758,546584,26.23
20,543,BSE500IETF,EQ,208086,168033,80.75
20,544,BSHSL,EQ,18581,11328,60.97
20,545,BSL,EQ,32798,15859,48.35
20,546,BSLGOLDETF,EQ,54957,38467,69.99
20,547,BSLNIFTY,EQ,17461230,16897354,96.77
20,548,BSLSENETFG,EQ,5306,4111,77.48
20,549,BSOFT,EQ,3717669,1362737,36.66
20,550,BTML,EQ,899788,295721,32.87
20,551,BULKCORP,SM,2400,2400,100.00
20,552,BURNPUR,EQ,329936,216072,65.49
20,553,BUTTERFLY,EQ,8790,4682,53.27
20,554,BVCL,EQ,14455,9596,66.39
20,555,C2C,SM,197400,119400,60.49
20,556,CADSYS,ST,4500,4500,100.00
20,557,CAGL28,NE,10,10,100.00
20,558,CALSOFT,EQ,160182,160182,100.00
20,559,CAMLINFINE,EQ,1582800,693133,43.79
20,560,CAMPUS,EQ,1232206,487348,39.55
20,561,CAMS,EQ,452427,231056,51.07
20,562,CANARYS,SM,88000,68000,77.27
20,563,CANBK,EQ,34247797,16402940,47.89
20,564,CANFINHOME,EQ,646336,279440,43.23
20,565,CANTABIL,EQ,455470,248565,54.57
20,566,CAPACITE,EQ,677673,256500,37.85
20,567,CAPITALSFB,EQ,83543,61593,73.73
20,568,CAPLIPOINT,EQ,153178,61542,40.18
20,569,CARBORUNIV,EQ,179837,132209,73.52
20,570,CAREERP,EQ,54742,31095,56.80
20,571,CARERATING,EQ,72451,39421,54.41
20,572,CARRARO,EQ,290543,155988,53.69
20,573,CARTRADE,EQ,463365,176055,37.99
20,574,CARYSIL,EQ,113145,58615,51.81
20,575,CASTROLIND,EQ,3171386,1189732,37.51
20,576,CCHHL,EQ,89022,52020,58.43
20,577,CCL,EQ,273134,116942,42.81
20,578,CDSL,EQ,3421640,1269966,37.12
20,579,CEATLTD,EQ,233706,139509,59.69
20,580,CEIGALL,EQ,132988,75698,56.92
20,581,CELEBRITY,EQ,128082,83565,65.24
20,582,CELLECOR,SM,156000,156000,100.00
20,583,CELLO,EQ,279396,200540,71.78
20,584,CELLPOINT,SM,14400,13200,91.67
20,585,CENTENKA,EQ,44017,21957,49.88
20,586,CENTEXT,EQ,122297,79924,65.35
20,587,CENTRALBK,EQ,4664689,1683185,36.08
20,588,CENTRUM,EQ,661752,337433,50.99
20,589,CENTUM,EQ,13690,5959,43.53
20,590,CENTURYPLY,EQ,89966,28338,31.50
20,591,CERA,EQ,22891,9846,43.01
20,592,CESC,EQ,17221343,7183732,41.71
20,593,CEWATER,EQ,482244,229246,47.54
20,594,CGCL,EQ,324823,43518,13.40
20,595,CGPOWER,EQ,7709813,4973823,64.51
20,596,CGRAPHICS,SM,124800,91200,73.08
20,597,CHALET,EQ,296307,146773,49.53
20,598,CHAMBLFERT,EQ,857709,255549,29.79
20,599,CHAVDA,SM,75000,54000,72.00
20,600,CHEMBOND,EQ,21787,14650,67.24
20,601,CHEMCON,EQ,47117,28929,61.40
20,602,CHEMFAB,EQ,10984,6510,59.27
20,603,CHEMPLASTS,EQ,80013,34979,43.72
20,604,CHENNPETRO,EQ,1449090,342118,23.61
20,605,CHETANA,SM,43200,30400,70.37
20,606,CHEVIOT,EQ,3424,2454,71.67
20,607,CHOICEIN,EQ,846591,489361,57.80
20,608,CHOLAFIN,EQ,2021426,1318431,65.22
20,609,CHOLAHLDNG,EQ,158184,109782,69.40
20,610,CIEINDIA,EQ,427309,322438,75.46
20,611,CIFCZC28,NH,50,50,100.00
20,612,CIGNITITEC,EQ,286303,114019,39.82
20,613,CINEVISTA,EQ,160422,117254,73.09
20,614,CIPLA,EQ,873093,511743,58.61
20,615,CLEAN,EQ,218551,93896,42.96
20,616,CLEDUCATE,EQ,348135,195725,56.22
20,617,CLOUD,SZ,118000,98000,83.05
20,618,CLSEL,EQ,126218,55834,44.24
20,619,CLSL,SM,24000,20000,83.33
20,620,CMMIPL,SZ,117000,117000,100.00
20,621,CMNL,ST,16500,15000,90.91
20,622,CMRSL,SM,4000,3200,80.00
20,623,CMSINFO,EQ,527980,317802,60.19
20,624,COALINDIA,EQ,8661589,4428234,51.12
20,625,COASTCORP,EQ,25524,17670,69.23
20,626,COCHINSHIP,EQ,500996,276817,55.25
20,627,COFORGE,EQ,859353,508843,59.21
20,628,COLPAL,EQ,236490,118489,50.10
20,629,COMMITTED,ST,35200,35200,100.00
20,630,COMMOIETF,EQ,107596,55549,51.63
20,631,COMPUSOFT,EQ,96596,58457,60.52
20,632,CONCOR,EQ,1715117,992205,57.85
20,633,CONCORDBIO,EQ,367096,121187,33.01
20,634,CONFIPET,EQ,670155,300423,44.83
20,635,CONS,EQ,6998,5382,76.91
20,636,CONSOFINVT,EQ,18539,12664,68.31
20,637,CONSUMBEES,EQ,201734,117488,58.24
20,638,CONSUMER,EQ,250575,231003,92.19
20,639,CONSUMIETF,EQ,41535,16179,38.95
20,640,CONTROLPR,EQ,18726,10553,56.35
20,641,COOLCAPS,ST,106000,105750,99.76
20,642,CORALFINAC,EQ,46666,23557,50.48
20,643,CORDSCABLE,EQ,82032,43817,53.41
20,644,COROMANDEL,EQ,590809,258397,43.74
20,645,COSMOFIRST,EQ,160157,69888,43.64
20,646,COUNCODOS,EQ,122857,60560,49.29
20,647,CPS,ST,3600,2400,66.67
20,648,CPSEETF,EQ,6051808,4767452,78.78
20,649,CRAFTSMAN,EQ,42756,27251,63.74
20,650,CRAYONS,SM,30000,18000,60.00
20,651,CREATIVE,EQ,77395,37842,48.89
20,652,CREDITACC,EQ,1194868,237358,19.86
20,653,CREST,EQ,33254,20797,62.54
20,654,CRISIL,EQ,221854,29125,13.13
20,655,CROMPTON,EQ,2441696,1346549,55.15
20,656,CROWN,EQ,19710,14443,73.28
20,657,CSBBANK,EQ,406518,193982,47.72
20,658,CSLFINANCE,EQ,24268,14734,60.71
20,659,CTE,EQ,51100,34960,68.41
20,660,CUB,EQ,1602532,598934,37.37
20,661,CUBEXTUB,EQ,2498659,468898,18.77
20,662,CUMMINSIND,EQ,597634,336178,56.25
20,663,CUPID,EQ,468341,266679,56.94
20,664,CYBERMEDIA,EQ,11598,8603,74.18
20,665,CYIENT,EQ,415017,178771,43.08
20,666,CYIENTDLM,EQ,224983,106870,47.50
20,667,DABUR,EQ,2857732,1462518,51.18
20,668,DALBHARAT,EQ,407052,182343,44.80
20,669,DALMIASUG,EQ,143670,77783,54.14
20,670,DAMCAPITAL,EQ,3647752,1114497,30.55
20,671,DAMODARIND,EQ,16685,10760,64.49
20,672,DANGEE,EQ,963353,824964,85.63
20,673,DANISH,SM,159900,99300,62.10
20,674,DATAMATICS,EQ,151668,59667,39.34
20,675,DATAPATTNS,EQ,209284,87207,41.67
20,676,DAVANGERE,EQ,1599705,890791,55.68
20,677,DBCORP,EQ,84147,41858,49.74
20,678,DBEIL,EQ,323521,123262,38.10
20,679,DBL,EQ,248095,123099,49.62
20,680,DBOL,EQ,146959,78463,53.39
20,681,DBREALTY,EQ,2367890,1226368,51.79
20,682,DBSTOCKBRO,EQ,3708,2576,69.47
20,683,DCAL,EQ,800953,306116,38.22
20,684,DCBBANK,EQ,1170239,647165,55.30
20,685,DCG,SM,38400,32400,84.38
20,686,DCI,EQ,11410,5014,43.94
20,687,DCM,EQ,48712,24687,50.68
20,688,DCMNVL,EQ,13008,11016,84.69
20,689,DCMSHRIRAM,EQ,61197,33974,55.52
20,690,DCMSRIND,EQ,141587,81162,57.32
20,691,DCW,EQ,1258955,632087,50.21
20,692,DCXINDIA,EQ,964467,404149,41.90
20,693,DECCANCE,EQ,61502,47619,77.43
20,694,DECCANTRAN,ST,16800,15600,92.86
20,695,DEEDEV,EQ,127113,70182,55.21
20,696,DEEM,SM,2000,2000,100.00
20,697,DEEPAKFERT,EQ,732569,277824,37.92
20,698,DEEPAKNTR,EQ,166330,59048,35.50
20,699,DEEPINDS,EQ,248111,100911,40.67
20,700,DELAPLEX,SM,13200,10800,81.82
20,701,DELHIVERY,EQ,2182625,1208382,55.36
20,702,DELTACORP,EQ,4448025,1061317,23.86
20,703,DELTAMAGNT,EQ,16340,10002,61.21
20,704,DEN,EQ,1614251,657709,40.74
20,705,DENEERS,ST,5400,5400,100.00
20,706,DENORA,EQ,15478,12001,77.54
20,707,DENTALKART,SM,31000,23250,75.00
20,708,DEVIT,EQ,414349,149191,36.01
20,709,DEVYANI,EQ,1817266,460505,25.34
20,710,DHAMPURSUG,EQ,490463,234386,47.79
20,711,DHANI,EQ,5679548,2124174,37.40
20,712,DHANLAXMI,ST,68000,66000,97.06
20,713,DHANUKA,EQ,22813,9636,42.24
20,714,DHARIWAL,SM,4800,3600,75.00
20,715,DHARMAJ,EQ,61913,34915,56.39
20,716,DHRUV,EQ,25682,14525,56.56
20,717,DHUNINV,EQ,2720,1384,50.88
20,718,DIACABS,EQ,93934,71255,75.86
20,719,DIAMINESQ,EQ,5488,4132,75.29
20,720,DIAMONDYD,EQ,108151,46484,42.98
20,721,DICIND,EQ,5104,3782,74.10
20,722,DIFFNKG,EQ,59724,36227,60.66
20,723,DIGIDRIVE,EQ,54125,32488,60.02
20,724,DIGIKORE,ST,6200,5400,87.10
20,725,DIGISPICE,EQ,135610,88845,65.52
20,726,DISHTV,EQ,19664741,8353185,42.48
20,727,DIVGIITTS,EQ,13354,9585,71.78
20,728,DIVISLAB,EQ,770897,434868,56.41
20,729,DIVOPPBEES,EQ,79419,44065,55.48
20,730,DIVYADHAN,SM,28000,14000,50.00
20,731,DIXON,EQ,407670,185200,45.43
20,732,DKEGL,SM,15000,10500,70.00
20,733,DLF,EQ,6770170,3891161,57.48
20,734,DLINKINDIA,EQ,153292,75451,49.22
20,735,DMART,EQ,2952386,1318457,44.66
20,736,DNAMEDIA,EQ,1550250,629156,40.58
20,737,DODLA,EQ,48546,37488,77.22
20,738,DOLATALGO,EQ,776369,447044,57.58
20,739,DOLLAR,EQ,66487,35492,53.38
20,740,DOLLEX,SM,12000,12000,100.00
20,741,DOMS,EQ,151345,55891,36.93
20,742,DONEAR,EQ,163285,71478,43.77
20,743,DPABHUSHAN,EQ,8596,4713,54.83
20,744,DPEL,ST,51000,51000,100.00
20,745,DPSCLTD,EQ,284296,202057,71.07
20,746,DPWIRES,EQ,11712,6600,56.35
20,747,DRCSYSTEMS,EQ,373702,179355,47.99
20,748,DREAMFOLKS,EQ,113650,62538,55.03
20,749,DREDGECORP,EQ,58016,33313,57.42
20,750,DRL,SM,24000,24000,100.00
20,751,DRONE,ST,7500,7500,100.00
20,752,DRREDDY,EQ,2822318,1788827,63.38
20,753,DRSDILIP,SM,800,800,100.00
20,754,DSSL,EQ,52141,27862,53.44
20,755,DTIL,EQ,18946,4803,25.35
20,756,DTL,SM,9600,7200,75.00
20,757,DUCOL,SM,4800,3200,66.67
20,758,DUCON,EQ,782752,454774,58.10
20,759,DUGLOBAL,SM,20000,17500,87.50
20,760,DURLAX,SM,58000,36000,62.07
20,761,DVL,EQ,30696,15372,50.08
20,762,DWARKESH,EQ,1627931,724622,44.51
20,763,DYCL,EQ,66703,43157,64.70
20,764,DYNAMATECH,EQ,13235,5076,38.35
20,765,DYNAMIC,ST,15000,13500,90.00
20,766,DYNPRO,EQ,18054,11597,64.24
20,767,EASEMYTRIP,EQ,32602559,11615767,35.63
20,768,EBANKNIFTY,EQ,2833,2685,94.78
20,769,EBBETF0425,EQ,15276,14583,95.46
20,770,EBBETF0430,EQ,57547,37724,65.55
20,771,EBBETF0431,EQ,9306,8532,91.68
20,772,EBBETF0433,EQ,2986,2886,96.65
20,773,ECAPINSURE,EQ,18973,18190,95.87
20,774,ECLERX,EQ,82756,41076,49.64
20,775,ECOSMOBLTY,EQ,169548,105678,62.33
20,776,EDELWEISS,EQ,5384499,2814449,52.27
20,777,EFACTOR,ST,7200,6400,88.89
20,778,EFFWA,ST,21200,21200,100.00
20,779,EFORCE,SM,50400,40800,80.95
20,780,EGOLD,EQ,95532,94635,99.06
20,781,EICHERMOT,EQ,213093,113938,53.47
20,782,EIDPARRY,EQ,263689,119791,45.43
20,783,EIEL,EQ,5261465,1232400,23.42
20,784,EIFFL,EQ,22521,16994,75.46
20,785,EIHAHOTELS,EQ,33171,13652,41.16
20,786,EIHOTEL,EQ,600685,330988,55.10
20,787,EIMCOELECO,EQ,16319,13000,79.66
20,788,EKC,EQ,874032,336185,38.46
20,789,ELDEHSG,EQ,1461,1114,76.25
20,790,ELECON,EQ,605331,303935,50.21
20,791,ELECTCAST,EQ,1613516,832979,51.63
20,792,ELGIEQUIP,EQ,206887,118304,57.18
20,793,ELIN,EQ,270066,119244,44.15
20,794,EMAMILTD,EQ,688818,366397,53.19
20,795,EMAMIPAP,EQ,46388,33150,71.46
20,796,EMBASSY,RR,434434,378498,87.12
20,797,EMBDL,EQ,14958024,3718497,24.86
20,798,EMCURE,EQ,71580,47158,65.88
20,799,EMIL,EQ,915729,497301,54.31
20,800,EMKAYTOOLS,SM,3750,3000,80.00
20,801,EMMBI,EQ,208294,76256,36.61
20,802,EMMIL,ST,26000,25500,98.08
20,803,EMSLIMITED,EQ,427230,165798,38.81
20,804,EMUDHRA,EQ,162859,53389,32.78
20,805,EMULTIMQ,EQ,179350,164614,91.78
20,806,ENDURANCE,EQ,76854,38285,49.82
20,807,ENFUSE,ST,22800,21600,94.74
20,808,ENGINERSIN,EQ,2746461,1075854,39.17
20,809,ENIL,EQ,43383,24682,56.89
20,810,ENSER,ST,5000,5000,100.00
20,811,ENTERO,EQ,26825,12054,44.94
20,812,ENVIRO,SM,52000,44000,84.62
20,813,EPACK,EQ,547377,359014,65.59
20,814,EPIGRAL,EQ,230828,85985,37.25
20,815,EPL,EQ,914940,379967,41.53
20,816,EQUAL50ADD,EQ,7390,6729,91.06
20,817,EQUITASBNK,EQ,5553611,3085582,55.56
20,818,ERIS,EQ,103826,43308,41.71
20,819,ESABINDIA,EQ,4818,2544,52.80
20,820,ESAFSFB,EQ,439412,248385,56.53
20,821,ESCONET,ST,20000,18000,90.00
20,822,ESCORTS,EQ,163058,62973,38.62
20,823,ESFL,SM,133200,88560,66.49
20,824,ESG,EQ,59177,52235,88.27
20,825,ESILVER,EQ,80998,67599,83.46
20,826,ESPRIT,ST,152000,116800,76.84
20,827,ESTER,EQ,455114,196086,43.09
20,828,ETHOSLTD,EQ,45730,19180,41.94
20,829,ETML,SM,45600,34800,76.32
20,830,EUREKAFORB,EQ,253190,153228,60.52
20,831,EUROBOND,SM,5000,3000,60.00
20,832,EVEREADY,EQ,99700,55024,55.19
20,833,EVERESTIND,EQ,26715,14986,56.10
20,834,EVINDIA,EQ,1088660,555764,51.05
20,835,EXCELINDUS,EQ,10959,6900,62.96
20,836,EXCELLENT,SM,3200,3200,100.00
20,837,EXICOM,EQ,241606,130391,53.97
20,838,EXIDEIND,EQ,2608440,939521,36.02
20,839,EXPLEOSOL,EQ,11261,8069,71.65
20,840,EXXARO,EQ,885275,599491,67.72
20,841,FACT,EQ,470101,74814,15.91
20,842,FAIRCHEMOR,EQ,15537,8109,52.19
20,843,FALCONTECH,SM,2400,1200,50.00
20,844,FAZE3Q,EQ,12983,7132,54.93
20,845,FCL,EQ,512698,240238,46.86
20,846,FCSSOFT,EQ,4370781,2161315,49.45
20,847,FDC,EQ,120357,57495,47.77
20,848,FEDERALBNK,EQ,7575227,3648534,48.16
20,849,FEDFINA,EQ,372973,189628,50.84
20,850,FELIX,ST,43500,43000,98.85
20,851,FIBERWEB,EQ,71443,40617,56.85
20,852,FICRF3GP,MF,150,150,100.00
20,853,FIDEL,ST,5000,5000,100.00
20,854,FIEMIND,EQ,64872,35277,54.38
20,855,FILATEX,EQ,1537464,406624,26.45
20,856,FINCABLES,EQ,187454,91096,48.60
20,857,FINEORG,EQ,22334,13516,60.52
20,858,FINIETF,EQ,246415,112193,45.53
20,859,FINOPB,EQ,114965,68196,59.32
20,860,FINPIPE,EQ,1205644,682331,56.59
20,861,FIRSTCRY,EQ,627994,310545,49.45
20,862,FIVESTAR,EQ,1431355,858342,59.97
20,863,FLAIR,EQ,75756,42831,56.54
20,864,FLUOROCHEM,EQ,139701,51866,37.13
20,865,FMCGIETF,EQ,840502,503776,59.94
20,866,FMGOETZE,EQ,107114,79538,74.26
20,867,FOCUS,EQ,279463,161641,57.84
20,868,FONEBOX,SM,5000,4000,80.00
20,869,FOODSIN,EQ,136089,78890,57.97
20,870,FORCEMOT,EQ,34152,14417,42.21
20,871,FORGEAUTO,SM,30000,24000,80.00
20,872,FORTIS,EQ,1242474,659470,53.08
20,873,FOSECOIND,EQ,1297,895,69.01
20,874,FRESHARA,ST,33600,30000,89.29
20,875,FROG,SM,30000,21600,72.00
20,876,FSL,EQ,2886034,841890,29.17
20,877,FUSION,EQ,342447,155265,45.34
20,878,GABRIEL,EQ,188352,84007,44.60
20,879,GAEL,EQ,1426851,732556,51.34
20,880,GAIL,EQ,12564130,7342065,58.44
20,881,GAJANAND,ST,12000,12000,100.00
20,882,GALAPREC,EQ,105813,32758,30.96
20,883,GALAXYSURF,EQ,21125,12257,58.02
20,884,GALLANTT,EQ,26936,17371,64.49
20,885,GANDHAR,EQ,324500,190188,58.61
20,886,GANDHITUBE,EQ,8654,5716,66.05
20,887,GANECOS,EQ,256912,161169,62.73
20,888,GANESHBE,EQ,105389,63616,60.36
20,889,GANESHHOUC,EQ,262649,72577,27.63
20,890,GANESHIN,SM,257600,164800,63.98
20,891,GANGAFORGE,EQ,645399,407596,63.15
20,892,GANGESSECU,EQ,11834,6574,55.55
20,893,GARFIBRES,EQ,153075,75652,49.42
20,894,GARUDA,EQ,3162312,1169926,37.00
20,895,GATEWAY,EQ,872911,407037,46.63
20,896,GEECEE,EQ,10738,6133,57.11
20,897,GEEKAYWIRE,EQ,86393,61086,70.71
20,898,GENCON,EQ,77337,38608,49.92
20,899,GENESYS,EQ,286723,109377,38.15
20,900,GENSOL,EQ,153799,82956,53.94
20,901,GENUSPAPER,EQ,285838,159512,55.81
20,902,GENUSPOWER,EQ,769178,413828,53.80
20,903,GEOJITFSL,EQ,515463,281859,54.68
20,904,GEPIL,EQ,158439,80234,50.64
20,905,GESHIP,EQ,481155,249870,51.93
20,906,GFLLIMITED,EQ,121578,56204,46.23
20,907,GGBL,SM,158100,99900,63.19
20,908,GHCL,EQ,225491,89828,39.84
20,909,GHCLTEXTIL,EQ,214915,138835,64.60
20,910,GICHSGFIN,EQ,192017,107612,56.04
20,911,GICL,ST,105000,90000,85.71
20,912,GICRE,EQ,1910671,344572,18.03
20,913,GILLETTE,EQ,25585,14372,56.17
20,914,GILT5YBEES,EQ,296070,247375,83.55
20,915,GINNIFILA,EQ,127727,69106,54.10
20,916,GIPCL,EQ,938346,458275,48.84
20,917,GKWLIMITED,EQ,307,218,71.01
20,918,GLAND,EQ,333796,144440,43.27
20,919,GLAXO,EQ,83019,43546,52.45
20,920,GLENMARK,EQ,433932,199586,45.99
20,921,GLOBAL,EQ,89198,57077,63.99
20,922,GLOBALPET,SM,9000,4500,50.00
20,923,GLOBE,EQ,2406767,1902582,79.05
20,924,GLOBUSSPR,EQ,91186,47201,51.76
20,925,GLOSTERLTD,EQ,993,767,77.24
20,926,GLS,EQ,142340,96506,67.80
20,927,GMBREW,EQ,62549,30274,48.40
20,928,GMDCLTD,EQ,975666,467451,47.91
20,929,GMMPFAUDLR,EQ,152073,84534,55.59
20,930,GMRAIRPORT,EQ,18419378,8788581,47.71
20,931,GMRP&UI,EQ,2297066,1123849,48.93
20,932,GNA,EQ,68865,43135,62.64
20,933,GNFC,EQ,725937,317478,43.73
20,934,GOACARBON,EQ,46683,24603,52.70
20,935,GOCLCORP,EQ,22078,12764,57.81
20,936,GOCOLORS,EQ,22472,8658,38.53
20,937,GODAVARIB,EQ,185167,96987,52.38
20,938,GODFRYPHLP,EQ,89505,40991,45.80
20,939,GODIGIT,EQ,749521,357937,47.76
20,940,GODREJAGRO,EQ,97277,52725,54.20
20,941,GODREJCP,EQ,1101936,723291,65.64
20,942,GODREJIND,EQ,72045,32398,44.97
20,943,GODREJPROP,EQ,1116026,568894,50.97
20,944,GOKEX,EQ,193515,96863,50.05
20,945,GOKULAGRO,EQ,235392,145680,61.89
20,946,GOLD1,EQ,905897,679776,75.04
20,947,GOLDBEES,EQ,31223058,22797939,73.02
20,948,GOLDCASE,EQ,1832415,1583864,86.44
20,949,GOLDETF,EQ,307035,247155,80.50
20,950,GOLDETFADD,EQ,29617,22744,76.79
20,951,GOLDIAM,EQ,1350820,418952,31.01
20,952,GOLDIETF,EQ,2934900,2169424,73.92
20,953,GOLDSHARE,EQ,176967,144740,81.79
20,954,GOLDSTAR,SM,33750,22500,66.67
20,955,GOODLUCK,EQ,118210,61544,52.06
20,956,GOPAL,EQ,678892,445315,65.59
20,957,GOYALALUM,EQ,204712,118766,58.02
20,958,GOYALSALT,SM,38400,31200,81.25
20,959,GPECO,ST,19200,18600,96.88
20,960,GPIL,EQ,1955818,970092,49.60
20,961,GPPL,EQ,1282276,590970,46.09
20,962,GPTHEALTH,EQ,160978,105569,65.58
20,963,GPTINFRA,EQ,170000,84842,49.91
20,964,GRANULES,EQ,1340468,470736,35.12
20,965,GRAPHISAD,ST,7200,6000,83.33
20,966,GRAPHITE,EQ,721693,278857,38.64
20,967,GRASIM,EQ,422845,226505,53.57
20,968,GRAVITA,EQ,278056,119650,43.03
20,969,GRCL,SM,750,750,100.00
20,970,GREAVESCOT,EQ,5517431,1393418,25.25
20,971,GREENCHEF,SM,16800,14400,85.71
20,972,GREENLAM,EQ,90605,80868,89.25
20,973,GREENPANEL,EQ,115498,56945,49.30
20,974,GREENPLY,EQ,117820,42917,36.43
20,975,GREENPOWER,EQ,4909185,2509950,51.13
20,976,GRINDWELL,EQ,58714,27506,46.85
20,977,GRINFRA,EQ,61307,17603,28.71
20,978,GRMOVER,EQ,1144491,265675,23.21
20,979,GROBTEA,EQ,838,655,78.16
20,980,GROWWDEFNC,EQ,321752,245763,76.38
20,981,GROWWEV,EQ,950349,632544,66.56
20,982,GROWWGOLD,EQ,130286,73638,56.52
20,983,GROWWLIQID,EQ,643621,603729,93.80
20,984,GRPLTD,EQ,2007,1523,75.88
20,985,GRSE,EQ,604668,257650,42.61
20,986,GRWRHITECH,EQ,146534,58566,39.97
20,987,GSEC10IETF,EQ,15841,9329,58.89
20,988,GSEC10YEAR,EQ,3559,3469,97.47
20,989,GSEC5IETF,EQ,2658,2021,76.03
20,990,GSFC,EQ,2206492,981867,44.50
20,991,GSLSU,EQ,225655,99100,43.92
20,992,GSMFOILS,ST,24000,24000,100.00
20,993,GSPL,EQ,594766,349498,58.76
20,994,GSS,EQ,252811,88478,35.00
20,995,GSTL,ST,12000,11000,91.67
20,996,GTL,EQ,982377,513907,52.31
20,997,GTLINFRA,EQ,92512314,27199054,29.40
20,998,GTPL,EQ,152101,53414,35.12
20,999,GUFICBIO,EQ,282679,121246,42.89
20,1000,GUJALKALI,EQ,54721,27895,50.98
20,1001,GUJAPOLLO,EQ,41331,26230,63.46
20,1002,GUJGASLTD,EQ,1406997,846060,60.13
20,1003,GULFOILLUB,EQ,124588,65842,52.85
20,1004,GULFPETRO,EQ,174469,80061,45.89
20,1005,GULPOLY,EQ,274153,163524,59.65
20,1006,GVPTECH,EQ,136644,90549,66.27
20,1007,HAL,EQ,1959105,904022,46.14
20,1008,HAPPSTMNDS,EQ,1800365,452858,25.15
20,1009,HAPPYFORGE,EQ,34171,16816,49.21
20,1010,HARDWYN,EQ,1377244,529708,38.46
20,1011,HARIOMPIPE,EQ,117939,63217,53.60
20,1012,HARRMALAYA,EQ,79345,39436,49.70
20,1013,HARSHA,EQ,71645,39152,54.65
20,1014,HATHWAY,EQ,5233951,2238835,42.78
20,1015,HATSUN,EQ,19887,12139,61.04
20,1016,HAVELLS,EQ,1242457,706572,56.87
20,1017,HAVISHA,EQ,54659,35348,64.67
20,1018,HBLENGINE,EQ,1998008,886975,44.39
20,1019,HBSL,EQ,11503,5891,51.21
20,1020,HCC,EQ,34800892,13952168,40.09
20,1021,HCG,EQ,1740834,685503,39.38
20,1022,HCL-INSYS,EQ,326203,226960,69.58
20,1023,HCLTECH,EQ,5694121,3758232,66.00
20,1024,HDFCAMC,EQ,398420,177967,44.67
20,1025,HDFCBANK,EQ,10834533,7359117,67.92
20,1026,HDFCBSE500,EQ,26879,18408,68.48
20,1027,HDFCGOLD,EQ,1917672,1290443,67.29
20,1028,HDFCGROWTH,EQ,15855,10504,66.25
20,1029,HDFCLIFE,EQ,2105862,1290505,61.28
20,1030,HDFCLIQUID,EQ,14957,12942,86.53
20,1031,HDFCLOWVOL,EQ,64087,60287,94.07
20,1032,HDFCMID150,EQ,795190,593084,74.58
20,1033,HDFCMOMENT,EQ,870946,605492,69.52
20,1034,HDFCNEXT50,EQ,484944,417480,86.09
20,1035,HDFCNIF100,EQ,92037,69694,75.72
20,1036,HDFCNIFBAN,EQ,82206,54256,66.00
20,1037,HDFCNIFIT,EQ,25810,16361,63.39
20,1038,HDFCNIFTY,EQ,183925,144228,78.42
20,1039,HDFCPSUBK,EQ,55150,47164,85.52
20,1040,HDFCPVTBAN,EQ,188697,130463,69.14
20,1041,HDFCQUAL,EQ,52347,28673,54.77
20,1042,HDFCSENSEX,EQ,40194,35702,88.82
20,1043,HDFCSILVER,EQ,422539,270194,63.95
20,1044,HDFCSML250,EQ,2070736,1249730,60.35
20,1045,HDFCVALUE,EQ,10972,9446,86.09
20,1046,HEADSUP,EQ,46125,15926,34.53
20,1047,HEALTHADD,EQ,1486,1485,99.93
20,1048,HEALTHIETF,EQ,124375,53394,42.93
20,1049,HEALTHY,EQ,353568,261472,73.95
20,1050,HEG,EQ,1414797,569076,40.22
20,1051,HEIDELBERG,EQ,194485,103048,52.99
20,1052,HEMIPROP,EQ,686869,369144,53.74
20,1053,HERANBA,EQ,81557,42481,52.09
20,1054,HERITGFOOD,EQ,359231,206103,57.37
20,1055,HEROMOTOCO,EQ,801718,460791,57.48
20,1056,HESTERBIO,EQ,13613,8147,59.85
20,1057,HEUBACHIND,EQ,52181,48732,93.39
20,1058,HEXATRADEX,EQ,5852,4536,77.51
20,1059,HFCL,EQ,19857234,7487354,37.71
20,1060,HGINFRA,EQ,89142,42849,48.07
20,1061,HGS,EQ,19227,10972,57.07
20,1062,HIGREEN,ST,65600,65600,100.00
20,1063,HIKAL,EQ,479241,178892,37.33
20,1064,HIL,EQ,12925,9420,72.88
20,1065,HILTON,EQ,436661,254766,58.34
20,1066,HIMATSEIDE,EQ,2166253,1034995,47.78
20,1067,HINDALCO,EQ,7689295,4918854,63.97
20,1068,HINDCOMPOS,EQ,12449,6289,50.52
20,1069,HINDCOPPER,EQ,8130610,4469736,54.97
20,1070,HINDMOTORS,EQ,668612,337030,50.41
20,1071,HINDOILEXP,EQ,953502,359690,37.72
20,1072,HINDPETRO,EQ,13439614,6258798,46.57
20,1073,HINDUNILVR,EQ,2595013,1909353,73.58
20,1074,HINDWAREAP,EQ,148288,91464,61.68
20,1075,HINDZINC,EQ,1845851,1027547,55.67
20,1076,HIRECT,EQ,17171,10740,62.55
20,1077,HISARMETAL,EQ,35685,25243,70.74
20,1078,HITECH,EQ,734993,375326,51.07
20,1079,HITECHCORP,EQ,9117,5961,65.38
20,1080,HLEGLAS,EQ,133681,68593,51.31
20,1081,HLVLTD,EQ,1610367,806269,50.07
20,1082,HMAAGRO,EQ,464654,299847,64.53
20,1083,HMVL,EQ,79864,58909,73.76
20,1084,HNDFDS,EQ,69925,38566,55.15
20,1085,HNGSNGBEES,EQ,181145,127022,70.12
20,1086,HOACFOODS,ST,3000,3000,100.00
20,1087,HOLMARC,ST,15000,12000,80.00
20,1088,HOMEFIRST,EQ,291557,157697,54.09
20,1089,HOMESFY,SM,600,600,100.00
20,1090,HONASA,EQ,1367270,1058269,77.40
20,1091,HONAUT,EQ,17227,14103,81.87
20,1092,HONDAPOWER,EQ,5162,2430,47.07
20,1093,HOVS,EQ,38385,8116,21.14
20,1094,HPAL,EQ,108083,59048,54.63
20,1095,HPIL,EQ,5734,3091,53.91
20,1096,HPL,EQ,381869,157149,41.15
20,1097,HRHNEXT,ST,3000,3000,100.00
20,1098,HSCL,EQ,1303239,637988,48.95
20,1099,HTMEDIA,EQ,162787,94781,58.22
20,1100,HUDCO,EQ,6576366,2029536,30.86
20,1101,HUHTAMAKI,EQ,46074,25189,54.67
20,1102,HVAX,ST,18600,17700,95.16
20,1103,HYUNDAI,EQ,433775,276403,63.72
20,1104,IBLFL,ST,50000,50000,100.00
20,1105,ICEMAKE,EQ,25569,15298,59.83
20,1106,ICICIB22,EQ,2114820,1668152,78.88
20,1107,ICICIBANK,EQ,9669336,7095479,73.38
20,1108,ICICIGI,EQ,993052,598317,60.25
20,1109,ICICIPRULI,EQ,770365,312426,40.56
20,1110,ICIL,EQ,366288,171633,46.86
20,1111,ICRA,EQ,5177,2927,56.54
20,1112,IDBI,EQ,7213855,2901577,40.22
20,1113,IDEA,EQ,597616878,163229753,27.31
20,1114,IDEAFORGE,EQ,178064,89319,50.16
20,1115,IDEALTECHO,SM,9000,9000,100.00
20,1116,IDENTICAL,SM,152000,108000,71.05
20,1117,IDFCFIRSTB,EQ,26818363,12482222,46.54
20,1118,IDFNIFTYET,EQ,1236,916,74.11
20,1119,IEML,SM,13000,11000,84.62
20,1120,IEX,EQ,4566001,1626716,35.63
20,1121,IFBAGRO,EQ,4828,2643,54.74
20,1122,IFBIND,EQ,37945,19068,50.25
20,1123,IFCI,EQ,10993788,3515518,31.98
20,1124,IFGLEXPOR,EQ,18887,8155,43.18
20,1125,IGARASHI,EQ,51192,24253,47.38
20,1126,IGIL,EQ,3469047,1264952,36.46
20,1127,IGL,EQ,3696494,1314755,35.57
20,1128,IGPL,EQ,48840,31970,65.46
20,1129,IIFL,EQ,1864788,813215,43.61
20,1130,IIFLCAPS,EQ,963349,495355,51.42
20,1131,IIFLHF29,NE,100,100,100.00
20,1132,IIFLZC26,NN,1,1,100.00
20,1133,IIFLZC26A,NR,150,60,40.00
20,1134,IIFLZC28,NG,37,37,100.00
20,1135,IIFLZC28A,NU,20,20,100.00
20,1136,IIFLZC28C,N6,83,83,100.00
20,1137,IKIO,EQ,197608,118140,59.79
20,1138,IKS,EQ,385912,232886,60.35
20,1139,IMAGICAA,EQ,1234102,664584,53.85
20,1140,IMC1,N0,81,81,100.00
20,1141,IMFA,EQ,394843,115969,29.37
20,1142,IMPAL,EQ,2337,1520,65.04
20,1143,INCREDIBLE,EQ,13841,9209,66.53
20,1144,INDBANK,EQ,136840,85226,62.28
20,1145,INDGN,EQ,720105,414542,57.57
20,1146,INDHOTEL,EQ,3945444,2570925,65.16
20,1147,INDIACEM,EQ,1156104,855994,74.04
20,1148,INDIAGLYCO,EQ,170693,57597,33.74
20,1149,INDIAMART,EQ,144279,75443,52.29
20,1150,INDIANB,EQ,1613667,805745,49.93
20,1151,INDIANHUME,EQ,86839,43403,49.98
20,1152,INDIASHLTR,EQ,78667,39172,49.79
20,1153,INDIFRA,SM,2000,2000,100.00
20,1154,INDIGO,EQ,2144483,1345420,62.74
20,1155,INDIGOPNTS,EQ,64799,31484,48.59
20,1156,INDIGRID,IV,314737,294459,93.56
20,1157,INDNIPPON,EQ,14420,8525,59.12
20,1158,INDOAMIN,EQ,403251,207136,51.37
20,1159,INDOBORAX,EQ,79168,47577,60.10
20,1160,INDOCO,EQ,66750,39971,59.88
20,1161,INDOFARM,EQ,2530604,575957,22.76
20,1162,INDORAMA,EQ,210903,94457,44.79
20,1163,INDOSTAR,EQ,162732,92006,56.54
20,1164,INDOWIND,EQ,608788,278749,45.79
20,1165,INDRAMEDCO,EQ,467256,217014,46.44
20,1166,INDTERRAIN,EQ,154203,114991,74.57
20,1167,INDUSINDBK,EQ,8752532,3453470,39.46
20,1168,INDUSTOWER,EQ,13453147,6267488,46.59
20,1169,INFIBEAM,EQ,7824242,4047240,51.73
20,1170,INFINIUM,SM,7500,6000,80.00
20,1171,INFOBEAN,EQ,28292,17661,62.42
20,1172,INFOLLION,ST,46400,44800,96.55
20,1173,INFOMEDIA,EQ,63894,33524,52.47
20,1174,INFRABEES,EQ,18726,12127,64.76
20,1175,INFRAIETF,EQ,155470,71208,45.80
20,1176,INFY,EQ,5804152,3736459,64.38
20,1177,INGERRAND,EQ,44550,32841,73.72
20,1178,INM,SM,1800,1200,66.67
20,1179,INNOMET,SM,10800,10800,100.00
20,1180,INNOVACAP,EQ,106429,58943,55.38
20,1181,INNOVANA,EQ,6237,4071,65.27
20,1182,INOXGREEN,EQ,2067067,792815,38.35
20,1183,INOXINDIA,EQ,185247,107223,57.88
20,1184,INOXWIND,EQ,8731715,3871142,44.33
20,1185,INSECTICID,EQ,169058,92782,54.88
20,1186,INSPIRE,SM,14000,12000,85.71
20,1187,INSPIRISYS,EQ,4417,3246,73.49
20,1188,INTELLECT,EQ,1185187,264823,22.34
20,1189,INTENTECH,EQ,63696,34027,53.42
20,1190,INTERARCH,EQ,550773,198955,36.12
20,1191,INTLCONV,EQ,216301,115898,53.58
20,1192,INVENTURE,EQ,2341364,1384425,59.13
20,1193,IOB,EQ,7160861,2123000,29.65
20,1194,IOC,EQ,30291583,13489864,44.53
20,1195,IOLCP,EQ,331826,139770,42.12
20,1196,IONEXCHANG,EQ,493684,288418,58.42
20,1197,IPCALAB,EQ,210145,80664,38.38
20,1198,IPHL,ST,10800,9600,88.89
20,1199,IPL,EQ,253480,118666,46.81
20,1200,IPSL,ST,1000,1000,100.00
20,1201,IRB,EQ,20463982,7779960,38.02
20,1202,IRBINVIT,IV,223318,201503,90.23
20,1203,IRCON,EQ,4521266,1535804,33.97
20,1204,IRCTC,EQ,1644645,632882,38.48
20,1205,IREDA,EQ,43890423,4985212,11.36
20,1206,IRFC,EQ,30293364,10070437,33.24
20,1207,IRISDOREME,EQ,122807,58003,47.23
20,1208,IRMENERGY,EQ,57714,35061,60.75
20,1209,ISEC,EQ,288950,122563,42.42
20,1210,ISFT,EQ,84473,30084,35.61
20,1211,ISGEC,EQ,81622,40389,49.48
20,1212,ISHAN,SM,720000,480000,66.67
20,1213,IT,EQ,7088214,4293454,60.57
20,1214,ITALIANE,SM,6000,4000,66.67
20,1215,ITBEES,EQ,13230731,10083543,76.21
20,1216,ITC,EQ,17799607,12849941,72.19
20,1217,ITDC,EQ,107843,24071,22.32
20,1218,ITDCEM,EQ,744195,444402,59.72
20,1219,ITETF,EQ,60769,36118,59.43
20,1220,ITETFADD,EQ,8956,7754,86.58
20,1221,ITIETF,EQ,340073,172452,50.71
20,1222,ITTL,ST,3045,3045,100.00
20,1223,IVC,EQ,416387,295044,70.86
20,1224,IVP,EQ,6497,4319,66.48
20,1225,IVZINGOLD,EQ,161,109,67.70
20,1226,IVZINNIFTY,EQ,21,19,90.48
20,1227,IWEL,EQ,16239,10472,64.49
20,1228,IXIGO,EQ,1249654,486331,38.92
20,1229,JAGRAN,EQ,203788,118181,57.99
20,1230,JAGSNPHARM,EQ,302372,115804,38.30
20,1231,JAIBALAJI,EQ,171231,110387,64.47
20,1232,JAICORPLTD,EQ,2060779,771816,37.45
20,1233,JAINAM,ST,3000,3000,100.00
20,1234,JAIPURKURT,EQ,53557,28981,54.11
20,1235,JALAN,ST,507000,495000,97.63
20,1236,JAMNAAUTO,EQ,1597044,693845,43.45
20,1237,JASH,EQ,287114,144214,50.23
20,1238,JAYAGROGN,EQ,43209,31557,73.03
20,1239,JAYBARMARU,EQ,72771,38890,53.44
20,1240,JAYBEE,ST,57000,54000,94.74
20,1241,JAYNECOIND,EQ,207486,109945,52.99
20,1242,JAYSREETEA,EQ,375869,155584,41.39
20,1243,JBCHEPHARM,EQ,304867,271404,89.02
20,1244,JBMA,EQ,96980,40140,41.39
20,1245,JCHAC,EQ,21243,12526,58.97
20,1246,JEYYAM,SM,144000,90000,62.50
20,1247,JGCHEM,EQ,136622,58307,42.68
20,1248,JHS,EQ,445915,239715,53.76
20,1249,JINDALPHOT,EQ,41011,21368,52.10
20,1250,JINDALPOLY,EQ,68266,24961,36.56
20,1251,JINDALSAW,EQ,1038019,451375,43.48
20,1252,JINDALSTEL,EQ,1916830,1003297,52.34
20,1253,JINDRILL,EQ,90697,52709,58.12
20,1254,JINDWORLD,EQ,611129,283158,46.33
20,1255,JIOFIN,EQ,22870943,11727040,51.27
20,1256,JISLDVREQS,EQ,48100,34213,71.13
20,1257,JISLJALEQS,EQ,7197865,3031680,42.12
20,1258,JITFINFRA,EQ,127185,61613,48.44
20,1259,JIWANRAM,SM,90000,54000,60.00
20,1260,J&KBANK,EQ,3867353,1906066,49.29
20,1261,JKCEMENT,EQ,57378,17184,29.95
20,1262,JKIL,EQ,291512,149415,51.26
20,1263,JKLAKSHMI,EQ,69065,31667,45.85
20,1264,JKPAPER,EQ,263316,123992,47.09
20,1265,JKTYRE,EQ,393537,193297,49.12
20,1266,JLHL,EQ,30477,23051,75.63
20,1267,JMA,EQ,14374,10791,75.07
20,1268,JMFINANCIL,EQ,5335993,2055846,38.53
20,1269,JNKINDIA,EQ,31162,13896,44.59
20,1270,JOCIL,EQ,6139,3710,60.43
20,1271,JPOLYINVST,EQ,16177,7108,43.94
20,1272,JPPOWER,EQ,38300492,13461405,35.15
20,1273,JSFB,EQ,101353,54557,53.83
20,1274,JSL,EQ,1247593,697696,55.92
20,1275,JSLL,SM,14940,13230,88.55
20,1276,JSWENERGY,EQ,2130563,713640,33.50
20,1277,JSWINFRA,EQ,1736544,849619,48.93
20,1278,JSWSTEEL,EQ,1416585,727930,51.39
20,1279,JTEKTINDIA,EQ,192184,91848,47.79
20,1280,JTLIND,EQ,2414389,1420872,58.85
20,1281,JUBLFOOD,EQ,1791853,848404,47.35
20,1282,JUBLINGREA,EQ,760308,265817,34.96
20,1283,JUBLPHARMA,EQ,268680,156746,58.34
20,1284,JUNIORBEES,EQ,1163898,746459,64.13
20,1285,JUNIPER,EQ,312589,173702,55.57
20,1286,JUSTDIAL,EQ,2759960,423076,15.33
20,1287,JWL,EQ,1244095,511847,41.14
20,1288,JYOTHYLAB,EQ,329711,145990,44.28
20,1289,JYOTICNC,EQ,340338,157011,46.13
20,1290,JYOTISTRUC,EQ,18811972,10332646,54.93
20,1291,K2INFRA,ST,40200,34200,85.07
20,1292,KABRAEXTRU,EQ,177681,88439,49.77
20,1293,KAJARIACER,EQ,419198,334046,79.69
20,1294,KAKATCEM,EQ,11593,7159,61.75
20,1295,KALAMANDIR,EQ,350404,248482,70.91
20,1296,KALANA,SM,60000,48000,80.00
20,1297,KALYANKJIL,EQ,16964480,4575916,26.97
20,1298,KAMATHOTEL,EQ,45461,25729,56.60
20,1299,KAMDHENU,EQ,882022,301754,34.21
20,1300,KANANIIND,EQ,230725,153782,66.65
20,1301,KANDARP,ST,220000,220000,100.00
20,1302,KANORICHEM,EQ,51651,29796,57.69
20,1303,KANPRPLA,EQ,11148,7020,62.97
20,1304,KANSAINER,EQ,314942,172831,54.88
20,1305,KAPSTON,EQ,14815,9558,64.52
20,1306,KARMAENG,EQ,8878,5366,60.44
20,1307,KARNIKA,ST,14000,14000,100.00
20,1308,KARURVYSYA,EQ,1927112,1110289,57.61
20,1309,KATARIA,SM,51600,33000,63.95
20,1310,KAUSHALYA,EQ,872,599,68.69
20,1311,KAYNES,EQ,856399,305962,35.73
20,1312,KBCGLOBAL,EQ,11336375,4797162,42.32
20,1313,KCEIL,ST,95000,90000,94.74
20,1314,KCP,EQ,362533,156917,43.28
20,1315,KCPSUGIND,EQ,278632,170363,61.14
20,1316,KDDL,EQ,12201,6620,54.26
20,1317,KDL,ST,4450,4150,93.26
20,1318,KEC,EQ,1140136,551975,48.41
20,1319,KECL,EQ,153749,73475,47.79
20,1320,KEI,EQ,868973,581307,66.90
20,1321,KEL,SM,18000,15600,86.67
20,1322,KELLTONTEC,EQ,1892336,698807,36.93
20,1323,KESORAMIND,EQ,408661,241486,59.09
20,1324,KEYFINSERV,EQ,16635,12271,73.77
20,1325,KFINTECH,EQ,1396406,784992,56.22
20,1326,KHADIM,EQ,22036,13579,61.62
20,1327,KHAICHEM,EQ,202025,84456,41.80
20,1328,KHAITANLTD,EQ,3434,2665,77.61
20,1329,KHANDSE,EQ,44154,20989,47.54
20,1330,KICL,EQ,3571,2032,56.90
20,1331,KILITCH,EQ,6899,4752,68.88
20,1332,KIMS,EQ,1270368,375419,29.55
20,1333,KINGFA,EQ,22298,8673,38.90
20,1334,KIOCL,EQ,406749,172973,42.53
20,1335,KIRIINDUS,EQ,491975,235304,47.83
20,1336,KIRLOSBROS,EQ,335851,66840,19.90
20,1337,KIRLOSENG,EQ,649049,513653,79.14
20,1338,KIRLOSIND,EQ,4194,2477,59.06
20,1339,KIRLPNU,EQ,251950,160960,63.89
20,1340,KKCL,EQ,48201,28580,59.29
20,1341,KKVAPOW,SM,312,312,100.00
20,1342,KLL,SM,73600,44800,60.87
20,1343,KMEW,EQ,14362,7437,51.78
20,1344,KMSUGAR,EQ,203661,107332,52.70
20,1345,KNAGRI,ST,85600,73200,85.51
20,1346,KNRCON,EQ,1136009,331647,29.19
20,1347,KODYTECH,SM,12000,8700,72.50
20,1348,KOHINOOR,EQ,102962,55072,53.49
20,1349,KOKUYOCMLN,EQ,109203,77203,70.70
20,1350,KOLTEPATIL,EQ,144965,64174,44.27
20,1351,KONSTELEC,ST,8000,8000,100.00
20,1352,KONTOR,SM,13200,12600,95.45
20,1353,KORE,ST,1500,1250,83.33
20,1354,KOTAKBANK,EQ,3092388,2214009,71.60
20,1355,KOTARISUG,EQ,86171,51273,59.50
20,1356,KOTHARIPET,EQ,97471,45097,46.27
20,1357,KOTYARK,SM,33400,25800,77.25
20,1358,KPEL,EQ,628303,369859,58.87
20,1359,KPIGREEN,EQ,1349271,735251,54.49
20,1360,KPIL,EQ,394128,248589,63.07
20,1361,KPITTECH,EQ,1057072,422365,39.96
20,1362,KPRMILL,EQ,295442,131534,44.52
20,1363,KRBL,EQ,492041,241508,49.08
20,1364,KRISHANA,EQ,23823,12740,53.48
20,1365,KRISHCA,SM,30000,19000,63.33
20,1366,KRISHNADEF,SM,39000,31750,81.41
20,1367,KRITINUT,EQ,76747,33357,43.46
20,1368,KRN,EQ,610312,215977,35.39
20,1369,KRONOX,EQ,166613,88878,53.34
20,1370,KROSS,EQ,261729,107566,41.10
20,1371,KRSNAA,EQ,87438,34801,39.80
20,1372,KRYSTAL,EQ,32371,19793,61.14
20,1373,KSB,EQ,190999,114505,59.95
20,1374,KSCL,EQ,70208,38536,54.89
20,1375,KSHITIJPOL,EQ,726226,571197,78.65
20,1376,KSL,EQ,146872,68117,46.38
20,1377,KSOLVES,EQ,31105,15603,50.16
20,1378,KTKBANK,EQ,1571601,1060751,67.49
20,1379,KTL,ST,3000,3000,100.00
20,1380,KUANTUM,EQ,52283,32191,61.57
20,1381,LAGNAM,EQ,36677,15329,41.79
20,1382,LAKSHYA,SM,95200,64800,68.07
20,1383,LALPATHLAB,EQ,140390,59441,42.34
20,1384,LAMOSAIC,ST,18600,18600,100.00
20,1385,LANCORHOL,EQ,74783,49864,66.68
20,1386,LANDMARK,EQ,36928,17429,47.20
20,1387,LAOPALA,EQ,96367,47790,49.59
20,1388,LASA,EQ,78642,54109,68.80
20,1389,LATENTVIEW,EQ,324538,177867,54.81
20,1390,LAURUSLABS,EQ,1893300,766737,40.50
20,1391,LAWSIKHO,SM,49000,43500,88.78
20,1392,LAXMICOT,EQ,37404,18082,48.34
20,1393,LEMERITE,ST,52800,52800,100.00
20,1394,LEMONTREE,EQ,3638815,1756781,48.28
20,1395,LEXUS,EQ,19770,13856,70.09
20,1396,LFIC,EQ,12677,7901,62.33
20,1397,LGBBROSLTD,EQ,29547,16476,55.76
20,1398,LIBAS,EQ,140189,122035,87.05
20,1399,LIBERTSHOE,EQ,21935,11388,51.92
20,1400,LICHSGFIN,EQ,1119952,476762,42.57
20,1401,LICI,EQ,1715367,688561,40.14
20,1402,LICMFGOLD,EQ,1314,1180,89.80
20,1403,LICNETFGSC,EQ,84703,82528,97.43
20,1404,LICNETFN50,EQ,1105,566,51.22
20,1405,LICNETFSEN,EQ,824,232,28.16
20,1406,LICNFNHGP,EQ,2177,1850,84.98
20,1407,LICNMID100,EQ,16515,8692,52.63
20,1408,LIKHITHA,EQ,93591,51507,55.03
20,1409,LINC,EQ,66080,38939,58.93
20,1410,LINCOLN,EQ,86076,33100,38.45
20,1411,LINDEINDIA,EQ,52094,23085,44.31
20,1412,LIQUID,EQ,145795,82661,56.70
20,1413,LIQUID1,EQ,201626,170654,84.64
20,1414,LIQUIDADD,EQ,673895,483494,71.75
20,1415,LIQUIDBEES,EQ,3825869,2786473,72.83
20,1416,LIQUIDBETF,EQ,31462,21960,69.80
20,1417,LIQUIDCASE,EQ,25816858,14953610,57.92
20,1418,LIQUIDETF,EQ,248458,155764,62.69
20,1419,LIQUIDIETF,EQ,886445,528091,59.57
20,1420,LIQUIDPLUS,EQ,2784,2436,87.50
20,1421,LIQUIDSBI,EQ,5994,3302,55.09
20,1422,LIQUIDSHRI,EQ,6827,4272,62.58
20,1423,LLOYDS,SM,10000,8000,80.00
20,1424,LLOYDSENGG,EQ,9915005,2234520,22.54
20,1425,LLOYDSENT,EQ,4046488,2618990,64.72
20,1426,LLOYDSME,EQ,817318,319527,39.09
20,1427,LMW,EQ,5489,4005,72.96
20,1428,LODHA,EQ,2072547,859232,41.46
20,1429,LOKESHMACH,EQ,54440,34337,63.07
20,1430,LOTUSEYE,EQ,29951,17721,59.17
20,1431,LOVABLE,EQ,19114,12276,64.23
20,1432,LOWVOL,EQ,235761,234721,99.56
20,1433,LOWVOL1,EQ,113232,59883,52.89
20,1434,LOWVOLIETF,EQ,1465424,817018,55.75
20,1435,LRRPL,ST,12000,12000,100.00
20,1436,LT,EQ,2137212,1446498,67.68
20,1437,LTF,EQ,10154047,4018829,39.58
20,1438,LTFOODS,EQ,748544,316575,42.29
20,1439,LTGILTBEES,EQ,6621620,6089187,91.96
20,1440,LTIM,EQ,453385,254737,56.19
20,1441,LTTS,EQ,123685,51131,41.34
20,1442,LUMAXIND,EQ,10402,8829,84.88
20,1443,LUMAXTECH,EQ,348327,174659,50.14
20,1444,LUPIN,EQ,746277,401088,53.75
20,1445,LUXIND,EQ,78809,34921,44.31
20,1446,LXCHEM,EQ,1609488,942960,58.59
20,1447,LYKALABS,EQ,422065,142862,33.85
20,1448,LYPSAGEMS,EQ,38865,26821,69.01
20,1449,MACOBSTECH,SM,7200,4000,55.56
20,1450,MACPOWER,EQ,21791,14990,68.79
20,1451,MADHAV,EQ,88674,31029,34.99
20,1452,MADHAVBAUG,SM,10800,10800,100.00
20,1453,MADHUCON,EQ,47493,32685,68.82
20,1454,MADHUSUDAN,SM,41000,31000,75.61
20,1455,MADRASFERT,EQ,288113,112608,39.08
20,1456,MAFANG,EQ,1295132,639116,49.35
20,1457,MAGADSUGAR,EQ,14016,9578,68.34
20,1458,MAGNUM,EQ,157468,61560,39.09
20,1459,MAGSON,SM,20000,18000,90.00
20,1460,MAHABANK,EQ,15380801,5575248,36.25
20,1461,MAHAPEXLTD,EQ,15926,11889,74.65
20,1462,MAHEPC,EQ,96889,49941,51.54
20,1463,MAHESHWARI,EQ,31712,21564,68.00
20,1464,MAHICKRA,SM,5250,5250,100.00
20,1465,MAHKTECH,EQ,1449264,1168118,80.60
20,1466,MAHLIFE,EQ,249776,126566,50.67
20,1467,MAHLOG,EQ,112580,64928,57.67
20,1468,MAHSCOOTER,EQ,4200,2295,54.64
20,1469,MAHSEAMLES,EQ,329612,165527,50.22
20,1470,MAITHANALL,EQ,56260,31821,56.56
20,1471,MAITREYA,ST,8000,6400,80.00
20,1472,MAKEINDIA,EQ,38396,22500,58.60
20,1473,MAL,SM,22400,16000,71.43
20,1474,MALLCOM,EQ,3552,2715,76.44
20,1475,MALUPAPER,EQ,36472,22455,61.57
20,1476,MAMATA,EQ,675413,261575,38.73
20,1477,MANAKALUCO,EQ,40308,24415,60.57
20,1478,MANAKSIA,EQ,41577,27394,65.89
20,1479,MANAKSTEEL,EQ,75197,48659,64.71
20,1480,MANALIPETC,EQ,302497,159080,52.59
20,1481,MANAPPURAM,EQ,8391545,2803837,33.41
20,1482,MANBA,EQ,248802,109410,43.97
20,1483,MANCREDIT,EQ,42821,13006,30.37
20,1484,MANDEEP,SM,16000,14000,87.50
20,1485,MANGALAM,EQ,36843,22346,60.65
20,1486,MANGCHEFER,EQ,526631,306402,58.18
20,1487,MANGLMCEM,EQ,151795,93642,61.69
20,1488,MANINDS,EQ,251987,140064,55.58
20,1489,MANINFRA,EQ,2035247,857584,42.14
20,1490,MANKIND,EQ,1123946,650989,57.92
20,1491,MANOMAY,EQ,63525,12757,20.08
20,1492,MANORAMA,EQ,81068,59671,73.61
20,1493,MANORG,EQ,8680,7564,87.14
20,1494,MANUGRAPH,EQ,29570,21017,71.08
20,1495,MANYAVAR,EQ,815613,728610,89.33
20,1496,MAPMYINDIA,EQ,110895,58820,53.04
20,1497,MARALOVER,EQ,33840,19268,56.94
20,1498,MARATHON,EQ,196731,116743,59.34
20,1499,MARCO,SM,15000,13500,90.00
20,1500,MARICO,EQ,3161422,2092881,66.20
20,1501,MARINETRAN,ST,4000,4000,100.00
20,1502,MARKSANS,EQ,2335960,1002362,42.91
20,1503,MARUTI,EQ,253524,122296,48.24
20,1504,MASFIN,EQ,212042,110482,52.10
20,1505,MASON,ST,6000,6000,100.00
20,1506,MASPTOP50,EQ,352200,240294,68.23
20,1507,MASTEK,EQ,104534,52315,50.05
20,1508,MASTER,SM,500,500,100.00
20,1509,MASTERTR,EQ,158763,111118,69.99
20,1510,MATRIMONY,EQ,29642,21690,73.17
20,1511,MAWANASUG,EQ,96890,60251,62.18
20,1512,MAXESTATES,EQ,180672,88952,49.23
20,1513,MAXHEALTH,EQ,2265175,1274043,56.24
20,1514,MAXIND,EQ,69884,43476,62.21
20,1515,MAXPOSURE,SM,10000,9000,90.00
20,1516,MAYURUNIQ,EQ,105329,52574,49.91
20,1517,MAZDA,EQ,343092,35497,10.35
20,1518,MAZDOCK,EQ,2191902,574071,26.19
20,1519,MBAPL,EQ,204168,87603,42.91
20,1520,MBLINFRA,EQ,98865,53297,53.91
20,1521,MCON,ST,3000,3000,100.00
20,1522,MCX,EQ,552543,262694,47.54
20,1523,MEDANTA,EQ,528901,407420,77.03
20,1524,MEDIASSIST,EQ,103672,52228,50.38
20,1525,MEDICAMEQ,EQ,33974,15041,44.27
20,1526,MEDICO,EQ,1988659,739867,37.20
20,1527,MEDIORG,ST,56000,50000,89.29
20,1528,MEDPLUS,EQ,175445,108817,62.02
20,1529,MEGAFLEX,SM,6000,3000,50.00
20,1530,MEGASTAR,EQ,20052,9164,45.70
20,1531,MEGATHERM,SM,27600,17200,62.32
20,1532,MENONBE,EQ,36130,23043,63.78
20,1533,METAL,EQ,510881,422706,82.74
20,1534,METALIETF,EQ,5702032,3593928,63.03
20,1535,METROBRAND,EQ,78616,35825,45.57
20,1536,METROPOLIS,EQ,127600,52288,40.98
20,1537,MFSL,EQ,639893,436499,68.21
20,1538,MGEL,EQ,596657,216387,36.27
20,1539,MGL,EQ,642122,293277,45.67
20,1540,MHHL,SM,157500,108000,68.57
20,1541,MHRIL,EQ,110352,57218,51.85
20,1542,MICEL,EQ,319327,215008,67.33
20,1543,MICROPRO,SM,12800,11200,87.50
20,1544,MID150BEES,EQ,1373977,1031779,75.09
20,1545,MID150CASE,EQ,2632435,2118210,80.47
20,1546,MIDCAP,EQ,83708,51332,61.32
20,1547,MIDCAPETF,EQ,4237391,3345742,78.96
20,1548,MIDCAPIETF,EQ,1662246,743998,44.76
20,1549,MIDHANI,EQ,303875,145170,47.77
20,1550,MIDQ50ADD,EQ,8751,8105,92.62
20,1551,MIDSELIETF,EQ,875297,472080,53.93
20,1552,MIDSMALL,EQ,804094,621562,77.30
20,1553,MIEL,ST,8000,8000,100.00
20,1554,MINDACORP,EQ,327916,134089,40.89
20,1555,MINDSPACE,RR,527912,516359,97.81
20,1556,MINDTECK,EQ,46050,21758,47.25
20,1557,MIRCELECTR,EQ,707250,379360,53.64
20,1558,MIRZAINT,EQ,196602,106700,54.27
20,1559,MITCON,EQ,9764,6794,69.58
20,1560,MITCONPP,E1,726,400,55.10
20,1561,MITTAL,EQ,4070028,2908230,71.45
20,1562,M&M,EQ,2207294,1395215,63.21
20,1563,M&MFIN,EQ,2684374,680702,25.36
20,1564,M&MFIN,N3,7,7,100.00
20,1565,MMFL,EQ,61815,31797,51.44
20,1566,MMP,EQ,64553,42095,65.21
20,1567,MMTC,EQ,2814196,731675,26.00
20,1568,MNC,EQ,62756,32354,51.56
20,1569,MOBIKWIK,EQ,11645406,876741,7.53
20,1570,MODEFENCE,EQ,1132008,968038,85.52
20,1571,MODIRUBBER,EQ,6248,4734,75.77
20,1572,MODISONLTD,EQ,50957,28077,55.10
20,1573,MOGSEC,EQ,2124,1731,81.50
20,1574,MOHEALTH,EQ,199649,173766,87.04
20,1575,MOIL,EQ,4541764,1022256,22.51
20,1576,MOKSH,EQ,196722,139911,71.12
20,1577,MOL,EQ,705340,336131,47.66
20,1578,MOLDTECH,EQ,95331,57139,59.94
20,1579,MOLDTKPAC,EQ,85421,52342,61.28
20,1580,MOLOWVOL,EQ,3139,2219,70.69
20,1581,MOM100,EQ,1144872,783905,68.47
20,1582,MOM30IETF,EQ,2443013,1718166,70.33
20,1583,MOM50,EQ,18224,9524,52.26
20,1584,MOMENTUM,EQ,272025,162944,59.90
20,1585,MOMENTUM50,EQ,1139925,1067266,93.63
20,1586,MOMOMENTUM,EQ,315929,229863,72.76
20,1587,MON100,EQ,1298649,929253,71.56
20,1588,MONARCH,EQ,125899,62901,49.96
20,1589,MONIFTY500,EQ,455849,382867,83.99
20,1590,MONOPHARMA,SM,2000,2000,100.00
20,1591,MONQ50,EQ,292968,183106,62.50
20,1592,MONTECARLO,EQ,32630,15722,48.18
20,1593,MOQUALITY,EQ,2265,2018,89.09
20,1594,MOREALTY,EQ,579351,468029,80.79
20,1595,MOREPENLAB,EQ,6127016,2433352,39.72
20,1596,MOS,ST,30000,29200,97.33
20,1597,MOSMALL250,EQ,2122331,1626483,76.64
20,1598,MOTHERSON,EQ,14098912,7959815,56.46
20,1599,MOTILALOFS,EQ,1903029,709285,37.27
20,1600,MOTISONS,EQ,1634237,1021562,62.51
20,1601,MOTOGENFIN,EQ,32802,21491,65.52
20,1602,MOVALUE,EQ,150897,84458,55.97
20,1603,MPHASIS,EQ,327553,162376,49.57
20,1604,MPSLTD,EQ,21476,11478,53.45
20,1605,MPTODAY,SM,2000,2000,100.00
20,1606,MRF,EQ,9530,3254,34.14
20,1607,MRO-TEK,EQ,15559,10413,66.93
20,1608,MRPL,EQ,3311980,834150,25.19
20,1609,MSPL,EQ,1279005,928068,72.56
20,1610,MSTCLTD,EQ,243840,110758,45.42
20,1611,MSUMI,EQ,10398979,6655175,64.00
20,1612,MTARTECH,EQ,201774,98630,48.88
20,1613,MTNL,EQ,3383554,939790,27.78
20,1614,MUFIN,EQ,174107,96959,55.69
20,1615,MUFTI,EQ,234924,119118,50.70
20,1616,MUKANDLTD,EQ,168311,106696,63.39
20,1617,MUKKA,EQ,550591,255356,46.38
20,1618,MUKTAARTS,EQ,20425,12860,62.96
20,1619,MULTICAP,EQ,570479,441233,77.34
20,1620,MUNJALAU,EQ,207907,94263,45.34
20,1621,MUNJALSHOW,EQ,50319,32271,64.13
20,1622,MURUDCERA,EQ,69975,43789,62.58
20,1623,MUTHOOTCAP,EQ,25333,14932,58.94
20,1624,MUTHOOTFIN,EQ,473794,315074,66.50
20,1625,MUTHOOTMF,EQ,158848,71975,45.31
20,1626,MVGJL,EQ,407214,185955,45.67
20,1627,MVKAGRO,SM,19200,18000,93.75
20,1628,MWL,SM,6000,6000,100.00
20,1629,MYMUDRA,SM,37200,20400,54.84
20,1630,NACLIND,EQ,484439,183211,37.82
20,1631,NAGAFERT,EQ,1351503,768949,56.90
20,1632,NAHARCAP,EQ,9300,3924,42.19
20,1633,NAHARINDUS,EQ,26632,15847,59.50
20,1634,NAHARPOLY,EQ,21799,11674,53.55
20,1635,NAHARSPING,EQ,35346,18956,53.63
20,1636,NAMAN,ST,20800,20800,100.00
20,1637,NAM-INDIA,EQ,1051210,564405,53.69
20,1638,NAMOEWASTE,ST,56000,51200,91.43
20,1639,NARMADA,EQ,181290,124579,68.72
20,1640,NATCOPHARM,EQ,650320,323535,49.75
20,1641,NATHBIOGEN,EQ,28480,21448,75.31
20,1642,NATIONALUM,EQ,9577626,4029116,42.07
20,1643,NAUKRI,EQ,610561,323001,52.90
20,1644,NAVA,EQ,201461,107601,53.41
20,1645,NAVINFLUOR,EQ,654796,395349,60.38
20,1646,NAVKARCORP,EQ,3568775,1038840,29.11
20,1647,NAVNETEDUL,EQ,272390,198265,72.79
20,1648,NAZARA,EQ,411423,175679,42.70
20,1649,NBCC,EQ,13526434,4674378,34.56
20,1650,NCC,EQ,4285699,2052737,47.90
20,1651,NCLIND,EQ,123625,51852,41.94
20,1652,NDL,EQ,3148848,1870596,59.41
20,1653,NDLVENTURE,EQ,7950,3940,49.56
20,1654,NDRAUTO,EQ,53035,21616,40.76
20,1655,NDTV,EQ,331232,142351,42.98
20,1656,NECCLTD,EQ,502477,214115,42.61
20,1657,NEELAM,ST,24000,18000,75.00
20,1658,NELCAST,EQ,62119,38080,61.30
20,1659,NELCO,EQ,164825,78186,47.44
20,1660,NEOGEN,EQ,43019,18774,43.64
20,1661,NEPHROCARE,SM,14000,12000,85.71
20,1662,NESCO,EQ,58810,26758,45.50
20,1663,NESTLEIND,EQ,804531,479639,59.62
20,1664,NETF,EQ,6129,5140,83.86
20,1665,NETWEB,EQ,372109,159817,42.95
20,1666,NETWORK18,EQ,6578813,3293363,50.06
20,1667,NEULANDLAB,EQ,76016,45099,59.33
20,1668,NEWGEN,EQ,533999,367554,68.83
20,1669,NEWJAISA,SM,19500,16500,84.62
20,1670,NEXT50,EQ,120335,113630,94.43
20,1671,NEXT50IETF,EQ,2391942,1390163,58.12
20,1672,NFL,EQ,2345113,839368,35.79
20,1673,NGIL,EQ,113147,14458,12.78
20,1674,NGILPP1,E1,16641,16166,97.15
20,1675,NGLFINE,EQ,5539,3850,69.51
20,1676,NH,EQ,327624,173348,52.91
20,1677,NHIT,IV,75000,75000,100.00
20,1678,NHPC,EQ,28515075,13270911,46.54
20,1679,NIACL,EQ,878880,335637,38.19
20,1680,NIDAN,SM,9000,9000,100.00
20,1681,NIDOZC26,N7,49,49,100.00
20,1682,NIF100BEES,EQ,111626,64201,57.51
20,1683,NIF100IETF,EQ,448129,304096,67.86
20,1684,NIF10GETF,EQ,620,595,95.97
20,1685,NIF5GETF,EQ,219,218,99.54
20,1686,NIFITETF,EQ,1676,1335,79.65
20,1687,NIFMID150,EQ,4702,2171,46.17
20,1688,NIFTY1,EQ,268658,201659,75.06
20,1689,NIFTY50ADD,EQ,27096,22090,81.52
20,1690,NIFTYBEES,EQ,11388279,8725680,76.62
20,1691,NIFTYBETF,EQ,9865,4807,48.73
20,1692,NIFTYETF,EQ,3292088,3260447,99.04
20,1693,NIFTYIETF,EQ,815262,518467,63.60
20,1694,NIFTYQLITY,EQ,63896,43086,67.43
20,1695,NIITLTD,EQ,1993431,875476,43.92
20,1696,NIITMTS,EQ,138811,110018,79.26
20,1697,NILAINFRA,EQ,874863,370060,42.30
20,1698,NILKAMAL,EQ,2555,1957,76.59
20,1699,NINSYS,EQ,9525,5126,53.82
20,1700,NIPPOBATRY,EQ,5632,3537,62.80
20,1701,NIRMAN,SM,61200,52200,85.29
20,1702,NITINSPIN,EQ,167062,89096,53.33
20,1703,NITIRAJ,EQ,8370,4438,53.02
20,1704,NIVABUPA,EQ,1582267,753919,47.65
20,1705,NLCINDIA,EQ,1263302,434282,34.38
20,1706,NMDC,EQ,27510117,12887393,46.85
20,1707,NMSTEEL,SM,102400,88000,85.94
20,1708,NOCIL,EQ,469625,308581,65.71
20,1709,NORTHARC,EQ,435018,262787,60.41
20,1710,NOVAAGRI,EQ,311076,166287,53.46
20,1711,NPBET,EQ,686,427,62.24
20,1712,NPST,SM,27600,22100,80.07
20,1713,NRAIL,EQ,1860,874,46.99
20,1714,NRBBEARING,EQ,154906,76957,49.68
20,1715,NSIL,EQ,22297,10289,46.15
20,1716,NSLNISP,EQ,4378544,2098098,47.92
20,1717,NTPC,EQ,29630336,20467783,69.08
20,1718,NTPCGREEN,EQ,15447722,5940264,38.45
20,1719,NUCLEUS,EQ,26160,16166,61.80
20,1720,NURECA,EQ,259990,79596,30.62
20,1721,NUVAMA,EQ,229616,136407,59.41
20,1722,NUVOCO,EQ,241857,170905,70.66
20,1723,NV20,EQ,22403,16074,71.75
20,1724,NV20BEES,EQ,42511,35097,82.56
20,1725,NV20IETF,EQ,1704035,1142629,67.05
20,1726,NXST,RR,553849,498667,90.04
20,1727,NYKAA,EQ,9025308,3124252,34.62
20,1728,OAL,EQ,21325,10869,50.97
20,1729,OBCL,EQ,57935,52544,90.69
20,1730,OBEROIRLTY,EQ,707321,242435,34.28
20,1731,OBSCP,ST,7200,7200,100.00
20,1732,OCCL,EQ,31372,14756,47.04
20,1733,OCCLLTD,EQ,505283,261540,51.76
20,1734,OFSS,EQ,122849,37956,30.90
20,1735,OIL,EQ,9815743,1847670,18.82
20,1736,OILIETF,EQ,1729422,1052599,60.86
20,1737,OLAELEC,EQ,32634298,7386535,22.63
20,1738,OLECTRA,EQ,709182,325914,45.96
20,1739,OLIL,SM,10800,10800,100.00
20,1740,OMAXAUTO,EQ,34804,23120,66.43
20,1741,OMAXE,EQ,151558,88973,58.71
20,1742,OMFURN,ST,40800,40800,100.00
20,1743,OMINFRAL,EQ,175649,96426,54.90
20,1744,ONDOOR,ST,1500,1500,100.00
20,1745,ONELIFECAP,EQ,11528,6794,58.93
20,1746,ONEPOINT,EQ,1404865,592274,42.16
20,1747,ONGC,EQ,20416370,5391220,26.41
20,1748,ONMOBILE,EQ,519745,212288,40.84
20,1749,ONWARDTEC,EQ,43604,24694,56.63
20,1750,ONYX,ST,68000,68000,100.00
20,1751,OPTIEMUS,EQ,218120,145302,66.62
20,1752,ORCHPHARMA,EQ,144639,74102,51.23
20,1753,ORIANA,SM,160050,100650,62.89
20,1754,ORICONENT,EQ,833966,480663,57.64
20,1755,ORIENTALTL,EQ,656262,467675,71.26
20,1756,ORIENTBELL,EQ,31584,17020,53.89
20,1757,ORIENTCEM,EQ,467009,318189,68.13
20,1758,ORIENTCER,EQ,66237,35502,53.60
20,1759,ORIENTELEC,EQ,241244,148497,61.55
20,1760,ORIENTHOT,EQ,275740,141147,51.19
20,1761,ORIENTPPR,EQ,1538507,616442,40.07
20,1762,ORIENTTECH,EQ,1065559,287518,26.98
20,1763,ORISSAMINE,EQ,7646,3579,46.81
20,1764,ORTINGLOBE,EQ,2170,1549,71.38
20,1765,OSELDEVICE,ST,44800,40800,91.07
20,1766,OSWALAGRO,EQ,47796,29240,61.18
20,1767,OSWALGREEN,EQ,634295,258819,40.80
20,1768,OWAIS,SM,66600,44600,66.97
20,1769,PAGEIND,EQ,27472,14637,53.28
20,1770,PAISALO,EQ,2801477,1585074,56.58
20,1771,PAKKA,EQ,190343,98390,51.69
20,1772,PALASHSECU,EQ,8258,4697,56.88
20,1773,PANACEABIO,EQ,130971,72494,55.35
20,1774,PANAMAPET,EQ,65823,43243,65.70
20,1775,PANSARI,EQ,498,239,47.99
20,1776,PAR,EQ,80721,44412,55.02
20,1777,PARACABLES,EQ,1994976,827899,41.50
20,1778,PARADEEP,EQ,5002240,1697334,33.93
20,1779,PARAGMILK,EQ,610008,303694,49.79
20,1780,PARAGON,ST,28800,24000,83.33
20,1781,PARAMATRIX,SM,4800,4800,100.00
20,1782,PARAMOUNT,SM,6000,4800,80.00
20,1783,PARAS,EQ,147492,63541,43.08
20,1784,PARASPETRO,EQ,450866,250259,55.51
20,1785,PARKHOTELS,EQ,502436,222204,44.23
20,1786,PARTYCRUS,SM,7000,6000,85.71
20,1787,PASHUPATI,ST,56000,56000,100.00
20,1788,PATANJALI,EQ,490318,232861,47.49
20,1789,PATELENG,EQ,5509647,2331146,42.31
20,1790,PATINTLOG,EQ,265855,143278,53.89
20,1791,PAYTM,EQ,11744306,2633037,22.42
20,1792,PCBL,EQ,12985020,4206872,32.40
20,1793,PCCL,SM,276000,177200,64.20
20,1794,PCJEWELLER,EQ,11250575,7010319,62.31
20,1795,PDMJEPAPER,EQ,553651,171965,31.06
20,1796,PDSL,EQ,132888,81705,61.48
20,1797,PEARLPOLY,EQ,41588,30011,72.16
20,1798,PEL,EQ,491408,174773,35.57
20,1799,PELATRO,ST,14400,13800,95.83
20,1800,PENIND,EQ,731700,323239,44.18
20,1801,PENINLAND,EQ,794286,386266,48.63
20,1802,PENTAGON,SM,11000,8000,72.73
20,1803,PERFECT,ST,24000,24000,100.00
20,1804,PERSISTENT,EQ,540037,324842,60.15
20,1805,PETRONET,EQ,1915376,1121152,58.53
20,1806,PFC,EQ,11102746,4250043,38.28
20,1807,PFIZER,EQ,17531,7497,42.76
20,1808,PFOCUS,EQ,78333,53819,68.71
20,1809,PFS,EQ,1202023,626870,52.15
20,1810,PGEL,EQ,1597653,717557,44.91
20,1811,PGHH,EQ,2291,1337,58.36
20,1812,PGHL,EQ,7391,4369,59.11
20,1813,PGIL,EQ,180874,99337,54.92
20,1814,PGINVIT,IV,1393646,1216465,87.29
20,1815,PHANTOMFX,ST,23400,22500,96.15
20,1816,PHARMABEES,EQ,3688428,2146451,58.19
20,1817,PHOENIXLTD,EQ,1766308,876431,49.62
20,1818,PHOGLOBAL,ST,22000,22000,100.00
20,1819,PIDILITIND,EQ,372676,216190,58.01
20,1820,PIIND,EQ,376760,197773,52.49
20,1821,PILANIINVS,EQ,6343,3556,56.06
20,1822,PILITA,EQ,326730,223225,68.32
20,1823,PITTIENG,EQ,153789,76642,49.84
20,1824,PIXTRANS,EQ,70224,39758,56.62
20,1825,PLADAINFO,SM,9000,6000,66.67
20,1826,PLASTIBLEN,EQ,16022,12131,75.71
20,1827,PLATIND,EQ,342405,157705,46.06
20,1828,PLAZACABLE,EQ,54975,40388,73.47
20,1829,PNB,EQ,32108507,11605040,36.14
20,1830,PNBGILTS,EQ,629133,311721,49.55
20,1831,PNBHOUSING,EQ,1655083,801504,48.43
20,1832,PNC,EQ,33838,19078,56.38
20,1833,PNCINFRA,EQ,565693,234289,41.42
20,1834,PNGJL,EQ,719321,356525,49.56
20,1835,POCL,EQ,69452,44646,64.28
20,1836,PODDARMENT,EQ,4313,2680,62.14
20,1837,POKARNA,EQ,104701,45755,43.70
20,1838,POLICYBZR,EQ,2739327,1405407,51.30
20,1839,POLYCAB,EQ,282470,133003,47.09
20,1840,POLYMED,EQ,129616,80335,61.98
20,1841,POLYPLEX,EQ,256436,137864,53.76
20,1842,POLYSIL,SM,10000,10000,100.00
20,1843,PONNIERODE,EQ,21843,12318,56.39
20,1844,POONAWALLA,EQ,2124362,1067802,50.26
20,1845,POSITRON,ST,21900,21000,95.89
20,1846,POWERGRID,EQ,19474228,12794140,65.70
20,1847,POWERINDIA,EQ,42954,11349,26.42
20,1848,POWERMECH,EQ,72157,26699,37.00
20,1849,PPAP,EQ,22079,15158,68.65
20,1850,PPL,EQ,104330,51668,49.52
20,1851,PPLPHARMA,EQ,34819521,6498719,18.66
20,1852,PPSL,SM,177000,135000,76.27
20,1853,PRAENG,EQ,149303,119459,80.01
20,1854,PRAJIND,EQ,660875,274997,41.61
20,1855,PRAKASH,EQ,737964,402889,54.59
20,1856,PRAKASHSTL,EQ,485050,292046,60.21
20,1857,PRAMARA,SM,7000,4000,57.14
20,1858,PRANIK,SM,8000,8000,100.00
20,1859,PRATHAM,ST,18800,18400,97.87
20,1860,PRECAM,EQ,378593,198414,52.41
20,1861,PRECISION,ST,18000,12000,66.67
20,1862,PRECWIRE,EQ,688207,336147,48.84
20,1863,PREMEXPLN,EQ,169262,80941,47.82
20,1864,PREMIERENE,EQ,2321556,502912,21.66
20,1865,PREMIUM,SM,51000,51000,100.00
20,1866,PRESSTONIC,ST,5600,5600,100.00
20,1867,PRESTIGE,EQ,1025557,618940,60.35
20,1868,PRICOLLTD,EQ,538305,222504,41.33
20,1869,PRIMESECU,EQ,81102,52264,64.44
20,1870,PRINCEPIPE,EQ,135482,63399,46.80
20,1871,PRITI,EQ,44415,23577,53.08
20,1872,PRITIKA,ST,31000,21000,67.74
20,1873,PRITIKAUTO,EQ,304675,161518,53.01
20,1874,PRIVISCL,EQ,46202,27355,59.21
20,1875,PRIZOR,ST,18400,18400,100.00
20,1876,PRLIND,SM,111000,71000,63.96
20,1877,PROLIFE,SM,4500,3000,66.67
20,1878,PROPEQUITY,SM,1800,1800,100.00
20,1879,PROV,SM,640,640,100.00
20,1880,PRSMJOHNSN,EQ,5843706,276303,4.73
20,1881,PRUDENT,EQ,101763,76120,74.80
20,1882,PSB,EQ,1010261,414739,41.05
20,1883,PSFL,SM,14000,10000,71.43
20,1884,PSPPROJECT,EQ,112716,65459,58.07
20,1885,PSUBANK,EQ,55255,40799,73.84
20,1886,PSUBANKADD,EQ,16022,11995,74.87
20,1887,PSUBNKBEES,EQ,4338233,2402341,55.38
20,1888,PSUBNKIETF,EQ,307611,170602,55.46
20,1889,PTC,EQ,2425648,1222111,50.38
20,1890,PTCIL,EQ,20906,10681,51.09
20,1891,PTL,EQ,82278,49998,60.77
20,1892,PULZ,ST,12000,12000,100.00
20,1893,PUNJABCHEM,EQ,5283,3099,58.66
20,1894,PURPLEUTED,SM,81000,48000,59.26
20,1895,PURVA,EQ,136439,34864,25.55
20,1896,PURVFLEXI,SM,5600,4800,85.71
20,1897,PVP,EQ,249993,139922,55.97
20,1898,PVRINOX,EQ,807130,338052,41.88
20,1899,PVSL,EQ,94835,65392,68.95
20,1900,PVTBANIETF,EQ,1994065,1231635,61.77
20,1901,PVTBANKADD,EQ,126510,108237,85.56
20,1902,PYRAMID,EQ,109086,66225,60.71
20,1903,QFIL,SM,2000,2000,100.00
20,1904,QGOLDHALF,EQ,301271,273591,90.81
20,1905,QMSMEDI,SM,16000,16000,100.00
20,1906,QNIFTY,EQ,1108,626,56.50
20,1907,QUADPRO,SM,72000,60000,83.33
20,1908,QUAL30IETF,EQ,374922,297186,79.27
20,1909,QUESS,EQ,582761,160342,27.51
20,1910,QUESTLAB,ST,26400,22800,86.36
20,1911,QUICKHEAL,EQ,114548,47009,41.04
20,1912,QUICKTOUCH,ST,8500,8000,94.12
20,1913,QVCEL,ST,11200,11200,100.00
20,1914,RACE,EQ,22354,12995,58.13
20,1915,RACLGEAR,EQ,12512,9114,72.84
20,1916,RADHIKAJWE,EQ,281347,162688,57.82
20,1917,RADIANTCMS,EQ,188572,125769,66.70
20,1918,RADICO,EQ,262724,147134,56.00
20,1919,RADIOCITY,EQ,119570,76759,64.20
20,1920,RADIOCITY,P1,3459,3459,100.00
20,1921,RADIOWALLA,SM,12800,9600,75.00
20,1922,RAILTEL,EQ,2786746,579443,20.79
20,1923,RAIN,EQ,2490619,1192147,47.87
20,1924,RAINBOW,EQ,145400,71473,49.16
20,1925,RAJESHEXPO,EQ,746492,398257,53.35
20,1926,RAJINDLTD,SM,33000,30000,90.91
20,1927,RAJMET,EQ,1058060,626366,59.20
20,1928,RAJPUTANA,SM,57000,47000,82.46
20,1929,RAJRATAN,EQ,37682,20676,54.87
20,1930,RAJSREESUG,EQ,49028,28461,58.05
20,1931,RALLIS,EQ,290126,127178,43.84
20,1932,RAMANEWS,EQ,145736,49903,34.24
20,1933,RAMAPHO,EQ,87595,51082,58.32
20,1934,RAMASTEEL,EQ,9107580,3894672,42.76
20,1935,RAMCOCEM,EQ,621282,282044,45.40
20,1936,RAMCOIND,EQ,176747,95393,53.97
20,1937,RAMCOSYS,EQ,142086,78842,55.49
20,1938,RAMKY,EQ,107313,82177,76.58
20,1939,RAMRAT,EQ,28866,18720,64.85
20,1940,RANASUG,EQ,407883,234286,57.44
20,1941,RANEENGINE,EQ,5366,3077,57.34
20,1942,RANEHOLDIN,EQ,15201,9947,65.44
20,1943,RAPPID,ST,35400,34800,98.31
20,1944,RATEGAIN,EQ,235660,149409,63.40
20,1945,RATNAMANI,EQ,28525,13780,48.31
20,1946,RATNAVEER,EQ,271684,146831,54.04
20,1947,RAYMOND,EQ,306482,98360,32.09
20,1948,RAYMONDLSL,EQ,148039,73805,49.86
20,1949,RBA,EQ,3638718,1301530,35.77
20,1950,RBL,EQ,5286,2351,44.48
20,1951,RBLBANK,EQ,6529856,1918144,29.37
20,1952,RBMINFRA,SM,57400,39600,68.99
20,1953,RBS,ST,70400,60800,86.36
20,1954,RBZJEWEL,EQ,218842,117784,53.82
20,1955,RCDL,SM,9000,6000,66.67
20,1956,RCF,EQ,2517763,725382,28.81
20,1957,RECLTD,EQ,11872696,4045983,34.08
20,1958,REDINGTON,EQ,3787570,1541509,40.70
20,1959,REDTAPE,EQ,109584,56259,51.34
20,1960,REFEX,EQ,219717,148030,67.37
20,1961,REFRACTORY,ST,13000,13000,100.00
20,1962,RELAXO,EQ,78867,40801,51.73
20,1963,RELCHEMQ,EQ,3516,2501,71.13
20,1964,RELIABLE,EQ,5786,2650,45.80
20,1965,RELIANCE,EQ,13764861,9783488,71.08
20,1966,RELIGARE,EQ,1644210,1000223,60.83
20,1967,RELINFRA,EQ,2071284,1063479,51.34
20,1968,RELTD,EQ,85352,52091,61.03
20,1969,REMSONSIND,EQ,185584,122016,65.75
20,1970,REMUS,SM,1900,1400,73.68
20,1971,RENUKA,EQ,7973353,3492755,43.81
20,1972,REPCOHOME,EQ,222606,125685,56.46
20,1973,REPRO,EQ,10050,6471,64.39
20,1974,RESPONIND,EQ,514381,390376,75.89
20,1975,RETAIL,EQ,3962,2365,59.69
20,1976,REXPIPES,SM,4000,4000,100.00
20,1977,RGL,EQ,951591,406881,42.76
20,1978,RHIM,EQ,217830,134006,61.52
20,1979,RICHA,SM,9000,8000,88.89
20,1980,RICOAUTO,EQ,562411,217413,38.66
20,1981,RIIL,EQ,257723,84353,32.73
20,1982,RILINFRA,SM,35600,29700,83.43
20,1983,RISHABH,EQ,29004,18288,63.05
20,1984,RITCO,EQ,73311,35162,47.96
20,1985,RITES,EQ,1617500,477909,29.55
20,1986,RITEZONE,SM,1600,1600,100.00
20,1987,RKEC,EQ,79858,45797,57.35
20,1988,RKFORGE,EQ,4287010,398624,9.30
20,1989,RKSWAMY,EQ,81166,49608,61.12
20,1990,RMDRIP,ST,7500,7000,93.33
20,1991,RML,EQ,13368,8264,61.82
20,1992,RNFI,ST,224400,212400,94.65
20,1993,ROCKINGDCE,SM,33750,25500,75.56
20,1994,ROHLTD,EQ,79027,29107,36.83
20,1995,ROLEXRINGS,EQ,11795,5704,48.36
20,1996,ROML,EQ,18989,11138,58.66
20,1997,ROSSARI,EQ,159051,60930,38.31
20,1998,ROSSTECH,EQ,25584,15928,62.26
20,1999,ROTO,EQ,226112,143932,63.66
20,2000,ROUTE,EQ,56348,28849,51.20
20,2001,ROXHITECH,SM,86400,57600,66.67
20,2002,RPEL,EQ,82399,46818,56.82
20,2003,RPGLIFE,EQ,23997,12455,51.90
20,2004,RPOWER,EQ,21074467,10588871,50.25
20,2005,RPPL,EQ,144632,84593,58.49
20,2006,RPSGVENT,EQ,64095,31414,49.01
20,2007,RPTECH,EQ,181073,112143,61.93
20,2008,RRKABEL,EQ,69075,29332,42.46
20,2009,RSWM,EQ,55198,33214,60.17
20,2010,RSYSTEMS,EQ,176208,131081,74.39
20,2011,RTNINDIA,EQ,3964641,1602510,40.42
20,2012,RTNPOWER,EQ,22707343,11415423,50.27
20,2013,RUBFILA,EQ,68411,36385,53.19
20,2014,RUBYMILLS,EQ,35368,17609,49.79
20,2015,RUCHINFRA,EQ,126799,97645,77.01
20,2016,RUCHIRA,EQ,20882,11177,53.52
20,2017,RULKA,SM,27300,23100,84.62
20,2018,RUPA,EQ,150746,93401,61.96
20,2019,RUSHIL,EQ,837212,465729,55.63
20,2020,RUSTOMJEE,EQ,37740,22114,58.60
20,2021,RVNL,EQ,8523323,3351312,39.32
20,2022,SAAKSHI,SM,7800,7200,92.31
20,2023,SABTNL,EQ,390,390,100.00
20,2024,SADBHAV,EQ,1001511,506203,50.54
20,2025,SADBHIN,EQ,295728,189253,64.00
20,2026,SADHAV,SM,39000,35400,90.77
20,2027,SADHNANIQ,EQ,440956,246663,55.94
20,2028,SAFARI,EQ,31640,18400,58.15
20,2029,SAGARDEEP,EQ,25876,16034,61.96
20,2030,SAGCEM,EQ,99342,63080,63.50
20,2031,SAHAJSOLAR,SM,39000,24200,62.05
20,2032,SAHANA,ST,11750,11750,100.00
20,2033,SAHASRA,SM,88800,66000,74.32
20,2034,SAHYADRI,EQ,9652,8555,88.63
20,2035,SAIFL,SM,11200,9600,85.71
20,2036,SAIL,EQ,21293325,8120663,38.14
20,2037,SAILIFE,EQ,818775,421328,51.46
20,2038,SAJHOTELS,SM,410000,380000,92.68
20,2039,SAKAR,EQ,21287,15240,71.59
20,2040,SAKHTISUG,EQ,198237,111106,56.05
20,2041,SAKSOFT,EQ,162575,90686,55.78
20,2042,SALASAR,EQ,12058862,4513460,37.43
20,2043,SALONA,EQ,2333,1362,58.38
20,2044,SALSTEEL,EQ,116589,76328,65.47
20,2045,SALZERELEC,EQ,154610,61742,39.93
20,2046,SAMHI,EQ,1586597,816643,51.47
20,2047,SAMMAANCAP,EQ,7639874,4231939,55.39
20,2048,SANATHAN,EQ,420112,194440,46.28
20,2049,SANDESH,EQ,3540,2088,58.98
20,2050,SANDHAR,EQ,110106,59096,53.67
20,2051,SANDUMA,EQ,164956,80403,48.74
20,2052,SANGAMIND,EQ,45467,23312,51.27
20,2053,SANGANI,ST,9000,9000,100.00
20,2054,SANGHIIND,EQ,683090,285869,41.85
20,2055,SANGHVIMOV,EQ,392689,181971,46.34
20,2056,SANGINITA,EQ,60832,50346,82.76
20,2057,SANOFI,EQ,22226,13536,60.90
20,2058,SANOFICONR,EQ,5030,3614,71.85
20,2059,SANSERA,EQ,154354,85232,55.22
20,2060,SANSTAR,EQ,526422,249220,47.34
20,2061,SAPPHIRE,EQ,530674,352816,66.48
20,2062,SARDAEN,EQ,752473,369486,49.10
20,2063,SAREGAMA,EQ,1161251,150984,13.00
20,2064,SAROJA,SM,3200,3200,100.00
20,2065,SARTELE,SM,135000,93500,69.26
20,2066,SARVESHWAR,EQ,6550951,2441649,37.27
20,2067,SASKEN,EQ,9488,4768,50.25
20,2068,SASTASUNDR,EQ,63318,32796,51.80
20,2069,SATECH,ST,46000,39000,84.78
20,2070,SATIA,EQ,307006,157347,51.25
20,2071,SATIN,EQ,656966,311678,47.44
20,2072,SATINDLTD,EQ,501680,296116,59.02
20,2073,SATIPOLY,SM,4500,4000,88.89
20,2074,SAURASHCEM,EQ,119120,64634,54.26
20,2075,SBC,EQ,3080941,1430486,46.43
20,2076,SBCL,EQ,104031,61834,59.44
20,2077,SBFC,EQ,1754097,845176,48.18
20,2078,SBGLP,EQ,287041,133016,46.34
20,2079,SBICARD,EQ,1012939,507539,50.11
20,2080,SBIETFCON,EQ,5983,5482,91.63
20,2081,SBIETFIT,EQ,11186,5140,45.95
20,2082,SBIETFPB,EQ,15810,13024,82.38
20,2083,SBIETFQLTY,EQ,13897,12664,91.13
20,2084,SBILIFE,EQ,1444590,865648,59.92
20,2085,SBIN,EQ,10414733,4211911,40.44
20,2086,SBINEQWETF,EQ,47720,41316,86.58
20,2087,SBISILVER,EQ,96097,82505,85.86
20,2088,SCHAEFFLER,EQ,55208,29059,52.64
20,2089,SCHAND,EQ,55164,30487,55.27
20,2090,SCHNEIDER,EQ,343381,149216,43.45
20,2091,SCI,EQ,2562263,1117664,43.62
20,2092,SCILAL,EQ,1340162,673250,50.24
20,2093,SCLZC25D,NJ,264,149,56.44
20,2094,SCML,SM,11000,10000,90.91
20,2095,SCPL,EQ,12380,9288,75.02
20,2096,SDBL,EQ,935928,452925,48.39
20,2097,SDL26BEES,EQ,13059,11406,87.34
20,2098,SDREAMS,SM,25000,20000,80.00
20,2099,SEAMECLTD,EQ,27034,14337,53.03
20,2100,SECL,ST,6250,6250,100.00
20,2101,SECMARK,EQ,1909,1343,70.35
20,2102,SECURKLOUD,EQ,33531,23055,68.76
20,2103,SEL,ST,2400,2400,100.00
20,2104,SELAN,EQ,47328,24301,51.35
20,2105,SELMC,EQ,15755,12253,77.77
20,2106,SENCO,EQ,411896,190493,46.25
20,2107,SENORES,EQ,1009910,504678,49.97
20,2108,SENSEXADD,EQ,3221,1993,61.88
20,2109,SENSEXETF,EQ,25304,19841,78.41
20,2110,SENSEXIETF,EQ,161613,27450,16.99
20,2111,SEPC,EQ,12285246,5310042,43.22
20,2112,SEQUENT,EQ,589992,252138,42.74
20,2113,SERVICE,SM,36000,30000,83.33
20,2114,SERVOTECH,EQ,753684,421164,55.88
20,2115,SESHAPAPER,EQ,16111,10163,63.08
20,2116,SETF10GILT,EQ,44826,27453,61.24
20,2117,SETFGOLD,EQ,2044574,1651878,80.79
20,2118,SETFNIF50,EQ,980529,828264,84.47
20,2119,SETFNIFBK,EQ,237670,206961,87.08
20,2120,SETFNN50,EQ,142688,123222,86.36
20,2121,SFIL25,NS,12,12,100.00
20,2122,SFL,EQ,142431,75665,53.12
20,2123,SFML,SM,92800,64000,68.97
20,2124,SGBAPR28I,GB,162,153,94.44
20,2125,SGBAUG27,GB,7,7,100.00
20,2126,SGBAUG28V,GB,587,488,83.13
20,2127,SGBAUG29V,GB,37,27,72.97
20,2128,SGBAUG30,GB,336,220,65.48
20,2129,SGBD29VIII,GB,171,145,84.80
20,2130,SGBDC27VII,GB,60,46,76.67
20,2131,SGBDE30III,GB,247,155,62.75
20,2132,SGBDE31III,GB,2116,1526,72.12
20,2133,SGBDEC2512,GB,1,1,100.00
20,2134,SGBDEC2513,GB,4,4,100.00
20,2135,SGBDEC25XI,GB,2,1,50.00
20,2136,SGBDEC26,GB,16,16,100.00
20,2137,SGBFEB28IX,GB,22,22,100.00
20,2138,SGBFEB29XI,GB,91,71,78.02
20,2139,SGBFEB32IV,GB,1984,1661,83.72
20,2140,SGBJ28VIII,GB,2,2,100.00
20,2141,SGBJAN26,GB,13,13,100.00
20,2142,SGBJAN27,GB,10,10,100.00
20,2143,SGBJAN29IX,GB,749,622,83.04
20,2144,SGBJAN29X,GB,414,366,88.41
20,2145,SGBJAN30IX,GB,39,33,84.62
20,2146,SGBJU29III,GB,55,50,90.91
20,2147,SGBJUL25,GB,48,38,79.17
20,2148,SGBJUL27,GB,11,11,100.00
20,2149,SGBJUL28IV,GB,1273,1223,96.07
20,2150,SGBJUL29IV,GB,554,409,73.83
20,2151,SGBJUN27,GB,9,9,100.00
20,2152,SGBJUN28,GB,42,42,100.00
20,2153,SGBJUN29II,GB,304,276,90.79
20,2154,SGBJUN30,GB,218,124,56.88
20,2155,SGBJUN31I,GB,1226,1000,81.57
20,2156,SGBMAR25,GB,51,39,76.47
20,2157,SGBMAR28X,GB,7,7,100.00
20,2158,SGBMAR30X,GB,211,171,81.04
20,2159,SGBMAR31IV,GB,297,231,77.78
20,2160,SGBMAY25,GB,16,15,93.75
20,2161,SGBMAY26,GB,4,2,50.00
20,2162,SGBMAY28,GB,52,52,100.00
20,2163,SGBMAY29I,GB,806,672,83.37
20,2164,SGBMR29XII,GB,140,94,67.14
20,2165,SGBN28VIII,GB,175,125,71.43
20,2166,SGBNOV25,GB,49,49,100.00
20,2167,SGBNOV258,GB,3,3,100.00
20,2168,SGBNOV25VI,GB,6,5,83.33
20,2169,SGBNOV26,GB,16,14,87.50
20,2170,SGBNV29VII,GB,180,144,80.00
20,2171,SGBOC28VII,GB,154,112,72.73
20,2172,SGBOCT25,GB,12,12,100.00
20,2173,SGBOCT25IV,GB,4,4,100.00
20,2174,SGBOCT26,GB,19,12,63.16
20,2175,SGBOCT27,GB,45,45,100.00
20,2176,SGBOCT27VI,GB,4,4,100.00
20,2177,SGBSEP27,GB,18,13,72.22
20,2178,SGBSEP28VI,GB,167,148,88.62
20,2179,SGBSEP29VI,GB,310,204,65.81
20,2180,SGBSEP31II,GB,874,737,84.32
20,2181,SGL,EQ,23143,17006,73.48
20,2182,SGLTL,EQ,45302299,14431970,31.86
20,2183,SHAH,EQ,1751304,1020056,58.25
20,2184,SHAKTIPUMP,EQ,583274,316794,54.31
20,2185,SHALBY,EQ,104762,64585,61.65
20,2186,SHALPAINTS,EQ,298816,125789,42.10
20,2187,SHANKARA,EQ,51310,27087,52.79
20,2188,SHANTI,EQ,61604,29072,47.19
20,2189,SHANTIGEAR,EQ,38919,25701,66.04
20,2190,SHARDACROP,EQ,305789,144291,47.19
20,2191,SHARDAMOTR,EQ,43456,25599,58.91
20,2192,SHAREINDIA,EQ,649411,290255,44.70
20,2193,SHARIABEES,EQ,8568,4670,54.51
20,2194,SHEETAL,SM,58000,44000,75.86
20,2195,SHEMAROO,EQ,40632,29266,72.03
20,2196,SHERA,SM,58000,45000,77.59
20,2197,SHIGAN,SM,16500,12000,72.73
20,2198,SHILPAMED,EQ,320968,161987,50.47
20,2199,SHIVALIK,EQ,87516,36330,41.51
20,2200,SHIVAMAUTO,EQ,313311,145747,46.52
20,2201,SHIVAMILLS,EQ,28278,12553,44.39
20,2202,SHIVATEX,EQ,19373,11127,57.44
20,2203,SHIVAUM,ST,40000,40000,100.00
20,2204,SHK,EQ,281845,134755,47.81
20,2205,SHOPERSTOP,EQ,53662,25842,48.16
20,2206,SHREDIGCEM,EQ,475666,245366,51.58
20,2207,SHREECEM,EQ,39339,22179,56.38
20,2208,SHREEKARNI,SM,41700,35250,84.53
20,2209,SHREEOSFM,SM,35000,34000,97.14
20,2210,SHREEPUSHK,EQ,164432,81597,49.62
20,2211,SHRENIK,EQ,1551422,1154703,74.43
20,2212,SHREYANIND,EQ,7229,5209,72.06
20,2213,SHRIPISTON,EQ,63692,38728,60.81
20,2214,SHRIRAMFIN,EQ,5558523,3051118,54.89
20,2215,SHRIRAMPPS,EQ,1462017,875422,59.88
20,2216,SHRITECH,SM,20000,16000,80.00
20,2217,SHUBHSHREE,ST,16800,16800,100.00
20,2218,SHYAMCENT,EQ,193435,107325,55.48
20,2219,SHYAMMETL,EQ,456169,238833,52.36
20,2220,SIDDHIKA,ST,1000,1000,100.00
20,2221,SIEMENS,EQ,330178,176011,53.31
20,2222,SIGACHI,EQ,1081544,458385,42.38
20,2223,SIGIND,EQ,51102,27852,54.50
20,2224,SIGMA,EQ,36522,5970,16.35
20,2225,SIGNATURE,EQ,765745,146828,19.17
20,2226,SIKKO,EQ,36066,22890,63.47
20,2227,SIL,EQ,111531,37188,33.34
20,2228,SILGO,EQ,61935,22216,35.87
20,2229,SILKFLEX,SM,48000,38000,79.17
20,2230,SILLYMONKS,EQ,7855,4862,61.90
20,2231,SILVER,EQ,217992,110881,50.86
20,2232,SILVER1,EQ,182544,122632,67.18
20,2233,SILVERADD,EQ,39683,23977,60.42
20,2234,SILVERBEES,EQ,12717060,9491673,74.64
20,2235,SILVERETF,EQ,283055,189208,66.84
20,2236,SILVERIETF,EQ,1167923,779707,66.76
20,2237,SILVERTUC,EQ,14103,10414,73.84
20,2238,SILVRETF,EQ,54095,49917,92.28
20,2239,SINCLAIR,EQ,150142,77593,51.68
20,2240,SINDHUTRAD,EQ,1390744,646508,46.49
20,2241,SINTERCOM,EQ,24399,14289,58.56
20,2242,SIRCA,EQ,106750,57803,54.15
20,2243,SIS,EQ,38828,22974,59.17
20,2244,SIYSIL,EQ,247051,83200,33.68
20,2245,SJLOGISTIC,SM,45750,38500,84.15
20,2246,SJS,EQ,112801,69578,61.68
20,2247,SJVN,EQ,11287576,4277726,37.90
20,2248,SKFINDIA,EQ,25034,12918,51.60
20,2249,SKIPPER,EQ,925720,394285,42.59
20,2250,SKMEGGPROD,EQ,48207,27710,57.48
20,2251,SKP,SM,7500,6000,80.00
20,2252,SLONE,ST,24000,24000,100.00
20,2253,SMALLCAP,EQ,2937755,1982109,67.47
20,2254,SMCGLOBAL,EQ,206443,127051,61.54
20,2255,SMLISUZU,EQ,13437,6757,50.29
20,2256,SMLT,EQ,21312,13213,62.00
20,2257,SMSPHARMA,EQ,123851,73427,59.29
20,2258,SMVD,SM,4040,4040,100.00
20,2259,SNOWMAN,EQ,564892,287532,50.90
20,2260,SOBHA,EQ,226466,57707,25.48
20,2261,SOLARA,EQ,111583,54358,48.72
20,2262,SOLARAPP,E1,1833,1751,95.53
20,2263,SOLARINDS,EQ,122899,61541,50.07
20,2264,SOLEX,SM,15125,10375,68.60
20,2265,SOMANYCERA,EQ,39295,24506,62.36
20,2266,SOMICONVEY,EQ,27744,14139,50.96
20,2267,SONACOMS,EQ,2884183,2011675,69.75
20,2268,SONAMAC,ST,9000,7000,77.78
20,2269,SONATSOFTW,EQ,358923,197682,55.08
20,2270,SONUINFRA,ST,9000,9000,100.00
20,2271,SOTL,EQ,72125,44696,61.97
20,2272,SOUTHBANK,EQ,20150924,13094157,64.98
20,2273,SOUTHWEST,EQ,96927,52131,53.78
20,2274,SPAL,EQ,24959,13551,54.29
20,2275,SPANDANA,EQ,2921867,780176,26.70
20,2276,SPARC,EQ,824432,353869,42.92
20,2277,SPCL,ST,39600,36600,92.42
20,2278,SPECIALITY,EQ,80567,57494,71.36
20,2279,SPECTRUM,SM,3250,2375,73.08
20,2280,SPECTSTM,ST,9600,8800,91.67
20,2281,SPENCERS,EQ,186333,98269,52.74
20,2282,SPIC,EQ,573260,258814,45.15
20,2283,SPLIL,EQ,18483,10499,56.80
20,2284,SPLPETRO,EQ,78795,44116,55.99
20,2285,SPORTKING,EQ,125061,62787,50.21
20,2286,SPPPOLY,ST,14000,14000,100.00
20,2287,SREEL,EQ,19107,12199,63.85
20,2288,SRF,EQ,773391,229895,29.73
20,2289,SRGHFL,EQ,3791,556,14.67
20,2290,SRHHYPOLTD,EQ,50905,28051,55.10
20,2291,SRIVASAVI,SM,2000,2000,100.00
20,2292,SSDL,EQ,115960,51665,44.55
20,2293,SSEGL,SM,80400,61000,75.87
20,2294,SSFL,ST,28500,28500,100.00
20,2295,SSWL,EQ,166723,72153,43.28
20,2296,STANLEY,EQ,157211,82665,52.58
20,2297,STAR,EQ,347135,193016,55.60
20,2298,STARCEMENT,EQ,845774,322962,38.19
20,2299,STARHEALTH,EQ,650910,241670,37.13
20,2300,STARPAPER,EQ,12492,8678,69.47
20,2301,STARTECK,EQ,10863,956,8.80
20,2302,STCINDIA,EQ,119585,43143,36.08
20,2303,STEELCAS,EQ,19037,10388,54.57
20,2304,STEELCITY,EQ,27337,15662,57.29
20,2305,STEELXIND,EQ,1656420,959343,57.92
20,2306,STEL,EQ,7836,6111,77.99
20,2307,STERTOOLS,EQ,170482,73637,43.19
20,2308,STLTECH,EQ,2071826,1135527,54.81
20,2309,STOVEKRAFT,EQ,194473,73756,37.93
20,2310,STYLAMIND,EQ,34004,19399,57.05
20,2311,STYLEBAAZA,EQ,256580,136657,53.26
20,2312,STYRENIX,EQ,84499,43188,51.11
20,2313,SUBEXLTD,EQ,5041301,2245947,44.55
20,2314,SUBROS,EQ,62654,33031,52.72
20,2315,SUDARSCHEM,EQ,122316,67432,55.13
20,2316,SUKHJITS,EQ,9590,4019,41.91
20,2317,SULA,EQ,395109,205442,52.00
20,2318,SUMICHEM,EQ,793219,648138,81.71
20,2319,SUMMITSEC,EQ,15669,9846,62.84
20,2320,SUNCLAY,EQ,12189,6572,53.92
20,2321,SUNDARAM,EQ,618791,436062,70.47
20,2322,SUNDARMFIN,EQ,328219,189109,57.62
20,2323,SUNDARMHLD,EQ,150831,80145,53.14
20,2324,SUNDRMFAST,EQ,60485,35449,58.61
20,2325,SUNLITE,SM,7200,6000,83.33
20,2326,SUNPHARMA,EQ,1645287,1096133,66.62
20,2327,SUNTECK,EQ,548322,300936,54.88
20,2328,SUNTV,EQ,472133,204660,43.35
20,2329,SUPERHOUSE,EQ,4779,2585,54.09
20,2330,SUPRAJIT,EQ,111087,63964,57.58
20,2331,SUPREMEIND,EQ,180135,94567,52.50
20,2332,SUPREMEPWR,ST,73500,67000,91.16
20,2333,SUPRIYA,EQ,413056,175952,42.60
20,2334,SURAJEST,EQ,73547,34378,46.74
20,2335,SURAKSHA,EQ,176970,81610,46.12
20,2336,SURANASOL,EQ,266810,153431,57.51
20,2337,SURANAT&P,EQ,205834,128999,62.67
20,2338,SURANI,ST,200,200,100.00
20,2339,SURYALAXMI,EQ,46416,19688,42.42
20,2340,SURYAROSNI,EQ,413827,197516,47.73
20,2341,SURYODAY,EQ,410307,229122,55.84
20,2342,SUTLEJTEX,EQ,113545,52029,45.82
20,2343,SUVEN,EQ,4228484,1195378,28.27
20,2344,SUVENPHAR,EQ,207517,148261,71.45
20,2345,SUVIDHAA,EQ,649141,374042,57.62
20,2346,SUYOG,EQ,42332,25306,59.78
20,2347,SUZLON,EQ,92083914,42998019,46.69
20,2348,SWANENERGY,EQ,2989250,1166899,39.04
20,2349,SWARAJ,ST,20000,19000,95.00
20,2350,SWARAJENG,EQ,10206,4865,47.67
20,2351,SWASTIK,SM,67200,45600,67.86
20,2352,SWELECTES,EQ,49355,26030,52.74
20,2353,SWIGGY,EQ,8311612,3003180,36.13
20,2354,SWSOLAR,EQ,1638510,880840,53.76
20,2355,SYLVANPLY,SM,12000,8000,66.67
20,2356,SYMPHONY,EQ,157050,78209,49.80
20,2357,SYNCOMF,EQ,4171439,1960233,46.99
20,2358,SYNGENE,EQ,1736122,1026092,59.10
20,2359,SYNOPTICS,SM,12600,8400,66.67
20,2360,SYRMA,EQ,1737915,701641,40.37
20,2361,SYSTANGO,SM,45200,30400,67.26
20,2362,TAC,ST,5600,5600,100.00
20,2363,TAINWALCHM,EQ,9300,6001,64.53
20,2364,TAJGVK,EQ,378077,148491,39.28
20,2365,TAKE,EQ,157090,113284,72.11
20,2366,TALBROAUTO,EQ,135743,66757,49.18
20,2367,TANLA,EQ,1253492,339451,27.08
20,2368,TAPIFRUIT,SM,1500,750,50.00
20,2369,TARC,EQ,895015,572304,63.94
20,2370,TARMAT,EQ,51315,28649,55.83
20,2371,TARSONS,EQ,51055,28891,56.59
20,2372,TASTYBITE,EQ,2753,1515,55.03
20,2373,TATACHEM,EQ,1131747,561468,49.61
20,2374,TATACOMM,EQ,287238,120959,42.11
20,2375,TATACONSUM,EQ,1876479,1168371,62.26
20,2376,TATAELXSI,EQ,368080,103822,28.21
20,2377,TATAGOLD,EQ,7691511,5222161,67.90
20,2378,TATAINVEST,EQ,77750,28067,36.10
20,2379,TATAMOTORS,EQ,12230175,4343305,35.51
20,2380,TATAPOWER,EQ,11236512,5028444,44.75
20,2381,TATASTEEL,EQ,38968332,17362463,44.56
20,2382,TATATECH,EQ,1857927,1011712,54.45
20,2383,TATSILV,EQ,956293,798644,83.51
20,2384,TATVA,EQ,39153,19454,49.69
20,2385,TBI,SM,12000,11400,95.00
20,2386,TBOTEK,EQ,189474,66477,35.09
20,2387,TBZ,EQ,375612,149011,39.67
20,2388,TCHF30,NB,2,2,100.00
20,2389,TCI,EQ,22223,9762,43.93
20,2390,TCIEXP,EQ,43593,23310,53.47
20,2391,TCL,SM,50400,36800,73.02
20,2392,TCLCONS,EQ,227651,113124,49.69
20,2393,TCPLPACK,EQ,10096,6390,63.29
20,2394,TCS,EQ,4003771,2226104,55.60
20,2395,TDPOWERSYS,EQ,752566,406494,54.01
20,2396,TEAMLEASE,EQ,12469,6706,53.78
20,2397,TECH,EQ,33072,26362,79.71
20,2398,TECHERA,ST,19200,19200,100.00
20,2399,TECHLABS,ST,64500,62125,96.32
20,2400,TECHM,EQ,1401093,817414,58.34
20,2401,TECHNOE,EQ,408696,196114,47.99
20,2402,TECILCHEM,EQ,9358,6663,71.20
20,2403,TEGA,EQ,35104,20155,57.42
20,2404,TEJASNET,EQ,1072585,514542,47.97
20,2405,TEXINFRA,EQ,762429,388334,50.93
20,2406,TEXMOPIPES,EQ,49180,21820,44.37
20,2407,TEXRAIL,EQ,2210128,884924,40.04
20,2408,TFCILTD,EQ,633806,321580,50.74
20,2409,TGBHOTELS,EQ,54968,32668,59.43
20,2410,TGL,ST,43000,39600,92.09
20,2411,THANGAMAYL,EQ,92867,60045,64.66
20,2412,THEINVEST,EQ,34720,31219,89.92
20,2413,THEJO,EQ,9209,6468,70.24
20,2414,THEMISMED,EQ,120579,65648,54.44
20,2415,THERMAX,EQ,103202,45984,44.56
20,2416,THOMASCOOK,EQ,553375,276068,49.89
20,2417,THYROCARE,EQ,49131,23687,48.21
20,2418,TI,EQ,1354386,519644,38.37
20,2419,TIIL,EQ,30030,23247,77.41
20,2420,TIINDIA,EQ,247531,108562,43.86
20,2421,TIL,EQ,15890,13061,82.20
20,2422,TIMESCAN,SM,12000,10000,83.33
20,2423,TIMETECHNO,EQ,1200677,524272,43.66
20,2424,TIMKEN,EQ,56091,29751,53.04
20,2425,TIPSMUSIC,EQ,478781,249386,52.09
20,2426,TIRUMALCHM,EQ,404625,176940,43.73
20,2427,TIRUPATI,SM,4250,4250,100.00
20,2428,TITAGARH,EQ,1395119,419376,30.06
20,2429,TITAN,EQ,1282557,712680,55.57
20,2430,TMB,EQ,116741,77061,66.01
20,2431,TNIDETF,EQ,87212,69809,80.05
20,2432,TNPETRO,EQ,106625,66980,62.82
20,2433,TNPL,EQ,270281,127335,47.11
20,2434,TOKYOPLAST,EQ,13667,8973,65.65
20,2435,TOLINS,EQ,244147,134165,54.95
20,2436,TOP100CASE,EQ,908143,802364,88.35
20,2437,TOP10ADD,EQ,230024,219722,95.52
20,2438,TORNTPHARM,EQ,146840,88952,60.58
20,2439,TORNTPOWER,EQ,449041,224788,50.06
20,2440,TOTAL,EQ,9878,5493,55.61
20,2441,TOUCHWOOD,EQ,1209,698,57.73
20,2442,TPLPLASTEH,EQ,200265,60895,30.41
20,2443,TRACXN,EQ,533677,249704,46.79
20,2444,TRANSRAILL,EQ,5480288,1119025,20.42
20,2445,TRANSTEEL,ST,184000,178000,96.74
20,2446,TRANSWORLD,EQ,86076,41637,48.37
20,2447,TREJHARA,EQ,14661,9939,67.79
20,2448,TREL,EQ,708883,358855,50.62
20,2449,TRENT,EQ,1068954,488860,45.73
20,2450,TRF,EQ,39470,20812,52.73
20,2451,TRIDENT,EQ,9152318,3472791,37.94
20,2452,TRIDHYA,SM,15000,15000,100.00
20,2453,TRIGYN,EQ,82184,51936,63.19
20,2454,TRITURBINE,EQ,679317,231077,34.02
20,2455,TRIVENI,EQ,1238773,409837,33.08
20,2456,TROM,SM,30000,19800,66.00
20,2457,TRUST,SM,76200,60000,78.74
20,2458,TTKHLTCARE,EQ,2975,2723,91.53
20,2459,TTKPRESTIG,EQ,23268,11726,50.40
20,2460,TTML,EQ,4724838,1309937,27.72
20,2461,TUNWAL,SM,180000,128000,71.11
20,2462,TVSELECT,EQ,28842,9291,32.21
20,2463,TVSHLTD,EQ,9903,5381,54.34
20,2464,TVSMOTOR,EQ,896851,523042,58.32
20,2465,TVSSCS,EQ,792212,370467,46.76
20,2466,TVSSRICHAK,EQ,4006,2510,62.66
20,2467,TVTODAY,EQ,237924,136616,57.42
20,2468,UBL,EQ,165906,75151,45.30
20,2469,UCOBANK,EQ,6077828,1953136,32.14
20,2470,UDAICEMENT,EQ,775341,421125,54.31
20,2471,UDS,EQ,313544,158962,50.70
20,2472,UFLEX,EQ,92134,42533,46.16
20,2473,UFO,EQ,171407,100550,58.66
20,2474,UGARSUGAR,EQ,651000,356381,54.74
20,2475,UGROCAP,EQ,277098,113591,40.99
20,2476,UHTL,ST,40000,32000,80.00
20,2477,UJJIVANSFB,EQ,11222082,5635835,50.22
20,2478,ULTRACEMCO,EQ,225902,154727,68.49
20,2479,UMA,SM,60000,44000,73.33
20,2480,UMAEXPORTS,EQ,83087,28804,34.67
20,2481,UMESLTD,EQ,19850,11796,59.43
20,2482,UNICHEMLAB,EQ,17199,8207,47.72
20,2483,UNIDT,EQ,22413,13543,60.42
20,2484,UNIECOM,EQ,429897,218542,50.84
20,2485,UNIENTER,EQ,11042,5738,51.97
20,2486,UNIHEALTH,SM,22000,18000,81.82
20,2487,UNIINFO,EQ,10453,5736,54.87
20,2488,UNILEX,SM,11200,9600,85.71
20,2489,UNIMECH,EQ,592098,248034,41.89
20,2490,UNIONBANK,EQ,18743777,8724543,46.55
20,2491,UNIPARTS,EQ,50381,36559,72.57
20,2492,UNITDSPR,EQ,906542,644203,71.06
20,2493,UNITEDTEA,EQ,12865,8415,65.41
20,2494,UNIVASTU,EQ,506103,149563,29.55
20,2495,UNIVCABLES,EQ,74782,29577,39.55
20,2496,UNOMINDA,EQ,1593050,796259,49.98
20,2497,UPL,EQ,1770971,832262,46.99
20,2498,UPLPP,E1,105331,53403,50.70
20,2499,URAVI,EQ,62019,37818,60.98
20,2500,URBAN,ST,11200,10800,96.43
20,2501,USASEEDS,SM,300,300,100.00
20,2502,USHAFIN,SM,5600,5600,100.00
20,2503,USHAMART,EQ,1215991,574460,47.24
20,2504,USK,EQ,309071,176537,57.12
20,2505,UTIAMC,EQ,263202,147970,56.22
20,2506,UTIBANKETF,EQ,245115,234668,95.74
20,2507,UTINEXT50,EQ,266410,214677,80.58
20,2508,UTINIFTETF,EQ,38052,35611,93.59
20,2509,UTISENSETF,EQ,5512,3635,65.95
20,2510,UTISXN50,EQ,10374,8121,78.28
20,2511,UTKARSHBNK,EQ,3048798,1575494,51.68
20,2512,UTSSAV,ST,19200,19200,100.00
20,2513,UTTAMSUGAR,EQ,206856,115371,55.77
20,2514,UYFINCORP,EQ,72821,40722,55.92
20,2515,VADILALIND,EQ,5622,3466,61.65
20,2516,VAIBHAVGBL,EQ,808544,362379,44.82
20,2517,VAKRANGEE,EQ,22898351,8977460,39.21
20,2518,VAL30IETF,EQ,214494,133098,62.05
20,2519,VALIANTLAB,EQ,53410,26796,50.17
20,2520,VALIANTORG,EQ,42134,27530,65.34
20,2521,VARDHACRLC,EQ,84791,53654,63.28
20,2522,VARROC,EQ,458604,140434,30.62
20,2523,VASCONEQ,EQ,919163,482081,52.45
20,2524,VASWANI,EQ,224108,96351,42.99
20,2525,VBL,EQ,3860607,2220734,57.52
20,2526,VDEAL,SM,12000,10800,90.00
20,2527,VEDL,EQ,8467239,3743867,44.22
20,2528,VEEDOL,EQ,103754,30363,29.26
20,2529,VENKEYS,EQ,29722,14390,48.42
20,2530,VENTIVE,EQ,615139,341290,55.48
20,2531,VENUSPIPES,EQ,149147,110169,73.87
20,2532,VENUSREM,EQ,15922,11293,70.93
20,2533,VERANDA,EQ,144189,90889,63.03
20,2534,VERTEXPLUS,SM,50400,50400,100.00
20,2535,VERTOZ,EQ,1725753,1024503,59.37
20,2536,VESUVIUS,EQ,16142,8138,50.42
20,2537,VGUARD,EQ,641659,255134,39.76
20,2538,VHL,EQ,1804,951,52.72
20,2539,VIAZ,SM,8000,4000,50.00
20,2540,VIDHIING,EQ,72319,37398,51.71
20,2541,VIESL,SM,52800,38400,72.73
20,2542,VIJAYA,EQ,1083070,332693,30.72
20,2543,VIKASECO,EQ,7010151,3970100,56.63
20,2544,VIKASLIFE,EQ,5782281,3621894,62.64
20,2545,VILAS,ST,46500,38750,83.33
20,2546,VIMTALABS,EQ,80741,27708,34.32
20,2547,VINATIORGA,EQ,31316,15027,47.99
20,2548,VINCOFE,EQ,405762,242449,59.75
20,2549,VINDHYATEL,EQ,24220,10041,41.46
20,2550,VINEETLAB,EQ,27812,14132,50.81
20,2551,VINSYS,SM,20500,18500,90.24
20,2552,VINYAS,ST,2000,2000,100.00
20,2553,VINYLINDIA,EQ,14492,9471,65.35
20,2554,VIPCLOTHNG,EQ,153955,91933,59.71
20,2555,VIPIND,EQ,323714,185699,57.37
20,2556,VIRINCHI,EQ,1198114,709674,59.23
20,2557,VISAKAIND,EQ,305408,133101,43.58
20,2558,VISAMAN,SM,3000,3000,100.00
20,2559,VISHNU,EQ,98196,56325,57.36
20,2560,VISHNUINFR,SM,30000,25000,83.33
20,2561,VISHWARAJ,EQ,1761123,1044310,59.30
20,2562,VISHWAS,SM,22400,20800,92.86
20,2563,VITAL,SM,20400,15600,76.47
20,2564,VIVIANA,ST,8500,7625,89.71
20,2565,VIVIDHA,EQ,532213,464944,87.36
20,2566,VLEGOV,EQ,580123,241022,41.55
20,2567,VLINFRA,ST,123000,120000,97.56
20,2568,VLSFINANCE,EQ,131584,86971,66.10
20,2569,VMARCIND,ST,38750,38750,100.00
20,2570,VMART,EQ,57747,26612,46.08
20,2571,VMM,EQ,24126088,8933619,37.03
20,2572,VOLTAMP,EQ,70229,35757,50.91
20,2573,VOLTAS,EQ,871019,368183,42.27
20,2574,VPRPL,EQ,1411514,505351,35.80
20,2575,VR,ST,400,400,100.00
20,2576,VRAJ,EQ,190985,93414,48.91
20,2577,VRLLOG,EQ,100682,50477,50.14
20,2578,VSSL,EQ,96556,61915,64.12
20,2579,VSTIND,EQ,203860,109149,53.54
20,2580,VSTL,EQ,17710,13164,74.33
20,2581,VSTTILLERS,EQ,6593,3592,54.48
20,2582,VTL,EQ,241357,133554,55.33
20,2583,WAAREEENER,EQ,1691859,456327,26.97
20,2584,WABAG,EQ,687285,273245,39.76
20,2585,WALCHANNAG,EQ,506303,176792,34.92
20,2586,WCIL,EQ,339386,162975,48.02
20,2587,WEIZMANIND,EQ,13187,10126,76.79
20,2588,WEL,EQ,386737,125573,32.47
20,2589,WELCORP,EQ,617812,292182,47.29
20,2590,WELENT,EQ,439705,257789,58.63
20,2591,WELINV,EQ,6876,3364,48.92
20,2592,WELSPUNLIV,EQ,2550850,1226499,48.08
20,2593,WENDT,EQ,426,258,60.56
20,2594,WESTLIFE,EQ,72792,30761,42.26
20,2595,WEWIN,EQ,8385,6623,78.99
20,2596,WHEELS,EQ,37838,21811,57.64
20,2597,WHIRLPOOL,EQ,168581,111338,66.04
20,2598,WILLAMAGOR,EQ,9455,7882,83.36
20,2599,WINDLAS,EQ,70624,40755,57.71
20,2600,WINDMACHIN,EQ,227287,145599,64.06
20,2601,WINNY,ST,6500,6500,100.00
20,2602,WINSOL,SM,23600,19200,81.36
20,2603,WIPRO,EQ,9541248,4418991,46.31
20,2604,WOCKPHARMA,EQ,946768,412665,43.59
20,2605,WOL3D,SM,5000,5000,100.00
20,2606,WOMANCART,ST,7600,7600,100.00
20,2607,WONDERLA,EQ,81351,41600,51.14
20,2608,WORTH,EQ,82929,46464,56.03
20,2609,WSI,EQ,65042,31443,48.34
20,2610,WSTCSTPAPR,EQ,145294,73139,50.34
20,2611,WTICAB,ST,21000,20500,97.62
20,2612,XCHANGING,EQ,181495,95674,52.71
20,2613,XELPMOC,EQ,83815,47464,56.63
20,2614,XPROINDIA,EQ,43438,24215,55.75
20,2615,XTGLOBAL,EQ,191145,62069,32.47
20,2616,YASHO,EQ,19133,14894,77.84
20,2617,YASHOPTICS,SM,41600,38400,92.31
20,2618,YATHARTH,EQ,565380,306793,54.26
20,2619,YATRA,EQ,169286,93981,55.52
20,2620,YCCL,SM,33000,30000,90.91
20,2621,YESBANK,EQ,119009652,47648927,40.04
20,2622,YUDIZ,SM,3200,2400,75.00
20,2623,YUKEN,EQ,21532,9640,44.77
20,2624,ZAGGLE,EQ,1332765,723257,54.27
20,2625,ZEAL,SM,21600,16200,75.00
20,2626,ZEEL,EQ,9177966,3267129,35.60
20,2627,ZEELEARN,EQ,1024259,608978,59.46
20,2628,ZEEMEDIA,EQ,959678,541164,56.39
20,2629,ZENITHDRUG,ST,28800,26400,91.67
20,2630,ZENITHEXPO,EQ,347,264,76.08
20,2631,ZENITHSTL,EQ,183629,161543,87.97
20,2632,ZENSARTECH,EQ,1232274,396504,32.18
20,2633,ZENTEC,EQ,920852,386249,41.94
20,2634,ZFCVINDIA,EQ,28140,23376,83.07
20,2635,ZIMLAB,EQ,226579,121395,53.58
20,2636,ZODIAC,EQ,20052,11916,59.43
20,2637,ZODIACLOTH,EQ,13284,8269,62.25
20,2638,ZOMATO,EQ,69081908,36551466,52.91
20,2639,ZOTA,EQ,212057,68118,32.12
20,2640,ZTECH,ST,87900,86100,97.95
20,2641,ZUARI,EQ,295184,149608,50.68
20,2642,ZUARIIND,EQ,111720,63352,56.71
20,2643,ZYDUSLIFE,EQ,1417731,822959,58.05
20,2644,ZYDUSWELL,EQ,11189,5339,47.72
