Security Wise Delivery Position - Compulsory Rolling Settlement
10,MTO,27022025,1241597799,0002672
Trade Date <27-FEB-2025>,Settlement Type <N>
Record Type,Sr No,Name of Security,Quantity Traded,Deliverable Quantity(gross across client level),% of Deliverable Quantity to Traded Quantity
20,1,1003ISFL28,N4,272,272,100.00
20,2,1015ECL29,NR,260,260,100.00
20,3,1015SCL28A,AL,5,5,100.00
20,4,1018GS2026,GS,1201,1201,100.00
20,5,1025SCL34,Z8,15,15,100.00
20,6,1030SFIL28,NM,10,10,100.00
20,7,1040NFL26,NA,1,1,100.00
20,8,1040UCL25,N4,762,762,100.00
20,9,1049DLS25A,Y5,30,30,100.00
20,10,1050ISFL28,N5,116,116,100.00
20,11,1050NFL26,N7,341,341,100.00
20,12,1050UCL25,N7,175,175,100.00
20,13,105UCL2026,NB,22,22,100.00
20,14,1065NFL27,NC,25,25,100.00
20,15,1075NFL25,N6,500,500,100.00
20,16,1075SCL33A,N2,50,50,100.00
20,17,10CAGL27,N5,35,35,100.00
20,18,10IIFL28,N4,240,240,100.00
20,19,10IIFL28A,NE,200,200,100.00
20,20,10IIFL29,N6,30,30,100.00
20,21,10NIDO26,N6,22,22,100.00
20,22,1102NFL26,N8,10,10,100.00
20,23,11DLSL25A,Y3,15,15,100.00
20,24,182D240425,TB,400,400,100.00
20,25,20MICRONS,EQ,118069,75765,64.17
20,26,360ONE,EQ,622537,334630,53.75
20,27,364D050226,TB,100,100,100.00
20,28,364D050625,TB,2500,2400,96.00
20,29,364D060325,TB,500,500,100.00
20,30,364D070825,TB,30000,30000,100.00
20,31,364D091025,TB,500,500,100.00
20,32,364D120625,TB,200,200,100.00
20,33,364D161025,TB,100,100,100.00
20,34,364D180725,TB,1400,1400,100.00
20,35,364D271125,TB,3700,3700,100.00
20,36,3IINFOLTD,EQ,355850,203043,57.06
20,37,3MINDIA,EQ,5482,3177,57.95
20,38,574GS2026,GS,2,2,100.00
20,39,5PAISA,EQ,15340,7639,49.80
20,40,63MOONS,EQ,356498,195011,54.70
20,41,654GS2032,GS,260,160,61.54
20,42,664GS2027,GS,450,450,100.00
20,43,667GS2050,GS,3000,3000,100.00
20,44,676GS2061,GS,191,191,100.00
20,45,692GS2039,GS,400,400,100.00
20,46,695GS2061,GS,2000,2000,100.00
20,47,695MH31,SG,100,100,100.00
20,48,698GR2054,GS,100,100,100.00
20,49,699GS2026,GS,9500,9500,100.00
20,50,699GS2051,GS,1183,1100,92.98
20,51,704GS2029,GS,3035,3035,100.00
20,52,706GS2028,GS,9726,9726,100.00
20,53,709GS2054,GS,150,150,100.00
20,54,709GS2074,GS,153,152,99.35
20,55,710GS2029,GS,1,1,100.00
20,56,717GS2030,GS,3400,3400,100.00
20,57,718GS2033,GS,34000,34000,100.00
20,58,718GS2037,GS,2310,2310,100.00
20,59,71GS2034,GS,100,100,100.00
20,60,725GS2063,GS,12902,12902,100.00
20,61,726GS2032,GS,17918,11459,63.95
20,62,726GS2033,GS,600,600,100.00
20,63,729NHAI26,NC,10,10,100.00
20,64,732GS2030,GS,100,100,100.00
20,65,732IRFC25,NI,278,278,100.00
20,66,733GS2026,GS,100,100,100.00
20,67,734GS2064,GS,1001,1001,100.00
20,68,734IRFC28,N4,6000,4000,66.67
20,69,736GS2052,GS,1280,665,51.95
20,70,736NTPC25D,NB,63,63,100.00
20,71,737GS2028,GS,5700,5700,100.00
20,72,738GS2027,GS,116430,111430,95.71
20,73,738REC27TF,N2,147,147,100.00
20,74,739NHAI26,N8,560,560,100.00
20,75,73GS2053,GS,2690,2350,87.36
20,76,740IIFCL33,N1,682,682,100.00
20,77,741GS2036,GS,35804,33700,94.12
20,78,74GJ27,SG,300,300,100.00
20,79,74GS2062,GS,1052,676,64.26
20,80,751HUDCO28,N5,13,12,92.31
20,81,753IRFC30,NJ,2489,1806,72.56
20,82,753NTPC30E,NC,78,78,100.00
20,83,754GS2036,GS,434579,426938,98.24
20,84,754RJ33,SG,100,100,100.00
20,85,760PFCL35,N3,584,584,100.00
20,86,764HUDCO31,N8,1126,1026,91.12
20,87,764IRFC31,NO,1780,1780,100.00
20,88,764NABAR31,N2,526,526,100.00
20,89,769HUDCO31,N9,546,286,52.38
20,90,769NHAI31,NE,1,1,100.00
20,91,76NHAI31,NA,27739,19169,69.10
20,92,772GS2049,GS,2,2,100.00
20,93,797IGT31,NL,50,50,100.00
20,94,79NHIT35,N1,120,120,100.00
20,95,79NHIT47,N3,256,256,100.00
20,96,810IRFC27,N2,2884,2199,76.25
20,97,812REC27,NI,1000,1000,100.00
20,98,81ABFL33,N5,210,10,4.76
20,99,81TCHF28,N8,15,10,66.67
20,100,824GS2027,GS,4102,4102,100.00
20,101,82HUDCO27,N2,3232,3232,100.00
20,102,82IGT31,NJ,1211,962,79.44
20,103,830NHAI27,N2,2100,2000,95.24
20,104,842IIFL26,NL,125,125,100.00
20,105,843IHFL29,NC,31,31,100.00
20,106,846REC28,N6,1400,700,50.00
20,107,849NTPC25,N7,28302,28301,100.00
20,108,865IFL28,NZ,220,210,95.45
20,109,865IHFL27,N1,1,1,100.00
20,110,865IIFL28,NS,686,686,100.00
20,111,865IRFC29,NA,370,370,100.00
20,112,865LTF26,NN,260,259,99.62
20,113,865TCAPS27,N8,162,160,98.77
20,114,871REC28,N9,636,586,92.14
20,115,875NHAI29,N6,2652,2152,81.15
20,116,875PCHFL26,N8,3,3,100.00
20,117,87LTF27,NH,46,46,100.00
20,118,880IREDA29,N5,970,524,54.02
20,119,885IHL26,N1,195,195,100.00
20,120,885SCL26,N9,850,689,81.06
20,121,886REC34,NG,50,50,100.00
20,122,888ERFL28,N5,205,205,100.00
20,123,888IHFL25F,NC,10,10,100.00
20,124,888IRFC29,NE,452,352,77.88
20,125,888REC29,NF,300,300,100.00
20,126,888SCL25E,N4,29,29,100.00
20,127,891IIFCL34,N4,39,39,100.00
20,128,892NHPC33,N6,85,85,100.00
20,129,892PFCL33,N8,4,4,100.00
20,130,894SCL25,Z3,2,2,100.00
20,131,897MOFSL29,N4,89,89,100.00
20,132,8ABFL26,N0,100,100,100.00
20,133,901HUDCO34,NE,15,15,100.00
20,134,901NHB34,N6,121,121,100.00
20,135,905LTF27,NF,25,25,100.00
20,136,910TCAP28,NA,167,120,71.86
20,137,91D010525,TB,100,100,100.00
20,138,91D030425,TB,500,500,100.00
20,139,91D060325,TB,100,100,100.00
20,140,91D100425,TB,1900,1900,100.00
20,141,91D170425,TB,100,100,100.00
20,142,91D200325,TB,200,200,100.00
20,143,91D240425,TB,1300,1300,100.00
20,144,91D280325,TB,100,100,100.00
20,145,91MOFSL27,N2,100,100,100.00
20,146,920IIFLS26,N8,100,100,100.00
20,147,920PEL28,N2,50,50,100.00
20,148,921ISFL25,N0,100,100,100.00
20,149,925AEL26,N1,1,1,100.00
20,150,925IHFL25D,N6,2,2,100.00
20,151,925IHFL25E,N8,307,306,99.67
20,152,925SCL26D,ZD,10,10,100.00
20,153,92GS2030,GS,3623,3623,100.00
20,154,935LTF29,N5,69,44,63.77
20,155,935PEL33,N3,10,10,100.00
20,156,93MOFSL34,N6,44,44,100.00
20,157,943ECL28,NJ,366,366,100.00
20,158,948SCL26A,NN,4,4,100.00
20,159,948SCL27D,N1,10,10,100.00
20,160,956AEL29,N6,141,101,71.63
20,161,957ICCL25,YW,170,170,100.00
20,162,957ISFL26,N2,60,60,100.00
20,163,957NIDO26,N5,197,197,100.00
20,164,960CAGL25,N3,6,6,100.00
20,165,960ISFL25,N1,4,4,100.00
20,166,965AEL27,N4,571,571,100.00
20,167,96IIFL28,N5,479,479,100.00
20,168,96IIFL28A,NF,585,260,44.44
20,169,96SFIL24A,NB,50,50,100.00
20,170,970CAGL28,ND,123,123,100.00
20,171,971SCL28,AN,50,50,100.00
20,172,971SCL29A,ZN,114,114,100.00
20,173,97MOFSL34,N7,30,30,100.00
20,174,980SCL33C,ND,1,1,100.00
20,175,985ECL28,NK,389,379,97.43
20,176,990SCFL26,AJ,10,10,100.00
20,177,990SCL26,N7,79,79,100.00
20,178,990SCL27,YT,5,5,100.00
20,179,99AEL29,N7,537,537,100.00
20,180,99SCL27V,N1,10,10,100.00
20,181,9IIFL28A,NT,240,240,100.00
20,182,9MMFSML,N2,122,122,100.00
20,183,9PCHFL31A,NA,35,25,71.43
20,184,AAATECH,EQ,28146,5830,20.71
20,185,AADHARHFC,EQ,987652,674950,68.34
20,186,AAKASH,EQ,64931,49678,76.51
20,187,AAREYDRUGS,EQ,50496,16551,32.78
20,188,AARON,EQ,26406,7349,27.83
20,189,AARTIDRUGS,EQ,114054,40149,35.20
20,190,AARTIIND,EQ,1108424,457572,41.28
20,191,AARTIPHARM,EQ,481156,203816,42.36
20,192,AARTISURF,EQ,29023,18510,63.78
20,193,AARVI,EQ,8140,7334,90.10
20,194,AATMAJ,SM,58000,38000,65.52
20,195,AAVAS,EQ,242339,206837,85.35
20,196,ABB,EQ,541660,295619,54.58
20,197,ABBOTINDIA,EQ,33985,15024,44.21
20,198,ABCAPITAL,EQ,10317835,4368553,42.34
20,199,ABCOTS,ST,1500,500,33.33
20,200,ABDL,EQ,387294,136870,35.34
20,201,ABFRL,EQ,1911173,933547,48.85
20,202,ABGSEC,EQ,29,27,93.10
20,203,ABHAPOWER,ST,38400,38400,100.00
20,204,ABINFRA,EQ,161575,19331,11.96
20,205,ABMINTLLTD,EQ,6,5,83.33
20,206,ABREL,EQ,186589,71059,38.08
20,207,ABSLAMC,EQ,465022,339379,72.98
20,208,ABSLBANETF,EQ,816350,806452,98.79
20,209,ABSLLIQUID,EQ,5720,5562,97.24
20,210,ABSLNN50ET,EQ,10890,9307,85.46
20,211,ABSLPSE,EQ,317105,202155,63.75
20,212,ABSMARINE,ST,38000,37000,97.37
20,213,ACC,EQ,216303,61771,28.56
20,214,ACCELYA,EQ,8013,4372,54.56
20,215,ACCENTMIC,SM,4500,4500,100.00
20,216,ACCURACY,EQ,86205,77879,90.34
20,217,ACE,EQ,181247,65634,36.21
20,218,ACEINTEG,EQ,1313,989,75.32
20,219,ACI,EQ,564419,156914,27.80
20,220,ACL,EQ,135115,38889,28.78
20,221,ACLGATI,EQ,225719,125970,55.81
20,222,ACMESOLAR,EQ,763635,444125,58.16
20,223,ADANIENSOL,EQ,1109229,363474,32.77
20,224,ADANIENT,EQ,941950,340292,36.13
20,225,ADANIGREEN,EQ,5612214,1275688,22.73
20,226,ADANIPORTS,EQ,1819078,914733,50.29
20,227,ADANIPOWER,EQ,8836834,991181,11.22
20,228,ADFFOODS,EQ,66449,40056,60.28
20,229,ADL,EQ,3039,2478,81.54
20,230,ADORWELD,EQ,25848,14771,57.15
20,231,ADROITINFO,EQ,13945,6889,49.40
20,232,ADSL,EQ,339532,155819,45.89
20,233,ADVANIHOTR,EQ,38568,25399,65.86
20,234,ADVENZYMES,EQ,261388,164423,62.90
20,235,AEGISLOG,EQ,1677438,195611,11.66
20,236,AEL120924,N2,2,2,100.00
20,237,AEROFLEX,EQ,698880,287112,41.08
20,238,AERON,SM,13000,12000,92.31
20,239,AESTHETIK,SM,20000,20000,100.00
20,240,AETHER,EQ,186804,61143,32.73
20,241,AFCONS,EQ,1196551,645555,53.95
20,242,AFFLE,EQ,141658,64043,45.21
20,243,AFFORDABLE,EQ,9961,7466,74.95
20,244,AFIL,EQ,71323,44059,61.77
20,245,AGARIND,EQ,28848,21308,73.86
20,246,AGARWALEYE,EQ,1008519,730334,72.42
20,247,AGARWALTUF,SM,16800,13200,78.57
20,248,AGI,EQ,143613,65055,45.30
20,249,AGIIL,EQ,15331,12392,80.83
20,250,AGNI,ST,25000,22500,90.00
20,251,AGRITECH,EQ,5389,3516,65.24
20,252,AGROPHOS,EQ,57173,31463,55.03
20,253,AHLADA,EQ,28757,21125,73.46
20,254,AHLEAST,EQ,13791,12144,88.06
20,255,AHLUCONT,EQ,208855,150706,72.16
20,256,AIAENG,EQ,23504,16180,68.84
20,257,AIIL,EQ,209580,151360,72.22
20,258,AIMTRON,SM,22400,18000,80.36
20,259,AIRAN,EQ,121954,67051,54.98
20,260,AIROLAM,EQ,19764,11193,56.63
20,261,AIRTELPP,E1,238377,193048,80.98
20,262,AISL,SM,1200,1200,100.00
20,263,AJANTPHARM,EQ,177877,83145,46.74
20,264,AJAXENGG,EQ,530302,216700,40.86
20,265,AJMERA,EQ,24734,11304,45.70
20,266,AJOONI,EQ,4898894,1872600,38.22
20,267,AKANKSHA,SM,5000,5000,100.00
20,268,AKASH,EQ,4387,3626,82.65
20,269,AKG,EQ,5205,2541,48.82
20,270,AKIKO,SM,14400,9600,66.67
20,271,AKSHARCHEM,EQ,2498,1729,69.22
20,272,AKUMS,EQ,178713,101057,56.55
20,273,AKZOINDIA,EQ,7320,2935,40.10
20,274,ALANKIT,EQ,343276,211960,61.75
20,275,ALBERTDAVD,EQ,7497,5289,70.55
20,276,ALEMBICLTD,EQ,269337,126002,46.78
20,277,ALICON,EQ,12901,8584,66.54
20,278,ALIVUS,EQ,149335,76508,51.23
20,279,ALKALI,EQ,9088,3730,41.04
20,280,ALKEM,EQ,228063,135579,59.45
20,281,ALKYLAMINE,EQ,26971,14473,53.66
20,282,ALLCARGO,EQ,1573999,683867,43.45
20,283,ALLDIGI,EQ,7294,5067,69.47
20,284,ALLETEC,SM,37200,25600,68.82
20,285,ALMONDZ,EQ,242357,156751,64.68
20,286,ALOKINDS,EQ,3410403,1886882,55.33
20,287,ALPA,EQ,26020,17294,66.46
20,288,ALPEXSOLAR,SM,76400,57400,75.13
20,289,ALPHA,EQ,2222168,1884576,84.81
20,290,ALPHAETF,EQ,851111,422983,49.70
20,291,ALPL30IETF,EQ,2851557,2504315,87.82
20,292,ALUWIND,SM,12000,12000,100.00
20,293,AMBER,EQ,657030,64427,9.81
20,294,AMBEY,SM,14000,14000,100.00
20,295,AMBICAAGAR,EQ,6540,2382,36.42
20,296,AMBIKCO,EQ,7572,5128,67.72
20,297,AMBUJACEM,EQ,4261863,2703188,63.43
20,298,AMDIND,EQ,22395,7479,33.40
20,299,AMEYA,SM,3000,3000,100.00
20,300,AMIORG,EQ,177650,72174,40.63
20,301,AMJLAND,EQ,37101,25603,69.01
20,302,AMJUMBO,SM,16000,16000,100.00
20,303,AMNPLST,EQ,12639,8496,67.22
20,304,AMRUTANJAN,EQ,10973,6805,62.02
20,305,ANANDRATHI,EQ,622874,420241,67.47
20,306,ANANTRAJ,EQ,1690256,715640,42.34
20,307,ANDHRAPAP,EQ,199441,115433,57.88
20,308,ANDHRSUGAR,EQ,177024,122847,69.40
20,309,ANGELONE,EQ,1139119,158282,13.90
20,310,ANIKINDS,EQ,12385,7130,57.57
20,311,ANLON,SM,6000,4000,66.67
20,312,ANMOL,EQ,203966,73066,35.82
20,313,ANNAPURNA,SM,56000,35750,63.84
20,314,ANTGRAPHIC,EQ,133070,108677,81.67
20,315,ANUHPHR,EQ,23448,16467,70.23
20,316,ANUP,EQ,62537,32588,52.11
20,317,ANURAS,EQ,60430,21036,34.81
20,318,ANYA,SM,40000,40000,100.00
20,319,APARINDS,EQ,216309,80219,37.09
20,320,APCL,EQ,10937,8588,78.52
20,321,APCOTEXIND,EQ,24176,19052,78.81
20,322,APEX,EQ,63337,27240,43.01
20,323,APEXECO,SM,17600,12800,72.73
20,324,APLAPOLLO,EQ,438871,214392,48.85
20,325,APLLTD,EQ,150283,94700,63.01
20,326,APOLLO,EQ,5405344,1684255,31.16
20,327,APOLLOHOSP,EQ,397857,273695,68.79
20,328,APOLLOPIPE,EQ,60350,31998,53.02
20,329,APOLLOTYRE,EQ,1377674,853672,61.96
20,330,APOLSINHOT,EQ,2030,1522,74.98
20,331,APRAMEYA,ST,8000,8000,100.00
20,332,APS,SM,37500,20000,53.33
20,333,APTECHT,EQ,199941,73870,36.95
20,334,APTUS,EQ,196275,109974,56.03
20,335,ARCHIDPLY,EQ,51870,41261,79.55
20,336,ARCHIES,EQ,77928,36977,47.45
20,337,ARE&M,EQ,693373,275611,39.75
20,338,ARHAM,SM,7000,7000,100.00
20,339,ARIHANTCAP,EQ,246310,141441,57.42
20,340,ARIHANTSUP,EQ,40229,14371,35.72
20,341,ARISTO,SM,1600,1600,100.00
20,342,ARKADE,EQ,458081,197132,43.03
20,343,ARMANFIN,EQ,22599,13775,60.95
20,344,AROGRANITE,EQ,8988,5822,64.78
20,345,ARTEMISMED,EQ,51792,33473,64.63
20,346,ARVEE,EQ,33,20,60.61
20,347,ARVIND,EQ,249032,86308,34.66
20,348,ARVINDFASN,EQ,344657,147556,42.81
20,349,ARVINDPORT,ST,4500,4500,100.00
20,350,ARVSMART,EQ,25755,13543,52.58
20,351,ASAHIINDIA,EQ,62282,30697,49.29
20,352,ASAHISONG,EQ,6023,3982,66.11
20,353,ASAL,EQ,22596,7338,32.47
20,354,ASALCBR,EQ,46660,29199,62.58
20,355,ASHALOG,SM,10000,10000,100.00
20,356,ASHAPURMIN,EQ,262357,173781,66.24
20,357,ASHIANA,EQ,649733,83368,12.83
20,358,ASHIMASYN,EQ,612103,319220,52.15
20,359,ASHOKA,EQ,2184881,961841,44.02
20,360,ASHOKAMET,EQ,32254,17042,52.84
20,361,ASHOKLEY,EQ,7282413,2856495,39.22
20,362,ASIANENE,EQ,170246,64224,37.72
20,363,ASIANPAINT,EQ,1027196,714933,69.60
20,364,ASIANTILES,EQ,508538,344329,67.71
20,365,ASKAUTOLTD,EQ,396122,199925,50.47
20,366,ASMS,EQ,209449,113760,54.31
20,367,ASPINWALL,EQ,4450,2662,59.82
20,368,ASPIRE,ST,12000,10000,83.33
20,369,ASTEC,EQ,17785,11238,63.19
20,370,ASTERDM,EQ,265369,168353,63.44
20,371,ASTRAL,EQ,534513,338421,63.31
20,372,ASTRAMICRO,EQ,162151,91758,56.59
20,373,ASTRAZEN,EQ,5930,2571,43.36
20,374,ASTRON,EQ,40500,22745,56.16
20,375,ATALREAL,EQ,560614,276891,49.39
20,376,ATAM,EQ,14082,8483,60.24
20,377,ATFL,EQ,35045,27878,79.55
20,378,ATGL,EQ,1468847,279655,19.04
20,379,ATL,EQ,303537,205343,67.65
20,380,ATMASTCO,ST,30400,26000,85.53
20,381,ATUL,EQ,193748,117166,60.47
20,382,ATULAUTO,EQ,35211,15883,45.11
20,383,AUBANK,EQ,9452200,3113834,32.94
20,384,AURDIS,ST,4375,4375,100.00
20,385,AURIONPRO,EQ,34914,21515,61.62
20,386,AUROIMPEX,SM,3200,3200,100.00
20,387,AUROPHARMA,EQ,884839,404290,45.69
20,388,AURUM,EQ,44440,34432,77.48
20,389,AURUMPP1,E1,1962,1683,85.78
20,390,AUSL,SM,12000,12000,100.00
20,391,AUSOMENT,EQ,18004,13820,76.76
20,392,AUTOAXLES,EQ,4516,3157,69.91
20,393,AUTOBEES,EQ,130972,74798,57.11
20,394,AUTOIETF,EQ,505595,201971,39.95
20,395,AUTOIND,EQ,39483,25899,65.60
20,396,AVADHSUGAR,EQ,31506,17720,56.24
20,397,AVALON,EQ,553397,153025,27.65
20,398,AVANTEL,EQ,480811,148658,30.92
20,399,AVANTIFEED,EQ,1344950,300328,22.33
20,400,AVIANSH,ST,8000,6000,75.00
20,401,AVL,EQ,62741,41635,66.36
20,402,AVPINFRA,ST,34400,32800,95.35
20,403,AVROIND,EQ,31288,25633,81.93
20,404,AVTNPL,EQ,101472,67281,66.30
20,405,AWFIS,EQ,102733,58848,57.28
20,406,AWHCL,EQ,61938,39251,63.37
20,407,AWL,EQ,1464119,685066,46.79
20,408,AXISBANK,EQ,9777690,6997970,71.57
20,409,AXISBNKETF,EQ,49402,47868,96.89
20,410,AXISBPSETF,EQ,47389,39023,82.35
20,411,AXISCETF,EQ,1756,1179,67.14
20,412,AXISGOLD,EQ,2963641,2833810,95.62
20,413,AXISHCETF,EQ,5353,3827,71.49
20,414,AXISILVER,EQ,229316,190598,83.12
20,415,AXISNIFTY,EQ,11860,8139,68.63
20,416,AXISTECETF,EQ,21628,20555,95.04
20,417,AXITA,EQ,1535490,594409,38.71
20,418,AXSENSEX,EQ,1588,1033,65.05
20,419,AYMSYNTEX,EQ,18730,13742,73.37
20,420,AZAD,EQ,121245,51005,42.07
20,421,BABAFP,SM,8000,8000,100.00
20,422,BAHETI,SM,51375,22125,43.07
20,423,BAIDFIN,EQ,95973,75292,78.45
20,424,BAJAJ-AUTO,EQ,350992,179528,51.15
20,425,BAJAJCON,EQ,280016,167044,59.66
20,426,BAJAJELEC,EQ,45647,14273,31.27
20,427,BAJAJFINSV,EQ,2878330,1002464,34.83
20,428,BAJAJHCARE,EQ,149680,47824,31.95
20,429,BAJAJHFL,EQ,6022308,2516853,41.79
20,430,BAJAJHIND,EQ,8403861,4669935,55.57
20,431,BAJAJHLDNG,EQ,250322,35763,14.29
20,432,BAJEL,EQ,302006,182553,60.45
20,433,BAJFINANCE,EQ,1838283,856767,46.61
20,434,BALAJEE,EQ,60163,40101,66.65
20,435,BALAMINES,EQ,27667,14516,52.47
20,436,BALAXI,EQ,10541,6572,62.35
20,437,BALCO,ST,7200,6000,83.33
20,438,BALKRISHNA,EQ,11274,7786,69.06
20,439,BALKRISIND,EQ,176216,75728,42.97
20,440,BALMLAWRIE,EQ,357849,183171,51.19
20,441,BALPHARMA,EQ,13002,9430,72.53
20,442,BALRAMCHIN,EQ,371517,129796,34.94
20,443,BALUFORGE,EQ,538628,251395,46.67
20,444,BANARISUG,EQ,413,344,83.29
20,445,BANCOINDIA,EQ,169766,81374,47.93
20,446,BANDHANBNK,EQ,46865998,11483448,24.50
20,447,BANKA,EQ,8655,5422,62.65
20,448,BANKBARODA,EQ,9246629,4518046,48.86
20,449,BANKBEES,EQ,537264,324055,60.32
20,450,BANKBETF,EQ,4721,4112,87.10
20,451,BANKETF,EQ,6828,2902,42.50
20,452,BANKETFADD,EQ,6047,5228,86.46
20,453,BANKIETF,EQ,1539778,1411341,91.66
20,454,BANKINDIA,EQ,8392622,3943368,46.99
20,455,BANKNIFTY1,EQ,114964,112964,98.26
20,456,BANKPSU,EQ,1704,1480,86.85
20,457,BANSALWIRE,EQ,103967,47423,45.61
20,458,BANSWRAS,EQ,17878,14014,78.39
20,459,BARBEQUE,EQ,71344,34960,49.00
20,460,BARFLEX,SM,16000,10000,62.50
20,461,BASF,EQ,26043,12064,46.32
20,462,BASILIC,ST,21300,21300,100.00
20,463,BASML,EQ,104638,81195,77.60
20,464,BATAINDIA,EQ,351668,129376,36.79
20,465,BAWEJA,SM,5600,4000,71.43
20,466,BAYERCROP,EQ,78848,14239,18.06
20,467,BBETF0432,EQ,4873,4642,95.26
20,468,BBL,EQ,56468,31268,55.37
20,469,BBNPNBETF,EQ,184,104,56.52
20,470,BBNPPGOLD,EQ,541,364,67.28
20,471,BBOX,EQ,184968,107670,58.21
20,472,BBTC,EQ,76391,26366,34.51
20,473,BBTCL,EQ,9188,4889,53.21
20,474,BCLIND,EQ,911273,595617,65.36
20,475,BCONCEPTS,EQ,14149,9154,64.70
20,476,BDL,EQ,657734,274515,41.74
20,477,BEACON,SM,41000,28000,68.29
20,478,BEARDSELL,EQ,65842,26158,39.73
20,479,BECTORFOOD,EQ,83261,47371,56.89
20,480,BEDMUTHA,EQ,147645,45606,30.89
20,481,BEL,EQ,11087404,5547899,50.04
20,482,BEML,EQ,198883,69091,34.74
20,483,BEPL,EQ,643869,285832,44.39
20,484,BERGEPAINT,EQ,1774264,718957,40.52
20,485,BETA,SM,4400,2500,56.82
20,486,BEWLTD,ST,14500,14000,96.55
20,487,BFINVEST,EQ,29600,19450,65.71
20,488,BFSI,EQ,120118,103854,86.46
20,489,BFUTILITIE,EQ,62389,39054,62.60
20,490,BHAGCHEM,EQ,97766,52848,54.06
20,491,BHAGERIA,EQ,11168,6352,56.88
20,492,BHAGYANGR,EQ,44028,23220,52.74
20,493,BHANDARI,EQ,355126,258735,72.86
20,494,BHARATFORG,EQ,942500,556805,59.08
20,495,BHARATGEAR,EQ,31942,6999,21.91
20,496,BHARATRAS,EQ,1914,1240,64.79
20,497,BHARATWIRE,EQ,205658,116956,56.87
20,498,BHARTIARTL,EQ,7568745,5425552,71.68
20,499,BHARTIHEXA,EQ,2251853,573891,25.49
20,500,BHEL,EQ,11545214,3099756,26.85
20,501,BIGBLOC,EQ,221401,100803,45.53
20,502,BIKAJI,EQ,394695,100190,25.38
20,503,BIKEWO,ST,32000,28000,87.50
20,504,BINANIIND,EQ,11215,8379,74.71
20,505,BIOCON,EQ,3877068,1826971,47.12
20,506,BIOFILCHEM,EQ,65165,27626,42.39
20,507,BIRDYS,SM,26400,25200,95.45
20,508,BIRET,RR,214600,145387,67.75
20,509,BIRLACABLE,EQ,45993,20732,45.08
20,510,BIRLACORPN,EQ,124885,86924,69.60
20,511,BLACKBUCK,EQ,58959,35457,60.14
20,512,BLAL,EQ,59623,32961,55.28
20,513,BLBLIMITED,EQ,12276,6637,54.06
20,514,BLISSGVS,EQ,462565,99115,21.43
20,515,BLKASHYAP,EQ,573031,361610,63.10
20,516,BLS,EQ,3488383,1406105,40.31
20,517,BLSE,EQ,85412,33604,39.34
20,518,BLUEDART,EQ,5261,2679,50.92
20,519,BLUEJET,EQ,244648,152747,62.44
20,520,BLUEPEBBLE,SM,5200,4400,84.62
20,521,BLUESTARCO,EQ,783893,422715,53.93
20,522,BODALCHEM,EQ,215821,131380,60.87
20,523,BOMDYEING,EQ,812344,343173,42.24
20,524,BOROLTD,EQ,114326,66361,58.05
20,525,BOROSCI,EQ,36895,24765,67.12
20,526,BOSCHLTD,EQ,19778,9501,48.04
20,527,BPCL,EQ,7376510,3909341,53.00
20,528,BPL,EQ,95565,38411,40.19
20,529,BRACEPORT,ST,25600,25600,100.00
20,530,BRIGADE,EQ,137785,56713,41.16
20,531,BRITANNIA,EQ,386556,256118,66.26
20,532,BRNL,EQ,45853,22256,48.54
20,533,BROOKS,EQ,39653,24695,62.28
20,534,BSE,EQ,2748300,683691,24.88
20,535,BSE500IETF,EQ,102410,56157,54.84
20,536,BSHSL,EQ,6736,3455,51.29
20,537,BSLGOLDETF,EQ,384561,373123,97.03
20,538,BSLNIFTY,EQ,121265,85349,70.38
20,539,BSLSENETFG,EQ,523,275,52.58
20,540,BSOFT,EQ,1036841,340402,32.83
20,541,BULKCORP,SM,6000,6000,100.00
20,542,BUTTERFLY,EQ,5842,4409,75.47
20,543,BVCL,EQ,15986,10215,63.90
20,544,C2C,ST,3000,3000,100.00
20,545,CADSYS,ST,4000,3500,87.50
20,546,CAMLINFINE,EQ,2593224,969168,37.37
20,547,CAMPUS,EQ,369437,218237,59.07
20,548,CAMS,EQ,352465,152782,43.35
20,549,CANARYS,SM,28000,24000,85.71
20,550,CANBK,EQ,25101806,12582825,50.13
20,551,CANFINHOME,EQ,2214435,1548635,69.93
20,552,CANTABIL,EQ,159198,64274,40.37
20,553,CAPACITE,EQ,784600,374634,47.75
20,554,CAPINVIT,IV,369065,351923,95.36
20,555,CAPITALSFB,EQ,18021,11758,65.25
20,556,CAPLIPOINT,EQ,100620,40446,40.20
20,557,CAPTRUST,EQ,12200,6286,51.52
20,558,CARBORUNIV,EQ,174403,85055,48.77
20,559,CAREERP,EQ,17634,13388,75.92
20,560,CARERATING,EQ,39222,26438,67.41
20,561,CARRARO,EQ,67336,35084,52.10
20,562,CARTRADE,EQ,207895,83596,40.21
20,563,CARYSIL,EQ,71936,42289,58.79
20,564,CASTROLIND,EQ,5889216,1680617,28.54
20,565,CBAZAAR,ST,32000,32000,100.00
20,566,CCHHL,EQ,45006,25615,56.91
20,567,CCL,EQ,63986,32297,50.48
20,568,CDSL,EQ,3485153,1239046,35.55
20,569,CEATLTD,EQ,59202,21577,36.45
20,570,CEIGALL,EQ,139274,76949,55.25
20,571,CELEBRITY,EQ,49521,37497,75.72
20,572,CELLECOR,SM,231000,174000,75.32
20,573,CELLO,EQ,180681,118484,65.58
20,574,CELLPOINT,SM,25200,24000,95.24
20,575,CENTENKA,EQ,99436,27495,27.65
20,576,CENTEXT,EQ,60100,47605,79.21
20,577,CENTRALBK,EQ,3082496,1121739,36.39
20,578,CENTRUM,EQ,173820,91045,52.38
20,579,CENTUM,EQ,12839,8869,69.08
20,580,CENTURYPLY,EQ,187103,92897,49.65
20,581,CERA,EQ,58023,30063,51.81
20,582,CESC,EQ,6022533,2380428,39.53
20,583,CEWATER,EQ,129153,76228,59.02
20,584,CGCL,EQ,292234,30559,10.46
20,585,CGPOWER,EQ,10087384,7808983,77.41
20,586,CGRAPHICS,SM,49600,36000,72.58
20,587,CHALET,EQ,358895,129927,36.20
20,588,CHAMBLFERT,EQ,5029181,1095122,21.78
20,589,CHAMUNDA,SM,69000,57000,82.61
20,590,CHANDAN,ST,22400,22400,100.00
20,591,CHAVDA,SM,25000,15000,60.00
20,592,CHEMBOND,EQ,4593,2308,50.25
20,593,CHEMCON,EQ,20847,14373,68.95
20,594,CHEMFAB,EQ,5490,3447,62.79
20,595,CHEMPLASTS,EQ,37788,21619,57.21
20,596,CHENNPETRO,EQ,535140,258629,48.33
20,597,CHETANA,SM,19200,11200,58.33
20,598,CHEVIOT,EQ,2218,1592,71.78
20,599,CHOICEIN,EQ,156503,50706,32.40
20,600,CHOLAFIN,EQ,4929552,2595456,52.65
20,601,CHOLAHLDNG,EQ,861726,366112,42.49
20,602,CIEINDIA,EQ,92674,47882,51.67
20,603,CIFC28,NB,1,1,100.00
20,604,CIFCZC28A,N5,30,30,100.00
20,605,CIGNITITEC,EQ,60626,30045,49.56
20,606,CINEVISTA,EQ,9516,7145,75.08
20,607,CIPLA,EQ,1260808,804409,63.80
20,608,CLEAN,EQ,82298,51260,62.29
20,609,CLEDUCATE,EQ,322357,246411,76.44
20,610,CLSEL,EQ,39886,19035,47.72
20,611,CLSL,SM,6000,4000,66.67
20,612,CMMIPL,SZ,9000,9000,100.00
20,613,CMNL,SM,28500,24000,84.21
20,614,CMRSL,SM,4000,3200,80.00
20,615,CMSINFO,EQ,506174,290942,57.48
20,616,COALINDIA,EQ,6196610,2824019,45.57
20,617,COASTCORP,EQ,8294,7143,86.12
20,618,COCHINSHIP,EQ,592297,206763,34.91
20,619,COFORGE,EQ,273694,102232,37.35
20,620,COLPAL,EQ,813793,566910,69.66
20,621,COMMOIETF,EQ,19721,11964,60.67
20,622,COMPUSOFT,EQ,17403,11006,63.24
20,623,CONCOR,EQ,2172148,1312943,60.44
20,624,CONCORDBIO,EQ,125156,74634,59.63
20,625,CONFIPET,EQ,363623,195175,53.68
20,626,CONS,EQ,5850,4482,76.62
20,627,CONSOFINVT,EQ,12163,9524,78.30
20,628,CONSUMBEES,EQ,71994,37645,52.29
20,629,CONSUMER,EQ,24950,23043,92.36
20,630,CONSUMIETF,EQ,15680,12527,79.89
20,631,CONTROLPR,EQ,11100,8203,73.90
20,632,COOLCAPS,ST,96000,96000,100.00
20,633,CORALFINAC,EQ,33185,14660,44.18
20,634,CORDSCABLE,EQ,30682,17210,56.09
20,635,COROMANDEL,EQ,783256,386665,49.37
20,636,COSMOFIRST,EQ,96215,54364,56.50
20,637,COUNCODOS,EQ,29748,20538,69.04
20,638,CPS,ST,4200,4200,100.00
20,639,CPSEETF,EQ,899929,470558,52.29
20,640,CRAFTSMAN,EQ,137295,100852,73.46
20,641,CRAYONS,SM,26000,21000,80.77
20,642,CREATIVE,EQ,10077,8194,81.31
20,643,CREATIVEYE,EQ,23968,13120,54.74
20,644,CREDITACC,EQ,30810061,1464599,4.75
20,645,CREST,EQ,13034,8367,64.19
20,646,CRISIL,EQ,110944,22863,20.61
20,647,CROMPTON,EQ,2316594,1313045,56.68
20,648,CROWN,EQ,9678,5601,57.87
20,649,CSBBANK,EQ,147910,100285,67.80
20,650,CSLFINANCE,EQ,12984,8159,62.84
20,651,CTE,EQ,42299,22051,52.13
20,652,CUB,EQ,8635926,5998488,69.46
20,653,CUMMINSIND,EQ,496668,295219,59.44
20,654,CUPID,EQ,1414156,603409,42.67
20,655,CYBERMEDIA,EQ,20749,14088,67.90
20,656,CYBERTECH,EQ,53486,31537,58.96
20,657,CYIENT,EQ,613325,332600,54.23
20,658,CYIENTDLM,EQ,231570,107820,46.56
20,659,DABUR,EQ,1181893,671433,56.81
20,660,DALBHARAT,EQ,722968,392000,54.22
20,661,DALMIASUG,EQ,73435,42456,57.81
20,662,DAMCAPITAL,EQ,1052835,385780,36.64
20,663,DAMODARIND,EQ,20189,12331,61.08
20,664,DANGEE,EQ,81656,64565,79.07
20,665,DANISH,SM,53100,34500,64.97
20,666,DATAMATICS,EQ,101165,65072,64.32
20,667,DATAPATTNS,EQ,418407,124452,29.74
20,668,DAVANGERE,EQ,1163010,752432,64.70
20,669,DBCORP,EQ,254033,149518,58.86
20,670,DBEIL,EQ,106864,40805,38.18
20,671,DBL,EQ,160175,71359,44.55
20,672,DBOL,EQ,229288,168906,73.67
20,673,DBREALTY,EQ,3070429,1814862,59.11
20,674,DBSTOCKBRO,EQ,117557,108061,91.92
20,675,DCAL,EQ,218039,121734,55.83
20,676,DCBBANK,EQ,1107428,572945,51.74
20,677,DCG,SM,32400,21600,66.67
20,678,DCI,EQ,5683,3862,67.96
20,679,DCM,EQ,215829,208164,96.45
20,680,DCMFINSERV,EQ,5374,4080,75.92
20,681,DCMNVL,EQ,38431,32455,84.45
20,682,DCMSHRIRAM,EQ,23299,10967,47.07
20,683,DCMSRIND,EQ,114533,91447,79.84
20,684,DCW,EQ,682186,281475,41.26
20,685,DCXINDIA,EQ,262806,140171,53.34
20,686,DDEVPLSTIK,EQ,83158,50041,60.18
20,687,DECCANCE,EQ,52741,33182,62.91
20,688,DECCANTRAN,SM,60000,56400,94.00
20,689,DEEDEV,EQ,145792,81651,56.01
20,690,DEEM,SM,18000,14000,77.78
20,691,DEEPAKFERT,EQ,500348,252036,50.37
20,692,DEEPAKNTR,EQ,202870,76250,37.59
20,693,DEEPINDS,EQ,141910,72587,51.15
20,694,DELAPLEX,SM,15600,12600,80.77
20,695,DELHIVERY,EQ,5041680,2922439,57.97
20,696,DELTACORP,EQ,1532196,795795,51.94
20,697,DELTIC,ST,3000,3000,100.00
20,698,DEN,EQ,479696,245989,51.28
20,699,DENORA,EQ,8672,5932,68.40
20,700,DENTA,EQ,834235,168869,20.24
20,701,DENTALKART,SM,13750,12000,87.27
20,702,DESTINY,ST,6000,6000,100.00
20,703,DEVIT,EQ,31801,15116,47.53
20,704,DEVYANI,EQ,737200,213379,28.94
20,705,DHAMPURSUG,EQ,173245,91113,52.59
20,706,DHANI,EQ,1588043,744260,46.87
20,707,DHANLAXMI,ST,44000,42000,95.45
20,708,DHANUKA,EQ,13480,7868,58.37
20,709,DHARIWAL,SM,1200,1200,100.00
20,710,DHARMAJ,EQ,73408,41386,56.38
20,711,DHUNINV,EQ,520,354,68.08
20,712,DIAMINESQ,EQ,16820,9595,57.05
20,713,DIAMONDYD,EQ,74390,50453,67.82
20,714,DICIND,EQ,5256,3357,63.87
20,715,DIGIDRIVE,EQ,59205,26791,45.25
20,716,DIGIKORE,ST,27200,27000,99.26
20,717,DIGISPICE,EQ,83194,40253,48.38
20,718,DISHTV,EQ,11592862,5673406,48.94
20,719,DIVGIITTS,EQ,10940,9282,84.84
20,720,DIVISLAB,EQ,257921,163859,63.53
20,721,DIVOPPBEES,EQ,44581,22964,51.51
20,722,DIVYADHAN,ST,2000,2000,100.00
20,723,DIXON,EQ,239876,96667,40.30
20,724,DLF,EQ,3207791,1608959,50.16
20,725,DLINKINDIA,EQ,185306,108763,58.69
20,726,DMART,EQ,469275,310082,66.08
20,727,DNAMEDIA,EQ,78904,55239,70.01
20,728,DODLA,EQ,13803,6444,46.69
20,729,DOLATALGO,EQ,236974,130222,54.95
20,730,DOLLAR,EQ,49909,30341,60.79
20,731,DOLLEX,SM,8000,8000,100.00
20,732,DOMS,EQ,63751,28373,44.51
20,733,DONEAR,EQ,44404,27274,61.42
20,734,DPABHUSHAN,EQ,18455,7378,39.98
20,735,DPSCLTD,EQ,85615,63740,74.45
20,736,DPWIRES,EQ,21971,14253,64.87
20,737,DRCSYSTEMS,EQ,79879,49642,62.15
20,738,DREAMFOLKS,EQ,122531,72441,59.12
20,739,DREDGECORP,EQ,24233,14636,60.40
20,740,DRONE,ST,64500,59000,91.47
20,741,DRREDDY,EQ,3435069,2536379,73.84
20,742,DSSL,EQ,24001,12919,53.83
20,743,DTIL,EQ,2873,2277,79.26
20,744,DTL,SM,16800,14400,85.71
20,745,DUCOL,SM,7200,6400,88.89
20,746,DUCON,EQ,440124,321479,73.04
20,747,DUGLOBAL,SM,2500,2500,100.00
20,748,DURLAX,SM,18000,14000,77.78
20,749,DVL,EQ,38765,22789,58.79
20,750,DWARKESH,EQ,510357,271733,53.24
20,751,DYCL,EQ,105202,54919,52.20
20,752,DYNAMATECH,EQ,3918,1733,44.23
20,753,DYNAMIC,ST,4000,4000,100.00
20,754,DYNPRO,EQ,12649,9776,77.29
20,755,E2E,EQ,114207,60463,52.94
20,756,EASEMYTRIP,EQ,15282906,5491754,35.93
20,757,EBANKNIFTY,EQ,263,250,95.06
20,758,EBBETF0425,EQ,2096,2086,99.52
20,759,EBBETF0430,EQ,7878,6150,78.07
20,760,EBBETF0431,EQ,12839,10542,82.11
20,761,EBBETF0433,EQ,1003,749,74.68
20,762,ECAPINSURE,EQ,12017,11674,97.15
20,763,ECLERX,EQ,40418,21175,52.39
20,764,ECOSMOBLTY,EQ,346537,160103,46.20
20,765,EDELWEISS,EQ,2390061,1729823,72.38
20,766,EFACTOR,SM,6400,5600,87.50
20,767,EFFWA,SM,70000,60800,86.86
20,768,EFORCE,SM,30000,26400,88.00
20,769,EGOLD,EQ,36115,31553,87.37
20,770,EICHERMOT,EQ,561804,353958,63.00
20,771,EIDPARRY,EQ,358533,200511,55.93
20,772,EIEL,EQ,6867281,1989178,28.97
20,773,EIFFL,EQ,37031,22958,62.00
20,774,EIHAHOTELS,EQ,44306,27660,62.43
20,775,EIHOTEL,EQ,1871201,374686,20.02
20,776,EIMCOELECO,EQ,5789,4261,73.61
20,777,EKC,EQ,332397,148831,44.78
20,778,ELDEHSG,EQ,755,220,29.14
20,779,ELECON,EQ,370598,226352,61.08
20,780,ELECTCAST,EQ,2364286,1286290,54.41
20,781,ELGIEQUIP,EQ,119261,58136,48.75
20,782,ELGNZ,ST,84000,83000,98.81
20,783,ELIN,EQ,87917,54321,61.79
20,784,EMAIN,SM,16000,13000,81.25
20,785,EMAMILTD,EQ,295994,171520,57.95
20,786,EMAMIPAP,EQ,31386,14860,47.35
20,787,EMBASSY,RR,3230796,3045667,94.27
20,788,EMBDL,EQ,7590600,3368927,44.38
20,789,EMCURE,EQ,94917,61200,64.48
20,790,EMIL,EQ,431172,190951,44.29
20,791,EMKAYTOOLS,SM,600,600,100.00
20,792,EMMBI,EQ,131442,83415,63.46
20,793,EMMIL,ST,29500,28000,94.92
20,794,EMSLIMITED,EQ,323120,167972,51.98
20,795,EMUDHRA,EQ,242027,63345,26.17
20,796,EMULTIMQ,EQ,189889,187152,98.56
20,797,ENDURANCE,EQ,48174,30514,63.34
20,798,ENGINERSIN,EQ,1675211,676805,40.40
20,799,ENIL,EQ,14306,10044,70.21
20,800,ENSER,ST,220000,215000,97.73
20,801,ENTERO,EQ,23875,13688,57.33
20,802,ENVIRO,SM,42000,26000,61.90
20,803,EPACK,EQ,457717,282061,61.62
20,804,EPIGRAL,EQ,46727,23331,49.93
20,805,EPL,EQ,812856,401035,49.34
20,806,EQUAL50ADD,EQ,3533,3185,90.15
20,807,EQUITASBNK,EQ,2748465,1341528,48.81
20,808,ERIS,EQ,70480,34267,48.62
20,809,ESABINDIA,EQ,2686,1584,58.97
20,810,ESAFSFB,EQ,490586,232611,47.41
20,811,ESCONET,ST,31200,30800,98.72
20,812,ESCORTS,EQ,163947,71399,43.55
20,813,ESFL,SM,39240,29160,74.31
20,814,ESG,EQ,3872,2711,70.02
20,815,ESILVER,EQ,205673,202919,98.66
20,816,ESPRIT,ST,9600,8000,83.33
20,817,ESSENTIA,EQ,2312584,1356796,58.67
20,818,ESTER,EQ,130786,58477,44.71
20,819,ETHOSLTD,EQ,16021,6628,41.37
20,820,ETML,SM,22800,19200,84.21
20,821,EUREKAFORB,EQ,245962,127393,51.79
20,822,EUROBOND,SM,22000,18000,81.82
20,823,EVEREADY,EQ,51997,25705,49.44
20,824,EVINDIA,EQ,644531,244471,37.93
20,825,EXCELINDUS,EQ,18192,12890,70.86
20,826,EXICOM,EQ,248135,148921,60.02
20,827,EXIDEIND,EQ,1937346,639697,33.02
20,828,EXPLEOSOL,EQ,12561,7262,57.81
20,829,EXXARO,EQ,3166517,2962148,93.55
20,830,FACT,EQ,723554,165918,22.93
20,831,FAIRCHEMOR,EQ,17344,9725,56.07
20,832,FALCONTECH,ST,3600,3600,100.00
20,833,FAZE3Q,EQ,4774,1913,40.07
20,834,FCL,EQ,436541,201247,46.10
20,835,FCSSOFT,EQ,3070997,1717084,55.91
20,836,FDC,EQ,104708,56793,54.24
20,837,FEDERALBNK,EQ,12518738,6236590,49.82
20,838,FEDFINA,EQ,302848,171016,56.47
20,839,FELIX,SM,34500,28500,82.61
20,840,FIBERWEB,EQ,41510,29575,71.25
20,841,FICRF3GP,MF,298,298,100.00
20,842,FIDEL,ST,19000,19000,100.00
20,843,FIEMIND,EQ,52200,32653,62.55
20,844,FILATEX,EQ,1146519,673400,58.73
20,845,FINCABLES,EQ,895844,227290,25.37
20,846,FINEORG,EQ,42302,28711,67.87
20,847,FINIETF,EQ,187886,93186,49.60
20,848,FINOPB,EQ,164573,87372,53.09
20,849,FINPIPE,EQ,620077,238214,38.42
20,850,FIRSTCRY,EQ,368277,211507,57.43
20,851,FIVESTAR,EQ,2741409,900107,32.83
20,852,FLAIR,EQ,123718,52230,42.22
20,853,FLUOROCHEM,EQ,66498,29890,44.95
20,854,FMCGIETF,EQ,728634,413381,56.73
20,855,FMGOETZE,EQ,52478,31821,60.64
20,856,FOCUS,EQ,63102,47378,75.08
20,857,FONEBOX,SM,11000,11000,100.00
20,858,FOODSIN,EQ,115304,84843,73.58
20,859,FORCAS,ST,8000,8000,100.00
20,860,FORCEMOT,EQ,24960,13217,52.95
20,861,FORGEAUTO,SM,26400,25200,95.45
20,862,FORTIS,EQ,1227911,647446,52.73
20,863,FOSECOIND,EQ,863,472,54.69
20,864,FRESHARA,ST,73200,62400,85.25
20,865,FROG,SM,33600,20800,61.90
20,866,FSL,EQ,1797225,595762,33.15
20,867,FUSION,EQ,288038,132869,46.13
20,868,GABRIEL,EQ,183442,64818,35.33
20,869,GAEL,EQ,370428,190538,51.44
20,870,GAIL,EQ,8836252,4740209,53.65
20,871,GAJANAND,ST,15000,15000,100.00
20,872,GALAPREC,EQ,29222,12093,41.38
20,873,GALAXYSURF,EQ,4332,2527,58.33
20,874,GALLANTT,EQ,31798,20203,63.54
20,875,GANDHAR,EQ,107216,63900,59.60
20,876,GANDHITUBE,EQ,2767,2030,73.36
20,877,GANECOS,EQ,58576,32656,55.75
20,878,GANESHBE,EQ,175997,130560,74.18
20,879,GANESHHOUC,EQ,96093,43759,45.54
20,880,GANESHIN,SM,131200,102400,78.05
20,881,GANGAFORGE,EQ,279780,171218,61.20
20,882,GANGESSECU,EQ,7867,6642,84.43
20,883,GARFIBRES,EQ,38255,17971,46.98
20,884,GARUDA,EQ,374650,136308,36.38
20,885,GATEWAY,EQ,2496634,1429924,57.27
20,886,GEECEE,EQ,6846,2810,41.05
20,887,GEEKAYWIRE,EQ,54019,30709,56.85
20,888,GENCON,EQ,55126,12139,22.02
20,889,GENESYS,EQ,304453,129712,42.60
20,890,GENSOL,EQ,200771,90804,45.23
20,891,GENUSPAPER,EQ,68030,53293,78.34
20,892,GENUSPOWER,EQ,300630,151490,50.39
20,893,GEOJITFSL,EQ,567563,282241,49.73
20,894,GEPIL,EQ,167938,82342,49.03
20,895,GESHIP,EQ,541818,266263,49.14
20,896,GFLLIMITED,EQ,29825,18666,62.59
20,897,GGBL,ST,19200,17400,90.63
20,898,GHCL,EQ,187487,87647,46.75
20,899,GHCLTEXTIL,EQ,181016,126777,70.04
20,900,GICHSGFIN,EQ,69940,37499,53.62
20,901,GICL,ST,345000,343500,99.57
20,902,GICRE,EQ,487989,233718,47.89
20,903,GILLETTE,EQ,106150,15252,14.37
20,904,GILT5YBEES,EQ,124689,100059,80.25
20,905,GINNIFILA,EQ,30051,19850,66.05
20,906,GIPCL,EQ,275356,135719,49.29
20,907,GIRIRAJ,ST,250,250,100.00
20,908,GLAND,EQ,376161,130599,34.72
20,909,GLAXO,EQ,261659,85780,32.78
20,910,GLENMARK,EQ,500953,277200,55.33
20,911,GLOBAL,EQ,29094,18824,64.70
20,912,GLOBALPET,SM,9000,4500,50.00
20,913,GLOBE,EQ,8116609,7549498,93.01
20,914,GLOBUSSPR,EQ,41727,24199,57.99
20,915,GLOSTERLTD,EQ,1381,906,65.60
20,916,GMBREW,EQ,24445,12891,52.73
20,917,GMDCLTD,EQ,748273,403843,53.97
20,918,GMMPFAUDLR,EQ,53331,39458,73.99
20,919,GMRAIRPORT,EQ,9102396,4872102,53.53
20,920,GMRP&UI,EQ,1249126,588745,47.13
20,921,GNA,EQ,100002,57925,57.92
20,922,GNFC,EQ,3358626,1721653,51.26
20,923,GOACARBON,EQ,19795,11099,56.07
20,924,GOCLCORP,EQ,77319,56000,72.43
20,925,GOCOLORS,EQ,72857,49028,67.29
20,926,GODFRYPHLP,EQ,160310,55915,34.88
20,927,GODIGIT,EQ,379936,117662,30.97
20,928,GODREJAGRO,EQ,124506,81843,65.73
20,929,GODREJCP,EQ,1348747,1065142,78.97
20,930,GODREJIND,EQ,895859,657173,73.36
20,931,GODREJPROP,EQ,875017,437785,50.03
20,932,GOKEX,EQ,263445,145188,55.11
20,933,GOKUL,EQ,92487,57561,62.24
20,934,GOKULAGRO,EQ,61013,38289,62.76
20,935,GOLD1,EQ,1711253,1339399,78.27
20,936,GOLDBEES,EQ,27165044,22499126,82.82
20,937,GOLDCASE,EQ,3964532,3055186,77.06
20,938,GOLDETF,EQ,577170,514969,89.22
20,939,GOLDETFADD,EQ,52043,41737,80.20
20,940,GOLDIAM,EQ,837472,238707,28.50
20,941,GOLDIETF,EQ,2468969,2112818,85.57
20,942,GOLDSHARE,EQ,1001828,909097,90.74
20,943,GOLDSTAR,SM,78750,45000,57.14
20,944,GOLDTECH,EQ,61538,36388,59.13
20,945,GOODLUCK,EQ,68998,36336,52.66
20,946,GOPAL,EQ,101520,59515,58.62
20,947,GOYALALUM,EQ,53444,36636,68.55
20,948,GOYALSALT,SM,14400,13200,91.67
20,949,GPECO,ST,48000,43200,90.00
20,950,GPIL,EQ,1439009,663797,46.13
20,951,GPPL,EQ,1096292,597763,54.53
20,952,GPTHEALTH,EQ,194821,132836,68.18
20,953,GPTINFRA,EQ,73009,45927,62.91
20,954,GRANULES,EQ,870522,382821,43.98
20,955,GRAPHISAD,SM,22800,19200,84.21
20,956,GRAPHITE,EQ,314755,142116,45.15
20,957,GRASIM,EQ,1045684,639576,61.16
20,958,GRAVITA,EQ,225806,111288,49.28
20,959,GRCL,SM,250,250,100.00
20,960,GREAVESCOT,EQ,2648009,709000,26.77
20,961,GREENCHEF,SM,20000,13600,68.00
20,962,GREENLAM,EQ,22212,12366,55.67
20,963,GREENPANEL,EQ,116572,71465,61.31
20,964,GREENPLY,EQ,134379,78860,58.68
20,965,GREENPOWER,EQ,2568667,1430926,55.71
20,966,GRINDWELL,EQ,52988,32099,60.58
20,967,GRINFRA,EQ,30706,7901,25.73
20,968,GRMOVER,EQ,308906,77334,25.03
20,969,GROBTEA,EQ,18,11,61.11
20,970,GROWWDEFNC,EQ,123383,98222,79.61
20,971,GROWWEV,EQ,373730,306174,81.92
20,972,GROWWGOLD,EQ,130542,70567,54.06
20,973,GROWWLIQID,EQ,94026,53270,56.65
20,974,GROWWRAIL,EQ,233629,141121,60.40
20,975,GRPLTD,EQ,6661,4973,74.66
20,976,GRSE,EQ,596439,109911,18.43
20,977,GRWRHITECH,EQ,60333,22976,38.08
20,978,GSEC10ABSL,EQ,10,10,100.00
20,979,GSEC10IETF,EQ,423,407,96.22
20,980,GSEC10YEAR,EQ,1923,1185,61.62
20,981,GSEC5IETF,EQ,1390,939,67.55
20,982,GSFC,EQ,1063837,510907,48.02
20,983,GSLSU,EQ,360718,187177,51.89
20,984,GSMFOILS,ST,8000,8000,100.00
20,985,GSPL,EQ,776020,450353,58.03
20,986,GSS,EQ,59631,29637,49.70
20,987,GSTL,ST,16000,16000,100.00
20,988,GTL,EQ,311495,211171,67.79
20,989,GTLINFRA,EQ,31219831,16572114,53.08
20,990,GTPL,EQ,23929,13445,56.19
20,991,GUFICBIO,EQ,59408,33188,55.86
20,992,GUJALKALI,EQ,24794,11763,47.44
20,993,GUJAPOLLO,EQ,15320,9037,58.99
20,994,GUJGASLTD,EQ,1862562,1207692,64.84
20,995,GUJTHEM,EQ,24659,15538,63.01
20,996,GULFOILLUB,EQ,110912,48453,43.69
20,997,GULFPETRO,EQ,139385,81834,58.71
20,998,GULPOLY,EQ,78522,42857,54.58
20,999,GVPTECH,EQ,20432,13295,65.07
20,1000,GVT&D,EQ,426721,318871,74.73
20,1001,HAL,EQ,1573040,724558,46.06
20,1002,HAPPSTMNDS,EQ,734521,498687,67.89
20,1003,HAPPYFORGE,EQ,29317,14384,49.06
20,1004,HARIOMPIPE,EQ,64425,35040,54.39
20,1005,HARRMALAYA,EQ,37085,24213,65.29
20,1006,HARSHA,EQ,89341,57831,64.73
20,1007,HATHWAY,EQ,2049918,884960,43.17
20,1008,HATSUN,EQ,28422,15814,55.64
20,1009,HAVELLS,EQ,6037735,2269954,37.60
20,1010,HAVISHA,EQ,43393,28156,64.89
20,1011,HBLENGINE,EQ,1100642,417573,37.94
20,1012,HBSL,EQ,4775,2080,43.56
20,1013,HCC,EQ,12435231,5685301,45.72
20,1014,HCG,EQ,178946,87713,49.02
20,1015,HCL-INSYS,EQ,121734,89732,73.71
20,1016,HCLTECH,EQ,2266866,1571739,69.34
20,1017,HDFCAMC,EQ,740074,520508,70.33
20,1018,HDFCBANK,EQ,17893400,13247979,74.04
20,1019,HDFCBSE500,EQ,29303,16824,57.41
20,1020,HDFCGOLD,EQ,2354965,1670532,70.94
20,1021,HDFCGROWTH,EQ,6548,4483,68.46
20,1022,HDFCLIFE,EQ,1831493,1008785,55.08
20,1023,HDFCLIQUID,EQ,1131,587,51.90
20,1024,HDFCLOWVOL,EQ,16375,9537,58.24
20,1025,HDFCMID150,EQ,421380,326768,77.55
20,1026,HDFCMOMENT,EQ,229810,123335,53.67
20,1027,HDFCNEXT50,EQ,82560,46928,56.84
20,1028,HDFCNIF100,EQ,138344,68655,49.63
20,1029,HDFCNIFBAN,EQ,816630,793396,97.15
20,1030,HDFCNIFIT,EQ,217428,215484,99.11
20,1031,HDFCNIFTY,EQ,212190,192463,90.70
20,1032,HDFCPSUBK,EQ,14548,8096,55.65
20,1033,HDFCPVTBAN,EQ,56458,46763,82.83
20,1034,HDFCQUAL,EQ,6785,4024,59.31
20,1035,HDFCSENSEX,EQ,43838,32228,73.52
20,1036,HDFCSILVER,EQ,344330,233487,67.81
20,1037,HDFCSML250,EQ,916923,567746,61.92
20,1038,HDFCVALUE,EQ,4126,3969,96.19
20,1039,HEADSUP,EQ,1094948,405215,37.01
20,1040,HEALTHADD,EQ,7586,5838,76.96
20,1041,HEALTHIETF,EQ,83595,27100,32.42
20,1042,HEALTHY,EQ,119524,76980,64.41
20,1043,HECPROJECT,EQ,2117,1343,63.44
20,1044,HEG,EQ,336318,120268,35.76
20,1045,HEIDELBERG,EQ,79688,41404,51.96
20,1046,HEMIPROP,EQ,384871,186955,48.58
20,1047,HERANBA,EQ,92261,55417,60.07
20,1048,HERCULES,EQ,22215,12158,54.73
20,1049,HERITGFOOD,EQ,181338,95102,52.44
20,1050,HEROMOTOCO,EQ,877741,583860,66.52
20,1051,HESTERBIO,EQ,7050,6317,89.60
20,1052,HEUBACHIND,EQ,35201,28304,80.41
20,1053,HEXATRADEX,EQ,14362,6678,46.50
20,1054,HEXT,EQ,1028455,220409,21.43
20,1055,HFCL,EQ,9534116,2652002,27.82
20,1056,HGINFRA,EQ,104414,59163,56.66
20,1057,HGS,EQ,31601,25466,80.59
20,1058,HIGREEN,ST,14400,12000,83.33
20,1059,HIKAL,EQ,120202,66538,55.36
20,1060,HIL,EQ,10926,7167,65.60
20,1061,HILTON,EQ,45476,33792,74.31
20,1062,HIMATSEIDE,EQ,811766,366319,45.13
20,1063,HINDALCO,EQ,7263151,3792394,52.21
20,1064,HINDCOMPOS,EQ,1490,894,60.00
20,1065,HINDCOPPER,EQ,3054042,1498045,49.05
20,1066,HINDMOTORS,EQ,421272,209136,49.64
20,1067,HINDOILEXP,EQ,717342,348841,48.63
20,1068,HINDPETRO,EQ,4865436,2601282,53.46
20,1069,HINDUNILVR,EQ,1699658,1199332,70.56
20,1070,HINDWAREAP,EQ,232516,169675,72.97
20,1071,HINDZINC,EQ,1034655,585307,56.57
20,1072,HIRECT,EQ,14059,7326,52.11
20,1073,HISARMETAL,EQ,8920,4922,55.18
20,1074,HITECH,EQ,692130,350927,50.70
20,1075,HITECHCORP,EQ,72477,64909,89.56
20,1076,HLEGLAS,EQ,35246,23349,66.25
20,1077,HLVLTD,EQ,483594,273345,56.52
20,1078,HMAAGRO,EQ,241568,131822,54.57
20,1079,HMVL,EQ,24407,12430,50.93
20,1080,HNDFDS,EQ,32493,18233,56.11
20,1081,HNGSNGBEES,EQ,824145,538714,65.37
20,1082,HOACFOODS,ST,5250,5250,100.00
20,1083,HOLMARC,ST,3000,3000,100.00
20,1084,HOMEFIRST,EQ,676125,289571,42.83
20,1085,HONASA,EQ,273279,126722,46.37
20,1086,HONAUT,EQ,5500,2767,50.31
20,1087,HONDAPOWER,EQ,4677,2371,50.69
20,1088,HOVS,EQ,46218,15790,34.16
20,1089,HPAL,EQ,217342,156708,72.10
20,1090,HPIL,EQ,9246,4186,45.27
20,1091,HPL,EQ,141090,68879,48.82
20,1092,HRHNEXT,ST,3000,1500,50.00
20,1093,HSCL,EQ,382163,176607,46.21
20,1094,HTMEDIA,EQ,148459,120594,81.23
20,1095,HUBTOWN,EQ,105711,75841,71.74
20,1096,HUDCO,EQ,5813485,1860095,32.00
20,1097,HUHTAMAKI,EQ,93073,56042,60.21
20,1098,HVAX,ST,1200,900,75.00
20,1099,HYBRIDFIN,EQ,6928,5610,80.98
20,1100,HYUNDAI,EQ,1554491,726795,46.75
20,1101,ICEMAKE,EQ,19253,11090,57.60
20,1102,ICICIB22,EQ,238181,156234,65.59
20,1103,ICICIBANK,EQ,12008162,7967265,66.35
20,1104,ICICIGI,EQ,963101,628935,65.30
20,1105,ICICIPRULI,EQ,1802194,1124528,62.40
20,1106,ICIL,EQ,264899,147300,55.61
20,1107,ICRA,EQ,3795,1914,50.43
20,1108,IDBI,EQ,3147374,1021085,32.44
20,1109,IDEA,EQ,331905675,80875615,24.37
20,1110,IDEAFORGE,EQ,132548,75011,56.59
20,1111,IDEALTECHO,ST,1000,1000,100.00
20,1112,IDENTICAL,ST,84000,72000,85.71
20,1113,IDFCFIRSTB,EQ,41867624,17656681,42.17
20,1114,IDFNIFTYET,EQ,5163,4874,94.40
20,1115,IEML,ST,11500,10500,91.30
20,1116,IEX,EQ,9872288,2387342,24.18
20,1117,IFBAGRO,EQ,1346,887,65.90
20,1118,IFBIND,EQ,123305,113175,91.78
20,1119,IFCI,EQ,7153478,2786745,38.96
20,1120,IFGLEXPOR,EQ,27795,22335,80.36
20,1121,IGARASHI,EQ,25953,13578,52.32
20,1122,IGIL,EQ,979451,448643,45.81
20,1123,IGL,EQ,3713018,1698916,45.76
20,1124,IGPL,EQ,36115,27181,75.26
20,1125,IIFL,EQ,1758622,923562,52.52
20,1126,IIFLCAPS,EQ,336548,169525,50.37
20,1127,IIFLZC25,ND,377,377,100.00
20,1128,IIFLZC28A,NU,140,140,100.00
20,1129,IIFLZC28B,Y1,63,63,100.00
20,1130,IIFLZC28C,N6,85,85,100.00
20,1131,IKIO,EQ,118765,45752,38.52
20,1132,IKS,EQ,116251,54597,46.96
20,1133,IMAGICAA,EQ,741332,433455,58.47
20,1134,IMC1,N0,31,31,100.00
20,1135,IMC1,N1,31,31,100.00
20,1136,IMC1,N2,10,10,100.00
20,1137,IMFA,EQ,69174,33007,47.72
20,1138,IMPAL,EQ,1875,1413,75.36
20,1139,INCREDIBLE,EQ,7105,5572,78.42
20,1140,INDBANK,EQ,44090,30244,68.60
20,1141,INDGN,EQ,1187519,1002767,84.44
20,1142,INDHOTEL,EQ,2263480,1196307,52.85
20,1143,INDIACEM,EQ,341222,100317,29.40
20,1144,INDIAGLYCO,EQ,63122,31670,50.17
20,1145,INDIAMART,EQ,458363,378221,82.52
20,1146,INDIANB,EQ,1278175,474491,37.12
20,1147,INDIANHUME,EQ,58468,23271,39.80
20,1148,INDIASHLTR,EQ,330869,138436,41.84
20,1149,INDIGO,EQ,591554,318449,53.83
20,1150,INDIGOPNTS,EQ,45434,20629,45.40
20,1151,INDIGRID,IV,397994,320391,80.50
20,1152,INDNIPPON,EQ,6107,3902,63.89
20,1153,INDOAMIN,EQ,64339,34637,53.84
20,1154,INDOBORAX,EQ,30972,15497,50.04
20,1155,INDOCO,EQ,177991,90220,50.69
20,1156,INDOFARM,EQ,207510,68863,33.19
20,1157,INDORAMA,EQ,49926,27189,54.46
20,1158,INDOSTAR,EQ,96886,76368,78.82
20,1159,INDOTECH,EQ,81662,39311,48.14
20,1160,INDOWIND,EQ,255217,160148,62.75
20,1161,INDRAMEDCO,EQ,177386,106423,60.00
20,1162,INDSWFTLAB,EQ,103090,53477,51.87
20,1163,INDTERRAIN,EQ,34144,21328,62.46
20,1164,INDUSINDBK,EQ,5951737,3304382,55.52
20,1165,INDUSINVIT,IV,38000,27914,73.46
20,1166,INDUSTOWER,EQ,8675643,5328014,61.41
20,1167,INFIBEAM,EQ,6294849,2900331,46.07
20,1168,INFINIUM,SM,2500,2500,100.00
20,1169,INFOBEAN,EQ,10505,6736,64.12
20,1170,INFOLLION,SM,17600,15600,88.64
20,1171,INFRABEES,EQ,12139,8736,71.97
20,1172,INFRAIETF,EQ,59021,30316,51.36
20,1173,INFY,EQ,5757079,3678871,63.90
20,1174,INGERRAND,EQ,10805,5189,48.02
20,1175,INM,SM,1200,1200,100.00
20,1176,INNOMET,SM,8400,6000,71.43
20,1177,INNOVACAP,EQ,40913,19961,48.79
20,1178,INNOVANA,EQ,3665,2320,63.30
20,1179,INOXGREEN,EQ,527019,243169,46.14
20,1180,INOXINDIA,EQ,12284056,647595,5.27
20,1181,INOXWIND,EQ,10946504,2607259,23.82
20,1182,INSECTICID,EQ,84166,77649,92.26
20,1183,INSPIRISYS,EQ,23104,8822,38.18
20,1184,INTELLECT,EQ,224987,82634,36.73
20,1185,INTENTECH,EQ,31655,19584,61.87
20,1186,INTERARCH,EQ,58118,22920,39.44
20,1187,INTLCONV,EQ,84590,49733,58.79
20,1188,INVENTURE,EQ,2395726,927516,38.72
20,1189,IOB,EQ,2699997,789786,29.25
20,1190,IOC,EQ,10709253,5978084,55.82
20,1191,IOLCP,EQ,92387,47103,50.98
20,1192,IONEXCHANG,EQ,161181,74138,46.00
20,1193,IPCALAB,EQ,759594,416177,54.79
20,1194,IPHL,ST,15600,15600,100.00
20,1195,IPL,EQ,97744,56245,57.54
20,1196,IPSL,SM,6000,3500,58.33
20,1197,IRB,EQ,11479327,3565204,31.06
20,1198,IRBINVIT,IV,325898,302489,92.82
20,1199,IRCON,EQ,4121223,1239026,30.06
20,1200,IRCTC,EQ,1401348,682356,48.69
20,1201,IREDA,EQ,5835588,1860677,31.88
20,1202,IRFC,EQ,18748431,6143667,32.77
20,1203,IRISDOREME,EQ,92393,19104,20.68
20,1204,IRMENERGY,EQ,40984,25726,62.77
20,1205,ISEC,EQ,126299,67171,53.18
20,1206,ISFT,EQ,13564,6335,46.70
20,1207,ISGEC,EQ,235958,135876,57.58
20,1208,ISHAN,SM,336000,192000,57.14
20,1209,IT,EQ,223671,208851,93.37
20,1210,ITALIANE,SM,12000,12000,100.00
20,1211,ITBEES,EQ,7521053,6585662,87.56
20,1212,ITC,EQ,19051003,15111793,79.32
20,1213,ITCHOTELS,EQ,10889252,8559295,78.60
20,1214,ITDC,EQ,19964,8998,45.07
20,1215,ITDCEM,EQ,507503,347237,68.42
20,1216,ITETF,EQ,136405,126541,92.77
20,1217,ITETFADD,EQ,2316,2280,98.45
20,1218,ITIETF,EQ,1177915,553511,46.99
20,1219,IVC,EQ,150199,111115,73.98
20,1220,IVP,EQ,7988,3886,48.65
20,1221,IVZINGOLD,EQ,249,138,55.42
20,1222,IVZINNIFTY,EQ,54,54,100.00
20,1223,IWEL,EQ,22207,16088,72.45
20,1224,IXIGO,EQ,1682132,743605,44.21
20,1225,JAGRAN,EQ,132042,100288,75.95
20,1226,JAGSNPHARM,EQ,155663,61363,39.42
20,1227,JAIBALAJI,EQ,385986,208425,54.00
20,1228,JAICORPLTD,EQ,624265,333019,53.35
20,1229,JAIPURKURT,EQ,49877,28190,56.52
20,1230,JAKHARIA,ST,2400,2400,100.00
20,1231,JALAN,ST,126000,126000,100.00
20,1232,JAMNAAUTO,EQ,1414883,829904,58.66
20,1233,JASH,EQ,633689,291367,45.98
20,1234,JAYAGROGN,EQ,7718,4823,62.49
20,1235,JAYBARMARU,EQ,28813,18852,65.43
20,1236,JAYBEE,ST,35000,34000,97.14
20,1237,JAYNECOIND,EQ,78532,40154,51.13
20,1238,JAYSREETEA,EQ,47203,25626,54.29
20,1239,JBCHEPHARM,EQ,135470,63469,46.85
20,1240,JBMA,EQ,961252,385027,40.05
20,1241,JCHAC,EQ,20519,13576,66.16
20,1242,JEYYAM,SM,36000,28000,77.78
20,1243,JGCHEM,EQ,79985,38867,48.59
20,1244,JINDALPHOT,EQ,4738,2968,62.64
20,1245,JINDALPOLY,EQ,61869,36238,58.57
20,1246,JINDALSAW,EQ,1421715,662022,46.57
20,1247,JINDALSTEL,EQ,1967080,1008755,51.28
20,1248,JINDRILL,EQ,568372,147787,26.00
20,1249,JINDWORLD,EQ,1002656,293424,29.26
20,1250,JIOFIN,EQ,16215296,9218587,56.85
20,1251,JISLDVREQS,EQ,52260,37343,71.46
20,1252,JISLJALEQS,EQ,2840595,1579980,55.62
20,1253,JIWANRAM,ST,42000,36000,85.71
20,1254,J&KBANK,EQ,1671924,796774,47.66
20,1255,JKCEMENT,EQ,101177,43501,42.99
20,1256,JKIL,EQ,87924,49056,55.79
20,1257,JKLAKSHMI,EQ,49573,24881,50.19
20,1258,JKPAPER,EQ,1572785,835524,53.12
20,1259,JKTYRE,EQ,427263,180073,42.15
20,1260,JLHL,EQ,28951,19885,68.69
20,1261,JMA,EQ,5233,3973,75.92
20,1262,JMFINANCIL,EQ,2308816,772101,33.44
20,1263,JNKINDIA,EQ,89706,59973,66.86
20,1264,JOCIL,EQ,3921,2086,53.20
20,1265,JPOLYINVST,EQ,11249,5854,52.04
20,1266,JPPOWER,EQ,22337493,10928313,48.92
20,1267,JSFB,EQ,192111,65911,34.31
20,1268,JSL,EQ,688833,309646,44.95
20,1269,JSLL,SM,16110,10710,66.48
20,1270,JSWENERGY,EQ,3135406,854189,27.24
20,1271,JSWHL,EQ,5669,2303,40.62
20,1272,JSWINFRA,EQ,2230141,1004297,45.03
20,1273,JSWSTEEL,EQ,2049890,946522,46.17
20,1274,JTEKTINDIA,EQ,54740,31128,56.87
20,1275,JTLIND,EQ,819053,369566,45.12
20,1276,JUBLFOOD,EQ,2820608,1249176,44.29
20,1277,JUBLINGREA,EQ,211061,95855,45.42
20,1278,JUBLPHARMA,EQ,240840,122233,50.75
20,1279,JUNIORBEES,EQ,401292,270606,67.43
20,1280,JUNIPER,EQ,202366,97909,48.38
20,1281,JUSTDIAL,EQ,1184496,122856,10.37
20,1282,JWL,EQ,1997015,658482,32.97
20,1283,JYOTHYLAB,EQ,838561,402655,48.02
20,1284,JYOTICNC,EQ,644230,305509,47.42
20,1285,JYOTISTRUC,EQ,20416980,8473305,41.50
20,1286,K2INFRA,ST,600,600,100.00
20,1287,KABRAEXTRU,EQ,33704,15713,46.62
20,1288,KAJARIACER,EQ,103863,57790,55.64
20,1289,KAKATCEM,EQ,778,564,72.49
20,1290,KALAMANDIR,EQ,291140,157126,53.97
20,1291,KALANA,SM,22000,14000,63.64
20,1292,KALYANKJIL,EQ,7999524,1420528,17.76
20,1293,KAMATHOTEL,EQ,248988,101327,40.70
20,1294,KAMDHENU,EQ,615837,308991,50.17
20,1295,KANANIIND,EQ,506479,183847,36.30
20,1296,KANDARP,SM,28000,24000,85.71
20,1297,KANORICHEM,EQ,11966,7072,59.10
20,1298,KANPRPLA,EQ,5261,3386,64.36
20,1299,KANSAINER,EQ,186303,93426,50.15
20,1300,KAPSTON,EQ,4286,2229,52.01
20,1301,KARMAENG,EQ,3510,3082,87.81
20,1302,KARNIKA,SM,72000,37600,52.22
20,1303,KARURVYSYA,EQ,1954362,1270005,64.98
20,1304,KATARIA,ST,4200,4200,100.00
20,1305,KAUSHALYA,EQ,521,368,70.63
20,1306,KAYA,EQ,13597,9985,73.44
20,1307,KAYNES,EQ,569725,141735,24.88
20,1308,KCEIL,ST,18000,15500,86.11
20,1309,KCK,ST,60000,60000,100.00
20,1310,KCP,EQ,465597,281451,60.45
20,1311,KCPSUGIND,EQ,43573,30195,69.30
20,1312,KDDL,EQ,21909,11997,54.76
20,1313,KDL,ST,3600,3600,100.00
20,1314,KEC,EQ,1317088,669340,50.82
20,1315,KECL,EQ,289042,173640,60.07
20,1316,KEI,EQ,5271343,1365062,25.90
20,1317,KEL,SM,1200,1200,100.00
20,1318,KELLTONTEC,EQ,848518,392671,46.28
20,1319,KEN,SM,129600,97200,75.00
20,1320,KESORAMIND,EQ,4198049,2413667,57.49
20,1321,KEYFINSERV,EQ,7184,3497,48.68
20,1322,KFINTECH,EQ,1105808,549998,49.74
20,1323,KHADIM,EQ,23648,6447,27.26
20,1324,KHAICHEM,EQ,92498,45097,48.75
20,1325,KHAITANLTD,EQ,4794,2837,59.18
20,1326,KHANDSE,EQ,2896,1808,62.43
20,1327,KHFM,SM,10850,6200,57.14
20,1328,KICL,EQ,4759,3190,67.03
20,1329,KILITCH,EQ,3548,2320,65.39
20,1330,KIMS,EQ,468996,209178,44.60
20,1331,KINGFA,EQ,15402,9709,63.04
20,1332,KIOCL,EQ,67620,28359,41.94
20,1333,KIRIINDUS,EQ,315983,150512,47.63
20,1334,KIRLOSBROS,EQ,1070059,81638,7.63
20,1335,KIRLOSENG,EQ,407302,196080,48.14
20,1336,KIRLOSIND,EQ,3326,1972,59.29
20,1337,KIRLPNU,EQ,88080,38342,43.53
20,1338,KKCL,EQ,18626,11755,63.11
20,1339,KKJEWELS,ST,30000,29000,96.67
20,1340,KLL,SM,20000,12800,64.00
20,1341,KMEW,EQ,11106,7192,64.76
20,1342,KMSUGAR,EQ,122363,64147,52.42
20,1343,KNAGRI,SM,28000,28000,100.00
20,1344,KNRCON,EQ,553717,270514,48.85
20,1345,KODYTECH,SM,10100,6300,62.38
20,1346,KOHINOOR,EQ,90654,37929,41.84
20,1347,KOKUYOCMLN,EQ,37759,29769,78.84
20,1348,KOLTEPATIL,EQ,134540,71636,53.25
20,1349,KONSTELEC,ST,30000,29000,96.67
20,1350,KONTOR,SM,8400,8400,100.00
20,1351,KORE,ST,3750,3500,93.33
20,1352,KOTAKBANK,EQ,3708068,2431825,65.58
20,1353,KOTARISUG,EQ,31938,21153,66.23
20,1354,KOTHARIPET,EQ,33756,16433,48.68
20,1355,KOTYARK,ST,14900,13300,89.26
20,1356,KPEL,EQ,172391,72211,41.89
20,1357,KPIGREEN,EQ,893030,365844,40.97
20,1358,KPIL,EQ,216222,128165,59.27
20,1359,KPITTECH,EQ,530052,203786,38.45
20,1360,KPRMILL,EQ,397734,285254,71.72
20,1361,KRBL,EQ,195107,97804,50.13
20,1362,KRISHANA,EQ,78673,62837,79.87
20,1363,KRISHCA,ST,10000,9500,95.00
20,1364,KRISHNADEF,SM,20750,17000,81.93
20,1365,KRITI,EQ,36846,26277,71.32
20,1366,KRITINUT,EQ,20453,11723,57.32
20,1367,KRN,EQ,3341266,325227,9.73
20,1368,KRONOX,EQ,34147,19698,57.69
20,1369,KROSS,EQ,108374,57253,52.83
20,1370,KRSNAA,EQ,41878,24977,59.64
20,1371,KRYSTAL,EQ,82323,52314,63.55
20,1372,KSB,EQ,48600,25474,52.42
20,1373,KSCL,EQ,319291,66769,20.91
20,1374,KSL,EQ,63080,35915,56.94
20,1375,KSOLVES,EQ,56777,26639,46.92
20,1376,KTKBANK,EQ,1152056,809016,70.22
20,1377,KTL,ST,6000,6000,100.00
20,1378,KUANTUM,EQ,33429,23293,69.68
20,1379,LAGNAM,EQ,9110,6414,70.41
20,1380,LAKSHYA,ST,22400,20800,92.86
20,1381,LALPATHLAB,EQ,878602,656839,74.76
20,1382,LAMOSAIC,ST,8400,8400,100.00
20,1383,LANCORHOL,EQ,92256,49898,54.09
20,1384,LANDMARK,EQ,19410,11991,61.78
20,1385,LAOPALA,EQ,110981,51694,46.58
20,1386,LASA,EQ,59191,50524,85.36
20,1387,LATENTVIEW,EQ,313443,169423,54.05
20,1388,LAURUSLABS,EQ,1501153,460117,30.65
20,1389,LAWSIKHO,ST,49500,49500,100.00
20,1390,LAXMICOT,EQ,12700,4865,38.31
20,1391,LAXMIDENTL,EQ,196549,47636,24.24
20,1392,LEMERITE,ST,55200,39200,71.01
20,1393,LEMONTREE,EQ,1941729,811307,41.78
20,1394,LEXUS,EQ,5523,3128,56.64
20,1395,LFIC,EQ,4593,3998,87.05
20,1396,LGBBROSLTD,EQ,9945,5699,57.31
20,1397,LIBAS,EQ,62468,8614,13.79
20,1398,LIBERTSHOE,EQ,20511,9883,48.18
20,1399,LICHSGFIN,EQ,2132821,1141124,53.50
20,1400,LICI,EQ,1197719,376138,31.40
20,1401,LICMFGOLD,EQ,2525,1962,77.70
20,1402,LICNETFGSC,EQ,10484,6945,66.24
20,1403,LICNETFN50,EQ,778,713,91.65
20,1404,LICNETFSEN,EQ,18,17,94.44
20,1405,LICNFNHGP,EQ,1098,728,66.30
20,1406,LICNMID100,EQ,11715,9692,82.73
20,1407,LIKHITHA,EQ,55164,34966,63.39
20,1408,LINC,EQ,15612,10086,64.60
20,1409,LINCOLN,EQ,100445,44108,43.91
20,1410,LINDEINDIA,EQ,47905,16667,34.79
20,1411,LIQUID,EQ,162770,104761,64.36
20,1412,LIQUID1,EQ,916151,839779,91.66
20,1413,LIQUIDADD,EQ,646752,405554,62.71
20,1414,LIQUIDBEES,EQ,5124893,4281823,83.55
20,1415,LIQUIDBETF,EQ,53181,35978,67.65
20,1416,LIQUIDCASE,EQ,10110656,9211732,91.11
20,1417,LIQUIDETF,EQ,129212,115883,89.68
20,1418,LIQUIDIETF,EQ,983111,798711,81.24
20,1419,LIQUIDPLUS,EQ,973,973,100.00
20,1420,LIQUIDSBI,EQ,10815,6440,59.55
20,1421,LIQUIDSHRI,EQ,2018,1769,87.66
20,1422,LLOYDS,SM,16000,16000,100.00
20,1423,LLOYDSENGG,EQ,4515951,1817071,40.24
20,1424,LLOYDSENT,EQ,1859473,831116,44.70
20,1425,LLOYDSME,EQ,516228,276083,53.48
20,1426,LMW,EQ,4118,2768,67.22
20,1427,LODHA,EQ,2220279,1367526,61.59
20,1428,LOTUSEYE,EQ,11719,5676,48.43
20,1429,LOVABLE,EQ,8960,4960,55.36
20,1430,LOWVOL,EQ,1380,1279,92.68
20,1431,LOWVOL1,EQ,80829,76170,94.24
20,1432,LOWVOLIETF,EQ,541040,270276,49.95
20,1433,LRRPL,ST,3000,3000,100.00
20,1434,LT,EQ,2572065,1740649,67.68
20,1435,LTF,EQ,14821236,2519273,17.00
20,1436,LTFOODS,EQ,345999,157685,45.57
20,1437,LTGILTBEES,EQ,2086078,1797907,86.19
20,1438,LTIM,EQ,243046,106442,43.80
20,1439,LTTS,EQ,129313,53926,41.70
20,1440,LUMAXIND,EQ,5996,4921,82.07
20,1441,LUMAXTECH,EQ,70037,35199,50.26
20,1442,LUPIN,EQ,1100973,667055,60.59
20,1443,LUXIND,EQ,39536,18518,46.84
20,1444,LXCHEM,EQ,668679,406455,60.78
20,1445,LYKALABS,EQ,133524,102257,76.58
20,1446,LYPSAGEMS,EQ,12688,8760,69.04
20,1447,MACOBSTECH,SM,24800,21600,87.10
20,1448,MADHAV,EQ,4866,4406,90.55
20,1449,MADHAVBAUG,SM,6800,6400,94.12
20,1450,MADHUCON,EQ,21150,15590,73.71
20,1451,MADHUSUDAN,SM,15000,14000,93.33
20,1452,MADRASFERT,EQ,111823,56284,50.33
20,1453,MAFANG,EQ,552660,438115,79.27
20,1454,MAGADSUGAR,EQ,7372,5524,74.93
20,1455,MAGNUM,EQ,26434,19674,74.43
20,1456,MAHABANK,EQ,6828616,3099428,45.39
20,1457,MAHAPEXLTD,EQ,4201,2623,62.44
20,1458,MAHESHWARI,EQ,44533,41030,92.13
20,1459,MAHICKRA,SM,6000,6000,100.00
20,1460,MAHKTECH,EQ,4276047,3478196,81.34
20,1461,MAHLIFE,EQ,164671,82132,49.88
20,1462,MAHLOG,EQ,251964,151916,60.29
20,1463,MAHSCOOTER,EQ,3947,2348,59.49
20,1464,MAHSEAMLES,EQ,227905,81974,35.97
20,1465,MAITHANALL,EQ,35315,21732,61.54
20,1466,MAITREYA,SM,2800,1200,42.86
20,1467,MAKEINDIA,EQ,17402,15837,91.01
20,1468,MAKS,SM,1500,1500,100.00
20,1469,MAL,SM,59200,52800,89.19
20,1470,MALLCOM,EQ,1551,821,52.93
20,1471,MALUPAPER,EQ,5972,2661,44.56
20,1472,MAMATA,EQ,106502,32667,30.67
20,1473,MANAKALUCO,EQ,22221,13883,62.48
20,1474,MANAKSIA,EQ,53074,35056,66.05
20,1475,MANAKSTEEL,EQ,29639,16485,55.62
20,1476,MANALIPETC,EQ,323466,205224,63.45
20,1477,MANAPPURAM,EQ,39704890,15914857,40.08
20,1478,MANAV,SM,4000,4000,100.00
20,1479,MANBA,EQ,128256,70953,55.32
20,1480,MANCREDIT,EQ,35317,26683,75.55
20,1481,MANDEEP,SM,6000,6000,100.00
20,1482,MANGALAM,EQ,29230,11622,39.76
20,1483,MANGCHEFER,EQ,413102,279010,67.54
20,1484,MANGLMCEM,EQ,136174,88167,64.75
20,1485,MANINDS,EQ,342082,257595,75.30
20,1486,MANINFRA,EQ,816514,428943,52.53
20,1487,MANKIND,EQ,464216,298353,64.27
20,1488,MANOMAY,EQ,11372,9342,82.15
20,1489,MANORAMA,EQ,32193,19854,61.67
20,1490,MANORG,EQ,3404,2269,66.66
20,1491,MANUGRAPH,EQ,38031,20673,54.36
20,1492,MANYAVAR,EQ,99187,58777,59.26
20,1493,MAPMYINDIA,EQ,134907,64977,48.16
20,1494,MARALOVER,EQ,11381,7174,63.03
20,1495,MARATHON,EQ,32586,18462,56.66
20,1496,MARCO,SM,40500,30000,74.07
20,1497,MARICO,EQ,1440672,868202,60.26
20,1498,MARINETRAN,ST,4000,4000,100.00
20,1499,MARKSANS,EQ,1430546,636914,44.52
20,1500,MARUTI,EQ,236805,138012,58.28
20,1501,MASFIN,EQ,98558,49832,50.56
20,1502,MASON,SM,39000,34000,87.18
20,1503,MASPTOP50,EQ,125932,105956,84.14
20,1504,MASTEK,EQ,214136,68320,31.90
20,1505,MASTER,SM,1000,1000,100.00
20,1506,MASTERTR,EQ,17535,7992,45.58
20,1507,MATRIMONY,EQ,11065,7858,71.02
20,1508,MAWANASUG,EQ,38125,21486,56.36
20,1509,MAXESTATES,EQ,104540,53984,51.64
20,1510,MAXHEALTH,EQ,3750612,2973876,79.29
20,1511,MAXIND,EQ,56365,33307,59.09
20,1512,MAXPOSURE,SM,10000,8000,80.00
20,1513,MAXVOLT,ST,20000,18400,92.00
20,1514,MAYURUNIQ,EQ,48753,33427,68.56
20,1515,MAZDOCK,EQ,1410640,220779,15.65
20,1516,MBAPL,EQ,36155,25601,70.81
20,1517,MBLINFRA,EQ,137868,66947,48.56
20,1518,MCLOUD,EQ,351750,205376,58.39
20,1519,MCON,ST,3000,3000,100.00
20,1520,MCX,EQ,470666,240867,51.18
20,1521,MDL,SM,2000,2000,100.00
20,1522,MEDANTA,EQ,104452,45749,43.80
20,1523,MEDIASSIST,EQ,109287,60476,55.34
20,1524,MEDICAMEQ,EQ,32905,18948,57.58
20,1525,MEDICO,EQ,2883192,1072953,37.21
20,1526,MEDIORG,SM,10000,8000,80.00
20,1527,MEDPLUS,EQ,147204,99298,67.46
20,1528,MEGAFLEX,ST,9000,9000,100.00
20,1529,MEGASTAR,EQ,7043,5340,75.82
20,1530,MEGATHERM,SM,31200,17600,56.41
20,1531,MENONBE,EQ,31653,20646,65.23
20,1532,METAL,EQ,149194,78373,52.53
20,1533,METALIETF,EQ,3244297,1931054,59.52
20,1534,METROBRAND,EQ,70836,22846,32.25
20,1535,METROPOLIS,EQ,138440,74961,54.15
20,1536,MFSL,EQ,2234089,1775008,79.45
20,1537,MGEL,EQ,828520,306128,36.95
20,1538,MGL,EQ,492186,202919,41.23
20,1539,MHHL,ST,10500,9000,85.71
20,1540,MHRIL,EQ,135034,72875,53.97
20,1541,MICEL,EQ,292286,161774,55.35
20,1542,MICROPRO,SM,3200,3200,100.00
20,1543,MID150BEES,EQ,546711,358832,65.63
20,1544,MID150CASE,EQ,898965,718673,79.94
20,1545,MIDCAP,EQ,20830,13689,65.72
20,1546,MIDCAPETF,EQ,1844112,1416135,76.79
20,1547,MIDCAPIETF,EQ,680028,400706,58.92
20,1548,MIDHANI,EQ,347770,156075,44.88
20,1549,MIDQ50ADD,EQ,3550,2931,82.56
20,1550,MIDSELIETF,EQ,458752,171500,37.38
20,1551,MIDSMALL,EQ,507454,427417,84.23
20,1552,MIEL,ST,152000,142000,93.42
20,1553,MINDACORP,EQ,232718,109827,47.19
20,1554,MINDSPACE,RR,121241,101280,83.54
20,1555,MINDTECK,EQ,23102,12567,54.40
20,1556,MIRCELECTR,EQ,387632,245752,63.40
20,1557,MIRZAINT,EQ,168111,89171,53.04
20,1558,MITCON,EQ,10791,5641,52.28
20,1559,MITCONPP,E1,4212,3702,87.89
20,1560,MITTAL,EQ,4446161,3276189,73.69
20,1561,MKPL,EQ,145672,106836,73.34
20,1562,M&M,EQ,2669767,1172307,43.91
20,1563,M&MFIN,EQ,3933791,796311,20.24
20,1564,MMFL,EQ,149519,119481,79.91
20,1565,MMP,EQ,29797,22488,75.47
20,1566,MMTC,EQ,1401905,590455,42.12
20,1567,MNC,EQ,18577,16968,91.34
20,1568,MOBIKWIK,EQ,2699665,370435,13.72
20,1569,MODEFENCE,EQ,267518,167656,62.67
20,1570,MODIRUBBER,EQ,1147,888,77.42
20,1571,MODISONLTD,EQ,22974,9730,42.35
20,1572,MODTHREAD,EQ,82,81,98.78
20,1573,MOGSEC,EQ,14978,12806,85.50
20,1574,MOHEALTH,EQ,31944,19944,62.43
20,1575,MOIL,EQ,458207,146068,31.88
20,1576,MOKSH,EQ,55590,46435,83.53
20,1577,MOL,EQ,683939,438448,64.11
20,1578,MOLDTECH,EQ,96893,58180,60.05
20,1579,MOLDTKPAC,EQ,59958,41337,68.94
20,1580,MOLOWVOL,EQ,297729,296952,99.74
20,1581,MOM100,EQ,426913,199714,46.78
20,1582,MOM30IETF,EQ,1906505,1433762,75.20
20,1583,MOM50,EQ,3841,1384,36.03
20,1584,MOMENTUM,EQ,354474,324930,91.67
20,1585,MOMENTUM50,EQ,449110,398926,88.83
20,1586,MOMOMENTUM,EQ,142103,92379,65.01
20,1587,MON100,EQ,863929,460866,53.35
20,1588,MONARCH,EQ,57957,40650,70.14
20,1589,MONIFTY500,EQ,304989,156617,51.35
20,1590,MONOPHARMA,SM,356000,356000,100.00
20,1591,MONQ50,EQ,99396,75317,75.77
20,1592,MONTECARLO,EQ,35851,23700,66.11
20,1593,MOQUALITY,EQ,1291,1038,80.40
20,1594,MOREALTY,EQ,216449,153435,70.89
20,1595,MOREPENLAB,EQ,3207265,1236588,38.56
20,1596,MOS,ST,12400,12400,100.00
20,1597,MOSCHIP,EQ,564171,282786,50.12
20,1598,MOSMALL250,EQ,862106,652303,75.66
20,1599,MOTHERSON,EQ,24705844,16885214,68.35
20,1600,MOTILALOFS,EQ,1926937,824848,42.81
20,1601,MOTISONS,EQ,1736277,1144325,65.91
20,1602,MOTOGENFIN,EQ,9652,7982,82.70
20,1603,MOVALUE,EQ,63916,52572,82.25
20,1604,MPHASIS,EQ,775514,493313,63.61
20,1605,MPSLTD,EQ,24207,13203,54.54
20,1606,MPTODAY,SM,16000,10000,62.50
20,1607,MRF,EQ,8469,3608,42.60
20,1608,MRO-TEK,EQ,9312,5616,60.31
20,1609,MRPL,EQ,772004,309609,40.10
20,1610,MSCIINDIA,EQ,8462,6295,74.39
20,1611,MSPL,EQ,420560,298236,70.91
20,1612,MSTCLTD,EQ,205685,110305,53.63
20,1613,MSUMI,EQ,8112940,5640766,69.53
20,1614,MTARTECH,EQ,82578,42558,51.54
20,1615,MTNL,EQ,2593237,816502,31.49
20,1616,MUFIN,EQ,355798,123201,34.63
20,1617,MUFTI,EQ,128140,79295,61.88
20,1618,MUKANDLTD,EQ,177276,128847,72.68
20,1619,MUKKA,EQ,633289,270021,42.64
20,1620,MUKTAARTS,EQ,3817,3000,78.60
20,1621,MULTICAP,EQ,217138,139836,64.40
20,1622,MUNJALAU,EQ,128398,81545,63.51
20,1623,MUNJALSHOW,EQ,37536,24352,64.88
20,1624,MURUDCERA,EQ,29045,19696,67.81
20,1625,MUTHOOTCAP,EQ,19728,12258,62.14
20,1626,MUTHOOTFIN,EQ,1302048,663053,50.92
20,1627,MUTHOOTMF,EQ,503817,159772,31.71
20,1628,MVGJL,EQ,199103,94455,47.44
20,1629,MVKAGRO,SM,85200,67200,78.87
20,1630,MWL,SM,1200,1200,100.00
20,1631,MYMUDRA,ST,18000,15600,86.67
20,1632,NACLIND,EQ,190567,111132,58.32
20,1633,NAGAFERT,EQ,576615,339209,58.83
20,1634,NAGREEKEXP,EQ,11814,7350,62.21
20,1635,NAHARCAP,EQ,4404,2326,52.82
20,1636,NAHARINDUS,EQ,17393,8288,47.65
20,1637,NAHARPOLY,EQ,7499,4782,63.77
20,1638,NAHARSPING,EQ,20198,14252,70.56
20,1639,NAMAN,ST,15200,15200,100.00
20,1640,NAM-INDIA,EQ,865488,485850,56.14
20,1641,NAMOEWASTE,SM,19200,9600,50.00
20,1642,NATCAPSUQ,EQ,3405,2549,74.86
20,1643,NATCOPHARM,EQ,867174,419492,48.37
20,1644,NATHBIOGEN,EQ,6191,4282,69.16
20,1645,NATIONALUM,EQ,11428257,3238028,28.33
20,1646,NAUKRI,EQ,287469,163528,56.89
20,1647,NAVA,EQ,562067,373832,66.51
20,1648,NAVINFLUOR,EQ,365198,198673,54.40
20,1649,NAVKARCORP,EQ,413774,233418,56.41
20,1650,NAVNETEDUL,EQ,369255,227953,61.73
20,1651,NAZARA,EQ,214142,169176,79.00
20,1652,NBCC,EQ,8341332,2764353,33.14
20,1653,NCC,EQ,5140051,2003478,38.98
20,1654,NCLIND,EQ,51091,26895,52.64
20,1655,NDGL,EQ,252,192,76.19
20,1656,NDL,EQ,4107517,2534239,61.70
20,1657,NDLVENTURE,EQ,9313,6292,67.56
20,1658,NDRAUTO,EQ,14678,6630,45.17
20,1659,NDTV,EQ,60647,24077,39.70
20,1660,NECCLTD,EQ,115205,74286,64.48
20,1661,NECLIFE,EQ,717304,539241,75.18
20,1662,NELCAST,EQ,14358,8786,61.19
20,1663,NELCO,EQ,63657,34966,54.93
20,1664,NEOGEN,EQ,33706,16631,49.34
20,1665,NEPHROCARE,SM,12400,9200,74.19
20,1666,NESCO,EQ,45349,22060,48.64
20,1667,NESTLEIND,EQ,751003,442497,58.92
20,1668,NETF,EQ,3786,2655,70.13
20,1669,NETWEB,EQ,193962,81798,42.17
20,1670,NETWORK18,EQ,3956487,2280947,57.65
20,1671,NEULANDLAB,EQ,41282,17470,42.32
20,1672,NEWGEN,EQ,326022,134244,41.18
20,1673,NEWJAISA,SM,70500,63000,89.36
20,1674,NEXT30ADD,EQ,450812,450796,100.00
20,1675,NEXT50,EQ,29452,23262,78.98
20,1676,NEXT50IETF,EQ,698114,449026,64.32
20,1677,NFL,EQ,1124052,363801,32.37
20,1678,NGIL,EQ,7408,2801,37.81
20,1679,NGILPP1,E1,25,25,100.00
20,1680,NH,EQ,1171245,328090,28.01
20,1681,NHPC,EQ,19818208,6863040,34.63
20,1682,NIACL,EQ,286754,114264,39.85
20,1683,NIBE,EQ,42092,29326,69.67
20,1684,NIDAN,SM,10000,10000,100.00
20,1685,NIF100BEES,EQ,17027,9360,54.97
20,1686,NIF100IETF,EQ,114786,48886,42.59
20,1687,NIF10GETF,EQ,27112,15105,55.71
20,1688,NIF5GETF,EQ,1096,981,89.51
20,1689,NIFITETF,EQ,651,462,70.97
20,1690,NIFMID150,EQ,1652,1298,78.57
20,1691,NIFTY1,EQ,38457,26308,68.41
20,1692,NIFTY50ADD,EQ,9734,6092,62.58
20,1693,NIFTYBEES,EQ,3567646,2480601,69.53
20,1694,NIFTYBETF,EQ,1059,844,79.70
20,1695,NIFTYETF,EQ,200547,181339,90.42
20,1696,NIFTYIETF,EQ,472290,391679,82.93
20,1697,NIFTYQLITY,EQ,506907,480155,94.72
20,1698,NIITLTD,EQ,750865,284575,37.90
20,1699,NIITMTS,EQ,60681,33681,55.51
20,1700,NILAINFRA,EQ,1001323,730707,72.97
20,1701,NILKAMAL,EQ,1481,833,56.25
20,1702,NINSYS,EQ,3504,1974,56.34
20,1703,NIPPOBATRY,EQ,4864,2691,55.32
20,1704,NIRAJ,EQ,43150,18581,43.06
20,1705,NIRMAN,SM,61200,36000,58.82
20,1706,NITINSPIN,EQ,99832,60856,60.96
20,1707,NITIRAJ,EQ,69027,31725,45.96
20,1708,NIVABUPA,EQ,1591878,1091030,68.54
20,1709,NLCINDIA,EQ,1186581,329326,27.75
20,1710,NMDC,EQ,13567524,5204241,38.36
20,1711,NMSTEEL,ST,6400,6400,100.00
20,1712,NOCIL,EQ,275941,155083,56.20
20,1713,NORTHARC,EQ,647019,292906,45.27
20,1714,NOVAAGRI,EQ,585285,506671,86.57
20,1715,NPBET,EQ,873,754,86.37
20,1716,NPST,SM,10450,8350,79.90
20,1717,NRAIL,EQ,10040,6820,67.93
20,1718,NRBBEARING,EQ,112556,57351,50.95
20,1719,NRL,EQ,46968,30920,65.83
20,1720,NSIL,EQ,16532,9463,57.24
20,1721,NSLNISP,EQ,2363232,1138219,48.16
20,1722,NTPC,EQ,7302366,4114972,56.35
20,1723,NTPCGREEN,EQ,14079672,6603188,46.90
20,1724,NUCLEUS,EQ,20862,11446,54.87
20,1725,NUVAMA,EQ,98083,49691,50.66
20,1726,NUVOCO,EQ,130670,59768,45.74
20,1727,NV20,EQ,13984,9260,66.22
20,1728,NV20BEES,EQ,19376,12312,63.54
20,1729,NV20IETF,EQ,537130,321996,59.95
20,1730,NXST,RR,2194589,2142461,97.62
20,1731,NYKAA,EQ,5230845,2228323,42.60
20,1732,OAL,EQ,39774,28446,71.52
20,1733,OBCL,EQ,10440,9662,92.55
20,1734,OBEROIRLTY,EQ,1409398,747627,53.05
20,1735,OBSCP,ST,45600,40800,89.47
20,1736,OCCL,EQ,8490,5499,64.77
20,1737,OCCLLTD,EQ,200988,138666,68.99
20,1738,OFSS,EQ,110023,47661,43.32
20,1739,OIL,EQ,2591172,1098200,42.38
20,1740,OILCOUNTUB,EQ,54833,37380,68.17
20,1741,OILIETF,EQ,1202074,626581,52.12
20,1742,OLAELEC,EQ,19873548,7369187,37.08
20,1743,OLECTRA,EQ,229677,93341,40.64
20,1744,OLIL,SM,8400,6000,71.43
20,1745,OMAXAUTO,EQ,37104,24565,66.21
20,1746,OMAXE,EQ,111394,71077,63.81
20,1747,OMFURN,ST,2400,2400,100.00
20,1748,OMINFRAL,EQ,173662,91444,52.66
20,1749,ONDOOR,ST,21000,12000,57.14
20,1750,ONEPOINT,EQ,1074489,597138,55.57
20,1751,ONESOURCE,EQ,261098,161169,61.73
20,1752,ONGC,EQ,9664032,5553457,57.47
20,1753,ONMOBILE,EQ,211191,127048,60.16
20,1754,ONWARDTEC,EQ,100546,61343,61.01
20,1755,ONYX,ST,12000,12000,100.00
20,1756,OPTIEMUS,EQ,184333,91157,49.45
20,1757,ORCHASP,EQ,111376,91656,82.29
20,1758,ORCHPHARMA,EQ,331943,211239,63.64
20,1759,ORIANA,SM,48150,33675,69.94
20,1760,ORICONENT,EQ,156917,102567,65.36
20,1761,ORIENTALTL,EQ,1478378,521855,35.30
20,1762,ORIENTBELL,EQ,15138,10802,71.36
20,1763,ORIENTCEM,EQ,1449719,921734,63.58
20,1764,ORIENTCER,EQ,109783,47732,43.48
20,1765,ORIENTELEC,EQ,133658,64258,48.08
20,1766,ORIENTHOT,EQ,212244,123296,58.09
20,1767,ORIENTPPR,EQ,689967,436425,63.25
20,1768,ORIENTTECH,EQ,284456,116422,40.93
20,1769,ORISSAMINE,EQ,6173,3490,56.54
20,1770,ORTINGLOBE,EQ,10477,5838,55.72
20,1771,OSELDEVICE,ST,800,800,100.00
20,1772,OSIAHYPER,EQ,272739,189306,69.41
20,1773,OSWALAGRO,EQ,17483,8764,50.13
20,1774,OSWALGREEN,EQ,161028,67597,41.98
20,1775,OWAIS,SM,29900,25000,83.61
20,1776,PAGEIND,EQ,35641,19990,56.09
20,1777,PAISALO,EQ,1419047,580071,40.88
20,1778,PAKKA,EQ,95980,53702,55.95
20,1779,PALASHSECU,EQ,1334,632,47.38
20,1780,PANACEABIO,EQ,326534,166203,50.90
20,1781,PANAMAPET,EQ,28614,14124,49.36
20,1782,PARACABLES,EQ,1714102,1114102,65.00
20,1783,PARADEEP,EQ,5771464,1656543,28.70
20,1784,PARAGMILK,EQ,347428,204312,58.81
20,1785,PARAGON,ST,24000,19200,80.00
20,1786,PARAMATRIX,SM,1200,1200,100.00
20,1787,PARAMOUNT,SM,4800,3600,75.00
20,1788,PARAS,EQ,104675,45337,43.31
20,1789,PARASPETRO,EQ,111770,88332,79.03
20,1790,PARIN,ST,6500,3000,46.15
20,1791,PARKHOTELS,EQ,208170,138174,66.38
20,1792,PARTYCRUS,SM,2000,2000,100.00
20,1793,PASHUPATI,ST,13000,12600,96.92
20,1794,PASUPTAC,EQ,68101,50599,74.30
20,1795,PATANJALI,EQ,496883,311154,62.62
20,1796,PATELENG,EQ,2537289,1319859,52.02
20,1797,PATINTLOG,EQ,124670,75729,60.74
20,1798,PATTECH,SM,6000,6000,100.00
20,1799,PAVNAIND,EQ,6429,2420,37.64
20,1800,PAYTM,EQ,4531095,1449633,31.99
20,1801,PCBL,EQ,1239390,515608,41.60
20,1802,PCCL,SM,16800,14400,85.71
20,1803,PCJEWELLER,EQ,12347556,7642645,61.90
20,1804,PDMJEPAPER,EQ,94795,53098,56.01
20,1805,PDSL,EQ,57065,35166,61.62
20,1806,PEARLPOLY,EQ,20317,10147,49.94
20,1807,PEL,EQ,486404,130493,26.83
20,1808,PELATRO,ST,11400,8400,73.68
20,1809,PENIND,EQ,446196,185244,41.52
20,1810,PENTAGON,SM,13000,7000,53.85
20,1811,PERFECT,ST,69000,66000,95.65
20,1812,PERSISTENT,EQ,354670,157814,44.50
20,1813,PETRONET,EQ,4911550,2266329,46.14
20,1814,PFC,EQ,9653923,5493395,56.90
20,1815,PFIZER,EQ,33270,14398,43.28
20,1816,PFOCUS,EQ,18734,13308,71.04
20,1817,PFS,EQ,681678,450243,66.05
20,1818,PGEL,EQ,590492,196176,33.22
20,1819,PGHH,EQ,8163,5269,64.55
20,1820,PGHL,EQ,9901,6455,65.20
20,1821,PGIL,EQ,104205,43889,42.12
20,1822,PGINVIT,IV,2677276,2439860,91.13
20,1823,PHANTOMFX,SM,71700,56100,78.24
20,1824,PHARMABEES,EQ,2992947,2286146,76.38
20,1825,PHOENIXLTD,EQ,1307347,988158,75.58
20,1826,PHOGLOBAL,ST,24000,24000,100.00
20,1827,PIDILITIND,EQ,248281,160030,64.46
20,1828,PIIND,EQ,378209,251249,66.43
20,1829,PILANIINVS,EQ,3861,2311,59.85
20,1830,PILITA,EQ,350150,196115,56.01
20,1831,PITTIENG,EQ,56076,23992,42.78
20,1832,PIXTRANS,EQ,28801,22207,77.10
20,1833,PLADAINFO,SM,9000,9000,100.00
20,1834,PLASTIBLEN,EQ,9439,6421,68.03
20,1835,PLATIND,EQ,125668,70898,56.42
20,1836,PLAZACABLE,EQ,43652,28032,64.22
20,1837,PNB,EQ,27169438,14953825,55.04
20,1838,PNBGILTS,EQ,344936,185163,53.68
20,1839,PNBHOUSING,EQ,542940,283905,52.29
20,1840,PNCINFRA,EQ,273276,81544,29.84
20,1841,PNGJL,EQ,202975,84219,41.49
20,1842,POCL,EQ,89306,49053,54.93
20,1843,PODDARMENT,EQ,2129,1206,56.65
20,1844,POKARNA,EQ,26889,12050,44.81
20,1845,POLICYBZR,EQ,1363988,713547,52.31
20,1846,POLYCAB,EQ,5050980,1333617,26.40
20,1847,POLYMED,EQ,90935,26711,29.37
20,1848,POLYPLEX,EQ,55311,35352,63.91
20,1849,POLYSIL,SM,80000,64000,80.00
20,1850,PONNIERODE,EQ,18426,10486,56.91
20,1851,POONAWALLA,EQ,4415013,871776,19.75
20,1852,POSITRON,SM,11100,9300,83.78
20,1853,POWERGRID,EQ,13614799,9500212,69.78
20,1854,POWERINDIA,EQ,73467,14252,19.40
20,1855,POWERMECH,EQ,51255,24252,47.32
20,1856,PPAP,EQ,3223,2128,66.03
20,1857,PPL,EQ,106219,48996,46.13
20,1858,PPLPHARMA,EQ,4967687,937435,18.87
20,1859,PPSL,SM,18000,12000,66.67
20,1860,PRAENG,EQ,285046,124251,43.59
20,1861,PRAJIND,EQ,2210567,718202,32.49
20,1862,PRAKASH,EQ,432799,200939,46.43
20,1863,PRAKASHSTL,EQ,290732,203397,69.96
20,1864,PRAMARA,SM,219000,120000,54.79
20,1865,PRATHAM,ST,1200,1200,100.00
20,1866,PRECAM,EQ,563878,225276,39.95
20,1867,PRECISION,ST,12000,12000,100.00
20,1868,PRECWIRE,EQ,172875,119453,69.10
20,1869,PREMEXPLN,EQ,108789,65302,60.03
20,1870,PREMIERENE,EQ,744649,229333,30.80
20,1871,PREMIERPOL,EQ,205094,100750,49.12
20,1872,PREMIUM,SM,3000,3000,100.00
20,1873,PRESSTONIC,ST,4800,4800,100.00
20,1874,PRESTIGE,EQ,1523020,755602,49.61
20,1875,PRICOLLTD,EQ,199950,99285,49.65
20,1876,PRIMESECU,EQ,48391,27148,56.10
20,1877,PRINCEPIPE,EQ,151055,95001,62.89
20,1878,PRITI,EQ,26018,11115,42.72
20,1879,PRITIKA,ST,20000,14000,70.00
20,1880,PRITIKAUTO,EQ,186980,82682,44.22
20,1881,PRIVISCL,EQ,30274,17733,58.58
20,1882,PRIZOR,ST,24000,21600,90.00
20,1883,PRLIND,SM,27000,19000,70.37
20,1884,PROLIFE,SM,500,500,100.00
20,1885,PROPEQUITY,SM,5400,5400,100.00
20,1886,PROTEAN,EQ,289497,206724,71.41
20,1887,PROV,SM,960,960,100.00
20,1888,PRSMJOHNSN,EQ,185823,81259,43.73
20,1889,PRUDENT,EQ,75137,38147,50.77
20,1890,PSB,EQ,1308130,204876,15.66
20,1891,PSFL,SM,40000,34000,85.00
20,1892,PSPPROJECT,EQ,75971,56437,74.29
20,1893,PSRAJ,ST,31000,31000,100.00
20,1894,PSUBANK,EQ,12268,4783,38.99
20,1895,PSUBANKADD,EQ,1587,1464,92.25
20,1896,PSUBNKBEES,EQ,859318,411503,47.89
20,1897,PSUBNKIETF,EQ,177983,74192,41.68
20,1898,PTC,EQ,1242412,746532,60.09
20,1899,PTCIL,EQ,7205,4092,56.79
20,1900,PTL,EQ,24138,16515,68.42
20,1901,PULZ,SM,20000,16000,80.00
20,1902,PUNJABCHEM,EQ,58702,20419,34.78
20,1903,PURPLEUTED,SM,35000,27000,77.14
20,1904,PURVA,EQ,49658,29637,59.68
20,1905,PURVFLEXI,SM,35200,31200,88.64
20,1906,PVP,EQ,156419,94076,60.14
20,1907,PVRINOX,EQ,1796996,1013784,56.42
20,1908,PVSL,EQ,39102,23102,59.08
20,1909,PVTBANIETF,EQ,1957945,1438021,73.45
20,1910,PVTBANKADD,EQ,11302,7337,64.92
20,1911,PYRAMID,EQ,37208,20695,55.62
20,1912,QFIL,SM,1000,1000,100.00
20,1913,QGOLDHALF,EQ,50435,32368,64.18
20,1914,QMSMEDI,SM,26000,25000,96.15
20,1915,QNIFTY,EQ,469,384,81.88
20,1916,QPOWER,EQ,3050391,381398,12.50
20,1917,QUADFUTURE,EQ,2477146,195959,7.91
20,1918,QUADPRO,SM,12000,12000,100.00
20,1919,QUAL30IETF,EQ,1632740,1503550,92.09
20,1920,QUESS,EQ,141079,91777,65.05
20,1921,QUESTLAB,ST,4800,4800,100.00
20,1922,QUICKHEAL,EQ,110770,54461,49.17
20,1923,QUICKTOUCH,ST,14500,14500,100.00
20,1924,QVCEL,ST,9600,9600,100.00
20,1925,RACE,EQ,9528,4362,45.78
20,1926,RACLGEAR,EQ,9988,5954,59.61
20,1927,RADHIKAJWE,EQ,274686,204389,74.41
20,1928,RADIANTCMS,EQ,80296,53583,66.73
20,1929,RADICO,EQ,177343,86201,48.61
20,1930,RADIOCITY,EQ,98448,65799,66.84
20,1931,RADIOCITY,P1,5180,5180,100.00
20,1932,RADIOWALLA,SM,4800,4800,100.00
20,1933,RAILTEL,EQ,1820686,415117,22.80
20,1934,RAIN,EQ,1234678,508459,41.18
20,1935,RAINBOW,EQ,82947,46360,55.89
20,1936,RAJESHEXPO,EQ,782348,245671,31.40
20,1937,RAJINDLTD,SM,10500,9000,85.71
20,1938,RAJMET,EQ,703539,424836,60.39
20,1939,RAJPUTANA,SM,22000,15000,68.18
20,1940,RAJRATAN,EQ,28191,15038,53.34
20,1941,RAJSREESUG,EQ,15947,9223,57.84
20,1942,RALLIS,EQ,281373,139502,49.58
20,1943,RAMAPHO,EQ,8174,4246,51.95
20,1944,RAMASTEEL,EQ,3867911,1598711,41.33
20,1945,RAMCOCEM,EQ,428608,225274,52.56
20,1946,RAMCOIND,EQ,115465,68726,59.52
20,1947,RAMCOSYS,EQ,46229,15068,32.59
20,1948,RAMKY,EQ,25866,16653,64.38
20,1949,RAMRAT,EQ,28564,15107,52.89
20,1950,RANASUG,EQ,243821,141167,57.90
20,1951,RANEENGINE,EQ,1946,1213,62.33
20,1952,RANEHOLDIN,EQ,7803,5042,64.62
20,1953,RAPPID,ST,3600,2400,66.67
20,1954,RATEGAIN,EQ,287465,186537,64.89
20,1955,RATNAMANI,EQ,16941,8484,50.08
20,1956,RATNAVEER,EQ,131892,79439,60.23
20,1957,RAYMOND,EQ,108429,35761,32.98
20,1958,RAYMONDLSL,EQ,95092,48110,50.59
20,1959,RBA,EQ,1884316,1131117,60.03
20,1960,RBL,EQ,33295,5799,17.42
20,1961,RBLBANK,EQ,15452588,2589707,16.76
20,1962,RBMINFRA,ST,14000,13200,94.29
20,1963,RBS,ST,6400,3200,50.00
20,1964,RBZJEWEL,EQ,260658,137599,52.79
20,1965,RCDL,SM,12000,12000,100.00
20,1966,RCF,EQ,1719940,620548,36.08
20,1967,READYMIX,ST,81000,74000,91.36
20,1968,RECLTD,EQ,4757498,1990116,41.83
20,1969,REDINGTON,EQ,4038717,1198055,29.66
20,1970,REDTAPE,EQ,182538,109800,60.15
20,1971,REFEX,EQ,134173,89188,66.47
20,1972,RELAXO,EQ,57447,32605,56.76
20,1973,RELCHEMQ,EQ,193786,21310,11.00
20,1974,RELIABLE,EQ,26648,9739,36.55
20,1975,RELIANCE,EQ,11509215,7994875,69.46
20,1976,RELIGARE,EQ,1922214,689636,35.88
20,1977,RELINFRA,EQ,3110075,1441342,46.34
20,1978,RELTD,EQ,85445,47282,55.34
20,1979,REMSONSIND,EQ,354467,280007,78.99
20,1980,REMUS,SM,5900,3200,54.24
20,1981,RENUKA,EQ,4159126,1752360,42.13
20,1982,REPCOHOME,EQ,452349,334804,74.01
20,1983,REPRO,EQ,6518,4814,73.86
20,1984,RESPONIND,EQ,175332,111188,63.42
20,1985,RETAIL,EQ,12740,10547,82.79
20,1986,REXPIPES,SM,4000,4000,100.00
20,1987,REXPRO,SM,7000,7000,100.00
20,1988,RGL,EQ,294657,151123,51.29
20,1989,RHIM,EQ,142395,74472,52.30
20,1990,RICOAUTO,EQ,337414,185232,54.90
20,1991,RIIL,EQ,75631,23978,31.70
20,1992,RILINFRA,SM,25300,20600,81.42
20,1993,RISHABH,EQ,56820,36736,64.65
20,1994,RITCO,EQ,23238,12825,55.19
20,1995,RITES,EQ,784377,251853,32.11
20,1996,RKDL,EQ,14010,9250,66.02
20,1997,RKEC,EQ,24839,17999,72.46
20,1998,RKFORGE,EQ,291934,102261,35.03
20,1999,RKSWAMY,EQ,80334,60655,75.50
20,2000,RMDRIP,ST,118500,114500,96.62
20,2001,RML,EQ,14089,12356,87.70
20,2002,RNFI,ST,15600,15600,100.00
20,2003,ROCKINGDCE,SM,8750,8250,94.29
20,2004,ROHLTD,EQ,99674,46753,46.91
20,2005,ROLEXRINGS,EQ,4219,2254,53.42
20,2006,ROML,EQ,7414,2946,39.74
20,2007,ROSSARI,EQ,28115,14575,51.84
20,2008,ROSSTECH,EQ,16897,10666,63.12
20,2009,ROTO,EQ,77007,39569,51.38
20,2010,ROUTE,EQ,72714,41573,57.17
20,2011,ROXHITECH,ST,65600,62400,95.12
20,2012,ROYALARC,ST,54000,52800,97.78
20,2013,RPEL,EQ,118232,92580,78.30
20,2014,RPGLIFE,EQ,11360,4929,43.39
20,2015,RPOWER,EQ,20814224,10216093,49.08
20,2016,RPPL,EQ,105581,66561,63.04
20,2017,RPSGVENT,EQ,25284,15427,61.01
20,2018,RPTECH,EQ,157385,119611,76.00
20,2019,RRKABEL,EQ,3278886,1367768,41.71
20,2020,RSWM,EQ,66214,51669,78.03
20,2021,RSYSTEMS,EQ,381192,254949,66.88
20,2022,RTNINDIA,EQ,1960756,678952,34.63
20,2023,RTNPOWER,EQ,9186897,5269167,57.36
20,2024,RUBFILA,EQ,105333,77040,73.14
20,2025,RUBYMILLS,EQ,5842,4528,77.51
20,2026,RUCHINFRA,EQ,77902,51584,66.22
20,2027,RUCHIRA,EQ,24605,16677,67.78
20,2028,RULKA,ST,5400,5100,94.44
20,2029,RUPA,EQ,174643,93263,53.40
20,2030,RUSHIL,EQ,244270,151692,62.10
20,2031,RUSTOMJEE,EQ,15543,9180,59.06
20,2032,RVNL,EQ,5933298,1144450,19.29
20,2033,RVTH,EQ,3368,2927,86.91
20,2034,SAAKSHI,SM,4800,4200,87.50
20,2035,SABAR,ST,130000,120000,92.31
20,2036,SADBHIN,EQ,123087,88852,72.19
20,2037,SADHAV,SM,19200,15000,78.13
20,2038,SAFARI,EQ,25375,10016,39.47
20,2039,SAGARDEEP,EQ,28126,6413,22.80
20,2040,SAGCEM,EQ,28357,16556,58.38
20,2041,SAH,EQ,25834,8666,33.54
20,2042,SAHAJ,SM,16000,16000,100.00
20,2043,SAHAJSOLAR,SM,7000,4800,68.57
20,2044,SAHANA,ST,18375,17000,92.52
20,2045,SAHASRA,ST,44000,42800,97.27
20,2046,SAHYADRI,EQ,9011,6416,71.20
20,2047,SAIFL,ST,14400,13600,94.44
20,2048,SAIL,EQ,18631329,6877989,36.92
20,2049,SAILIFE,EQ,493601,125059,25.34
20,2050,SAJHOTELS,ST,14000,12000,85.71
20,2051,SAKAR,EQ,12611,8421,66.78
20,2052,SAKHTISUG,EQ,83496,50842,60.89
20,2053,SAKSOFT,EQ,133475,73958,55.41
20,2054,SALASAR,EQ,13974586,4170700,29.84
20,2055,SALONA,EQ,605,285,47.11
20,2056,SALSTEEL,EQ,84862,37763,44.50
20,2057,SALZERELEC,EQ,75970,36425,47.95
20,2058,SAMHI,EQ,797395,412272,51.70
20,2059,SAMMAANCAP,EQ,8941345,4634860,51.84
20,2060,SANATHAN,EQ,120036,81159,67.61
20,2061,SANDESH,EQ,3170,2331,73.53
20,2062,SANDHAR,EQ,104764,60393,57.65
20,2063,SANDUMA,EQ,201764,97783,48.46
20,2064,SANGAMIND,EQ,3719,2107,56.66
20,2065,SANGHIIND,EQ,729423,439881,60.31
20,2066,SANGHVIMOV,EQ,346921,187464,54.04
20,2067,SANGINITA,EQ,36754,24904,67.76
20,2068,SANOFI,EQ,16291,8558,52.53
20,2069,SANOFICONR,EQ,13651,10311,75.53
20,2070,SANSERA,EQ,64780,34558,53.35
20,2071,SANSTAR,EQ,1111453,972270,87.48
20,2072,SAPPHIRE,EQ,263570,79653,30.22
20,2073,SARDAEN,EQ,442699,181639,41.03
20,2074,SAREGAMA,EQ,167667,58188,34.70
20,2075,SAROJA,SM,1600,1600,100.00
20,2076,SARTELE,SM,61000,35500,58.20
20,2077,SARVESHWAR,EQ,2716359,1461488,53.80
20,2078,SASKEN,EQ,9385,6105,65.05
20,2079,SASTASUNDR,EQ,40574,26632,65.64
20,2080,SATECH,ST,57000,56000,98.25
20,2081,SATIA,EQ,105891,59728,56.41
20,2082,SATIN,EQ,405455,155173,38.27
20,2083,SATINDLTD,EQ,364248,235222,64.58
20,2084,SATIPOLY,SM,4000,3000,75.00
20,2085,SATKARTAR,SM,48000,32000,66.67
20,2086,SAURASHCEM,EQ,60426,39125,64.75
20,2087,SBC,EQ,4370704,2215534,50.69
20,2088,SBCL,EQ,300210,193741,64.54
20,2089,SBFC,EQ,1343810,579952,43.16
20,2090,SBICARD,EQ,2846707,1561150,54.84
20,2091,SBIETFCON,EQ,5363,2619,48.83
20,2092,SBIETFIT,EQ,4888,3203,65.53
20,2093,SBIETFPB,EQ,8109,6501,80.17
20,2094,SBIETFQLTY,EQ,4588,3708,80.82
20,2095,SBILIFE,EQ,1421562,994569,69.96
20,2096,SBIN,EQ,12033139,6636325,55.15
20,2097,SBINEQWETF,EQ,36356,22443,61.73
20,2098,SBISILVER,EQ,189562,135133,71.29
20,2099,SCHAEFFLER,EQ,37423,16744,44.74
20,2100,SCHAND,EQ,27094,17718,65.39
20,2101,SCHNEIDER,EQ,149279,56194,37.64
20,2102,SCI,EQ,854549,406619,47.58
20,2103,SCILAL,EQ,516905,295755,57.22
20,2104,SCL25924A,N1,20,20,100.00
20,2105,SCL25B,BI,5,5,100.00
20,2106,SCL310524A,ZK,18,18,100.00
20,2107,SCLZC26,NB,9,7,77.78
20,2108,SCML,SM,6000,4000,66.67
20,2109,SCPL,EQ,6882,4546,66.06
20,2110,SDBL,EQ,1784547,864484,48.44
20,2111,SDL26BEES,EQ,1405,788,56.09
20,2112,SDREAMS,ST,19000,19000,100.00
20,2113,SEAMECLTD,EQ,7640,3470,45.42
20,2114,SECL,ST,12500,12500,100.00
20,2115,SECMARK,EQ,607,564,92.92
20,2116,SECURKLOUD,EQ,43921,32425,73.83
20,2117,SEJALLTD,EQ,1167,705,60.41
20,2118,SEL,ST,400,400,100.00
20,2119,SELAN,EQ,31631,18020,56.97
20,2120,SELMC,EQ,32438,17127,52.80
20,2121,SENCO,EQ,682954,250118,36.62
20,2122,SENORES,EQ,1571143,281487,17.92
20,2123,SENSEXADD,EQ,652,550,84.36
20,2124,SENSEXETF,EQ,14562,12101,83.10
20,2125,SENSEXIETF,EQ,12486,5435,43.53
20,2126,SEPC,EQ,3929328,2357810,60.01
20,2127,SEQUENT,EQ,287586,155818,54.18
20,2128,SERVICE,SM,16000,14000,87.50
20,2129,SERVOTECH,EQ,376307,200775,53.35
20,2130,SESHAPAPER,EQ,7894,5149,65.23
20,2131,SETF10GILT,EQ,9808,8224,83.85
20,2132,SETFGOLD,EQ,3422906,2792187,81.57
20,2133,SETFNIF50,EQ,530968,475789,89.61
20,2134,SETFNIFBK,EQ,264364,139266,52.68
20,2135,SETFNN50,EQ,53068,38512,72.57
20,2136,SFL,EQ,62071,37265,60.04
20,2137,SFML,ST,41600,36800,88.46
20,2138,SGBAPR28I,GB,231,197,85.28
20,2139,SGBAUG27,GB,65,63,96.92
20,2140,SGBAUG28V,GB,1531,1115,72.83
20,2141,SGBAUG29V,GB,276,224,81.16
20,2142,SGBAUG30,GB,1039,695,66.89
20,2143,SGBD29VIII,GB,497,271,54.53
20,2144,SGBDC27VII,GB,18,16,88.89
20,2145,SGBDE30III,GB,223,157,70.40
20,2146,SGBDE31III,GB,2972,2329,78.36
20,2147,SGBDEC25,GB,6,6,100.00
20,2148,SGBDEC2512,GB,1,1,100.00
20,2149,SGBDEC2513,GB,4,4,100.00
20,2150,SGBDEC26,GB,46,46,100.00
20,2151,SGBFEB27,GB,1,1,100.00
20,2152,SGBFEB28IX,GB,7,6,85.71
20,2153,SGBFEB29XI,GB,28,19,67.86
20,2154,SGBFEB32IV,GB,2687,2195,81.69
20,2155,SGBJ28VIII,GB,10,4,40.00
20,2156,SGBJAN26,GB,58,47,81.03
20,2157,SGBJAN29IX,GB,460,327,71.09
20,2158,SGBJAN29X,GB,100,88,88.00
20,2159,SGBJAN30IX,GB,242,189,78.10
20,2160,SGBJU29III,GB,313,278,88.82
20,2161,SGBJUL25,GB,13,13,100.00
20,2162,SGBJUL27,GB,100,60,60.00
20,2163,SGBJUL28IV,GB,444,268,60.36
20,2164,SGBJUL29IV,GB,209,181,86.60
20,2165,SGBJUN27,GB,10,9,90.00
20,2166,SGBJUN28,GB,770,551,71.56
20,2167,SGBJUN29II,GB,333,241,72.37
20,2168,SGBJUN30,GB,214,154,71.96
20,2169,SGBJUN31I,GB,1209,966,79.90
20,2170,SGBMAR25,GB,72,64,88.89
20,2171,SGBMAR28X,GB,15,10,66.67
20,2172,SGBMAR30X,GB,38,24,63.16
20,2173,SGBMAR31IV,GB,185,158,85.41
20,2174,SGBMAY25,GB,53,41,77.36
20,2175,SGBMAY26,GB,15,12,80.00
20,2176,SGBMAY28,GB,433,280,64.67
20,2177,SGBMAY29I,GB,1729,1267,73.28
20,2178,SGBMR29XII,GB,542,448,82.66
20,2179,SGBN28VIII,GB,333,203,60.96
20,2180,SGBNOV25IX,GB,4,4,100.00
20,2181,SGBNV29VII,GB,327,318,97.25
20,2182,SGBOC28VII,GB,342,239,69.88
20,2183,SGBOCT25,GB,7,7,100.00
20,2184,SGBOCT25IV,GB,36,36,100.00
20,2185,SGBOCT27,GB,64,39,60.94
20,2186,SGBOCT27VI,GB,52,52,100.00
20,2187,SGBSEP27,GB,12,7,58.33
20,2188,SGBSEP28VI,GB,145,107,73.79
20,2189,SGBSEP29VI,GB,205,177,86.34
20,2190,SGBSEP31II,GB,2448,2048,83.66
20,2191,SGL,EQ,11022,5874,53.29
20,2192,SGLTL,EQ,651183,182184,27.98
20,2193,SHAH,EQ,388224,297414,76.61
20,2194,SHAHALLOYS,EQ,16478,7444,45.18
20,2195,SHAKTIPUMP,EQ,517908,317523,61.31
20,2196,SHALBY,EQ,34584,20110,58.15
20,2197,SHALPAINTS,EQ,110711,68505,61.88
20,2198,SHANKARA,EQ,17802,10790,60.61
20,2199,SHANTHALA,ST,7200,6000,83.33
20,2200,SHANTI,EQ,399696,169587,42.43
20,2201,SHANTIGEAR,EQ,14450,8883,61.47
20,2202,SHARDACROP,EQ,97877,40991,41.88
20,2203,SHARDAMOTR,EQ,10229,5165,50.49
20,2204,SHAREINDIA,EQ,391804,203216,51.87
20,2205,SHARIABEES,EQ,4653,3414,73.37
20,2206,SHEETAL,SM,46000,38000,82.61
20,2207,SHEMAROO,EQ,14576,7841,53.79
20,2208,SHERA,SM,18000,16000,88.89
20,2209,SHIGAN,SM,3000,3000,100.00
20,2210,SHILPAMED,EQ,121589,57116,46.97
20,2211,SHIVALIK,EQ,30161,16302,54.05
20,2212,SHIVAMAUTO,EQ,66408,35366,53.26
20,2213,SHIVAMILLS,EQ,10471,5220,49.85
20,2214,SHIVATEX,EQ,6645,3398,51.14
20,2215,SHK,EQ,348717,185371,53.16
20,2216,SHOPERSTOP,EQ,23383,12974,55.48
20,2217,SHREDIGCEM,EQ,372477,212274,56.99
20,2218,SHREECEM,EQ,53283,29913,56.14
20,2219,SHREEKARNI,ST,2250,2100,93.33
20,2220,SHREEOSFM,SM,6000,5000,83.33
20,2221,SHREEPUSHK,EQ,189696,70665,37.25
20,2222,SHREMINVIT,IV,200000,200000,100.00
20,2223,SHRENIK,EQ,1310516,764658,58.35
20,2224,SHREYANIND,EQ,5685,3975,69.92
20,2225,SHRIPISTON,EQ,46864,23962,51.13
20,2226,SHRIRAMFIN,EQ,17099035,8488513,49.64
20,2227,SHRIRAMPPS,EQ,940187,599691,63.78
20,2228,SHRITECH,SM,4000,4000,100.00
20,2229,SHUBHSHREE,ST,12000,8400,70.00
20,2230,SHYAMCENT,EQ,131216,93394,71.18
20,2231,SHYAMMETL,EQ,169382,83028,49.02
20,2232,SIDDHIKA,ST,1000,1000,100.00
20,2233,SIEMENS,EQ,376628,171922,45.65
20,2234,SIGACHI,EQ,1143984,481795,42.12
20,2235,SIGIND,EQ,14788,9964,67.38
20,2236,SIGMA,EQ,25027,3482,13.91
20,2237,SIGNATURE,EQ,611107,135415,22.16
20,2238,SIGNORIA,ST,5000,5000,100.00
20,2239,SIKKO,EQ,93844,73356,78.17
20,2240,SIL,EQ,61360,46375,75.58
20,2241,SILGO,EQ,83335,64317,77.18
20,2242,SILINV,EQ,17304,12257,70.83
20,2243,SILKFLEX,SM,14000,14000,100.00
20,2244,SILLYMONKS,EQ,100,78,78.00
20,2245,SILVER,EQ,875533,719924,82.23
20,2246,SILVER1,EQ,226364,204663,90.41
20,2247,SILVERADD,EQ,11514,9460,82.16
20,2248,SILVERBEES,EQ,6648422,5243050,78.86
20,2249,SILVERETF,EQ,189974,118300,62.27
20,2250,SILVERIETF,EQ,892748,665547,74.55
20,2251,SILVERTUC,EQ,71037,62818,88.43
20,2252,SILVRETF,EQ,492349,473825,96.24
20,2253,SIMPLEXINF,EQ,48040,40429,84.16
20,2254,SINCLAIR,EQ,67482,48257,71.51
20,2255,SINDHUTRAD,EQ,469392,232609,49.56
20,2256,SINTERCOM,EQ,123711,89128,72.05
20,2257,SIRCA,EQ,31946,16907,52.92
20,2258,SIS,EQ,115141,100315,87.12
20,2259,SIYSIL,EQ,45323,28453,62.78
20,2260,SJLOGISTIC,SM,27250,19000,69.72
20,2261,SJS,EQ,69695,34782,49.91
20,2262,SJVN,EQ,6591109,1651822,25.06
20,2263,SKFINDIA,EQ,23034,12881,55.92
20,2264,SKIPPER,EQ,427079,151225,35.41
20,2265,SKMEGGPROD,EQ,28190,14587,51.75
20,2266,SKP,SM,6500,6500,100.00
20,2267,SLONE,ST,4000,3200,80.00
20,2268,SMALLCAP,EQ,1658553,1280743,77.22
20,2269,SMARTLINK,EQ,4052,3274,80.80
20,2270,SMCGLOBAL,EQ,92393,51687,55.94
20,2271,SMLISUZU,EQ,10606,6039,56.94
20,2272,SMLT,EQ,9808,6242,63.64
20,2273,SMSPHARMA,EQ,99745,50022,50.15
20,2274,SMVD,SM,44440,44440,100.00
20,2275,SNOWMAN,EQ,311086,168302,54.10
20,2276,SOBHA,EQ,238274,98049,41.15
20,2277,SOLARA,EQ,98602,66596,67.54
20,2278,SOLARAPP,E1,443,406,91.65
20,2279,SOLARINDS,EQ,90581,51951,57.35
20,2280,SOLEX,ST,6250,6000,96.00
20,2281,SOMANYCERA,EQ,42556,19097,44.87
20,2282,SOMICONVEY,EQ,13684,8291,60.59
20,2283,SONACOMS,EQ,1456475,806641,55.38
20,2284,SONAMAC,ST,16000,15000,93.75
20,2285,SONAMLTD,EQ,83471,46817,56.09
20,2286,SONATSOFTW,EQ,667336,418861,62.77
20,2287,SONUINFRA,ST,15000,15000,100.00
20,2288,SOTL,EQ,64368,39596,61.52
20,2289,SOUTHBANK,EQ,16285786,10945383,67.21
20,2290,SOUTHWEST,EQ,36113,25153,69.65
20,2291,SPAL,EQ,38745,24253,62.60
20,2292,SPANDANA,EQ,597040,223314,37.40
20,2293,SPARC,EQ,1060600,602818,56.84
20,2294,SPCL,ST,27000,23400,86.67
20,2295,SPECIALITY,EQ,22519,14194,63.03
20,2296,SPECTRUM,SM,16125,11375,70.54
20,2297,SPECTSTM,SM,5600,4800,85.71
20,2298,SPENCERS,EQ,203825,101690,49.89
20,2299,SPIC,EQ,438546,199393,45.47
20,2300,SPLIL,EQ,12559,6782,54.00
20,2301,SPLPETRO,EQ,16235,9065,55.84
20,2302,SPORTKING,EQ,77321,57732,74.67
20,2303,SPPPOLY,ST,2000,2000,100.00
20,2304,SPRL,SM,800,800,100.00
20,2305,SRD,EQ,32036,20548,64.14
20,2306,SREEL,EQ,6649,4471,67.24
20,2307,SRF,EQ,1514535,710079,46.88
20,2308,SRGHFL,EQ,7503,2978,39.69
20,2309,SRHHYPOLTD,EQ,18988,13397,70.56
20,2310,SRIVASAVI,SM,32000,30000,93.75
20,2311,SSDL,EQ,40315,25281,62.71
20,2312,SSEGL,SM,42200,21200,50.24
20,2313,SSFL,SM,9500,8500,89.47
20,2314,S&SPOWER,EQ,2927,1602,54.73
20,2315,SSWL,EQ,138666,100904,72.77
20,2316,STALLION,EQ,1182022,445849,37.72
20,2317,STANLEY,EQ,91477,55645,60.83
20,2318,STAR,EQ,378163,192618,50.94
20,2319,STARCEMENT,EQ,308298,132770,43.07
20,2320,STARHEALTH,EQ,1007426,525254,52.14
20,2321,STARPAPER,EQ,47560,44165,92.86
20,2322,STARTECK,EQ,8520,580,6.81
20,2323,STCINDIA,EQ,19105,10184,53.31
20,2324,STEELCAS,EQ,4583,3066,66.90
20,2325,STEELCITY,EQ,24703,15025,60.82
20,2326,STEELXIND,EQ,1111174,698426,62.85
20,2327,STEL,EQ,10060,6735,66.95
20,2328,STERTOOLS,EQ,142892,66346,46.43
20,2329,STLTECH,EQ,1038535,527658,50.81
20,2330,STOVEKRAFT,EQ,37479,14565,38.86
20,2331,STYLAMIND,EQ,15937,8927,56.01
20,2332,STYLEBAAZA,EQ,377599,92865,24.59
20,2333,STYRENIX,EQ,22945,16329,71.17
20,2334,SUBEXLTD,EQ,5525749,2765052,50.04
20,2335,SUBROS,EQ,17254,9026,52.31
20,2336,SUDARSCHEM,EQ,168986,73564,43.53
20,2337,SUKHJITS,EQ,6636,5156,77.70
20,2338,SULA,EQ,601036,356380,59.29
20,2339,SUMICHEM,EQ,278137,140759,50.61
20,2340,SUMIT,EQ,43805,28076,64.09
20,2341,SUMMITSEC,EQ,12770,6840,53.56
20,2342,SUNCLAY,EQ,15128,6715,44.39
20,2343,SUNDARAM,EQ,624320,470278,75.33
20,2344,SUNDARMFIN,EQ,100605,33964,33.76
20,2345,SUNDARMHLD,EQ,39297,22564,57.42
20,2346,SUNDRMFAST,EQ,221731,199738,90.08
20,2347,SUNLITE,SM,18000,15600,86.67
20,2348,SUNPHARMA,EQ,2744489,1981435,72.20
20,2349,SUNREST,SM,3200,3200,100.00
20,2350,SUNTECK,EQ,487047,208732,42.86
20,2351,SUNTV,EQ,1715041,498404,29.06
20,2352,SUPERHOUSE,EQ,2198,1169,53.18
20,2353,SUPERSPIN,EQ,141422,105632,74.69
20,2354,SUPRAJIT,EQ,42764,23169,54.18
20,2355,SUPREME,EQ,147480,50968,34.56
20,2356,SUPREMEIND,EQ,198567,116001,58.42
20,2357,SUPREMEPWR,ST,45000,42000,93.33
20,2358,SUPRIYA,EQ,154631,72703,47.02
20,2359,SURAJEST,EQ,99205,66378,66.91
20,2360,SURAJLTD,EQ,326,238,73.01
20,2361,SURAKSHA,EQ,50081,22353,44.63
20,2362,SURANASOL,EQ,80692,43948,54.46
20,2363,SURANAT&P,EQ,38261,29582,77.32
20,2364,SURYALAXMI,EQ,46967,31216,66.46
20,2365,SURYAROSNI,EQ,315905,179017,56.67
20,2366,SURYODAY,EQ,260433,131893,50.64
20,2367,SUTLEJTEX,EQ,55493,33149,59.74
20,2368,SUVEN,EQ,340405,184097,54.08
20,2369,SUVENPHAR,EQ,348423,180694,51.86
20,2370,SUVIDHAA,EQ,358533,192660,53.74
20,2371,SUYOG,EQ,21738,15038,69.18
20,2372,SUZLON,EQ,39073334,19894191,50.92
20,2373,SWANENERGY,EQ,2188603,999713,45.68
20,2374,SWARAJ,SM,28500,25000,87.72
20,2375,SWARAJENG,EQ,5651,3100,54.86
20,2376,SWASTIK,SM,10800,10800,100.00
20,2377,SWELECTES,EQ,609072,191997,31.52
20,2378,SWIGGY,EQ,6110777,1171970,19.18
20,2379,SWSOLAR,EQ,2033277,1274657,62.69
20,2380,SYLVANPLY,SM,22000,18000,81.82
20,2381,SYMPHONY,EQ,70151,35719,50.92
20,2382,SYNCOMF,EQ,1569083,829550,52.87
20,2383,SYNGENE,EQ,353476,172209,48.72
20,2384,SYNOPTICS,SM,1800,600,33.33
20,2385,SYRMA,EQ,3654988,1029525,28.17
20,2386,SYSTANGO,SM,22000,14800,67.27
20,2387,TAC,ST,7800,7600,97.44
20,2388,TAINWALCHM,EQ,5391,2198,40.77
20,2389,TAJGVK,EQ,612666,125849,20.54
20,2390,TALBROAUTO,EQ,55982,31252,55.83
20,2391,TANLA,EQ,572255,238819,41.73
20,2392,TAPIFRUIT,SM,750,750,100.00
20,2393,TARC,EQ,312994,202609,64.73
20,2394,TARIL,EQ,1645215,839011,51.00
20,2395,TARMAT,EQ,28479,15213,53.42
20,2396,TARSONS,EQ,111455,70004,62.81
20,2397,TASTYBITE,EQ,2912,1601,54.98
20,2398,TATACHEM,EQ,743101,316116,42.54
20,2399,TATACOMM,EQ,458204,286156,62.45
20,2400,TATACONSUM,EQ,1362115,1003918,73.70
20,2401,TATAELXSI,EQ,182977,83379,45.57
20,2402,TATAGOLD,EQ,7670726,5934316,77.36
20,2403,TATAINVEST,EQ,135990,21900,16.10
20,2404,TATAMOTORS,EQ,12281857,5141425,41.86
20,2405,TATAPOWER,EQ,6464092,2312934,35.78
20,2406,TATASTEEL,EQ,30747044,15303125,49.77
20,2407,TATATECH,EQ,906397,578272,63.80
20,2408,TATSILV,EQ,1177837,808681,68.66
20,2409,TATVA,EQ,36320,23405,64.44
20,2410,TBI,SM,21600,19800,91.67
20,2411,TBOTEK,EQ,193633,78871,40.73
20,2412,TBZ,EQ,76962,39768,51.67
20,2413,TCI,EQ,10058,5521,54.89
20,2414,TCIEXP,EQ,38200,22334,58.47
20,2415,TCL,SM,5600,5600,100.00
20,2416,TCPLPACK,EQ,30919,9530,30.82
20,2417,TCS,EQ,3823856,3058793,79.99
20,2418,TDPOWERSYS,EQ,458504,256218,55.88
20,2419,TEAMLEASE,EQ,34459,17854,51.81
20,2420,TECH,EQ,215196,209054,97.15
20,2421,TECHERA,ST,3200,3200,100.00
20,2422,TECHLABS,ST,66750,64125,96.07
20,2423,TECHM,EQ,2208643,1518033,68.73
20,2424,TECHNOE,EQ,183417,99682,54.35
20,2425,TECILCHEM,EQ,434,330,76.04
20,2426,TEGA,EQ,42103,20532,48.77
20,2427,TEJASCARGO,ST,48000,48000,100.00
20,2428,TEJASNET,EQ,822180,346396,42.13
20,2429,TEXINFRA,EQ,767924,266474,34.70
20,2430,TEXMOPIPES,EQ,30781,16244,52.77
20,2431,TEXRAIL,EQ,1769932,836623,47.27
20,2432,TFCILTD,EQ,780387,566305,72.57
20,2433,TGBHOTELS,EQ,32967,26340,79.90
20,2434,TGL,ST,55000,46000,83.64
20,2435,THANGAMAYL,EQ,711694,96079,13.50
20,2436,THEINVEST,EQ,5662,3467,61.23
20,2437,THEJO,EQ,4391,2509,57.14
20,2438,THEMISMED,EQ,87965,42097,47.86
20,2439,THERMAX,EQ,61266,23003,37.55
20,2440,THESL,ST,12000,9000,75.00
20,2441,THOMASCOOK,EQ,1283013,874359,68.15
20,2442,THYROCARE,EQ,32445,17871,55.08
20,2443,TI,EQ,944268,488998,51.79
20,2444,TICL,EQ,43554,15327,35.19
20,2445,TIIL,EQ,8964,6462,72.09
20,2446,TIINDIA,EQ,249191,143170,57.45
20,2447,TIL,EQ,44690,34718,77.69
20,2448,TIMESCAN,SM,2000,2000,100.00
20,2449,TIMETECHNO,EQ,718669,293814,40.88
20,2450,TIMKEN,EQ,45666,30221,66.18
20,2451,TIPSMUSIC,EQ,450762,264343,58.64
20,2452,TIRUMALCHM,EQ,233652,127411,54.53
20,2453,TIRUPATI,SM,10000,10000,100.00
20,2454,TITAGARH,EQ,1370030,457761,33.41
20,2455,TITAN,EQ,604023,343561,56.88
20,2456,TMB,EQ,36398,23671,65.03
20,2457,TNIDETF,EQ,21453,14776,68.88
20,2458,TNPETRO,EQ,105797,53779,50.83
20,2459,TNPL,EQ,214141,133195,62.20
20,2460,TOKYOPLAST,EQ,7545,6698,88.77
20,2461,TOLINS,EQ,122139,62555,51.22
20,2462,TOP100CASE,EQ,270433,235703,87.16
20,2463,TOP10ADD,EQ,941868,925983,98.31
20,2464,TORNTPHARM,EQ,278659,181615,65.17
20,2465,TORNTPOWER,EQ,377025,151239,40.11
20,2466,TOTAL,EQ,16683,11312,67.81
20,2467,TPLPLASTEH,EQ,140388,17921,12.77
20,2468,TRACXN,EQ,277594,206252,74.30
20,2469,TRANSRAILL,EQ,831253,237633,28.59
20,2470,TRANSTEEL,ST,56000,50000,89.29
20,2471,TRANSWORLD,EQ,47221,28881,61.16
20,2472,TREEHOUSE,EQ,8805,2941,33.40
20,2473,TREJHARA,EQ,7706,5663,73.49
20,2474,TREL,EQ,347288,212732,61.26
20,2475,TRENT,EQ,997906,506142,50.72
20,2476,TRF,EQ,29031,22572,77.75
20,2477,TRIDENT,EQ,3761974,1677545,44.59
20,2478,TRIDHYA,SM,15000,12000,80.00
20,2479,TRIGYN,EQ,43774,26542,60.63
20,2480,TRITURBINE,EQ,1000340,407715,40.76
20,2481,TRIVENI,EQ,920877,302209,32.82
20,2482,TROM,SM,3600,3600,100.00
20,2483,TRUST,ST,6000,6000,100.00
20,2484,TTKHLTCARE,EQ,1662,1099,66.13
20,2485,TTKPRESTIG,EQ,33633,19965,59.36
20,2486,TTML,EQ,2253077,660602,29.32
20,2487,TUNWAL,SM,44000,34000,77.27
20,2488,TVSELECT,EQ,19992,13748,68.77
20,2489,TVSHLTD,EQ,6512,3197,49.09
20,2490,TVSMOTOR,EQ,558324,251156,44.98
20,2491,TVSSCS,EQ,780387,280355,35.93
20,2492,TVSSRICHAK,EQ,2168,1827,84.27
20,2493,TVTODAY,EQ,45812,23219,50.68
20,2494,UBL,EQ,407862,240121,58.87
20,2495,UCOBANK,EQ,2439181,711096,29.15
20,2496,UDAICEMENT,EQ,205136,156811,76.44
20,2497,UDS,EQ,271963,150404,55.30
20,2498,UFLEX,EQ,44234,26840,60.68
20,2499,UFO,EQ,87787,50013,56.97
20,2500,UGARSUGAR,EQ,149947,74936,49.97
20,2501,UGROCAP,EQ,368681,234273,63.54
20,2502,UHTL,ST,12000,10000,83.33
20,2503,UJJIVANSFB,EQ,17156509,5846525,34.08
20,2504,ULTRACEMCO,EQ,1722295,1106730,64.26
20,2505,UMA,SM,36000,36000,100.00
20,2506,UMAEXPORTS,EQ,27927,12398,44.39
20,2507,UMESLTD,EQ,20576,13787,67.01
20,2508,UNICHEMLAB,EQ,12474,6475,51.91
20,2509,UNIDT,EQ,12787,6841,53.50
20,2510,UNIECOM,EQ,694091,352270,50.75
20,2511,UNIENTER,EQ,2267,1381,60.92
20,2512,UNIHEALTH,SM,4000,3000,75.00
20,2513,UNIINFO,EQ,2227,881,39.56
20,2514,UNILEX,SM,17600,14400,81.82
20,2515,UNIMECH,EQ,117575,45580,38.77
20,2516,UNIONBANK,EQ,8237385,3126525,37.96
20,2517,UNIONGOLD,EQ,2031,520,25.60
20,2518,UNIPARTS,EQ,54502,40783,74.83
20,2519,UNITDSPR,EQ,621665,330764,53.21
20,2520,UNITEDPOLY,EQ,1574,1453,92.31
20,2521,UNITEDTEA,EQ,2840,1858,65.42
20,2522,UNIVCABLES,EQ,62871,30317,48.22
20,2523,UNOMINDA,EQ,906731,467053,51.51
20,2524,UPL,EQ,2717730,1887191,69.44
20,2525,URAVIDEF,EQ,66648,41060,61.61
20,2526,URBAN,SM,44000,29600,67.27
20,2527,USHAFIN,SM,34400,34400,100.00
20,2528,USHAMART,EQ,525518,255919,48.70
20,2529,USK,EQ,142843,78959,55.28
20,2530,UTIAMC,EQ,101351,48598,47.95
20,2531,UTIBANKETF,EQ,1324793,1288465,97.26
20,2532,UTINEXT50,EQ,77712,52575,67.65
20,2533,UTINIFTETF,EQ,52288,31246,59.76
20,2534,UTISENSETF,EQ,791,786,99.37
20,2535,UTISXN50,EQ,13412,8985,66.99
20,2536,UTKARSHBNK,EQ,1914135,996717,52.07
20,2537,UTSSAV,SM,66600,54000,81.08
20,2538,UTTAMSUGAR,EQ,41144,22370,54.37
20,2539,UYFINCORP,EQ,92648,70119,75.68
20,2540,VADILALIND,EQ,8087,4049,50.07
20,2541,VAIBHAVGBL,EQ,520207,251123,48.27
20,2542,VAISHALI,EQ,196017,150356,76.71
20,2543,VAKRANGEE,EQ,8471337,4234358,49.98
20,2544,VAL30IETF,EQ,77352,39581,51.17
20,2545,VALIANTLAB,EQ,105671,83039,78.58
20,2546,VALIANTORG,EQ,37716,15510,41.12
20,2547,VARDHACRLC,EQ,26505,19449,73.38
20,2548,VARROC,EQ,216866,116138,53.55
20,2549,VASCONEQ,EQ,542225,306863,56.59
20,2550,VASWANI,EQ,43890,25480,58.05
20,2551,VBL,EQ,19975636,10430185,52.21
20,2552,VCL,EQ,86192,44140,51.21
20,2553,VDEAL,SM,7200,4800,66.67
20,2554,VEDL,EQ,9800701,4912667,50.13
20,2555,VEEDOL,EQ,10510,7231,68.80
20,2556,VELS,ST,9600,9600,100.00
20,2557,VENKEYS,EQ,11514,6867,59.64
20,2558,VENTIVE,EQ,131695,57949,44.00
20,2559,VENUSPIPES,EQ,109789,77690,70.76
20,2560,VENUSREM,EQ,24911,12574,50.48
20,2561,VERANDA,EQ,350023,248388,70.96
20,2562,VERITAAS,SM,2400,2400,100.00
20,2563,VERTEXPLUS,SM,600,600,100.00
20,2564,VESUVIUS,EQ,91529,21802,23.82
20,2565,VETO,EQ,54724,33382,61.00
20,2566,VGUARD,EQ,404486,200751,49.63
20,2567,VHL,EQ,3524,2541,72.11
20,2568,VIAZ,SM,4000,4000,100.00
20,2569,VIDHIING,EQ,9746,6529,66.99
20,2570,VIESL,SM,40000,32000,80.00
20,2571,VIJAYA,EQ,3984843,202355,5.08
20,2572,VIKASECO,EQ,4824177,2289165,47.45
20,2573,VIKASLIFE,EQ,3894948,2366217,60.75
20,2574,VILAS,SM,37500,30500,81.33
20,2575,VIMTALABS,EQ,135064,50313,37.25
20,2576,VINATIORGA,EQ,63798,35779,56.08
20,2577,VINCOFE,EQ,367654,207343,56.40
20,2578,VINDHYATEL,EQ,23141,17717,76.56
20,2579,VINEETLAB,EQ,9158,5197,56.75
20,2580,VINSYS,SM,4000,3500,87.50
20,2581,VINYAS,SM,2200,2200,100.00
20,2582,VINYLINDIA,EQ,23182,17270,74.50
20,2583,VIPCLOTHNG,EQ,87750,51513,58.70
20,2584,VIPIND,EQ,522076,352829,67.58
20,2585,VIRINCHI,EQ,277787,187616,67.54
20,2586,VISAKAIND,EQ,507921,117140,23.06
20,2587,VISAMAN,SM,210000,210000,100.00
20,2588,VISHNU,EQ,177191,110839,62.55
20,2589,VISHNUINFR,SM,12000,10000,83.33
20,2590,VISHWARAJ,EQ,518952,274058,52.81
20,2591,VISHWAS,SM,12800,11200,87.50
20,2592,VITAL,SM,6000,6000,100.00
20,2593,VIVIANA,ST,3875,3625,93.55
20,2594,VIVIDHA,EQ,228376,187187,81.96
20,2595,VLINFRA,ST,45000,43500,96.67
20,2596,VLSFINANCE,EQ,39223,20887,53.25
20,2597,VMARCIND,ST,28750,27250,94.78
20,2598,VMART,EQ,8699,4509,51.83
20,2599,VMM,EQ,12412899,6168855,49.70
20,2600,VOLERCAR,ST,56000,56000,100.00
20,2601,VOLTAMP,EQ,44412,19349,43.57
20,2602,VOLTAS,EQ,2636482,1143110,43.36
20,2603,VPRPL,EQ,378869,137758,36.36
20,2604,VRAJ,EQ,20097,10283,51.17
20,2605,VRLLOG,EQ,115520,56456,48.87
20,2606,VSCL,ST,9000,9000,100.00
20,2607,VSSL,EQ,26377,17021,64.53
20,2608,VSTIND,EQ,343554,181913,52.95
20,2609,VSTL,EQ,18523,15863,85.64
20,2610,VSTTILLERS,EQ,5334,2695,50.52
20,2611,VTL,EQ,148504,86698,58.38
20,2612,WAAREEENER,EQ,763160,195201,25.58
20,2613,WABAG,EQ,297792,110782,37.20
20,2614,WALCHANNAG,EQ,279066,146740,52.58
20,2615,WALPAR,SM,4000,4000,100.00
20,2616,WANBURY,EQ,176781,113111,63.98
20,2617,WCIL,EQ,132702,81103,61.12
20,2618,WEIZMANIND,EQ,780,483,61.92
20,2619,WEL,EQ,116105,38726,33.35
20,2620,WELCORP,EQ,358408,197118,55.00
20,2621,WELENT,EQ,408056,291771,71.50
20,2622,WELINV,EQ,376,213,56.65
20,2623,WELSPUNLIV,EQ,1553742,708715,45.61
20,2624,WENDT,EQ,272,180,66.18
20,2625,WESTLIFE,EQ,42981,20632,48.00
20,2626,WEWIN,EQ,25987,14160,54.49
20,2627,WHEELS,EQ,10606,8057,75.97
20,2628,WHIRLPOOL,EQ,177750,105724,59.48
20,2629,WILLAMAGOR,EQ,8655,3476,40.16
20,2630,WINDLAS,EQ,50573,20683,40.90
20,2631,WINDMACHIN,EQ,84222,47524,56.43
20,2632,WINSOL,SM,14400,10400,72.22
20,2633,WIPRO,EQ,15555649,9099573,58.50
20,2634,WOCKPHARMA,EQ,382252,215317,56.33
20,2635,WOL3D,SM,16000,15000,93.75
20,2636,WOMANCART,ST,3200,3200,100.00
20,2637,WONDERLA,EQ,55304,34008,61.49
20,2638,WORTH,EQ,14644,10741,73.35
20,2639,WSTCSTPAPR,EQ,182990,113391,61.97
20,2640,WTICAB,ST,10500,10500,100.00
20,2641,XCHANGING,EQ,139182,79444,57.08
20,2642,XELPMOC,EQ,11547,6020,52.13
20,2643,XPROINDIA,EQ,36135,22825,63.17
20,2644,XTGLOBAL,EQ,11034,5888,53.36
20,2645,YASHO,EQ,11424,5578,48.83
20,2646,YASHOPTICS,SM,9600,9600,100.00
20,2647,YATHARTH,EQ,281383,146524,52.07
20,2648,YATRA,EQ,217282,122774,56.50
20,2649,YCCL,SM,3000,3000,100.00
20,2650,YESBANK,EQ,63136819,28839726,45.68
20,2651,YUDIZ,SM,3200,3200,100.00
20,2652,YUKEN,EQ,24024,20766,86.44
20,2653,ZAGGLE,EQ,520322,301916,58.02
20,2654,ZEAL,SM,13200,9600,72.73
20,2655,ZEEL,EQ,7941905,3883038,48.89
20,2656,ZEELEARN,EQ,560483,353105,63.00
20,2657,ZEEMEDIA,EQ,2328914,1573712,67.57
20,2658,ZENITHDRUG,ST,26400,24800,93.94
20,2659,ZENITHSTL,EQ,190009,109923,57.85
20,2660,ZENSARTECH,EQ,1115715,364792,32.70
20,2661,ZENTEC,EQ,676419,306980,45.38
20,2662,ZFCVINDIA,EQ,8496,4504,53.01
20,2663,ZIMLAB,EQ,32295,18883,58.47
20,2664,ZODIAC,EQ,21754,8536,39.24
20,2665,ZODIACLOTH,EQ,4024,1920,47.71
20,2666,ZOMATO,EQ,33845022,18183301,53.73
20,2667,ZOTA,EQ,30565,15368,50.28
20,2668,ZTECH,ST,15900,15900,100.00
20,2669,ZUARI,EQ,101849,63396,62.25
20,2670,ZUARIIND,EQ,43226,27763,64.23
20,2671,ZYDUSLIFE,EQ,1460237,806186,55.21
20,2672,ZYDUSWELL,EQ,21189,10238,48.32
