Security Wise Delivery Position - Compulsory Rolling Settlement
10,MTO,05022025,1160832713,0002649
Trade Date <05-FEB-2025>,Settlement Type <N>
Record Type,Sr No,Name of Security,Quantity Traded,Deliverable Quantity(gross across client level),% of Deliverable Quantity to Traded Quantity
20,1,0MOFSL26,N1,1050,840,80.00
20,2,0MOFSL27,N3,50,50,100.00
20,3,0SCL27,YW,1,1,100.00
20,4,1003IIFL29,NC,20,20,100.00
20,5,1003ISFL28,N4,287,287,100.00
20,6,1015ECL29,NR,588,513,87.24
20,7,1018GS2026,GS,998,996,99.80
20,8,1025SCL34A,ZT,18,18,100.00
20,9,1035UCL26,NA,22,20,90.91
20,10,1040UCL25,N4,56,56,100.00
20,11,1040UCL27B,N1,101,101,100.00
20,12,1050NFL26,N7,109,109,100.00
20,13,1050UCL25,N7,1,1,100.00
20,14,105IIFL29,N7,114,114,100.00
20,15,1060ECL29,NS,110,110,100.00
20,16,1065NFL27,NC,162,162,100.00
20,17,1075NFL25,N6,102,102,100.00
20,18,10IIFL28,N4,476,471,98.95
20,19,10IIFL28A,NE,52,52,100.00
20,20,10IIFL29,N6,13,13,100.00
20,21,10ISFL26,N3,213,213,100.00
20,22,10NFL25,N9,111,109,98.20
20,23,10NIDO26,N6,1,1,100.00
20,24,182D080525,TB,200,200,100.00
20,25,182D170725,TB,900,900,100.00
20,26,182D230525,TB,100,100,100.00
20,27,182D240725,TB,100,100,100.00
20,28,182D270625,TB,100,100,100.00
20,29,20MICRONS,EQ,84507,49731,58.85
20,30,360ONE,EQ,1092624,662493,60.63
20,31,364D040925,TB,800,800,100.00
20,32,364D111225,TB,100,100,100.00
20,33,364D130325,TB,7000,7000,100.00
20,34,364D131125,TB,100,100,100.00
20,35,364D150126,TB,1100,1000,90.91
20,36,364D161025,TB,100,100,100.00
20,37,364D200225,TB,4000,4000,100.00
20,38,364D261225,TB,100,100,100.00
20,39,3IINFOLTD,EQ,3376401,975267,28.88
20,40,3MINDIA,EQ,7570,4470,59.05
20,41,577GS2030,GS,100,100,100.00
20,42,585GS2030,GS,200,100,50.00
20,43,5PAISA,EQ,33619,11314,33.65
20,44,622GS2035,GS,102,100,98.04
20,45,63MOONS,EQ,286538,118989,41.53
20,46,654GS2032,GS,10798,10798,100.00
20,47,667GS2035,GS,95,95,100.00
20,48,667GS2050,GS,14,14,100.00
20,49,675GS2029,GS,100,100,100.00
20,50,676GS2061,GS,93,92,98.92
20,51,679GS2031,GS,99,99,100.00
20,52,679GS2034,GS,100,100,100.00
20,53,679GS2034A,GS,290,290,100.00
20,54,695GS2061,GS,229,229,100.00
20,55,698GR2054,GS,101,101,100.00
20,56,699GS2026,GS,267,267,100.00
20,57,699GS2051,GS,15525,15523,99.99
20,58,702GS2027,GS,251,251,100.00
20,59,702GS2031,GS,300,300,100.00
20,60,704GS2029,GS,1000,1000,100.00
20,61,706GS2028,GS,31000,31000,100.00
20,62,709GS2054,GS,89698,89698,100.00
20,63,709GS2074,GS,213,212,99.53
20,64,710GS2029,GS,8700,8700,100.00
20,65,717GS2030,GS,10,10,100.00
20,66,718GS2037,GS,43870,29370,66.95
20,67,719GS2060,GS,100,100,100.00
20,68,71GS2034,GS,1300,1000,76.92
20,69,725GS2063,GS,85077,85077,100.00
20,70,726GS2032,GS,5000,5000,100.00
20,71,726GS2033,GS,19353,19353,100.00
20,72,727GS2026,GS,4,3,75.00
20,73,729IRFC26,NN,50,50,100.00
20,74,732GS2030,GS,608,600,98.68
20,75,732IRFC25,NI,158,158,100.00
20,76,733GS2026,GS,744,744,100.00
20,77,734GS2064,GS,1373,1273,92.72
20,78,736GS2052,GS,20750,18400,88.67
20,79,737GS2028,GS,701,701,100.00
20,80,738GS2027,GS,59054,59053,100.00
20,81,738REC27TF,N2,801,600,74.91
20,82,739NHAI26,N8,490,490,100.00
20,83,73GS2053,GS,550,550,100.00
20,84,741GS2036,GS,1,1,100.00
20,85,746GS2073,GS,95,95,100.00
20,86,74GS2062,GS,105,100,95.24
20,87,751HUDCO28,N5,602,602,100.00
20,88,753IRFC30,NJ,2732,2732,100.00
20,89,754GS2036,GS,263451,248331,94.26
20,90,760PFCL35,N3,748,748,100.00
20,91,762NTPC35F,ND,153,153,100.00
20,92,764HUDCO31,N8,40,40,100.00
20,93,764IRFC31,NO,1112,1072,96.40
20,94,764NABAR31,N2,502,500,99.60
20,95,769HUDCO31,N9,261,261,100.00
20,96,769NHAI31,NE,3064,3055,99.71
20,97,76NHAI31,NA,660,645,97.73
20,98,772GS2025,GS,1441,1425,98.89
20,99,772GS2049,GS,50,50,100.00
20,100,774IREDA31,N7,1124,1124,100.00
20,101,797IGT31,NL,10,10,100.00
20,102,79NHIT35,N1,1540,1540,100.00
20,103,79NHIT40,N2,14,14,100.00
20,104,79NHIT47,N3,1050,1050,100.00
20,105,820IIFL27,N9,200,200,100.00
20,106,824GS2027,GS,401,401,100.00
20,107,82HUDCO27,N2,1726,1361,78.85
20,108,830CIFC26,N2,360,200,55.56
20,109,830NHAI27,N2,1401,1149,82.01
20,110,835IFL25,NV,129,129,100.00
20,111,842IIFL26,NL,1571,1571,100.00
20,112,843IHFL29,NC,1310,1010,77.10
20,113,849NTPC25,N7,14561,14561,100.00
20,114,84TCHF28,NA,30,30,100.00
20,115,862REC33,NA,15,15,100.00
20,116,865IIFL28,NS,549,549,100.00
20,117,865IRFC29,NA,714,714,100.00
20,118,865LTF26,NN,1494,1079,72.22
20,119,865TCAPS27,N8,200,9,4.50
20,120,866IIFC34B,N3,1000,1000,100.00
20,121,866NTPC33,N3,100,100,100.00
20,122,86GS2028,GS,500,500,100.00
20,123,871REC28,N9,594,589,99.16
20,124,872MMFSL26,N1,500,500,100.00
20,125,873NTPC28,N5,50,50,100.00
20,126,875IHFL29,ND,5,5,100.00
20,127,875IIFL26,NM,88,83,94.32
20,128,875NHAI29,N6,167,167,100.00
20,129,876HUDCO28,ND,110,110,100.00
20,130,879SCL26,NC,243,135,55.56
20,131,885IHL26,N1,10,10,100.00
20,132,885MOFSL26,N0,100,100,100.00
20,133,889SCFL27,YC,9,9,100.00
20,134,890NHB34,N7,159,155,97.48
20,135,891NTPC33,N6,2521,685,27.17
20,136,892NHPC33,N6,5,5,100.00
20,137,892PFCL33,N8,1800,880,48.89
20,138,897GS2030,GS,4662,4160,89.23
20,139,897MOFSL29,N4,50,50,100.00
20,140,898LTF29,N7,50,50,100.00
20,141,89IHFL29,N1,55,55,100.00
20,142,901HUDCO34,NE,520,500,96.15
20,143,901NHB34,N6,313,183,58.47
20,144,903SFL28,YI,350,350,100.00
20,145,905SC24B,Z9,10,10,100.00
20,146,910TCAP28,NA,135,100,74.07
20,147,915SCL26,NE,100,100,100.00
20,148,91D060325,TB,200,200,100.00
20,149,921ISFL25,N0,136,136,100.00
20,150,925AEL26,N1,2,1,50.00
20,151,925ERFL28,N6,379,379,100.00
20,152,925IHFL25D,N6,10,10,100.00
20,153,925SCL25B,Y3,45,45,100.00
20,154,925SCL25C,AR,50,50,100.00
20,155,925SCL26W,N1,10,10,100.00
20,156,925SCL27,YR,4,4,100.00
20,157,925SCL28C,BS,15,13,86.67
20,158,92GS2030,GS,441,439,99.55
20,159,92SFIL28,ND,411,411,100.00
20,160,935LTF29,N5,189,189,100.00
20,161,935MOFSL29,N5,10,10,100.00
20,162,935TSI30,N0,3,3,100.00
20,163,935TSI34,N0,10,10,100.00
20,164,935TSIIC28,N0,10,10,100.00
20,165,935TSIIC33,N0,3,3,100.00
20,166,93MOFSL34,N6,2,2,100.00
20,167,943ECL28,NJ,166,157,94.58
20,168,945IFSL25,N4,12,12,100.00
20,169,955SCL25,ZU,300,300,100.00
20,170,955SCL27A,ZJ,10,10,100.00
20,171,956AEL29,N6,92,44,47.83
20,172,957ICCL25,YW,10,10,100.00
20,173,957ISFL26,N2,60,60,100.00
20,174,965IHFL25D,N7,100,100,100.00
20,175,96IIFL28,N5,677,677,100.00
20,176,96IIFL28A,NF,1161,1061,91.39
20,177,970CAGL28,ND,599,599,100.00
20,178,971SCL28,AN,4,4,100.00
20,179,97MOFSL34,N7,729,679,93.14
20,180,985ECL28,NK,25,25,100.00
20,181,985IIFL22,NC,2,1,50.00
20,182,990SCL27,YT,4,4,100.00
20,183,99AEL29,N7,1,1,100.00
20,184,9ICCL23A,N0,54,54,100.00
20,185,9IIFL28,Y0,50,50,100.00
20,186,9IIFL28A,NT,46,46,100.00
20,187,9MMFSML,N2,183,153,83.61
20,188,9SCL26BA,NA,427,427,100.00
20,189,AAATECH,EQ,15899,9705,61.04
20,190,AADHARHFC,EQ,182412,94499,51.81
20,191,AAKASH,EQ,162184,132326,81.59
20,192,AAREYDRUGS,EQ,9650,4948,51.27
20,193,AARON,EQ,6069,1923,31.69
20,194,AARTIDRUGS,EQ,81098,36783,45.36
20,195,AARTIIND,EQ,1555472,450899,28.99
20,196,AARTIPHARM,EQ,315596,148769,47.14
20,197,AARTISURF,EQ,6820,3618,53.05
20,198,AARVI,EQ,7118,5388,75.70
20,199,AATMAJ,SM,18000,12000,66.67
20,200,AAVAS,EQ,80241,43968,54.79
20,201,ABAN,EQ,104224,72075,69.15
20,202,ABB,EQ,699315,278475,39.82
20,203,ABBOTINDIA,EQ,48840,11274,23.08
20,204,ABCAPITAL,EQ,4448345,1957535,44.01
20,205,ABCOTS,ST,23500,15500,65.96
20,206,ABDL,EQ,531942,236627,44.48
20,207,ABFRL,EQ,1271639,418927,32.94
20,208,ABGSEC,EQ,1994,1993,99.95
20,209,ABHAPOWER,ST,30400,27200,89.47
20,210,ABINFRA,EQ,170122,5824,3.42
20,211,ABREL,EQ,186975,69461,37.15
20,212,ABSLAMC,EQ,780157,635708,81.48
20,213,ABSLBANETF,EQ,483473,478319,98.93
20,214,ABSLLIQUID,EQ,267,150,56.18
20,215,ABSLNN50ET,EQ,14343,10748,74.94
20,216,ABSLPSE,EQ,305162,189529,62.11
20,217,ABSMARINE,ST,33000,29500,89.39
20,218,ACC,EQ,258940,111464,43.05
20,219,ACCELYA,EQ,7938,5122,64.53
20,220,ACCENTMIC,SM,6000,3500,58.33
20,221,ACCURACY,EQ,116773,83309,71.34
20,222,ACE,EQ,213139,106989,50.20
20,223,ACEINTEG,EQ,1061,355,33.46
20,224,ACI,EQ,195089,91366,46.83
20,225,ACL,EQ,18499,11211,60.60
20,226,ACLGATI,EQ,196219,97064,49.47
20,227,ACMESOLAR,EQ,2970097,956604,32.21
20,228,ADANIENSOL,EQ,1664111,584947,35.15
20,229,ADANIENT,EQ,560940,173805,30.98
20,230,ADANIGREEN,EQ,2434579,643762,26.44
20,231,ADANIPORTS,EQ,2979646,1195313,40.12
20,232,ADANIPOWER,EQ,3579029,1210031,33.81
20,233,ADFFOODS,EQ,69956,36570,52.28
20,234,ADL,EQ,3640,2684,73.74
20,235,ADORWELD,EQ,11608,8299,71.49
20,236,ADSL,EQ,935144,370041,39.57
20,237,ADVANIHOTR,EQ,45203,27917,61.76
20,238,ADVENZYMES,EQ,91677,57933,63.19
20,239,AEGISLOG,EQ,7751787,284087,3.66
20,240,AEROFLEX,EQ,5415593,1269030,23.43
20,241,AERON,SM,33000,27000,81.82
20,242,AESTHETIK,SM,140000,92000,65.71
20,243,AETHER,EQ,22891,11506,50.26
20,244,AFCONS,EQ,7191900,3826229,53.20
20,245,AFFLE,EQ,1238095,313480,25.32
20,246,AFFORDABLE,EQ,5528,3253,58.85
20,247,AFIL,EQ,120305,70154,58.31
20,248,AGARIND,EQ,17184,10209,59.41
20,249,AGARWALEYE,EQ,2348481,937067,39.90
20,250,AGARWALFT,SM,9000,6000,66.67
20,251,AGARWALTUF,SM,12000,6000,50.00
20,252,AGI,EQ,120263,68612,57.05
20,253,AGIIL,EQ,21064,14282,67.80
20,254,AGNI,SM,32500,20000,61.54
20,255,AGRITECH,EQ,9209,4441,48.22
20,256,AGROPHOS,EQ,69013,32775,47.49
20,257,AGUL,SM,4000,2000,50.00
20,258,AHIMSA,ST,3000,3000,100.00
20,259,AHLADA,EQ,13287,9571,72.03
20,260,AHLEAST,EQ,8962,5663,63.19
20,261,AHLUCONT,EQ,68625,40639,59.22
20,262,AIAENG,EQ,26663,14693,55.11
20,263,AIIL,EQ,27193,9831,36.15
20,264,AIMTRON,SM,17600,14800,84.09
20,265,AIRAN,EQ,100600,52615,52.30
20,266,AIROLAM,EQ,22066,18783,85.12
20,267,AIRTELPP,E1,203580,131603,64.64
20,268,AISL,SM,6000,5400,90.00
20,269,AJANTPHARM,EQ,112796,52420,46.47
20,270,AJMERA,EQ,93135,36602,39.30
20,271,AJOONI,EQ,295143,131055,44.40
20,272,AKANKSHA,ST,17000,17000,100.00
20,273,AKASH,EQ,5330,2796,52.46
20,274,AKG,EQ,9000,5195,57.72
20,275,AKIKO,SM,1600,1600,100.00
20,276,AKSHARCHEM,EQ,5076,2270,44.72
20,277,AKUMS,EQ,106490,68668,64.48
20,278,AKZOINDIA,EQ,5950,2486,41.78
20,279,ALANKIT,EQ,363082,148863,41.00
20,280,ALBERTDAVD,EQ,2493,1827,73.29
20,281,ALEMBICLTD,EQ,394036,193690,49.16
20,282,ALICON,EQ,3774,2049,54.29
20,283,ALIVUS,EQ,84655,47316,55.89
20,284,ALKALI,EQ,13392,9534,71.19
20,285,ALKEM,EQ,82446,38384,46.56
20,286,ALKYLAMINE,EQ,39611,13799,34.84
20,287,ALLCARGO,EQ,2165926,1271159,58.69
20,288,ALLDIGI,EQ,7309,4603,62.98
20,289,ALLETEC,ST,12400,11200,90.32
20,290,ALOKINDS,EQ,3498244,1305438,37.32
20,291,ALPA,EQ,21513,13108,60.93
20,292,ALPEXSOLAR,SM,28400,19000,66.90
20,293,ALPHA,EQ,1215989,881494,72.49
20,294,ALPHAETF,EQ,712711,418109,58.66
20,295,ALPHAGEO,EQ,7174,4344,60.55
20,296,ALPL30IETF,EQ,935895,842554,90.03
20,297,ALUWIND,SM,22500,19500,86.67
20,298,AMBER,EQ,1631936,213414,13.08
20,299,AMBEY,SM,10000,6000,60.00
20,300,AMBICAAGAR,EQ,95674,60476,63.21
20,301,AMBIKCO,EQ,6712,3283,48.91
20,302,AMBUJACEM,EQ,1748997,644001,36.82
20,303,AMDIND,EQ,21055,15982,75.91
20,304,AMEYA,SM,8000,8000,100.00
20,305,AMIORG,EQ,243287,132614,54.51
20,306,AMJLAND,EQ,78198,25829,33.03
20,307,AMNPLST,EQ,58299,19741,33.86
20,308,AMRUTANJAN,EQ,10013,6560,65.51
20,309,ANANDRATHI,EQ,83553,46814,56.03
20,310,ANANTRAJ,EQ,1915624,961549,50.20
20,311,ANDHRAPAP,EQ,69374,40368,58.19
20,312,ANDHRSUGAR,EQ,124986,58054,46.45
20,313,ANGELONE,EQ,2741969,400292,14.60
20,314,ANIKINDS,EQ,2837,2220,78.25
20,315,ANLON,SM,2000,1600,80.00
20,316,ANMOL,EQ,25652,15227,59.36
20,317,ANNAPURNA,SM,113500,74000,65.20
20,318,ANTGRAPHIC,EQ,303199,190123,62.71
20,319,ANUHPHR,EQ,18057,10879,60.25
20,320,ANUP,EQ,20525,10212,49.75
20,321,ANURAS,EQ,64309,21699,33.74
20,322,ANYA,SM,620000,430000,69.35
20,323,APARINDS,EQ,59398,26989,45.44
20,324,APCL,EQ,28426,18253,64.21
20,325,APCOTEXIND,EQ,59455,20690,34.80
20,326,APEX,EQ,93106,27244,29.26
20,327,APEXECO,SM,25600,22400,87.50
20,328,APLAPOLLO,EQ,410540,251167,61.18
20,329,APLLTD,EQ,225131,150545,66.87
20,330,APOLLO,EQ,7692001,2579692,33.54
20,331,APOLLOHOSP,EQ,389639,216718,55.62
20,332,APOLLOPIPE,EQ,41389,17092,41.30
20,333,APOLLOTYRE,EQ,928738,363774,39.17
20,334,APOLSINHOT,EQ,1101,701,63.67
20,335,APS,SM,52250,30250,57.89
20,336,APTECHT,EQ,78929,34721,43.99
20,337,APTUS,EQ,458823,308298,67.19
20,338,ARABIAN,SM,6000,6000,100.00
20,339,ARCHIDPLY,EQ,10757,8245,76.65
20,340,ARCHIES,EQ,32921,25175,76.47
20,341,ARE&M,EQ,642839,247699,38.53
20,342,ARHAM,SM,5000,4000,80.00
20,343,ARIHANTACA,ST,800,800,100.00
20,344,ARIHANTCAP,EQ,211974,87694,41.37
20,345,ARIHANTSUP,EQ,81073,43858,54.10
20,346,ARKADE,EQ,787354,266308,33.82
20,347,ARMANFIN,EQ,28123,13187,46.89
20,348,AROGRANITE,EQ,6837,5289,77.36
20,349,ARROWGREEN,EQ,26210,14199,54.17
20,350,ARTEMISMED,EQ,590676,275467,46.64
20,351,ARVEE,EQ,767,331,43.16
20,352,ARVIND,EQ,741701,334762,45.13
20,353,ARVINDFASN,EQ,926723,201074,21.70
20,354,ARVINDPORT,ST,3000,3000,100.00
20,355,ARVSMART,EQ,91997,48722,52.96
20,356,ASAHIINDIA,EQ,37010,15788,42.66
20,357,ASAHISONG,EQ,9019,6459,71.62
20,358,ASAL,EQ,13857,7512,54.21
20,359,ASALCBR,EQ,70444,40567,57.59
20,360,ASHALOG,ST,20000,19000,95.00
20,361,ASHAPURMIN,EQ,847775,415067,48.96
20,362,ASHIANA,EQ,53991,20447,37.87
20,363,ASHIMASYN,EQ,215254,140090,65.08
20,364,ASHOKA,EQ,1613403,511026,31.67
20,365,ASHOKAMET,EQ,20565,13049,63.45
20,366,ASHOKLEY,EQ,2491345,1096093,44.00
20,367,ASIANENE,EQ,62400,29693,47.58
20,368,ASIANPAINT,EQ,3474657,1136321,32.70
20,369,ASIANTILES,EQ,173732,94773,54.55
20,370,ASKAUTOLTD,EQ,68199,38061,55.81
20,371,ASLIND,SM,6000,4000,66.67
20,372,ASMS,EQ,1486787,1291090,86.84
20,373,ASPINWALL,EQ,42418,31678,74.68
20,374,ASPIRE,ST,6000,4000,66.67
20,375,ASTEC,EQ,17303,7921,45.78
20,376,ASTERDM,EQ,400146,222766,55.67
20,377,ASTRAL,EQ,1412685,1093760,77.42
20,378,ASTRAMICRO,EQ,93075,45249,48.62
20,379,ASTRAZEN,EQ,6822,2140,31.37
20,380,ASTRON,EQ,31563,22342,70.79
20,381,ATAM,EQ,21600,13053,60.43
20,382,ATFL,EQ,22186,16244,73.22
20,383,ATGL,EQ,522792,152400,29.15
20,384,ATL,EQ,2441895,2080345,85.19
20,385,ATMASTCO,ST,12800,12800,100.00
20,386,ATUL,EQ,56839,27682,48.70
20,387,ATULAUTO,EQ,31540,12998,41.21
20,388,AUBANK,EQ,1869312,1069030,57.19
20,389,AURDIS,ST,6250,6250,100.00
20,390,AURIONPRO,EQ,21635,12280,56.76
20,391,AUROIMPEX,SM,1600,1600,100.00
20,392,AUROPHARMA,EQ,1184630,618406,52.20
20,393,AURUM,EQ,32235,18217,56.51
20,394,AURUMPP1,E1,685,678,98.98
20,395,AUSL,SM,4000,2000,50.00
20,396,AUTOAXLES,EQ,4411,2505,56.79
20,397,AUTOBEES,EQ,134195,68647,51.15
20,398,AUTOIETF,EQ,243104,114835,47.24
20,399,AUTOIND,EQ,54092,33248,61.47
20,400,AVADHSUGAR,EQ,32827,13258,40.39
20,401,AVALON,EQ,874642,223779,25.59
20,402,AVANTEL,EQ,218194,108525,49.74
20,403,AVANTIFEED,EQ,334664,102234,30.55
20,404,AVIANSH,ST,50000,46000,92.00
20,405,AVL,EQ,101332,54371,53.66
20,406,AVPINFRA,ST,9600,9600,100.00
20,407,AVTNPL,EQ,18919,12671,66.97
20,408,AWFIS,EQ,236131,125145,53.00
20,409,AWHCL,EQ,155406,47027,30.26
20,410,AWL,EQ,1804801,962572,53.33
20,411,AXISBANK,EQ,7858373,5390290,68.59
20,412,AXISBNKETF,EQ,262,174,66.41
20,413,AXISBPSETF,EQ,22060,18513,83.92
20,414,AXISCETF,EQ,6003,4572,76.16
20,415,AXISGOLD,EQ,408995,337039,82.41
20,416,AXISHCETF,EQ,2233,1635,73.22
20,417,AXISILVER,EQ,77006,69006,89.61
20,418,AXISNIFTY,EQ,3408,2218,65.08
20,419,AXISTECETF,EQ,51756,50940,98.42
20,420,AXITA,EQ,2661879,835003,31.37
20,421,AXSENSEX,EQ,1405,1395,99.29
20,422,AYMSYNTEX,EQ,17636,9850,55.85
20,423,AZAD,EQ,238483,86236,36.16
20,424,BABAFP,SM,3200,3200,100.00
20,425,BAHETI,SM,15375,12750,82.93
20,426,BAIDFIN,EQ,319035,178761,56.03
20,427,BAJAJ-AUTO,EQ,329075,213935,65.01
20,428,BAJAJCON,EQ,205597,115943,56.39
20,429,BAJAJELEC,EQ,48863,15592,31.91
20,430,BAJAJFINSV,EQ,1286850,494155,38.40
20,431,BAJAJHCARE,EQ,643984,179916,27.94
20,432,BAJAJHFL,EQ,9907972,5562930,56.15
20,433,BAJAJHIND,EQ,3747607,1516255,40.46
20,434,BAJAJHLDNG,EQ,101219,65831,65.04
20,435,BAJEL,EQ,198708,75548,38.02
20,436,BAJFINANCE,EQ,1867493,1298037,69.51
20,437,BALAJEE,EQ,58711,28833,49.11
20,438,BALAMINES,EQ,30923,13083,42.31
20,439,BALAXI,EQ,16958,8755,51.63
20,440,BALCO,ST,1200,1200,100.00
20,441,BALKRISHNA,EQ,15017,7384,49.17
20,442,BALKRISIND,EQ,179435,61948,34.52
20,443,BALMLAWRIE,EQ,136319,64477,47.30
20,444,BALPHARMA,EQ,6848,3248,47.43
20,445,BALRAMCHIN,EQ,510257,219497,43.02
20,446,BALUFORGE,EQ,825899,183610,22.23
20,447,BANARISUG,EQ,248,160,64.52
20,448,BANCOINDIA,EQ,130135,70478,54.16
20,449,BANDHANBNK,EQ,9304369,4331270,46.55
20,450,BANKA,EQ,11620,4645,39.97
20,451,BANKBARODA,EQ,15759413,7434881,47.18
20,452,BANKBEES,EQ,686629,319462,46.53
20,453,BANKBETF,EQ,5039,4951,98.25
20,454,BANKETF,EQ,3954,3345,84.60
20,455,BANKETFADD,EQ,2673,2655,99.33
20,456,BANKIETF,EQ,5828441,5419507,92.98
20,457,BANKINDIA,EQ,10574281,4442584,42.01
20,458,BANKNIFTY1,EQ,67114,53247,79.34
20,459,BANKPSU,EQ,3792,2377,62.68
20,460,BANSALWIRE,EQ,44708,22044,49.31
20,461,BANSWRAS,EQ,27614,15748,57.03
20,462,BARBEQUE,EQ,240633,155639,64.68
20,463,BARFLEX,SM,70000,50000,71.43
20,464,BASF,EQ,85940,28709,33.41
20,465,BASILIC,ST,31200,29400,94.23
20,466,BASML,EQ,181070,123433,68.17
20,467,BATAINDIA,EQ,84644,23819,28.14
20,468,BAWEJA,SM,12800,12000,93.75
20,469,BAYERCROP,EQ,8257,4921,59.60
20,470,BBETF0432,EQ,1346,1346,100.00
20,471,BBL,EQ,343062,121948,35.55
20,472,BBNPNBETF,EQ,2315,2299,99.31
20,473,BBNPPGOLD,EQ,8214,7300,88.87
20,474,BBOX,EQ,123038,74203,60.31
20,475,BBTC,EQ,64576,11639,18.02
20,476,BBTCL,EQ,1873,482,25.73
20,477,BCLIND,EQ,436986,226176,51.76
20,478,BCONCEPTS,EQ,10118,4228,41.79
20,479,BDL,EQ,667081,201425,30.19
20,480,BEACON,SM,20000,18000,90.00
20,481,BEARDSELL,EQ,21819,11953,54.78
20,482,BECTORFOOD,EQ,397182,242827,61.14
20,483,BEDMUTHA,EQ,4755,3067,64.50
20,484,BEL,EQ,18818511,9074100,48.22
20,485,BEML,EQ,403197,141362,35.06
20,486,BEPL,EQ,389274,185063,47.54
20,487,BERGEPAINT,EQ,1715973,754306,43.96
20,488,BESTAGRO,EQ,34520,19202,55.63
20,489,BETA,SM,6400,4600,71.88
20,490,BEWLTD,ST,10500,10000,95.24
20,491,BFINVEST,EQ,33097,14712,44.45
20,492,BFSI,EQ,294504,269516,91.52
20,493,BFUTILITIE,EQ,28695,21882,76.26
20,494,BHAGCHEM,EQ,75732,46376,61.24
20,495,BHAGERIA,EQ,64479,32277,50.06
20,496,BHAGYANGR,EQ,28032,16091,57.40
20,497,BHANDARI,EQ,259410,146834,56.60
20,498,BHARATFORG,EQ,2461419,1743262,70.82
20,499,BHARATGEAR,EQ,9306,5838,62.73
20,500,BHARATRAS,EQ,2394,1973,82.41
20,501,BHARATWIRE,EQ,107432,57138,53.19
20,502,BHARTIARTL,EQ,3920893,2777559,70.84
20,503,BHARTIHEXA,EQ,367726,253500,68.94
20,504,BHEL,EQ,13834798,5100818,36.87
20,505,BIGBLOC,EQ,139873,69438,49.64
20,506,BIKAJI,EQ,164579,59951,36.43
20,507,BIKEWO,SM,18000,10000,55.56
20,508,BINANIIND,EQ,8700,6801,78.17
20,509,BIOCON,EQ,7674111,2772846,36.13
20,510,BIOFILCHEM,EQ,9038,5243,58.01
20,511,BIRET,RR,80600,62188,77.16
20,512,BIRLACABLE,EQ,14654,7999,54.59
20,513,BIRLACORPN,EQ,207972,79485,38.22
20,514,BLACKBUCK,EQ,146566,108172,73.80
20,515,BLAL,EQ,1228021,163144,13.29
20,516,BLBLIMITED,EQ,59374,20256,34.12
20,517,BLISSGVS,EQ,6657238,855910,12.86
20,518,BLKASHYAP,EQ,566890,420690,74.21
20,519,BLS,EQ,2275807,342501,15.05
20,520,BLSE,EQ,122284,60230,49.25
20,521,BLUEDART,EQ,6861,2652,38.65
20,522,BLUEJET,EQ,724142,487023,67.26
20,523,BLUEPEBBLE,SM,400,400,100.00
20,524,BLUESTARCO,EQ,598088,369961,61.86
20,525,BMETRICS,SM,4800,4800,100.00
20,526,BODALCHEM,EQ,104561,60149,57.53
20,527,BOMDYEING,EQ,685208,265736,38.78
20,528,BOROLTD,EQ,46314,28854,62.30
20,529,BOROSCI,EQ,56820,28266,49.75
20,530,BOSCHLTD,EQ,14484,7454,51.46
20,531,BOSS,ST,2000,2000,100.00
20,532,BPCL,EQ,10088345,2831540,28.07
20,533,BPL,EQ,103168,42603,41.29
20,534,BRACEPORT,ST,11200,11200,100.00
20,535,BRIGADE,EQ,225116,120399,53.48
20,536,BRITANNIA,EQ,384948,196886,51.15
20,537,BRNL,EQ,55249,29238,52.92
20,538,BSE,EQ,2074466,532075,25.65
20,539,BSE500IETF,EQ,212834,136988,64.36
20,540,BSHSL,EQ,46297,19302,41.69
20,541,BSL,EQ,14310,6569,45.90
20,542,BSLGOLDETF,EQ,286804,192935,67.27
20,543,BSLNIFTY,EQ,196978,138463,70.29
20,544,BSLSENETFG,EQ,786,549,69.85
20,545,BSOFT,EQ,1263305,571583,45.25
20,546,BULKCORP,SM,1200,1200,100.00
20,547,BUTTERFLY,EQ,11244,7717,68.63
20,548,BVCL,EQ,15322,9887,64.53
20,549,C2C,SM,8400,8400,100.00
20,550,CADSYS,ST,4500,4500,100.00
20,551,CAMLINFINE,EQ,1238723,491667,39.69
20,552,CAMPUS,EQ,1423763,947242,66.53
20,553,CAMS,EQ,1322982,396849,30.00
20,554,CANARYS,SM,16000,16000,100.00
20,555,CANBK,EQ,28988222,12146031,41.90
20,556,CANFINHOME,EQ,348081,113069,32.48
20,557,CANTABIL,EQ,1192561,390786,32.77
20,558,CAPACITE,EQ,489034,216300,44.23
20,559,CAPINVIT,IV,176904,150205,84.91
20,560,CAPITALSFB,EQ,77669,52530,67.63
20,561,CAPLIPOINT,EQ,156568,47579,30.39
20,562,CAPTRUST,EQ,19182,6827,35.59
20,563,CARBORUNIV,EQ,87105,50369,57.83
20,564,CAREERP,EQ,13386,9903,73.98
20,565,CARERATING,EQ,51575,31723,61.51
20,566,CARRARO,EQ,100375,37540,37.40
20,567,CARTRADE,EQ,190427,91327,47.96
20,568,CARYSIL,EQ,33465,19486,58.23
20,569,CASTROLIND,EQ,18059415,3983203,22.06
20,570,CBAZAAR,SM,8000,8000,100.00
20,571,CCHHL,EQ,35107,20683,58.91
20,572,CCL,EQ,263015,125577,47.75
20,573,CDSL,EQ,5132426,1422060,27.71
20,574,CEATLTD,EQ,72859,24461,33.57
20,575,CEIGALL,EQ,148186,87121,58.79
20,576,CELEBRITY,EQ,95139,52292,54.96
20,577,CELLECOR,SM,837000,441000,52.69
20,578,CELLO,EQ,116852,60351,51.65
20,579,CELLPOINT,SM,19200,16800,87.50
20,580,CENTENKA,EQ,21722,10852,49.96
20,581,CENTEXT,EQ,35665,26060,73.07
20,582,CENTRALBK,EQ,4521921,1348820,29.83
20,583,CENTRUM,EQ,1189561,364691,30.66
20,584,CENTUM,EQ,11932,4883,40.92
20,585,CENTURYPLY,EQ,2252232,1606586,71.33
20,586,CERA,EQ,8249,2364,28.66
20,587,CESC,EQ,4239626,1669357,39.38
20,588,CEWATER,EQ,154418,28829,18.67
20,589,CGCL,EQ,199172,58087,29.16
20,590,CGPOWER,EQ,3310308,1583790,47.84
20,591,CGRAPHICS,SM,40000,24000,60.00
20,592,CHALET,EQ,479832,360290,75.09
20,593,CHAMBLFERT,EQ,1342024,393069,29.29
20,594,CHAVDA,SM,25000,13000,52.00
20,595,CHEMBOND,EQ,30664,26155,85.30
20,596,CHEMCON,EQ,19891,12280,61.74
20,597,CHEMFAB,EQ,4573,3037,66.41
20,598,CHEMPLASTS,EQ,41765,19174,45.91
20,599,CHENNPETRO,EQ,501569,176545,35.20
20,600,CHETANA,SM,32000,27200,85.00
20,601,CHEVIOT,EQ,1624,908,55.91
20,602,CHOICEIN,EQ,586519,185393,31.61
20,603,CHOLAFIN,EQ,2256362,1405013,62.27
20,604,CHOLAHLDNG,EQ,500381,404911,80.92
20,605,CIEINDIA,EQ,249831,175736,70.34
20,606,CIGNITITEC,EQ,139827,73637,52.66
20,607,CINEVISTA,EQ,15590,9927,63.68
20,608,CIPLA,EQ,2516488,1718145,68.28
20,609,CLEAN,EQ,71576,38212,53.39
20,610,CLEDUCATE,EQ,477045,225940,47.36
20,611,CLOUD,SZ,91000,81000,89.01
20,612,CLSEL,EQ,29013,12677,43.69
20,613,CLSL,SM,12000,10000,83.33
20,614,CMNL,SM,3000,1500,50.00
20,615,CMSINFO,EQ,257957,147025,57.00
20,616,COALINDIA,EQ,5914200,2388713,40.39
20,617,COASTCORP,EQ,11672,7867,67.40
20,618,COCHINSHIP,EQ,311546,133848,42.96
20,619,COFORGE,EQ,297785,167850,56.37
20,620,COLPAL,EQ,280698,164418,58.57
20,621,COMMITTED,ST,12800,12800,100.00
20,622,COMMOIETF,EQ,282218,252497,89.47
20,623,COMPUSOFT,EQ,24212,13451,55.56
20,624,CONCOR,EQ,932172,478682,51.35
20,625,CONCORDBIO,EQ,141113,99806,70.73
20,626,CONFIPET,EQ,251863,122867,48.78
20,627,CONS,EQ,2823,1773,62.81
20,628,CONSOFINVT,EQ,8202,5872,71.59
20,629,CONSUMBEES,EQ,311823,245850,78.84
20,630,CONSUMER,EQ,271578,170409,62.75
20,631,CONSUMIETF,EQ,29571,17371,58.74
20,632,CONTROLPR,EQ,6775,2606,38.46
20,633,COOLCAPS,ST,59500,58000,97.48
20,634,CORALFINAC,EQ,22254,11996,53.90
20,635,CORDSCABLE,EQ,24697,14214,57.55
20,636,COROMANDEL,EQ,1009392,644166,63.82
20,637,COSMOFIRST,EQ,124094,72101,58.10
20,638,COUNCODOS,EQ,84036,66597,79.25
20,639,CPS,ST,4800,4800,100.00
20,640,CPSEETF,EQ,1379753,631468,45.77
20,641,CRAFTSMAN,EQ,40274,21932,54.46
20,642,CRAYONS,SM,5000,5000,100.00
20,643,CREATIVE,EQ,8415,4332,51.48
20,644,CREATIVEYE,EQ,12800,7791,60.87
20,645,CREDITACC,EQ,2236441,634047,28.35
20,646,CREST,EQ,3387,2184,64.48
20,647,CRISIL,EQ,46669,24195,51.84
20,648,CROMPTON,EQ,3161288,1973741,62.43
20,649,CROWN,EQ,9096,6650,73.11
20,650,CSBBANK,EQ,70857,38195,53.90
20,651,CSLFINANCE,EQ,6196,3266,52.71
20,652,CTE,EQ,14297,8005,55.99
20,653,CUB,EQ,2552841,1313868,51.47
20,654,CUMMINSIND,EQ,1117642,555415,49.70
20,655,CUPID,EQ,627475,209415,33.37
20,656,CYBERMEDIA,EQ,2427,1366,56.28
20,657,CYBERTECH,EQ,53207,19550,36.74
20,658,CYIENT,EQ,884518,275030,31.09
20,659,CYIENTDLM,EQ,328525,177824,54.13
20,660,DABUR,EQ,2811816,2018343,71.78
20,661,DALBHARAT,EQ,890914,553852,62.17
20,662,DALMIASUG,EQ,33220,15148,45.60
20,663,DAMCAPITAL,EQ,1279102,325776,25.47
20,664,DAMODARIND,EQ,3613,2211,61.20
20,665,DANGEE,EQ,122866,71660,58.32
20,666,DANISH,SM,93300,40200,43.09
20,667,DATAMATICS,EQ,696611,199555,28.65
20,668,DATAPATTNS,EQ,124786,48317,38.72
20,669,DAVANGERE,EQ,1208696,840187,69.51
20,670,DBCORP,EQ,107567,58195,54.10
20,671,DBEIL,EQ,111057,50822,45.76
20,672,DBL,EQ,253295,78340,30.93
20,673,DBOL,EQ,356402,174279,48.90
20,674,DBREALTY,EQ,1009650,469341,46.49
20,675,DBSTOCKBRO,EQ,6526,5003,76.66
20,676,DCAL,EQ,308107,125775,40.82
20,677,DCBBANK,EQ,732991,383270,52.29
20,678,DCG,SM,27600,20400,73.91
20,679,DCI,EQ,8389,6445,76.83
20,680,DCM,EQ,19673,11453,58.22
20,681,DCMNVL,EQ,64825,51359,79.23
20,682,DCMSHRIRAM,EQ,65671,27885,42.46
20,683,DCMSRIND,EQ,56168,40244,71.65
20,684,DCW,EQ,2331301,890973,38.22
20,685,DCXINDIA,EQ,249491,118006,47.30
20,686,DDEVPLSTIK,EQ,40940,21865,53.41
20,687,DECCANCE,EQ,16474,12020,72.96
20,688,DECCANTRAN,ST,3600,3600,100.00
20,689,DEEDEV,EQ,99837,62275,62.38
20,690,DEEM,SM,2000,2000,100.00
20,691,DEEPAKFERT,EQ,356715,190010,53.27
20,692,DEEPAKNTR,EQ,80112,23218,28.98
20,693,DEEPINDS,EQ,228999,94276,41.17
20,694,DELAPLEX,SM,4800,4800,100.00
20,695,DELHIVERY,EQ,1502457,617674,41.11
20,696,DELTACORP,EQ,1383780,621265,44.90
20,697,DELTAMAGNT,EQ,18842,14015,74.38
20,698,DELTIC,SM,25000,22000,88.00
20,699,DEN,EQ,369748,154449,41.77
20,700,DENEERS,ST,78600,78000,99.24
20,701,DENORA,EQ,83947,20837,24.82
20,702,DENTALKART,SM,9000,5000,55.56
20,703,DESTINY,ST,1500,1500,100.00
20,704,DEVIT,EQ,89994,29894,33.22
20,705,DEVYANI,EQ,936666,238382,25.45
20,706,DHAMPURSUG,EQ,170756,76466,44.78
20,707,DHANI,EQ,1929043,822423,42.63
20,708,DHANLAXMI,ST,6000,6000,100.00
20,709,DHANUKA,EQ,38969,18611,47.76
20,710,DHARMAJ,EQ,38507,22073,57.32
20,711,DHRUV,EQ,100138,74344,74.24
20,712,DHUNINV,EQ,2966,2109,71.11
20,713,DIAMINESQ,EQ,2453,1747,71.22
20,714,DIAMONDYD,EQ,584481,557277,95.35
20,715,DICIND,EQ,2090,1819,87.03
20,716,DIFFNKG,EQ,206403,129870,62.92
20,717,DIGIDRIVE,EQ,107088,68885,64.33
20,718,DIGIKORE,ST,5000,4200,84.00
20,719,DIGISPICE,EQ,62911,46244,73.51
20,720,DISHTV,EQ,6656873,2390215,35.91
20,721,DIVGIITTS,EQ,11619,6367,54.80
20,722,DIVISLAB,EQ,389786,178190,45.71
20,723,DIVOPPBEES,EQ,84160,36386,43.23
20,724,DIVYADHAN,ST,6000,6000,100.00
20,725,DIXON,EQ,209151,62892,30.07
20,726,DKEGL,SM,3000,3000,100.00
20,727,DLF,EQ,1747014,728317,41.69
20,728,DLINKINDIA,EQ,74146,36954,49.84
20,729,DMART,EQ,693767,306950,44.24
20,730,DNAMEDIA,EQ,87480,74569,85.24
20,731,DODLA,EQ,40057,24301,60.67
20,732,DOLATALGO,EQ,331907,119576,36.03
20,733,DOLLAR,EQ,25511,10567,41.42
20,734,DOLLEX,SM,24000,20000,83.33
20,735,DOLPHIN,EQ,28992,22113,76.27
20,736,DOMS,EQ,258594,90725,35.08
20,737,DONEAR,EQ,123270,49512,40.17
20,738,DPABHUSHAN,EQ,14456,7358,50.90
20,739,DPEL,ST,25500,24000,94.12
20,740,DPSCLTD,EQ,130608,92725,70.99
20,741,DPWIRES,EQ,18673,12184,65.25
20,742,DRCSYSTEMS,EQ,167937,76512,45.56
20,743,DREAMFOLKS,EQ,101849,61324,60.21
20,744,DREDGECORP,EQ,47419,31068,65.52
20,745,DRONE,ST,24500,24500,100.00
20,746,DRREDDY,EQ,1460238,952639,65.24
20,747,DSSL,EQ,23851,10463,43.87
20,748,DTIL,EQ,9155,4728,51.64
20,749,DTL,SM,14400,14400,100.00
20,750,DUCOL,SM,4800,4800,100.00
20,751,DUCON,EQ,400022,196727,49.18
20,752,DUGLOBAL,SM,52500,52500,100.00
20,753,DVL,EQ,13894,8835,63.59
20,754,DWARKESH,EQ,707782,372589,52.64
20,755,DYCL,EQ,51973,26596,51.17
20,756,DYNAMATECH,EQ,3802,1615,42.48
20,757,DYNAMIC,ST,7000,5000,71.43
20,758,DYNPRO,EQ,4721,2919,61.83
20,759,EASEMYTRIP,EQ,80828682,36078560,44.64
20,760,EBANKNIFTY,EQ,581,547,94.15
20,761,EBBETF0425,EQ,62573,62505,99.89
20,762,EBBETF0430,EQ,15368,11846,77.08
20,763,EBBETF0431,EQ,23053,20326,88.17
20,764,EBBETF0433,EQ,17560,17039,97.03
20,765,ECAPINSURE,EQ,10542,7700,73.04
20,766,ECLERX,EQ,48607,23776,48.91
20,767,ECOSMOBLTY,EQ,881983,238451,27.04
20,768,EDELWEISS,EQ,4051786,2173180,53.64
20,769,EFFWA,ST,11200,11200,100.00
20,770,EFORCE,SM,13200,12000,90.91
20,771,EGOLD,EQ,20993,20694,98.58
20,772,EICHERMOT,EQ,442234,252964,57.20
20,773,EIDPARRY,EQ,79965,33725,42.17
20,774,EIEL,EQ,1994622,551504,27.65
20,775,EIFFL,EQ,38999,12351,31.67
20,776,EIHAHOTELS,EQ,15452,7640,49.44
20,777,EIHOTEL,EQ,208586,91474,43.85
20,778,EIMCOELECO,EQ,6151,3452,56.12
20,779,EKC,EQ,275508,112944,40.99
20,780,ELDEHSG,EQ,1581,1000,63.25
20,781,ELECON,EQ,387415,157448,40.64
20,782,ELECTCAST,EQ,837819,439418,52.45
20,783,ELGIEQUIP,EQ,120639,58112,48.17
20,784,ELIN,EQ,46688,22466,48.12
20,785,EMAIN,ST,123000,120000,97.56
20,786,EMAMILTD,EQ,385789,184830,47.91
20,787,EMAMIPAP,EQ,11321,8459,74.72
20,788,EMBASSY,RR,814998,788598,96.76
20,789,EMBDL,EQ,8398750,2960572,35.25
20,790,EMCURE,EQ,45458,31867,70.10
20,791,EMIL,EQ,273624,110640,40.44
20,792,EMKAYTOOLS,SM,1200,1050,87.50
20,793,EMMBI,EQ,87615,35433,40.44
20,794,EMMIL,ST,10250,10250,100.00
20,795,EMSLIMITED,EQ,158825,54946,34.60
20,796,EMUDHRA,EQ,136596,56055,41.04
20,797,EMULTIMQ,EQ,40678,38143,93.77
20,798,ENDURANCE,EQ,26836,11981,44.65
20,799,ENFUSE,ST,1800,1800,100.00
20,800,ENGINERSIN,EQ,1428268,510867,35.77
20,801,ENIL,EQ,29143,17906,61.44
20,802,ENSER,ST,8000,8000,100.00
20,803,ENTERO,EQ,306234,233889,76.38
20,804,ENVIRO,SM,2000,2000,100.00
20,805,EPACK,EQ,491449,270809,55.10
20,806,EPIGRAL,EQ,167363,64647,38.63
20,807,EPL,EQ,1625944,1082031,66.55
20,808,EQUAL50ADD,EQ,6909,4194,60.70
20,809,EQUITASBNK,EQ,3281331,1290363,39.32
20,810,ERIS,EQ,2394485,391814,16.36
20,811,ESABINDIA,EQ,2671,1416,53.01
20,812,ESAFSFB,EQ,402041,202615,50.40
20,813,ESCONET,ST,7600,6000,78.95
20,814,ESCORTS,EQ,147784,68129,46.10
20,815,ESFL,SM,41760,28800,68.97
20,816,ESG,EQ,9956,7968,80.03
20,817,ESILVER,EQ,66173,51258,77.46
20,818,ESPRIT,ST,25600,20800,81.25
20,819,ESSENTIA,EQ,3501484,2059078,58.81
20,820,ESTER,EQ,1059081,535759,50.59
20,821,ETHOSLTD,EQ,16443,8509,51.75
20,822,ETML,SM,19200,16800,87.50
20,823,EUREKAFORB,EQ,157526,133821,84.95
20,824,EVEREADY,EQ,590014,174297,29.54
20,825,EVINDIA,EQ,147746,115068,77.88
20,826,EXCELINDUS,EQ,7832,5020,64.10
20,827,EXICOM,EQ,370568,195300,52.70
20,828,EXIDEIND,EQ,2468075,833482,33.77
20,829,EXPLEOSOL,EQ,14204,8915,62.76
20,830,EXXARO,EQ,364799,225319,61.77
20,831,FACT,EQ,129818,41140,31.69
20,832,FAIRCHEMOR,EQ,15163,7448,49.12
20,833,FALCONTECH,SM,3600,3600,100.00
20,834,FAZE3Q,EQ,11864,7478,63.03
20,835,FCL,EQ,254808,156472,61.41
20,836,FCSSOFT,EQ,1501300,865414,57.64
20,837,FDC,EQ,70528,45621,64.68
20,838,FEDERALBNK,EQ,4286422,2151576,50.20
20,839,FEDFINA,EQ,227421,115072,50.60
20,840,FELIX,ST,8000,8000,100.00
20,841,FIBERWEB,EQ,38639,22774,58.94
20,842,FICRF3GP,MF,5280,5280,100.00
20,843,FIDEL,ST,2000,2000,100.00
20,844,FIEMIND,EQ,16611,7668,46.16
20,845,FILATEX,EQ,948520,460769,48.58
20,846,FINCABLES,EQ,117939,39447,33.45
20,847,FINEORG,EQ,115556,43566,37.70
20,848,FINIETF,EQ,382239,233231,61.02
20,849,FINOPB,EQ,71108,26025,36.60
20,850,FINPIPE,EQ,844755,411198,48.68
20,851,FIRSTCRY,EQ,486111,375796,77.31
20,852,FIVESTAR,EQ,168609,82366,48.85
20,853,FLAIR,EQ,212115,150427,70.92
20,854,FLUOROCHEM,EQ,57183,28687,50.17
20,855,FMCGIETF,EQ,1830194,1288649,70.41
20,856,FMGOETZE,EQ,17487,11648,66.61
20,857,FOCE,ST,100,100,100.00
20,858,FOCUS,EQ,194672,92831,47.69
20,859,FONEBOX,SM,2000,2000,100.00
20,860,FOODSIN,EQ,283757,199991,70.48
20,861,FORCAS,ST,1600,1600,100.00
20,862,FORCEMOT,EQ,114349,36774,32.16
20,863,FORGEAUTO,SM,1200,1200,100.00
20,864,FORTIS,EQ,2512836,1399112,55.68
20,865,FOSECOIND,EQ,502,255,50.80
20,866,FRESHARA,ST,80400,79200,98.51
20,867,FROG,SM,82000,35600,43.41
20,868,FSL,EQ,4169702,1311025,31.44
20,869,FUSION,EQ,153918,85107,55.29
20,870,GABRIEL,EQ,320266,100050,31.24
20,871,GAEL,EQ,444804,233891,52.58
20,872,GAIL,EQ,12940845,7213514,55.74
20,873,GALAPREC,EQ,54851,20197,36.82
20,874,GALAXYSURF,EQ,5427,3524,64.93
20,875,GALLANTT,EQ,33666,25403,75.46
20,876,GANDHAR,EQ,252551,101211,40.08
20,877,GANDHITUBE,EQ,2052,1098,53.51
20,878,GANECOS,EQ,77273,27770,35.94
20,879,GANESHBE,EQ,70963,46301,65.25
20,880,GANESHHOUC,EQ,263925,157904,59.83
20,881,GANESHIN,SM,772800,576000,74.53
20,882,GANGAFORGE,EQ,242743,141704,58.38
20,883,GANGESSECU,EQ,19102,15726,82.33
20,884,GARFIBRES,EQ,68009,54406,80.00
20,885,GARUDA,EQ,2032658,574760,28.28
20,886,GATEWAY,EQ,852991,497457,58.32
20,887,GEECEE,EQ,138888,57123,41.13
20,888,GEEKAYWIRE,EQ,52944,27183,51.34
20,889,GENCON,EQ,26696,13996,52.43
20,890,GENESYS,EQ,328129,92705,28.25
20,891,GENSOL,EQ,36285,17150,47.26
20,892,GENUSPAPER,EQ,75905,54844,72.25
20,893,GENUSPOWER,EQ,736631,462605,62.80
20,894,GEOJITFSL,EQ,326391,162162,49.68
20,895,GEPIL,EQ,119324,57143,47.89
20,896,GESHIP,EQ,635829,360175,56.65
20,897,GFLLIMITED,EQ,79768,35847,44.94
20,898,GGBL,ST,16500,13500,81.82
20,899,GHCL,EQ,167471,72688,43.40
20,900,GHCLTEXTIL,EQ,122871,71231,57.97
20,901,GICHSGFIN,EQ,89584,47005,52.47
20,902,GICL,ST,70500,70500,100.00
20,903,GICRE,EQ,849690,364622,42.91
20,904,GILLETTE,EQ,31126,12933,41.55
20,905,GILT5YBEES,EQ,241053,203087,84.25
20,906,GINNIFILA,EQ,42745,27254,63.76
20,907,GIPCL,EQ,259180,141449,54.58
20,908,GKWLIMITED,EQ,2732,2380,87.12
20,909,GLAND,EQ,155761,60089,38.58
20,910,GLAXO,EQ,1086628,997386,91.79
20,911,GLENMARK,EQ,434708,244766,56.31
20,912,GLOBAL,EQ,65299,37301,57.12
20,913,GLOBALPET,SM,18000,12000,66.67
20,914,GLOBE,EQ,3277671,2472107,75.42
20,915,GLOBUSSPR,EQ,80519,27526,34.19
20,916,GLOSTERLTD,EQ,1048,920,87.79
20,917,GMBREW,EQ,21449,8447,39.38
20,918,GMDCLTD,EQ,522803,165681,31.69
20,919,GMMPFAUDLR,EQ,32398,19313,59.61
20,920,GMRAIRPORT,EQ,11174536,5954885,53.29
20,921,GMRP&UI,EQ,1225050,495865,40.48
20,922,GNA,EQ,29183,19062,65.32
20,923,GNFC,EQ,399208,104348,26.14
20,924,GOACARBON,EQ,17302,8714,50.36
20,925,GOCLCORP,EQ,12915,7838,60.69
20,926,GOCOLORS,EQ,117927,36115,30.62
20,927,GODAVARIB,EQ,56154,28015,49.89
20,928,GODFRYPHLP,EQ,93376,27723,29.69
20,929,GODIGIT,EQ,802007,477595,59.55
20,930,GODREJAGRO,EQ,119405,59090,49.49
20,931,GODREJCP,EQ,1449207,997912,68.86
20,932,GODREJIND,EQ,74489,41433,55.62
20,933,GODREJPROP,EQ,2311841,1044776,45.19
20,934,GOKEX,EQ,58235,22013,37.80
20,935,GOKULAGRO,EQ,82068,36990,45.07
20,936,GOLD1,EQ,1273517,1001877,78.67
20,937,GOLDBEES,EQ,25721670,19371081,75.31
20,938,GOLDCASE,EQ,1169539,1048328,89.64
20,939,GOLDETF,EQ,291614,184938,63.42
20,940,GOLDETFADD,EQ,59027,52619,89.14
20,941,GOLDIAM,EQ,1492213,487601,32.68
20,942,GOLDIETF,EQ,9115011,6720553,73.73
20,943,GOLDSHARE,EQ,267526,234734,87.74
20,944,GOLDSTAR,SM,33750,33750,100.00
20,945,GOODLUCK,EQ,55707,33848,60.76
20,946,GOPAL,EQ,64067,32750,51.12
20,947,GOYALALUM,EQ,149029,82404,55.29
20,948,GOYALSALT,SM,8400,8400,100.00
20,949,GPECO,ST,5400,5400,100.00
20,950,GPIL,EQ,594963,280063,47.07
20,951,GPPL,EQ,1282005,595991,46.49
20,952,GPTHEALTH,EQ,44176,25191,57.02
20,953,GPTINFRA,EQ,448859,242830,54.10
20,954,GRANULES,EQ,594958,153126,25.74
20,955,GRAPHISAD,ST,9600,8400,87.50
20,956,GRAPHITE,EQ,397164,112582,28.35
20,957,GRASIM,EQ,464164,289031,62.27
20,958,GRAVITA,EQ,142427,52463,36.84
20,959,GRCL,SM,250,250,100.00
20,960,GREAVESCOT,EQ,4588952,1243296,27.09
20,961,GREENCHEF,SM,35200,19200,54.55
20,962,GREENLAM,EQ,35480,14878,41.93
20,963,GREENPANEL,EQ,61136,24253,39.67
20,964,GREENPLY,EQ,172582,74768,43.32
20,965,GREENPOWER,EQ,2101510,960561,45.71
20,966,GRETEX,ST,1500,1500,100.00
20,967,GRINDWELL,EQ,27640,15724,56.89
20,968,GRINFRA,EQ,58732,34004,57.90
20,969,GRMOVER,EQ,624305,151438,24.26
20,970,GROBTEA,EQ,107,58,54.21
20,971,GROWWDEFNC,EQ,138873,82901,59.70
20,972,GROWWEV,EQ,380753,266107,69.89
20,973,GROWWGOLD,EQ,216901,133339,61.47
20,974,GROWWLIQID,EQ,328566,296175,90.14
20,975,GRPLTD,EQ,1687,1202,71.25
20,976,GRSE,EQ,595465,100667,16.91
20,977,GRWRHITECH,EQ,142762,57612,40.36
20,978,GSEC10IETF,EQ,140,140,100.00
20,979,GSEC10YEAR,EQ,1727,1072,62.07
20,980,GSEC5IETF,EQ,5782,4088,70.70
20,981,GSFC,EQ,618476,263258,42.57
20,982,GSLSU,EQ,51724,34177,66.08
20,983,GSMFOILS,ST,130000,130000,100.00
20,984,GSPL,EQ,427279,237083,55.49
20,985,GSS,EQ,306233,134693,43.98
20,986,GSTL,ST,5000,5000,100.00
20,987,GTL,EQ,1083742,505565,46.65
20,988,GTLINFRA,EQ,71584063,19056801,26.62
20,989,GTPL,EQ,17409,8555,49.14
20,990,GUFICBIO,EQ,37894,14398,38.00
20,991,GUJALKALI,EQ,14150,7597,53.69
20,992,GUJAPOLLO,EQ,11417,5555,48.66
20,993,GUJGASLTD,EQ,467615,99929,21.37
20,994,GULFOILLUB,EQ,112645,46976,41.70
20,995,GULFPETRO,EQ,122579,75716,61.77
20,996,GULPOLY,EQ,312047,161929,51.89
20,997,GVPTECH,EQ,43493,24386,56.07
20,998,GVT&D,EQ,382696,268490,70.16
20,999,HAL,EQ,1621003,462636,28.54
20,1000,HAPPSTMNDS,EQ,375205,146561,39.06
20,1001,HAPPYFORGE,EQ,28714,16888,58.81
20,1002,HARIOMPIPE,EQ,115435,90260,78.19
20,1003,HARRMALAYA,EQ,23055,13059,56.64
20,1004,HARSHA,EQ,101172,22330,22.07
20,1005,HATHWAY,EQ,2796519,1247436,44.61
20,1006,HATSUN,EQ,22963,11442,49.83
20,1007,HAVELLS,EQ,606325,301475,49.72
20,1008,HAVISHA,EQ,15110,12348,81.72
20,1009,HBLENGINE,EQ,618580,216719,35.03
20,1010,HBSL,EQ,4576,3343,73.06
20,1011,HCC,EQ,12666033,4309538,34.02
20,1012,HCG,EQ,166033,90369,54.43
20,1013,HCL-INSYS,EQ,443584,369372,83.27
20,1014,HCLTECH,EQ,2681942,1952755,72.81
20,1015,HDFCAMC,EQ,783716,531411,67.81
20,1016,HDFCBANK,EQ,11837753,9425082,79.62
20,1017,HDFCBSE500,EQ,19905,11386,57.20
20,1018,HDFCGOLD,EQ,2908550,2413687,82.99
20,1019,HDFCGROWTH,EQ,5662,4397,77.66
20,1020,HDFCLIFE,EQ,4467504,3193980,71.49
20,1021,HDFCLIQUID,EQ,62286,62082,99.67
20,1022,HDFCLOWVOL,EQ,9760,6928,70.98
20,1023,HDFCMID150,EQ,2077540,1889546,90.95
20,1024,HDFCMOMENT,EQ,1353526,1138730,84.13
20,1025,HDFCNEXT50,EQ,556974,530898,95.32
20,1026,HDFCNIF100,EQ,42201,26242,62.18
20,1027,HDFCNIFBAN,EQ,523864,486975,92.96
20,1028,HDFCNIFIT,EQ,563064,560969,99.63
20,1029,HDFCNIFTY,EQ,166911,142029,85.09
20,1030,HDFCPSUBK,EQ,23607,16486,69.84
20,1031,HDFCPVTBAN,EQ,165002,121203,73.46
20,1032,HDFCQUAL,EQ,8250,6731,81.59
20,1033,HDFCSENSEX,EQ,18189,10627,58.43
20,1034,HDFCSILVER,EQ,410805,289685,70.52
20,1035,HDFCSML250,EQ,772369,511193,66.19
20,1036,HDFCVALUE,EQ,5757,4814,83.62
20,1037,HEADSUP,EQ,20274,11898,58.69
20,1038,HEALTHADD,EQ,800,627,78.38
20,1039,HEALTHIETF,EQ,114726,73965,64.47
20,1040,HEALTHY,EQ,126503,86136,68.09
20,1041,HEG,EQ,727545,260684,35.83
20,1042,HEIDELBERG,EQ,83653,31545,37.71
20,1043,HEMIPROP,EQ,2106640,465031,22.07
20,1044,HERANBA,EQ,41535,24640,59.32
20,1045,HERITGFOOD,EQ,197142,118299,60.01
20,1046,HEROMOTOCO,EQ,408928,156688,38.32
20,1047,HESTERBIO,EQ,2434,1781,73.17
20,1048,HEUBACHIND,EQ,13224,9979,75.46
20,1049,HEXATRADEX,EQ,15382,11522,74.91
20,1050,HFCL,EQ,14326537,2970758,20.74
20,1051,HGINFRA,EQ,55362,18892,34.12
20,1052,HGS,EQ,20149,12178,60.44
20,1053,HIGREEN,ST,19200,19200,100.00
20,1054,HIKAL,EQ,574529,215700,37.54
20,1055,HIL,EQ,9721,6118,62.94
20,1056,HILTON,EQ,115265,96632,83.83
20,1057,HIMATSEIDE,EQ,539076,253576,47.04
20,1058,HINDALCO,EQ,3974704,1787141,44.96
20,1059,HINDCOMPOS,EQ,5303,3104,58.53
20,1060,HINDCOPPER,EQ,3383221,1141726,33.75
20,1061,HINDMOTORS,EQ,1829819,572994,31.31
20,1062,HINDOILEXP,EQ,2049555,594021,28.98
20,1063,HINDPETRO,EQ,7113783,2846559,40.01
20,1064,HINDUNILVR,EQ,1357416,929517,68.48
20,1065,HINDWAREAP,EQ,91724,46837,51.06
20,1066,HINDZINC,EQ,3709519,1260646,33.98
20,1067,HIRECT,EQ,17406,8864,50.92
20,1068,HISARMETAL,EQ,2829,1714,60.59
20,1069,HITECH,EQ,253132,114621,45.28
20,1070,HITECHCORP,EQ,5302,2898,54.66
20,1071,HLEGLAS,EQ,45704,26734,58.49
20,1072,HLVLTD,EQ,949348,473089,49.83
20,1073,HMAAGRO,EQ,92442,44738,48.40
20,1074,HMVL,EQ,18254,11538,63.21
20,1075,HNDFDS,EQ,65659,25752,39.22
20,1076,HNGSNGBEES,EQ,138191,82256,59.52
20,1077,HOACFOODS,ST,2250,2250,100.00
20,1078,HOLMARC,ST,10500,10500,100.00
20,1079,HOMEFIRST,EQ,222292,165314,74.37
20,1080,HOMESFY,SM,5400,4800,88.89
20,1081,HONASA,EQ,377931,180112,47.66
20,1082,HONAUT,EQ,19888,16339,82.16
20,1083,HONDAPOWER,EQ,11132,4924,44.23
20,1084,HOVS,EQ,5061,3897,77.00
20,1085,HPAL,EQ,82099,35489,43.23
20,1086,HPIL,EQ,2732,1557,56.99
20,1087,HPL,EQ,123038,48201,39.18
20,1088,HRHNEXT,ST,18000,18000,100.00
20,1089,HSCL,EQ,849201,259087,30.51
20,1090,HTMEDIA,EQ,343575,214631,62.47
20,1091,HUBTOWN,EQ,77368,56277,72.74
20,1092,HUDCO,EQ,7440908,2037972,27.39
20,1093,HUHTAMAKI,EQ,40338,25898,64.20
20,1094,HVAX,ST,900,900,100.00
20,1095,HYUNDAI,EQ,673537,376778,55.94
20,1096,IBLFL,ST,10000,10000,100.00
20,1097,ICEMAKE,EQ,30644,14678,47.90
20,1098,ICICIB22,EQ,1334816,1193252,89.39
20,1099,ICICIBANK,EQ,6840709,4879392,71.33
20,1100,ICICIGI,EQ,559179,388618,69.50
20,1101,ICICIPRULI,EQ,750646,440494,58.68
20,1102,ICIL,EQ,156929,69153,44.07
20,1103,ICRA,EQ,2436,1183,48.56
20,1104,IDBI,EQ,7185820,1920323,26.72
20,1105,IDEA,EQ,349183730,88313846,25.29
20,1106,IDEAFORGE,EQ,92873,43976,47.35
20,1107,IDEALTECHO,ST,6000,6000,100.00
20,1108,IDENTICAL,ST,34000,34000,100.00
20,1109,IDFCFIRSTB,EQ,22284144,13740561,61.66
20,1110,IDFNIFTYET,EQ,319,96,30.09
20,1111,IEML,SM,3500,3000,85.71
20,1112,IEX,EQ,8492785,1436255,16.91
20,1113,IFBAGRO,EQ,6726,5408,80.40
20,1114,IFBIND,EQ,30583,15624,51.09
20,1115,IFCI,EQ,5572161,1430615,25.67
20,1116,IFGLEXPOR,EQ,21796,17384,79.76
20,1117,IGARASHI,EQ,12580,7711,61.30
20,1118,IGIL,EQ,2582663,1473551,57.06
20,1119,IGL,EQ,13557815,3943152,29.08
20,1120,IGPL,EQ,55793,34983,62.70
20,1121,IIFL,EQ,1170502,537073,45.88
20,1122,IIFLCAPS,EQ,576897,224775,38.96
20,1123,IIFLZC25,ND,60,60,100.00
20,1124,IIFLZC25B,NW,100,100,100.00
20,1125,IIFLZC26B,NY,10,10,100.00
20,1126,IIFLZC28,NG,35,35,100.00
20,1127,IIFLZC28A,NU,20,20,100.00
20,1128,IKIO,EQ,102301,52571,51.39
20,1129,IKS,EQ,229233,123391,53.83
20,1130,IMAGICAA,EQ,1344991,608652,45.25
20,1131,IMC1,N0,258,258,100.00
20,1132,IMC1,N1,962,962,100.00
20,1133,IMC1,N2,937,925,98.72
20,1134,IMC1,N3,482,470,97.51
20,1135,IMFA,EQ,164855,86653,52.56
20,1136,IMPAL,EQ,2366,1808,76.42
20,1137,INCREDIBLE,EQ,10618,4208,39.63
20,1138,INDBANK,EQ,49070,29023,59.15
20,1139,INDGN,EQ,253198,141741,55.98
20,1140,INDHOTEL,EQ,3665455,2245232,61.25
20,1141,INDIACEM,EQ,2639493,1207693,45.75
20,1142,INDIAGLYCO,EQ,315468,87125,27.62
20,1143,INDIAMART,EQ,104244,60267,57.81
20,1144,INDIANB,EQ,1606812,584709,36.39
20,1145,INDIANHUME,EQ,23280,10823,46.49
20,1146,INDIASHLTR,EQ,63660,28261,44.39
20,1147,INDIFRA,SM,90000,64000,71.11
20,1148,INDIGO,EQ,670519,440664,65.72
20,1149,INDIGOPNTS,EQ,23998,11331,47.22
20,1150,INDIGRID,IV,296012,236309,79.83
20,1151,INDNIPPON,EQ,2489,1605,64.48
20,1152,INDOAMIN,EQ,107108,44788,41.82
20,1153,INDOBORAX,EQ,33637,15936,47.38
20,1154,INDOCO,EQ,85888,38345,44.65
20,1155,INDOFARM,EQ,1869463,271330,14.51
20,1156,INDORAMA,EQ,396657,264307,66.63
20,1157,INDOSTAR,EQ,141008,74320,52.71
20,1158,INDOTECH,EQ,71771,31474,43.85
20,1159,INDOWIND,EQ,215969,79373,36.75
20,1160,INDRAMEDCO,EQ,254883,122878,48.21
20,1161,INDSWFTLAB,EQ,76856,53270,69.31
20,1162,INDTERRAIN,EQ,63566,44776,70.44
20,1163,INDUSINDBK,EQ,5000442,2708926,54.17
20,1164,INDUSINVIT,IV,32623,28460,87.24
20,1165,INDUSTOWER,EQ,6894532,4357031,63.20
20,1166,INFIBEAM,EQ,5510703,1793101,32.54
20,1167,INFINIUM,SM,2000,2000,100.00
20,1168,INFOBEAN,EQ,9696,6447,66.49
20,1169,INFOLLION,ST,5600,5600,100.00
20,1170,INFOMEDIA,EQ,15230,7424,48.75
20,1171,INFRABEES,EQ,13795,9689,70.24
20,1172,INFRAIETF,EQ,56735,28021,49.39
20,1173,INFY,EQ,4996744,3551507,71.08
20,1174,INGERRAND,EQ,12255,7793,63.59
20,1175,INNOVACAP,EQ,36499,16483,45.16
20,1176,INNOVANA,EQ,4602,3298,71.66
20,1177,INOXGREEN,EQ,819634,374497,45.69
20,1178,INOXINDIA,EQ,127207,64884,51.01
20,1179,INOXWIND,EQ,11190493,3633563,32.47
20,1180,INSECTICID,EQ,31490,16250,51.60
20,1181,INSPIRE,SM,40000,32000,80.00
20,1182,INSPIRISYS,EQ,7195,6166,85.70
20,1183,INTELLECT,EQ,565176,113587,20.10
20,1184,INTENTECH,EQ,12320,5064,41.10
20,1185,INTERARCH,EQ,185638,50692,27.31
20,1186,INTLCONV,EQ,65865,39275,59.63
20,1187,INVENTURE,EQ,1943962,1175830,60.49
20,1188,IOB,EQ,9836644,2534607,25.77
20,1189,IOC,EQ,11469878,4213875,36.74
20,1190,IOLCP,EQ,265909,84600,31.82
20,1191,IONEXCHANG,EQ,133349,61935,46.45
20,1192,IPCALAB,EQ,520151,287375,55.25
20,1193,IPHL,ST,13200,13200,100.00
20,1194,IPL,EQ,122674,61526,50.15
20,1195,IRB,EQ,8466593,2227829,26.31
20,1196,IRBINVIT,IV,245461,218524,89.03
20,1197,IRCON,EQ,4088749,1081105,26.44
20,1198,IRCTC,EQ,972279,339360,34.90
20,1199,IREDA,EQ,4292358,1330681,31.00
20,1200,IRFC,EQ,13087044,3770805,28.81
20,1201,IRISDOREME,EQ,82969,20244,24.40
20,1202,IRMENERGY,EQ,78341,36579,46.69
20,1203,ISEC,EQ,40596,14631,36.04
20,1204,ISFT,EQ,14727,9282,63.03
20,1205,ISGEC,EQ,43441,21108,48.59
20,1206,ISHAN,SM,432000,192000,44.44
20,1207,IT,EQ,528711,511135,96.68
20,1208,ITALIANE,SM,6000,6000,100.00
20,1209,ITBEES,EQ,2339295,1294639,55.34
20,1210,ITC,EQ,12836283,8254209,64.30
20,1211,ITDC,EQ,33877,13551,40.00
20,1212,ITDCEM,EQ,1106082,879644,79.53
20,1213,ITETF,EQ,45881,26184,57.07
20,1214,ITETFADD,EQ,2124,1502,70.72
20,1215,ITIETF,EQ,1845297,1431170,77.56
20,1216,IVC,EQ,122302,78111,63.87
20,1217,IVP,EQ,6041,3497,57.89
20,1218,IVZINGOLD,EQ,4187,4098,97.87
20,1219,IVZINNIFTY,EQ,213,175,82.16
20,1220,IWEL,EQ,3799,2051,53.99
20,1221,IXIGO,EQ,581578,196311,33.75
20,1222,JAGRAN,EQ,109126,68344,62.63
20,1223,JAGSNPHARM,EQ,152631,52751,34.56
20,1224,JAIBALAJI,EQ,2065226,608692,29.47
20,1225,JAICORPLTD,EQ,1084901,462923,42.67
20,1226,JAINAM,ST,1000,1000,100.00
20,1227,JAIPURKURT,EQ,411501,202572,49.23
20,1228,JAKHARIA,ST,800,800,100.00
20,1229,JALAN,ST,105000,105000,100.00
20,1230,JAMNAAUTO,EQ,513066,303852,59.22
20,1231,JASH,EQ,103924,42607,41.00
20,1232,JAYAGROGN,EQ,14102,7868,55.79
20,1233,JAYBARMARU,EQ,74637,49175,65.89
20,1234,JAYBEE,ST,50000,46000,92.00
20,1235,JAYNECOIND,EQ,141230,76690,54.30
20,1236,JAYSREETEA,EQ,40775,12375,30.35
20,1237,JBCHEPHARM,EQ,225427,98530,43.71
20,1238,JBMA,EQ,138123,56988,41.26
20,1239,JCHAC,EQ,29282,21793,74.42
20,1240,JEYYAM,SM,38000,32000,84.21
20,1241,JFLLIFE,ST,36000,30000,83.33
20,1242,JGCHEM,EQ,288873,100262,34.71
20,1243,JHS,EQ,48118,35809,74.42
20,1244,JINDALPHOT,EQ,3726,1634,43.85
20,1245,JINDALPOLY,EQ,43103,13850,32.13
20,1246,JINDALSAW,EQ,1601661,710779,44.38
20,1247,JINDALSTEL,EQ,1895088,908736,47.95
20,1248,JINDRILL,EQ,486577,292528,60.12
20,1249,JINDWORLD,EQ,435791,124671,28.61
20,1250,JIOFIN,EQ,28695524,9760851,34.02
20,1251,JISLDVREQS,EQ,40039,19120,47.75
20,1252,JISLJALEQS,EQ,3311128,1527182,46.12
20,1253,JITFINFRA,EQ,73517,37481,50.98
20,1254,JIWANRAM,ST,42000,36000,85.71
20,1255,J&KBANK,EQ,14261951,3019253,21.17
20,1256,JKCEMENT,EQ,172316,76527,44.41
20,1257,JKIL,EQ,176195,80313,45.58
20,1258,JKLAKSHMI,EQ,69038,32909,47.67
20,1259,JKPAPER,EQ,497431,270290,54.34
20,1260,JKTYRE,EQ,2471842,558905,22.61
20,1261,JLHL,EQ,32573,12520,38.44
20,1262,JMA,EQ,1600,1053,65.81
20,1263,JMFINANCIL,EQ,2017092,752626,37.31
20,1264,JNKINDIA,EQ,35254,10770,30.55
20,1265,JOCIL,EQ,5747,2448,42.60
20,1266,JPOLYINVST,EQ,7969,3678,46.15
20,1267,JPPOWER,EQ,17824111,7769108,43.59
20,1268,JSFB,EQ,507261,151359,29.84
20,1269,JSL,EQ,924052,547052,59.20
20,1270,JSLL,SM,17010,10980,64.55
20,1271,JSWENERGY,EQ,14443076,7182808,49.73
20,1272,JSWINFRA,EQ,1589327,835040,52.54
20,1273,JSWSTEEL,EQ,1209743,630332,52.10
20,1274,JTEKTINDIA,EQ,54874,30798,56.12
20,1275,JTLIND,EQ,2690726,1464327,54.42
20,1276,JUBLFOOD,EQ,1447673,691038,47.73
20,1277,JUBLINGREA,EQ,355357,135158,38.03
20,1278,JUBLPHARMA,EQ,2142616,177999,8.31
20,1279,JUNIORBEES,EQ,264501,130891,49.49
20,1280,JUNIPER,EQ,196645,106961,54.39
20,1281,JUSTDIAL,EQ,149230,45972,30.81
20,1282,JWL,EQ,4300579,929423,21.61
20,1283,JYOTHYLAB,EQ,941091,380900,40.47
20,1284,JYOTICNC,EQ,615907,163757,26.59
20,1285,JYOTISTRUC,EQ,31634380,13909379,43.97
20,1286,K2INFRA,ST,12600,11400,90.48
20,1287,KABRAEXTRU,EQ,49900,27488,55.09
20,1288,KAJARIACER,EQ,536272,324144,60.44
20,1289,KAKATCEM,EQ,4257,2729,64.11
20,1290,KALAMANDIR,EQ,1034296,469851,45.43
20,1291,KALANA,SM,58000,54000,93.10
20,1292,KALYANKJIL,EQ,51857027,6441274,12.42
20,1293,KAMATHOTEL,EQ,711048,248651,34.97
20,1294,KAMDHENU,EQ,234189,87930,37.55
20,1295,KANANIIND,EQ,109234,80164,73.39
20,1296,KANDARP,ST,4000,4000,100.00
20,1297,KANORICHEM,EQ,28765,19863,69.05
20,1298,KANPRPLA,EQ,226341,157200,69.45
20,1299,KANSAINER,EQ,341579,144268,42.24
20,1300,KAPSTON,EQ,3836,2635,68.69
20,1301,KARMAENG,EQ,9043,8225,90.95
20,1302,KARNIKA,ST,1600,1200,75.00
20,1303,KARURVYSYA,EQ,1139036,567775,49.85
20,1304,KATARIA,ST,1800,1200,66.67
20,1305,KAUSHALYA,EQ,1433,784,54.71
20,1306,KAYA,EQ,11561,9737,84.22
20,1307,KAYNES,EQ,1162274,336883,28.98
20,1308,KCEIL,ST,21000,17500,83.33
20,1309,KCK,ST,17500,17500,100.00
20,1310,KCP,EQ,235012,91306,38.85
20,1311,KCPSUGIND,EQ,142532,67755,47.54
20,1312,KDDL,EQ,15855,7428,46.85
20,1313,KDL,ST,2400,2400,100.00
20,1314,KEC,EQ,1786490,578377,32.38
20,1315,KECL,EQ,134950,77841,57.68
20,1316,KEI,EQ,396028,228928,57.81
20,1317,KEL,SM,1200,1200,100.00
20,1318,KELLTONTEC,EQ,714337,243842,34.14
20,1319,KESORAMIND,EQ,576264,286527,49.72
20,1320,KEYFINSERV,EQ,4093,2818,68.85
20,1321,KFINTECH,EQ,1845478,514897,27.90
20,1322,KHADIM,EQ,9164,6659,72.66
20,1323,KHAICHEM,EQ,74289,32859,44.23
20,1324,KHAITANLTD,EQ,3239,3239,100.00
20,1325,KHANDSE,EQ,11725,6880,58.68
20,1326,KHFM,SM,3100,3100,100.00
20,1327,KICL,EQ,3199,1932,60.39
20,1328,KILITCH,EQ,3621,2845,78.57
20,1329,KIMS,EQ,620127,320162,51.63
20,1330,KINGFA,EQ,6293,2756,43.79
20,1331,KIOCL,EQ,62360,25586,41.03
20,1332,KIRIINDUS,EQ,1151632,378947,32.91
20,1333,KIRLOSBROS,EQ,172349,46384,26.91
20,1334,KIRLOSENG,EQ,168994,96186,56.92
20,1335,KIRLOSIND,EQ,5189,2700,52.03
20,1336,KIRLPNU,EQ,170790,115345,67.54
20,1337,KKCL,EQ,16797,7170,42.69
20,1338,KKJEWELS,SM,301000,164000,54.49
20,1339,KLL,SM,6400,4800,75.00
20,1340,KMEW,EQ,17765,11414,64.25
20,1341,KMSUGAR,EQ,176383,113019,64.08
20,1342,KNAGRI,SM,6000,5200,86.67
20,1343,KNRCON,EQ,783948,364432,46.49
20,1344,KODYTECH,SM,4900,3200,65.31
20,1345,KOHINOOR,EQ,158958,21290,13.39
20,1346,KOKUYOCMLN,EQ,41637,33033,79.34
20,1347,KOLTEPATIL,EQ,931601,305859,32.83
20,1348,KONSTELEC,ST,11000,9000,81.82
20,1349,KONTOR,SM,3600,3600,100.00
20,1350,KORE,ST,500,500,100.00
20,1351,KOTAKBANK,EQ,3427385,2446245,71.37
20,1352,KOTARISUG,EQ,39795,21423,53.83
20,1353,KOTHARIPET,EQ,88342,22420,25.38
20,1354,KOTYARK,ST,15800,14600,92.41
20,1355,KPEL,EQ,235637,117679,49.94
20,1356,KPIGREEN,EQ,733541,402600,54.88
20,1357,KPIL,EQ,494502,330964,66.93
20,1358,KPITTECH,EQ,1390475,787855,56.66
20,1359,KPRMILL,EQ,116260,55556,47.79
20,1360,KRBL,EQ,316570,127993,40.43
20,1361,KRISHANA,EQ,12530,8376,66.85
20,1362,KRISHCA,SM,18500,14500,78.38
20,1363,KRISHNADEF,SM,30500,21500,70.49
20,1364,KRITI,EQ,13016,12218,93.87
20,1365,KRITINUT,EQ,109652,52840,48.19
20,1366,KRN,EQ,1035618,343733,33.19
20,1367,KRONOX,EQ,45766,20335,44.43
20,1368,KROSS,EQ,428427,153495,35.83
20,1369,KRSNAA,EQ,43856,19938,45.46
20,1370,KRYSTAL,EQ,29458,11721,39.79
20,1371,KSB,EQ,384883,336292,87.38
20,1372,KSCL,EQ,110999,50200,45.23
20,1373,KSL,EQ,109854,53221,48.45
20,1374,KSOLVES,EQ,29940,16509,55.14
20,1375,KTKBANK,EQ,2086442,1459680,69.96
20,1376,KTL,ST,15000,15000,100.00
20,1377,KUANTUM,EQ,31739,19185,60.45
20,1378,LAGNAM,EQ,7514,3994,53.15
20,1379,LAKSHYA,SM,11200,8800,78.57
20,1380,LALPATHLAB,EQ,97497,48402,49.64
20,1381,LAMOSAIC,ST,27000,27000,100.00
20,1382,LANCORHOL,EQ,64780,33202,51.25
20,1383,LANDMARK,EQ,19183,9369,48.84
20,1384,LAOPALA,EQ,104414,42230,40.44
20,1385,LASA,EQ,113783,38864,34.16
20,1386,LATENTVIEW,EQ,248158,128362,51.73
20,1387,LAURUSLABS,EQ,4484623,1441100,32.13
20,1388,LAWSIKHO,SM,125000,79500,63.60
20,1389,LAXMICOT,EQ,31503,5545,17.60
20,1390,LAXMIDENTL,EQ,1452006,233843,16.10
20,1391,LEMERITE,ST,17600,13600,77.27
20,1392,LEMONTREE,EQ,19579357,4863261,24.84
20,1393,LEXUS,EQ,5774,3150,54.55
20,1394,LFIC,EQ,5641,2947,52.24
20,1395,LGBBROSLTD,EQ,22942,15035,65.53
20,1396,LIBAS,EQ,27670,21197,76.61
20,1397,LIBERTSHOE,EQ,28569,18139,63.49
20,1398,LICHSGFIN,EQ,930655,306901,32.98
20,1399,LICI,EQ,839048,321710,38.34
20,1400,LICMFGOLD,EQ,199,174,87.44
20,1401,LICNETFGSC,EQ,153573,95653,62.29
20,1402,LICNETFN50,EQ,581,486,83.65
20,1403,LICNETFSEN,EQ,413,115,27.85
20,1404,LICNFNHGP,EQ,2594,2446,94.29
20,1405,LICNMID100,EQ,5396,3351,62.10
20,1406,LIKHITHA,EQ,37975,16009,42.16
20,1407,LINC,EQ,48274,27858,57.71
20,1408,LINCOLN,EQ,45912,28445,61.96
20,1409,LINDEINDIA,EQ,19987,7533,37.69
20,1410,LIQUID,EQ,171635,26877,15.66
20,1411,LIQUID1,EQ,154222,112929,73.22
20,1412,LIQUIDADD,EQ,263471,151514,57.51
20,1413,LIQUIDBEES,EQ,2292602,1676218,73.11
20,1414,LIQUIDBETF,EQ,277768,264361,95.17
20,1415,LIQUIDCASE,EQ,8117898,6187075,76.22
20,1416,LIQUIDETF,EQ,170349,106409,62.47
20,1417,LIQUIDIETF,EQ,356134,243885,68.48
20,1418,LIQUIDPLUS,EQ,3838,2267,59.07
20,1419,LIQUIDSBI,EQ,1799,1600,88.94
20,1420,LIQUIDSHRI,EQ,5890,5124,86.99
20,1421,LLOYDS,SM,5000,5000,100.00
20,1422,LLOYDSENGG,EQ,1816596,722390,39.77
20,1423,LLOYDSENT,EQ,996831,480979,48.25
20,1424,LLOYDSME,EQ,692282,506005,73.09
20,1425,LMW,EQ,1190,660,55.46
20,1426,LODHA,EQ,751453,402552,53.57
20,1427,LOKESHMACH,EQ,30756,25243,82.08
20,1428,LOTUSEYE,EQ,40213,14767,36.72
20,1429,LOVABLE,EQ,19618,12212,62.25
20,1430,LOWVOL,EQ,234,153,65.38
20,1431,LOWVOL1,EQ,45554,40457,88.81
20,1432,LOWVOLIETF,EQ,441241,252247,57.17
20,1433,LT,EQ,2670316,1864522,69.82
20,1434,LTF,EQ,5683005,2142794,37.71
20,1435,LTFOODS,EQ,372637,177616,47.66
20,1436,LTGILTBEES,EQ,2492641,2219454,89.04
20,1437,LTIM,EQ,372380,149040,40.02
20,1438,LTTS,EQ,134591,44441,33.02
20,1439,LUMAXIND,EQ,1423,933,65.57
20,1440,LUMAXTECH,EQ,32605,17410,53.40
20,1441,LUPIN,EQ,1351658,782383,57.88
20,1442,LUXIND,EQ,55416,23586,42.56
20,1443,LXCHEM,EQ,423951,201094,47.43
20,1444,LYKALABS,EQ,90376,53027,58.67
20,1445,LYPSAGEMS,EQ,31887,23693,74.30
20,1446,MACOBSTECH,SM,6400,4800,75.00
20,1447,MACPOWER,EQ,9237,4366,47.27
20,1448,MADHAV,EQ,19174,7743,40.38
20,1449,MADHAVBAUG,SM,1200,1200,100.00
20,1450,MADHUCON,EQ,85654,69092,80.66
20,1451,MADHUSUDAN,SM,17000,13000,76.47
20,1452,MADRASFERT,EQ,124862,50515,40.46
20,1453,MAFANG,EQ,678925,425181,62.63
20,1454,MAGADSUGAR,EQ,11415,7092,62.13
20,1455,MAGNUM,EQ,59307,39584,66.74
20,1456,MAGSON,SM,42000,38000,90.48
20,1457,MAHABANK,EQ,10703137,3759651,35.13
20,1458,MAHAPEXLTD,EQ,7560,6358,84.10
20,1459,MAHESHWARI,EQ,17002,10153,59.72
20,1460,MAHICKRA,SM,2250,2250,100.00
20,1461,MAHKTECH,EQ,656320,598005,91.11
20,1462,MAHLIFE,EQ,161418,68610,42.50
20,1463,MAHLOG,EQ,69843,35978,51.51
20,1464,MAHSCOOTER,EQ,9461,6509,68.80
20,1465,MAHSEAMLES,EQ,362637,263286,72.60
20,1466,MAITHANALL,EQ,20502,12136,59.19
20,1467,MAITREYA,ST,2000,1200,60.00
20,1468,MAKEINDIA,EQ,32251,19413,60.19
20,1469,MAKS,SM,1500,1500,100.00
20,1470,MAL,SM,11200,8000,71.43
20,1471,MALLCOM,EQ,13194,9262,70.20
20,1472,MALUPAPER,EQ,13127,6948,52.93
20,1473,MAMATA,EQ,286721,77085,26.89
20,1474,MANAKALUCO,EQ,22789,18792,82.46
20,1475,MANAKSIA,EQ,31293,21342,68.20
20,1476,MANAKSTEEL,EQ,156245,24840,15.90
20,1477,MANALIPETC,EQ,175389,108615,61.93
20,1478,MANAPPURAM,EQ,5194531,1999722,38.50
20,1479,MANBA,EQ,108779,63377,58.26
20,1480,MANCREDIT,EQ,25987,2524,9.71
20,1481,MANGALAM,EQ,72252,23738,32.85
20,1482,MANGCHEFER,EQ,388244,188093,48.45
20,1483,MANGLMCEM,EQ,46801,27626,59.03
20,1484,MANINDS,EQ,82211,40841,49.68
20,1485,MANINFRA,EQ,574301,227964,39.69
20,1486,MANKIND,EQ,331196,162996,49.21
20,1487,MANOMAY,EQ,6274,4526,72.14
20,1488,MANORAMA,EQ,26704,17605,65.93
20,1489,MANORG,EQ,4730,3322,70.23
20,1490,MANUGRAPH,EQ,15236,7310,47.98
20,1491,MANYAVAR,EQ,125600,76952,61.27
20,1492,MAPMYINDIA,EQ,82979,40999,49.41
20,1493,MARALOVER,EQ,49357,29464,59.70
20,1494,MARATHON,EQ,20089,10903,54.27
20,1495,MARCO,SM,21000,18000,85.71
20,1496,MARICO,EQ,1988584,1059385,53.27
20,1497,MARKSANS,EQ,3391589,797806,23.52
20,1498,MARUTI,EQ,271633,160876,59.23
20,1499,MASFIN,EQ,86737,47706,55.00
20,1500,MASON,ST,17000,16000,94.12
20,1501,MASPTOP50,EQ,232179,166783,71.83
20,1502,MASTEK,EQ,204972,93436,45.58
20,1503,MASTERTR,EQ,43651,26486,60.68
20,1504,MATRIMONY,EQ,8676,5720,65.93
20,1505,MAWANASUG,EQ,31932,17638,55.24
20,1506,MAXESTATES,EQ,82890,42910,51.77
20,1507,MAXHEALTH,EQ,1565195,927049,59.23
20,1508,MAXIND,EQ,25926,11716,45.19
20,1509,MAXPOSURE,SM,3000,3000,100.00
20,1510,MAYURUNIQ,EQ,40764,29404,72.13
20,1511,MAZDOCK,EQ,1873132,436021,23.28
20,1512,MBAPL,EQ,46059,26952,58.52
20,1513,MBLINFRA,EQ,440570,231714,52.59
20,1514,MCON,ST,4000,3000,75.00
20,1515,MCX,EQ,515476,170960,33.17
20,1516,MDL,SM,9000,7000,77.78
20,1517,MEDANTA,EQ,1857415,676655,36.43
20,1518,MEDIASSIST,EQ,45235,17571,38.84
20,1519,MEDICAMEQ,EQ,89324,40312,45.13
20,1520,MEDICO,EQ,2359868,909110,38.52
20,1521,MEDIORG,SM,30000,28000,93.33
20,1522,MEDPLUS,EQ,433171,362948,83.79
20,1523,MEGAFLEX,SM,3000,3000,100.00
20,1524,MEGASTAR,EQ,2994,1812,60.52
20,1525,MEGATHERM,SM,9200,7200,78.26
20,1526,MENONBE,EQ,11789,6824,57.88
20,1527,METAL,EQ,138264,92102,66.61
20,1528,METALIETF,EQ,1742868,942604,54.08
20,1529,METROBRAND,EQ,76971,36102,46.90
20,1530,METROPOLIS,EQ,609369,213219,34.99
20,1531,MFSL,EQ,2187710,614945,28.11
20,1532,MGEL,EQ,680094,246047,36.18
20,1533,MGL,EQ,666704,243966,36.59
20,1534,MHHL,ST,9000,9000,100.00
20,1535,MHRIL,EQ,117114,60016,51.25
20,1536,MICEL,EQ,172456,100494,58.27
20,1537,MICROPRO,SM,11200,9600,85.71
20,1538,MID150BEES,EQ,2333873,1967005,84.28
20,1539,MID150CASE,EQ,785469,430329,54.79
20,1540,MIDCAP,EQ,21223,13928,65.63
20,1541,MIDCAPETF,EQ,922394,684377,74.20
20,1542,MIDCAPIETF,EQ,583125,356249,61.09
20,1543,MIDHANI,EQ,445921,171462,38.45
20,1544,MIDQ50ADD,EQ,6676,6316,94.61
20,1545,MIDSELIETF,EQ,367776,219189,59.60
20,1546,MIDSMALL,EQ,257266,223285,86.79
20,1547,MIEL,ST,8000,8000,100.00
20,1548,MINDACORP,EQ,330631,152017,45.98
20,1549,MINDSPACE,RR,118590,116656,98.37
20,1550,MINDTECK,EQ,57365,20254,35.31
20,1551,MIRCELECTR,EQ,419392,235353,56.12
20,1552,MIRZAINT,EQ,597440,279686,46.81
20,1553,MITCON,EQ,8765,5407,61.69
20,1554,MITCONPP,E1,974,743,76.28
20,1555,MITTAL,EQ,11351565,6408679,56.46
20,1556,MKPL,EQ,197020,145049,73.62
20,1557,M&M,EQ,2264208,1389467,61.37
20,1558,M&MFIN,EQ,1453250,574642,39.54
20,1559,M&MFIN,N3,196,196,100.00
20,1560,MMFL,EQ,70916,57218,80.68
20,1561,MMP,EQ,15056,10766,71.51
20,1562,MMTC,EQ,1581615,413117,26.12
20,1563,MNC,EQ,32169,30550,94.97
20,1564,MOBIKWIK,EQ,9004474,432014,4.80
20,1565,MODEFENCE,EQ,430511,231579,53.79
20,1566,MODIRUBBER,EQ,1225,578,47.18
20,1567,MODISONLTD,EQ,36890,22722,61.59
20,1568,MOGSEC,EQ,8645,1846,21.35
20,1569,MOHEALTH,EQ,24318,17126,70.43
20,1570,MOIL,EQ,826632,341798,41.35
20,1571,MOKSH,EQ,763022,373388,48.94
20,1572,MOL,EQ,300975,139239,46.26
20,1573,MOLDTECH,EQ,59035,32259,54.64
20,1574,MOLDTKPAC,EQ,23777,13513,56.83
20,1575,MOLOWVOL,EQ,6950,5005,72.01
20,1576,MOM100,EQ,328776,157263,47.83
20,1577,MOM30IETF,EQ,5840061,5323974,91.16
20,1578,MOM50,EQ,11114,8419,75.75
20,1579,MOMENTUM,EQ,85171,69815,81.97
20,1580,MOMENTUM50,EQ,496716,375687,75.63
20,1581,MOMOMENTUM,EQ,138786,82688,59.58
20,1582,MON100,EQ,638509,365789,57.29
20,1583,MONARCH,EQ,383249,142356,37.14
20,1584,MONIFTY500,EQ,380279,279331,73.45
20,1585,MONOPHARMA,SM,2000,2000,100.00
20,1586,MONQ50,EQ,50822,42153,82.94
20,1587,MONTECARLO,EQ,43620,14422,33.06
20,1588,MOQUALITY,EQ,9707,7469,76.94
20,1589,MOREALTY,EQ,156310,114805,73.45
20,1590,MOREPENLAB,EQ,2675504,1100582,41.14
20,1591,MOS,ST,6000,6000,100.00
20,1592,MOSCHIP,EQ,152624,92371,60.52
20,1593,MOSMALL250,EQ,509110,413233,81.17
20,1594,MOTHERSON,EQ,16523378,8364533,50.62
20,1595,MOTILALOFS,EQ,24809182,2219717,8.95
20,1596,MOTISONS,EQ,2179515,1134789,52.07
20,1597,MOTOGENFIN,EQ,40417,25256,62.49
20,1598,MOVALUE,EQ,54051,39335,72.77
20,1599,MPHASIS,EQ,327625,169937,51.87
20,1600,MPSLTD,EQ,33388,14561,43.61
20,1601,MRF,EQ,5231,2565,49.03
20,1602,MRO-TEK,EQ,4260,1909,44.81
20,1603,MRPL,EQ,1491817,423176,28.37
20,1604,MSPL,EQ,398972,257664,64.58
20,1605,MSTCLTD,EQ,105514,43512,41.24
20,1606,MSUMI,EQ,5310477,4245341,79.94
20,1607,MTARTECH,EQ,38261,17209,44.98
20,1608,MTNL,EQ,68329488,12501250,18.30
20,1609,MUFIN,EQ,265183,106039,39.99
20,1610,MUFTI,EQ,114648,73347,63.98
20,1611,MUKANDLTD,EQ,98066,64226,65.49
20,1612,MUKKA,EQ,359041,151187,42.11
20,1613,MUKTAARTS,EQ,4763,2866,60.17
20,1614,MULTICAP,EQ,196845,168499,85.60
20,1615,MUNJALAU,EQ,75267,33449,44.44
20,1616,MUNJALSHOW,EQ,41767,25177,60.28
20,1617,MURUDCERA,EQ,36294,19937,54.93
20,1618,MUTHOOTCAP,EQ,71405,42753,59.87
20,1619,MUTHOOTFIN,EQ,546000,250742,45.92
20,1620,MUTHOOTMF,EQ,120214,72959,60.69
20,1621,MVGJL,EQ,907926,232568,25.62
20,1622,MVKAGRO,SM,55200,45600,82.61
20,1623,MWL,SM,10800,9600,88.89
20,1624,MYMUDRA,ST,3600,3600,100.00
20,1625,NACLIND,EQ,416470,234330,56.27
20,1626,NAGAFERT,EQ,374828,210595,56.18
20,1627,NAGREEKEXP,EQ,18060,11541,63.90
20,1628,NAHARCAP,EQ,9064,5301,58.48
20,1629,NAHARINDUS,EQ,30911,10955,35.44
20,1630,NAHARPOLY,EQ,17102,10489,61.33
20,1631,NAHARSPING,EQ,27610,15121,54.77
20,1632,NAMAN,ST,24800,24800,100.00
20,1633,NAM-INDIA,EQ,2756675,1391298,50.47
20,1634,NAMOEWASTE,ST,36800,28800,78.26
20,1635,NATCOPHARM,EQ,494594,218377,44.15
20,1636,NATHBIOGEN,EQ,8067,5145,63.78
20,1637,NATIONALUM,EQ,8336455,3132015,37.57
20,1638,NAUKRI,EQ,547553,171474,31.32
20,1639,NAVA,EQ,315119,149878,47.56
20,1640,NAVINFLUOR,EQ,174008,86854,49.91
20,1641,NAVKARCORP,EQ,763353,293510,38.45
20,1642,NAVNETEDUL,EQ,1463586,278408,19.02
20,1643,NAZARA,EQ,211360,90349,42.75
20,1644,NBCC,EQ,8167629,3401887,41.65
20,1645,NCC,EQ,13205767,4432654,33.57
20,1646,NCLIND,EQ,297050,114303,38.48
20,1647,NDL,EQ,4342238,3607440,83.08
20,1648,NDLVENTURE,EQ,9934,2791,28.10
20,1649,NDRAUTO,EQ,10514,4504,42.84
20,1650,NDTV,EQ,75893,26307,34.66
20,1651,NECCLTD,EQ,371327,99788,26.87
20,1652,NEELAM,ST,6000,6000,100.00
20,1653,NELCAST,EQ,88329,54342,61.52
20,1654,NELCO,EQ,38257,15602,40.78
20,1655,NEOGEN,EQ,45632,20849,45.69
20,1656,NEPHROCARE,SM,4400,4000,90.91
20,1657,NESCO,EQ,78800,42619,54.09
20,1658,NESTLEIND,EQ,1475295,852930,57.81
20,1659,NETF,EQ,798,506,63.41
20,1660,NETWEB,EQ,134822,54181,40.19
20,1661,NETWORK18,EQ,2942785,1221564,41.51
20,1662,NEULANDLAB,EQ,57425,41133,71.63
20,1663,NEWGEN,EQ,840446,304157,36.19
20,1664,NEWJAISA,SM,1500,1500,100.00
20,1665,NEXT30ADD,EQ,4508,1881,41.73
20,1666,NEXT50,EQ,8429,6062,71.92
20,1667,NEXT50IETF,EQ,600997,274676,45.70
20,1668,NFL,EQ,1151973,370681,32.18
20,1669,NGIL,EQ,79625,4767,5.99
20,1670,NGLFINE,EQ,79813,48089,60.25
20,1671,NH,EQ,98827,44789,45.32
20,1672,NHPC,EQ,12628688,5660124,44.82
20,1673,NIACL,EQ,486899,156625,32.17
20,1674,NIDAN,SM,4000,4000,100.00
20,1675,NIF100BEES,EQ,18042,13460,74.60
20,1676,NIF100IETF,EQ,171397,96317,56.20
20,1677,NIF10GETF,EQ,1116,1008,90.32
20,1678,NIF5GETF,EQ,489,489,100.00
20,1679,NIFITETF,EQ,570,453,79.47
20,1680,NIFMID150,EQ,664,453,68.22
20,1681,NIFTY1,EQ,53312,38821,72.82
20,1682,NIFTY50ADD,EQ,5893,3329,56.49
20,1683,NIFTYBEES,EQ,3446888,2242028,65.04
20,1684,NIFTYBETF,EQ,1431,1088,76.03
20,1685,NIFTYETF,EQ,99821,68124,68.25
20,1686,NIFTYIETF,EQ,340347,238677,70.13
20,1687,NIFTYQLITY,EQ,43576,31539,72.38
20,1688,NIITLTD,EQ,1238459,553251,44.67
20,1689,NIITMTS,EQ,55940,34486,61.65
20,1690,NILAINFRA,EQ,574850,231953,40.35
20,1691,NILKAMAL,EQ,25113,6755,26.90
20,1692,NINSYS,EQ,3035,1993,65.67
20,1693,NIPPOBATRY,EQ,7291,5839,80.09
20,1694,NIRAJ,EQ,34403,14480,42.09
20,1695,NIRAJISPAT,EQ,1,1,100.00
20,1696,NIRMAN,SM,103500,62700,60.58
20,1697,NITINSPIN,EQ,73588,35612,48.39
20,1698,NITIRAJ,EQ,6951,4690,67.47
20,1699,NIVABUPA,EQ,1533781,578693,37.73
20,1700,NLCINDIA,EQ,3768784,729096,19.35
20,1701,NMDC,EQ,15215384,6406345,42.10
20,1702,NMSTEEL,ST,4800,3200,66.67
20,1703,NOCIL,EQ,182951,83987,45.91
20,1704,NORTHARC,EQ,226152,130963,57.91
20,1705,NOVAAGRI,EQ,123217,52458,42.57
20,1706,NPBET,EQ,1692,1090,64.42
20,1707,NPST,SM,10800,8050,74.54
20,1708,NRAIL,EQ,3375,2438,72.24
20,1709,NRBBEARING,EQ,95940,52096,54.30
20,1710,NRL,EQ,70647,40980,58.01
20,1711,NSIL,EQ,11840,6589,55.65
20,1712,NSLNISP,EQ,2449160,1058096,43.20
20,1713,NTPC,EQ,12226722,8857241,72.44
20,1714,NTPCGREEN,EQ,7267151,3574522,49.19
20,1715,NUCLEUS,EQ,25172,15086,59.93
20,1716,NUVAMA,EQ,198227,69534,35.08
20,1717,NUVOCO,EQ,95963,48108,50.13
20,1718,NV20,EQ,36302,33203,91.46
20,1719,NV20BEES,EQ,16712,12584,75.30
20,1720,NV20IETF,EQ,631808,367046,58.09
20,1721,NXST,RR,758716,636928,83.95
20,1722,NYKAA,EQ,6478731,3507693,54.14
20,1723,OAL,EQ,15291,9870,64.55
20,1724,OBCL,EQ,16857,10478,62.16
20,1725,OBEROIRLTY,EQ,433038,223393,51.59
20,1726,OBSCP,ST,262800,254400,96.80
20,1727,OCCL,EQ,7909,4014,50.75
20,1728,OCCLLTD,EQ,84335,54867,65.06
20,1729,OFSS,EQ,117659,59090,50.22
20,1730,OIL,EQ,4779988,1458595,30.51
20,1731,OILCOUNTUB,EQ,38574,38574,100.00
20,1732,OILIETF,EQ,1203981,743619,61.76
20,1733,OLAELEC,EQ,23581873,7050365,29.90
20,1734,OLECTRA,EQ,356504,110398,30.97
20,1735,OLIL,SM,27600,22800,82.61
20,1736,OMAXAUTO,EQ,9868,6547,66.35
20,1737,OMAXE,EQ,53577,17181,32.07
20,1738,OMFURN,ST,2400,2400,100.00
20,1739,OMINFRAL,EQ,60174,17175,28.54
20,1740,ONDOOR,ST,900,900,100.00
20,1741,ONELIFECAP,EQ,7410,4100,55.33
20,1742,ONEPOINT,EQ,812508,424561,52.25
20,1743,ONGC,EQ,11590755,4657334,40.18
20,1744,ONMOBILE,EQ,998125,364870,36.56
20,1745,ONWARDTEC,EQ,691545,102196,14.78
20,1746,ONYX,ST,8000,8000,100.00
20,1747,OPTIEMUS,EQ,258269,189314,73.30
20,1748,ORCHPHARMA,EQ,114616,47969,41.85
20,1749,ORIANA,SM,41325,25350,61.34
20,1750,ORICONENT,EQ,1004427,401457,39.97
20,1751,ORIENTALTL,EQ,146733,29715,20.25
20,1752,ORIENTBELL,EQ,39918,28028,70.21
20,1753,ORIENTCEM,EQ,1258622,1123573,89.27
20,1754,ORIENTCER,EQ,27882,13187,47.30
20,1755,ORIENTELEC,EQ,443264,337596,76.16
20,1756,ORIENTHOT,EQ,287011,188696,65.75
20,1757,ORIENTPPR,EQ,460280,266156,57.82
20,1758,ORIENTTECH,EQ,418002,240774,57.60
20,1759,ORISSAMINE,EQ,4204,2979,70.86
20,1760,ORTINGLOBE,EQ,13214,5679,42.98
20,1761,OSELDEVICE,ST,3200,3200,100.00
20,1762,OSWALAGRO,EQ,9389,9389,100.00
20,1763,OSWALGREEN,EQ,239178,104508,43.69
20,1764,OWAIS,SM,13500,11000,81.48
20,1765,PAGEIND,EQ,96888,29345,30.29
20,1766,PAISALO,EQ,1457508,543308,37.28
20,1767,PAKKA,EQ,130688,75433,57.72
20,1768,PALASHSECU,EQ,2662,1361,51.13
20,1769,PANACEABIO,EQ,86482,73613,85.12
20,1770,PANAMAPET,EQ,19115,11739,61.41
20,1771,PANSARI,EQ,248,165,66.53
20,1772,PARACABLES,EQ,1394208,634729,45.53
20,1773,PARADEEP,EQ,3914242,1196832,30.58
20,1774,PARAGMILK,EQ,224720,117163,52.14
20,1775,PARAGON,ST,9600,9600,100.00
20,1776,PARAMATRIX,SM,6000,4800,80.00
20,1777,PARAMOUNT,SM,7200,7200,100.00
20,1778,PARAS,EQ,79316,37557,47.35
20,1779,PARASPETRO,EQ,316273,282269,89.25
20,1780,PARIN,ST,2000,2000,100.00
20,1781,PARKHOTELS,EQ,438635,286307,65.27
20,1782,PARTYCRUS,SM,55000,54000,98.18
20,1783,PASHUPATI,ST,3200,3200,100.00
20,1784,PASUPTAC,EQ,46691,30139,64.55
20,1785,PATANJALI,EQ,1453767,433975,29.85
20,1786,PATELENG,EQ,1988894,1146221,57.63
20,1787,PATINTLOG,EQ,157568,59562,37.80
20,1788,PAVNAIND,EQ,2057,1315,63.93
20,1789,PAYTM,EQ,4143339,842189,20.33
20,1790,PCBL,EQ,1262760,450520,35.68
20,1791,PCCL,SM,13600,9600,70.59
20,1792,PCJEWELLER,EQ,6779888,6226835,91.84
20,1793,PDMJEPAPER,EQ,142483,92285,64.77
20,1794,PDSL,EQ,32819,19220,58.56
20,1795,PEARLPOLY,EQ,6375,4194,65.79
20,1796,PEL,EQ,356118,145574,40.88
20,1797,PELATRO,ST,2400,1800,75.00
20,1798,PENIND,EQ,307863,131471,42.70
20,1799,PENINLAND,EQ,898325,398837,44.40
20,1800,PENTAGON,SM,36000,18000,50.00
20,1801,PERFECT,ST,33000,33000,100.00
20,1802,PERSISTENT,EQ,342294,183411,53.58
20,1803,PETRONET,EQ,2433562,1328975,54.61
20,1804,PFC,EQ,7661250,4130579,53.92
20,1805,PFIZER,EQ,39060,24530,62.80
20,1806,PFOCUS,EQ,42366,28970,68.38
20,1807,PFS,EQ,598906,281923,47.07
20,1808,PGEL,EQ,1117432,483912,43.31
20,1809,PGHH,EQ,1414,825,58.35
20,1810,PGHL,EQ,6709,3644,54.32
20,1811,PGIL,EQ,187414,127028,67.78
20,1812,PGINVIT,IV,1136892,1044562,91.88
20,1813,PHANTOMFX,ST,4200,4200,100.00
20,1814,PHARMABEES,EQ,2646316,1403506,53.04
20,1815,PHOENIXLTD,EQ,504015,224716,44.59
20,1816,PHOGLOBAL,ST,22000,22000,100.00
20,1817,PIDILITIND,EQ,183765,105646,57.49
20,1818,PIIND,EQ,358394,231071,64.47
20,1819,PILANIINVS,EQ,2403,1365,56.80
20,1820,PILITA,EQ,168705,89978,53.33
20,1821,PITTIENG,EQ,44927,24597,54.75
20,1822,PIXTRANS,EQ,10297,5296,51.43
20,1823,PLADAINFO,SM,18000,12000,66.67
20,1824,PLASTIBLEN,EQ,4265,3215,75.38
20,1825,PLATIND,EQ,151462,68568,45.27
20,1826,PLAZACABLE,EQ,17178,9846,57.32
20,1827,PNB,EQ,27382286,9968897,36.41
20,1828,PNBGILTS,EQ,264568,109182,41.27
20,1829,PNBHOUSING,EQ,657460,294471,44.79
20,1830,PNC,EQ,14501,10000,68.96
20,1831,PNCINFRA,EQ,390007,203411,52.16
20,1832,PNGJL,EQ,341265,158942,46.57
20,1833,POCL,EQ,45149,36395,80.61
20,1834,PODDARMENT,EQ,2394,1891,78.99
20,1835,POKARNA,EQ,80404,33978,42.26
20,1836,POLICYBZR,EQ,1321880,831124,62.87
20,1837,POLYCAB,EQ,341372,191512,56.10
20,1838,POLYMED,EQ,136750,63446,46.40
20,1839,POLYPLEX,EQ,119380,67475,56.52
20,1840,POLYSIL,SM,12000,10000,83.33
20,1841,PONNIERODE,EQ,4354,2666,61.23
20,1842,POONAWALLA,EQ,1104992,401560,36.34
20,1843,POSITRON,SM,5400,4800,88.89
20,1844,POWERGRID,EQ,15337191,9614683,62.69
20,1845,POWERINDIA,EQ,78475,24637,31.39
20,1846,PPAP,EQ,5352,3765,70.35
20,1847,PPL,EQ,81595,32100,39.34
20,1848,PPLPHARMA,EQ,2951508,1257293,42.60
20,1849,PPSL,SM,12000,12000,100.00
20,1850,PRAENG,EQ,92949,51982,55.93
20,1851,PRAJIND,EQ,1213159,449597,37.06
20,1852,PRAKASH,EQ,376263,191042,50.77
20,1853,PRAKASHSTL,EQ,244017,165202,67.70
20,1854,PRAMARA,SM,28000,24000,85.71
20,1855,PRANIK,SM,33600,24000,71.43
20,1856,PRATHAM,ST,8400,8000,95.24
20,1857,PRECAM,EQ,119424,44766,37.48
20,1858,PRECISION,ST,6000,6000,100.00
20,1859,PRECWIRE,EQ,141564,74972,52.96
20,1860,PREMEXPLN,EQ,97102,43876,45.19
20,1861,PREMIERENE,EQ,1896868,426941,22.51
20,1862,PREMIUM,SM,3000,3000,100.00
20,1863,PRESSTONIC,ST,1600,1600,100.00
20,1864,PRESTIGE,EQ,1371415,874308,63.75
20,1865,PRICOLLTD,EQ,85963,35095,40.83
20,1866,PRIMESECU,EQ,32254,13671,42.39
20,1867,PRINCEPIPE,EQ,106521,54851,51.49
20,1868,PRITI,EQ,11810,8309,70.36
20,1869,PRITIKA,ST,7000,7000,100.00
20,1870,PRITIKAUTO,EQ,93607,54648,58.38
20,1871,PRIVISCL,EQ,11719,6527,55.70
20,1872,PRIZOR,ST,7200,7200,100.00
20,1873,PRLIND,SM,11000,10000,90.91
20,1874,PROLIFE,SM,500,500,100.00
20,1875,PROPEQUITY,SM,600,600,100.00
20,1876,PRSMJOHNSN,EQ,1709605,401007,23.46
20,1877,PRUDENT,EQ,140124,82834,59.11
20,1878,PSB,EQ,754339,231595,30.70
20,1879,PSFL,SM,144000,104000,72.22
20,1880,PSPPROJECT,EQ,25432,13803,54.27
20,1881,PSUBANK,EQ,10746,6698,62.33
20,1882,PSUBANKADD,EQ,4186,2773,66.24
20,1883,PSUBNKBEES,EQ,1568487,792490,50.53
20,1884,PSUBNKIETF,EQ,128480,63552,49.46
20,1885,PTC,EQ,1632232,1173688,71.91
20,1886,PTCIL,EQ,4796,2261,47.14
20,1887,PTL,EQ,13383,9704,72.51
20,1888,PULZ,ST,26000,24000,92.31
20,1889,PUNJABCHEM,EQ,6495,4471,68.84
20,1890,PURPLEUTED,SM,7000,6000,85.71
20,1891,PURVA,EQ,60378,25362,42.01
20,1892,PURVFLEXI,SM,7200,5600,77.78
20,1893,PVP,EQ,183883,96248,52.34
20,1894,PVRINOX,EQ,592510,251373,42.43
20,1895,PVSL,EQ,22595,10964,48.52
20,1896,PVTBANIETF,EQ,1349058,783564,58.08
20,1897,PVTBANKADD,EQ,63346,42428,66.98
20,1898,PYRAMID,EQ,34171,18634,54.53
20,1899,QGOLDHALF,EQ,46890,33421,71.28
20,1900,QNIFTY,EQ,219,213,97.26
20,1901,QUADFUTURE,EQ,10076439,840652,8.34
20,1902,QUADPRO,SM,264000,204000,77.27
20,1903,QUAL30IETF,EQ,601253,520237,86.53
20,1904,QUESS,EQ,308016,147085,47.75
20,1905,QUESTLAB,ST,24000,24000,100.00
20,1906,QUICKHEAL,EQ,191216,65808,34.42
20,1907,QUICKTOUCH,ST,8500,7500,88.24
20,1908,QVCEL,ST,6400,6400,100.00
20,1909,RACE,EQ,94048,41022,43.62
20,1910,RACLGEAR,EQ,5028,3573,71.06
20,1911,RADHIKAJWE,EQ,569063,195475,34.35
20,1912,RADIANTCMS,EQ,73322,49510,67.52
20,1913,RADICO,EQ,128647,68418,53.18
20,1914,RADIOCITY,EQ,138012,116816,84.64
20,1915,RADIOCITY,P1,24,12,50.00
20,1916,RADIOWALLA,SM,1600,1600,100.00
20,1917,RAILTEL,EQ,1356976,360143,26.54
20,1918,RAIN,EQ,659870,364768,55.28
20,1919,RAINBOW,EQ,128667,86255,67.04
20,1920,RAJESHEXPO,EQ,549996,221406,40.26
20,1921,RAJINDLTD,SM,337500,231000,68.44
20,1922,RAJMET,EQ,542077,360023,66.42
20,1923,RAJPUTANA,SM,8000,6000,75.00
20,1924,RAJRATAN,EQ,25170,13171,52.33
20,1925,RAJSREESUG,EQ,20480,13619,66.50
20,1926,RALLIS,EQ,575297,278619,48.43
20,1927,RAMANEWS,EQ,45610,27143,59.51
20,1928,RAMAPHO,EQ,29675,16223,54.67
20,1929,RAMASTEEL,EQ,6729623,2563400,38.09
20,1930,RAMCOCEM,EQ,614423,344443,56.06
20,1931,RAMCOIND,EQ,24743,10938,44.21
20,1932,RAMCOSYS,EQ,200700,59740,29.77
20,1933,RAMKY,EQ,15269,9294,60.87
20,1934,RAMRAT,EQ,71363,56191,78.74
20,1935,RANASUG,EQ,127055,70281,55.32
20,1936,RANEENGINE,EQ,4952,3282,66.28
20,1937,RANEHOLDIN,EQ,5769,3039,52.68
20,1938,RAPPID,ST,6000,4800,80.00
20,1939,RATEGAIN,EQ,236397,174570,73.85
20,1940,RATNAMANI,EQ,35138,17479,49.74
20,1941,RATNAVEER,EQ,179013,75987,42.45
20,1942,RAYMOND,EQ,250581,67974,27.13
20,1943,RAYMONDLSL,EQ,183195,83196,45.41
20,1944,RBA,EQ,1304646,685727,52.56
20,1945,RBL,EQ,8303,4736,57.04
20,1946,RBLBANK,EQ,8344739,2546529,30.52
20,1947,RBMINFRA,SM,18200,18200,100.00
20,1948,RBS,ST,8000,8000,100.00
20,1949,RBZJEWEL,EQ,18111,18110,99.99
20,1950,RCF,EQ,1507277,421632,27.97
20,1951,RECLTD,EQ,9545772,4551286,47.68
20,1952,REDINGTON,EQ,2346092,775121,33.04
20,1953,REDTAPE,EQ,419594,149208,35.56
20,1954,REFRACTORY,ST,6000,6000,100.00
20,1955,RELAXO,EQ,108570,52866,48.69
20,1956,RELCHEMQ,EQ,46624,21542,46.20
20,1957,RELIABLE,EQ,2559,1357,53.03
20,1958,RELIANCE,EQ,10112028,6985210,69.08
20,1959,RELIGARE,EQ,5281123,3648426,69.08
20,1960,RELINFRA,EQ,3782970,1732474,45.80
20,1961,RELTD,EQ,340358,170369,50.06
20,1962,REMSONSIND,EQ,58389,40880,70.01
20,1963,REMUS,SM,3000,2300,76.67
20,1964,RENUKA,EQ,2593915,872945,33.65
20,1965,REPCOHOME,EQ,87132,47681,54.72
20,1966,REPRO,EQ,637251,445685,69.94
20,1967,RESPONIND,EQ,130479,84853,65.03
20,1968,RETAIL,EQ,3266,2063,63.17
20,1969,REXPIPES,SM,12000,12000,100.00
20,1970,REXPRO,ST,423000,406000,95.98
20,1971,RGL,EQ,433786,165987,38.26
20,1972,RHIM,EQ,42651,18401,43.14
20,1973,RICHA,SM,2000,2000,100.00
20,1974,RICOAUTO,EQ,193622,93661,48.37
20,1975,RIIL,EQ,118438,26067,22.01
20,1976,RILINFRA,SM,25100,17200,68.53
20,1977,RISHABH,EQ,18119,8884,49.03
20,1978,RITCO,EQ,32368,19358,59.81
20,1979,RITES,EQ,1169341,405455,34.67
20,1980,RKDL,EQ,18245,11600,63.58
20,1981,RKEC,EQ,28821,12998,45.10
20,1982,RKFORGE,EQ,333709,108074,32.39
20,1983,RKSWAMY,EQ,25643,15720,61.30
20,1984,RMDRIP,ST,1000,1000,100.00
20,1985,RML,EQ,3745,1777,47.45
20,1986,RNFI,ST,43200,43200,100.00
20,1987,ROCKINGDCE,SM,7000,5250,75.00
20,1988,ROHLTD,EQ,38276,19739,51.57
20,1989,ROLEXRINGS,EQ,72206,65563,90.80
20,1990,ROML,EQ,3033,1667,54.96
20,1991,ROSSARI,EQ,18329,8608,46.96
20,1992,ROSSTECH,EQ,20738,11677,56.31
20,1993,ROTO,EQ,45113,23040,51.07
20,1994,ROUTE,EQ,72969,50268,68.89
20,1995,ROXHITECH,ST,52800,51200,96.97
20,1996,RPEL,EQ,27277,13264,48.63
20,1997,RPGLIFE,EQ,21654,8862,40.93
20,1998,RPOWER,EQ,16432223,7353108,44.75
20,1999,RPPL,EQ,145489,92743,63.75
20,2000,RPSGVENT,EQ,69982,43359,61.96
20,2001,RPTECH,EQ,138253,49292,35.65
20,2002,RRKABEL,EQ,74601,37075,49.70
20,2003,RSWM,EQ,44095,28842,65.41
20,2004,RSYSTEMS,EQ,82450,56993,69.12
20,2005,RTNINDIA,EQ,1882357,653933,34.74
20,2006,RTNPOWER,EQ,9373270,5279555,56.33
20,2007,RUBFILA,EQ,39220,23641,60.28
20,2008,RUBYMILLS,EQ,6350,3471,54.66
20,2009,RUCHINFRA,EQ,60957,45825,75.18
20,2010,RUCHIRA,EQ,13549,8468,62.50
20,2011,RULKA,ST,7800,6900,88.46
20,2012,RUPA,EQ,65281,28587,43.79
20,2013,RUSHIL,EQ,311271,190720,61.27
20,2014,RUSTOMJEE,EQ,24877,13183,52.99
20,2015,RVNL,EQ,10360639,1849258,17.85
20,2016,RVTH,EQ,347,259,74.64
20,2017,SAAKSHI,SM,20400,18000,88.24
20,2018,SABAR,ST,45000,45000,100.00
20,2019,SADBHIN,EQ,112942,83839,74.23
20,2020,SADHAV,SM,9000,6600,73.33
20,2021,SADHNANIQ,EQ,479638,319948,66.71
20,2022,SAFARI,EQ,168418,122982,73.02
20,2023,SAGARDEEP,EQ,28050,5976,21.30
20,2024,SAGCEM,EQ,18095,11487,63.48
20,2025,SAHAJ,SM,28000,24000,85.71
20,2026,SAHAJSOLAR,SM,18800,14600,77.66
20,2027,SAHANA,ST,10875,9625,88.51
20,2028,SAHASRA,SM,51200,36400,71.09
20,2029,SAHYADRI,EQ,6491,5339,82.25
20,2030,SAIFL,SM,19200,13600,70.83
20,2031,SAIL,EQ,12920395,2956121,22.88
20,2032,SAILIFE,EQ,244669,127098,51.95
20,2033,SAJHOTELS,ST,238000,236000,99.16
20,2034,SAKAR,EQ,5852,2776,47.44
20,2035,SAKHTISUG,EQ,217901,117866,54.09
20,2036,SAKSOFT,EQ,148922,64817,43.52
20,2037,SALASAR,EQ,2900465,1123422,38.73
20,2038,SALONA,EQ,508,356,70.08
20,2039,SALSTEEL,EQ,34636,17263,49.84
20,2040,SALZERELEC,EQ,148124,63967,43.18
20,2041,SAMHI,EQ,1065751,708416,66.47
20,2042,SAMMAANCAP,EQ,7708153,4844994,62.86
20,2043,SANATHAN,EQ,350998,131852,37.56
20,2044,SANDESH,EQ,607,363,59.80
20,2045,SANDHAR,EQ,53786,32511,60.45
20,2046,SANDUMA,EQ,72149,32292,44.76
20,2047,SANGAMIND,EQ,27473,9988,36.36
20,2048,SANGANI,ST,3000,3000,100.00
20,2049,SANGHIIND,EQ,752585,219006,29.10
20,2050,SANGHVIMOV,EQ,242386,124293,51.28
20,2051,SANGINITA,EQ,33466,26340,78.71
20,2052,SANOFI,EQ,3806,2021,53.10
20,2053,SANOFICONR,EQ,5298,3054,57.64
20,2054,SANSERA,EQ,167288,103372,61.79
20,2055,SANSTAR,EQ,270684,133747,49.41
20,2056,SAPPHIRE,EQ,318734,205132,64.36
20,2057,SARDAEN,EQ,236406,100899,42.68
20,2058,SAREGAMA,EQ,824596,159631,19.36
20,2059,SARTELE,SM,788000,255000,32.36
20,2060,SARVESHWAR,EQ,2762950,1318538,47.72
20,2061,SASKEN,EQ,3180,1289,40.53
20,2062,SASTASUNDR,EQ,4450,2341,52.61
20,2063,SATECH,ST,26000,23000,88.46
20,2064,SATIA,EQ,218642,108130,49.46
20,2065,SATIN,EQ,236856,140795,59.44
20,2066,SATINDLTD,EQ,660813,194362,29.41
20,2067,SATIPOLY,SM,1000,1000,100.00
20,2068,SATKARTAR,SM,464000,329600,71.03
20,2069,SAURASHCEM,EQ,37604,23832,63.38
20,2070,SBC,EQ,3501518,1469824,41.98
20,2071,SBCL,EQ,123757,85141,68.80
20,2072,SBFC,EQ,1104939,600468,54.34
20,2073,SBGLP,EQ,452198,312742,69.16
20,2074,SBICARD,EQ,1378129,736848,53.47
20,2075,SBIETFCON,EQ,4451,3108,69.83
20,2076,SBIETFIT,EQ,2252,1172,52.04
20,2077,SBIETFPB,EQ,7148,4038,56.49
20,2078,SBIETFQLTY,EQ,1350,1291,95.63
20,2079,SBILIFE,EQ,791375,451717,57.08
20,2080,SBIN,EQ,13419162,6622567,49.35
20,2081,SBINEQWETF,EQ,14828,12006,80.97
20,2082,SBISILVER,EQ,117528,81067,68.98
20,2083,SCHAEFFLER,EQ,28580,20229,70.78
20,2084,SCHAND,EQ,50732,37685,74.28
20,2085,SCHNEIDER,EQ,181912,60150,33.07
20,2086,SCI,EQ,1221878,422695,34.59
20,2087,SCILAL,EQ,5921128,1436500,24.26
20,2088,SCL25924C,N1,100,100,100.00
20,2089,SCL25B,BI,5,5,100.00
20,2090,SCLZC25,YN,10,10,100.00
20,2091,SCML,SM,4000,3000,75.00
20,2092,SCPL,EQ,5102,3318,65.03
20,2093,SDBL,EQ,1244290,560381,45.04
20,2094,SDL26BEES,EQ,3909,2071,52.98
20,2095,SDREAMS,SM,2000,2000,100.00
20,2096,SEAMECLTD,EQ,59047,26478,44.84
20,2097,SECL,ST,6250,6250,100.00
20,2098,SECMARK,EQ,70,35,50.00
20,2099,SECURKLOUD,EQ,12483,8318,66.63
20,2100,SEJALLTD,EQ,4685,3146,67.15
20,2101,SEL,ST,3200,3200,100.00
20,2102,SELAN,EQ,65432,24617,37.62
20,2103,SELMC,EQ,16395,9029,55.07
20,2104,SENCO,EQ,629543,229808,36.50
20,2105,SENORES,EQ,1314420,344625,26.22
20,2106,SENSEXADD,EQ,483,339,70.19
20,2107,SENSEXETF,EQ,20528,19996,97.41
20,2108,SENSEXIETF,EQ,3317,2128,64.15
20,2109,SEPC,EQ,3074256,1286842,41.86
20,2110,SEQUENT,EQ,290380,186544,64.24
20,2111,SERVOTECH,EQ,431219,192817,44.71
20,2112,SESHAPAPER,EQ,4074,1897,46.56
20,2113,SETF10GILT,EQ,5683,4955,87.19
20,2114,SETFGOLD,EQ,3212556,2692138,83.80
20,2115,SETFNIF50,EQ,672996,527685,78.41
20,2116,SETFNIFBK,EQ,20592,12489,60.65
20,2117,SETFNN50,EQ,50238,39739,79.10
20,2118,SFL,EQ,201595,102418,50.80
20,2119,SFML,SM,28800,24000,83.33
20,2120,SGBAPR28I,GB,4749,4492,94.59
20,2121,SGBAUG27,GB,313,257,82.11
20,2122,SGBAUG28V,GB,1440,1099,76.32
20,2123,SGBAUG29V,GB,444,402,90.54
20,2124,SGBAUG30,GB,806,708,87.84
20,2125,SGBD29VIII,GB,1018,909,89.29
20,2126,SGBDC27VII,GB,6,5,83.33
20,2127,SGBDE30III,GB,263,193,73.38
20,2128,SGBDE31III,GB,3513,2944,83.80
20,2129,SGBDEC2512,GB,24,24,100.00
20,2130,SGBDEC26,GB,8,6,75.00
20,2131,SGBFEB27,GB,11,11,100.00
20,2132,SGBFEB29XI,GB,38,32,84.21
20,2133,SGBFEB32IV,GB,1599,1311,81.99
20,2134,SGBJ28VIII,GB,68,63,92.65
20,2135,SGBJAN26,GB,1,1,100.00
20,2136,SGBJAN27,GB,159,159,100.00
20,2137,SGBJAN29IX,GB,313,192,61.34
20,2138,SGBJAN29X,GB,84,62,73.81
20,2139,SGBJAN30IX,GB,205,173,84.39
20,2140,SGBJU29III,GB,253,223,88.14
20,2141,SGBJUL25,GB,123,67,54.47
20,2142,SGBJUL27,GB,38,36,94.74
20,2143,SGBJUL28IV,GB,430,398,92.56
20,2144,SGBJUL29IV,GB,479,385,80.38
20,2145,SGBJUN27,GB,3,3,100.00
20,2146,SGBJUN28,GB,161,149,92.55
20,2147,SGBJUN29II,GB,291,259,89.00
20,2148,SGBJUN30,GB,166,144,86.75
20,2149,SGBJUN31I,GB,1519,1236,81.37
20,2150,SGBMAR25,GB,28,25,89.29
20,2151,SGBMAR28X,GB,8,6,75.00
20,2152,SGBMAR30X,GB,181,116,64.09
20,2153,SGBMAR31IV,GB,301,211,70.10
20,2154,SGBMAY25,GB,97,79,81.44
20,2155,SGBMAY26,GB,112,92,82.14
20,2156,SGBMAY28,GB,770,693,90.00
20,2157,SGBMAY29I,GB,450,376,83.56
20,2158,SGBMR29XII,GB,506,364,71.94
20,2159,SGBN28VIII,GB,253,234,92.49
20,2160,SGBNOV25,GB,13,13,100.00
20,2161,SGBNOV258,GB,1,1,100.00
20,2162,SGBNOV25IX,GB,10,10,100.00
20,2163,SGBNOV25VI,GB,127,126,99.21
20,2164,SGBNOV26,GB,12,6,50.00
20,2165,SGBNV29VII,GB,559,373,66.73
20,2166,SGBOC28VII,GB,101,96,95.05
20,2167,SGBOCT25,GB,45,32,71.11
20,2168,SGBOCT25IV,GB,195,127,65.13
20,2169,SGBOCT26,GB,42,42,100.00
20,2170,SGBOCT27,GB,75,75,100.00
20,2171,SGBOCT27VI,GB,422,401,95.02
20,2172,SGBSEP27,GB,9,9,100.00
20,2173,SGBSEP28VI,GB,584,401,68.66
20,2174,SGBSEP29VI,GB,328,303,92.38
20,2175,SGBSEP31II,GB,2543,1703,66.97
20,2176,SGL,EQ,18261,10192,55.81
20,2177,SGLTL,EQ,1119678,361387,32.28
20,2178,SHAH,EQ,706985,467790,66.17
20,2179,SHAHALLOYS,EQ,10394,6749,64.93
20,2180,SHALBY,EQ,100373,50709,50.52
20,2181,SHALPAINTS,EQ,121611,61412,50.50
20,2182,SHANKARA,EQ,134185,61815,46.07
20,2183,SHANTI,EQ,43532,34133,78.41
20,2184,SHANTIGEAR,EQ,12978,7344,56.59
20,2185,SHARDACROP,EQ,217299,82756,38.08
20,2186,SHARDAMOTR,EQ,24615,8281,33.64
20,2187,SHAREINDIA,EQ,297098,88349,29.74
20,2188,SHARIABEES,EQ,2830,1725,60.95
20,2189,SHEETAL,SM,30000,20000,66.67
20,2190,SHEMAROO,EQ,24087,12964,53.82
20,2191,SHERA,SM,24000,14000,58.33
20,2192,SHIGAN,SM,1500,1500,100.00
20,2193,SHILPAMED,EQ,161609,89806,55.57
20,2194,SHIVALIK,EQ,254566,97395,38.26
20,2195,SHIVAMAUTO,EQ,89434,46634,52.14
20,2196,SHIVAMILLS,EQ,19896,6558,32.96
20,2197,SHIVATEX,EQ,10895,6542,60.05
20,2198,SHK,EQ,219676,150559,68.54
20,2199,SHOPERSTOP,EQ,24243,8052,33.21
20,2200,SHREDIGCEM,EQ,232540,133637,57.47
20,2201,SHREECEM,EQ,28456,12472,43.83
20,2202,SHREEKARNI,ST,1350,1050,77.78
20,2203,SHREEOSFM,SM,3000,2000,66.67
20,2204,SHREEPUSHK,EQ,148031,54130,36.57
20,2205,SHRENIK,EQ,1003678,635062,63.27
20,2206,SHREYANIND,EQ,15655,9745,62.25
20,2207,SHRIPISTON,EQ,103333,74643,72.24
20,2208,SHRIRAMFIN,EQ,6953215,3231907,46.48
20,2209,SHRIRAMPPS,EQ,1998457,1060240,53.05
20,2210,SHRITECH,SM,4000,4000,100.00
20,2211,SHUBHSHREE,ST,6000,3600,60.00
20,2212,SHYAMCENT,EQ,172335,132629,76.96
20,2213,SHYAMMETL,EQ,147511,62320,42.25
20,2214,SIDDHIKA,ST,7000,6000,85.71
20,2215,SIEMENS,EQ,550628,202559,36.79
20,2216,SIGACHI,EQ,3710625,1735513,46.77
20,2217,SIGIND,EQ,31100,16977,54.59
20,2218,SIGMA,EQ,4961,2338,47.13
20,2219,SIGNATURE,EQ,523102,69941,13.37
20,2220,SIGNORIA,ST,1000,1000,100.00
20,2221,SIKKO,EQ,42639,24486,57.43
20,2222,SIL,EQ,42178,31252,74.10
20,2223,SILGO,EQ,55668,18458,33.16
20,2224,SILINV,EQ,6283,4379,69.70
20,2225,SILKFLEX,SM,32000,32000,100.00
20,2226,SILLYMONKS,EQ,3578,2151,60.12
20,2227,SILVER,EQ,157369,112004,71.17
20,2228,SILVER1,EQ,145235,95531,65.78
20,2229,SILVERADD,EQ,54831,39046,71.21
20,2230,SILVERBEES,EQ,10392689,7838544,75.42
20,2231,SILVERETF,EQ,262834,203485,77.42
20,2232,SILVERIETF,EQ,1861111,1595598,85.73
20,2233,SILVERTUC,EQ,13414,5435,40.52
20,2234,SILVRETF,EQ,33660,24871,73.89
20,2235,SINCLAIR,EQ,43982,23955,54.47
20,2236,SINDHUTRAD,EQ,634323,247289,38.98
20,2237,SINTERCOM,EQ,6513,5081,78.01
20,2238,SIRCA,EQ,124533,96850,77.77
20,2239,SIS,EQ,50628,33392,65.96
20,2240,SIYSIL,EQ,161879,94659,58.48
20,2241,SJLOGISTIC,SM,129500,62000,47.88
20,2242,SJS,EQ,65662,28834,43.91
20,2243,SJVN,EQ,5272527,1328112,25.19
20,2244,SKFINDIA,EQ,27007,19382,71.77
20,2245,SKIPPER,EQ,750509,194721,25.95
20,2246,SKMEGGPROD,EQ,18433,9160,49.69
20,2247,SKP,SM,16000,10000,62.50
20,2248,SKYGOLD,EQ,68794,68794,100.00
20,2249,SLONE,ST,16800,16000,95.24
20,2250,SMALLCAP,EQ,1226892,872695,71.13
20,2251,SMCGLOBAL,EQ,142711,96068,67.32
20,2252,SMLISUZU,EQ,15709,7476,47.59
20,2253,SMLT,EQ,10896,6258,57.43
20,2254,SMSPHARMA,EQ,86358,39153,45.34
20,2255,SMVD,SM,32320,32320,100.00
20,2256,SNOWMAN,EQ,392183,208095,53.06
20,2257,SOBHA,EQ,541950,208403,38.45
20,2258,SOLARA,EQ,87545,61265,69.98
20,2259,SOLARAPP,E1,931,707,75.94
20,2260,SOLARINDS,EQ,320953,97094,30.25
20,2261,SOLEX,ST,16250,14000,86.15
20,2262,SOMANYCERA,EQ,20595,11818,57.38
20,2263,SOMICONVEY,EQ,11302,7493,66.30
20,2264,SONACOMS,EQ,2580847,1506551,58.37
20,2265,SONAMAC,ST,15000,13000,86.67
20,2266,SONAMLTD,EQ,441680,189342,42.87
20,2267,SONATSOFTW,EQ,266978,132007,49.44
20,2268,SOTL,EQ,17492,9076,51.89
20,2269,SOUTHBANK,EQ,10850229,3944169,36.35
20,2270,SOUTHWEST,EQ,218545,122541,56.07
20,2271,SPAL,EQ,30886,13677,44.28
20,2272,SPANDANA,EQ,444192,181709,40.91
20,2273,SPARC,EQ,468962,228170,48.65
20,2274,SPCL,ST,27000,26400,97.78
20,2275,SPECIALITY,EQ,38488,26873,69.82
20,2276,SPECTRUM,SM,4875,3000,61.54
20,2277,SPECTSTM,ST,21600,21600,100.00
20,2278,SPENCERS,EQ,158596,79156,49.91
20,2279,SPIC,EQ,293888,171382,58.32
20,2280,SPLIL,EQ,43186,29021,67.20
20,2281,SPLPETRO,EQ,109204,49084,44.95
20,2282,SPORTKING,EQ,125514,66285,52.81
20,2283,SPPPOLY,ST,12000,12000,100.00
20,2284,SPRL,ST,800,800,100.00
20,2285,SRD,EQ,20364,13931,68.41
20,2286,SREEL,EQ,7282,3363,46.18
20,2287,SRF,EQ,554628,273149,49.25
20,2288,SRGHFL,EQ,7757,2484,32.02
20,2289,SRHHYPOLTD,EQ,22910,11383,49.69
20,2290,SRIVASAVI,SM,6000,5000,83.33
20,2291,SSDL,EQ,44923,21106,46.98
20,2292,SSEGL,SM,40800,30200,74.02
20,2293,SSFL,SM,8500,6000,70.59
20,2294,S&SPOWER,EQ,2054,1182,57.55
20,2295,SSWL,EQ,122289,81599,66.73
20,2296,STALLION,EQ,5810821,2061808,35.48
20,2297,STANLEY,EQ,49495,22768,46.00
20,2298,STAR,EQ,766617,366993,47.87
20,2299,STARCEMENT,EQ,299764,121995,40.70
20,2300,STARHEALTH,EQ,2864641,2532313,88.40
20,2301,STARPAPER,EQ,22368,14459,64.64
20,2302,STARTECK,EQ,4409,1648,37.38
20,2303,STCINDIA,EQ,81301,26507,32.60
20,2304,STEELCAS,EQ,5115,2029,39.67
20,2305,STEELCITY,EQ,15087,7818,51.82
20,2306,STEELXIND,EQ,1300748,639923,49.20
20,2307,STEL,EQ,3687,2168,58.80
20,2308,STERTOOLS,EQ,417243,195496,46.85
20,2309,STLTECH,EQ,715448,377949,52.83
20,2310,STOVEKRAFT,EQ,100080,40023,39.99
20,2311,STYLAMIND,EQ,35811,26260,73.33
20,2312,STYLEBAAZA,EQ,312212,123891,39.68
20,2313,STYRENIX,EQ,37422,17820,47.62
20,2314,SUBEXLTD,EQ,2554237,1077496,42.18
20,2315,SUBROS,EQ,34968,14099,40.32
20,2316,SUDARSCHEM,EQ,130389,76384,58.58
20,2317,SUKHJITS,EQ,1975,1492,75.54
20,2318,SULA,EQ,300769,131787,43.82
20,2319,SUMICHEM,EQ,290148,126587,43.63
20,2320,SUMMITSEC,EQ,7258,2890,39.82
20,2321,SUNCLAY,EQ,16189,8628,53.30
20,2322,SUNDARAM,EQ,1080758,614900,56.90
20,2323,SUNDARMFIN,EQ,137343,51300,37.35
20,2324,SUNDARMHLD,EQ,51281,23211,45.26
20,2325,SUNDRMFAST,EQ,93744,74656,79.64
20,2326,SUNLITE,SM,10800,10800,100.00
20,2327,SUNPHARMA,EQ,1787905,1153070,64.49
20,2328,SUNREST,SM,3200,3200,100.00
20,2329,SUNTECK,EQ,90505,33903,37.46
20,2330,SUNTV,EQ,259859,100089,38.52
20,2331,SUPERHOUSE,EQ,3935,2385,60.61
20,2332,SUPERSPIN,EQ,69841,48083,68.85
20,2333,SUPRAJIT,EQ,46601,17364,37.26
20,2334,SUPREME,EQ,78090,47746,61.14
20,2335,SUPREMEIND,EQ,145710,65920,45.24
20,2336,SUPREMEPWR,ST,141500,137500,97.17
20,2337,SUPRIYA,EQ,583929,267856,45.87
20,2338,SURAJEST,EQ,204874,136887,66.82
20,2339,SURAKSHA,EQ,153727,80309,52.24
20,2340,SURANASOL,EQ,104860,62415,59.52
20,2341,SURANAT&P,EQ,46735,25545,54.66
20,2342,SURANI,ST,2000,2000,100.00
20,2343,SURYALAXMI,EQ,4148,3455,83.29
20,2344,SURYAROSNI,EQ,228311,105975,46.42
20,2345,SURYODAY,EQ,238407,154201,64.68
20,2346,SUTLEJTEX,EQ,38485,17660,45.89
20,2347,SUVEN,EQ,414253,201942,48.75
20,2348,SUVENPHAR,EQ,230325,161660,70.19
20,2349,SUVIDHAA,EQ,874510,421744,48.23
20,2350,SUYOG,EQ,36175,29357,81.15
20,2351,SUZLON,EQ,37787329,21994179,58.21
20,2352,SWANENERGY,EQ,1028401,344516,33.50
20,2353,SWARAJ,SM,19500,14500,74.36
20,2354,SWARAJENG,EQ,8076,4431,54.87
20,2355,SWASTIK,SM,21600,20400,94.44
20,2356,SWELECTES,EQ,10649,4217,39.60
20,2357,SWIGGY,EQ,15784590,5347928,33.88
20,2358,SWSOLAR,EQ,1126973,551092,48.90
20,2359,SYLVANPLY,SM,16000,14000,87.50
20,2360,SYMPHONY,EQ,1101643,230706,20.94
20,2361,SYNCOMF,EQ,1083483,597470,55.14
20,2362,SYNGENE,EQ,1590628,1228059,77.21
20,2363,SYNOPTICS,SM,3600,2400,66.67
20,2364,SYRMA,EQ,1209487,560397,46.33
20,2365,SYSTANGO,SM,28800,12800,44.44
20,2366,TAC,ST,20800,19800,95.19
20,2367,TAINWALCHM,EQ,10656,5575,52.32
20,2368,TAJGVK,EQ,531133,169942,32.00
20,2369,TALBROAUTO,EQ,34376,18589,54.08
20,2370,TANLA,EQ,573847,228982,39.90
20,2371,TARC,EQ,166043,144591,87.08
20,2372,TARIL,EQ,243127,123293,50.71
20,2373,TARMAT,EQ,15281,11165,73.06
20,2374,TARSONS,EQ,60434,21029,34.80
20,2375,TASTYBITE,EQ,1119,493,44.06
20,2376,TATACHEM,EQ,886319,221206,24.96
20,2377,TATACOMM,EQ,265015,157898,59.58
20,2378,TATACONSUM,EQ,1628436,922043,56.62
20,2379,TATAELXSI,EQ,66079,23694,35.86
20,2380,TATAGOLD,EQ,11953364,9983117,83.52
20,2381,TATAINVEST,EQ,15460,6412,41.47
20,2382,TATAMOTORS,EQ,12907325,4035661,31.27
20,2383,TATAPOWER,EQ,16453177,5139285,31.24
20,2384,TATASTEEL,EQ,16958362,6773457,39.94
20,2385,TATATECH,EQ,769632,324374,42.15
20,2386,TATSILV,EQ,2219958,1411532,63.58
20,2387,TATVA,EQ,26798,18037,67.31
20,2388,TBI,SM,34800,34800,100.00
20,2389,TBOTEK,EQ,38835,24295,62.56
20,2390,TBZ,EQ,235640,128593,54.57
20,2391,TCHF30,NB,200,200,100.00
20,2392,TCI,EQ,12139,7146,58.87
20,2393,TCIEXP,EQ,14501,7841,54.07
20,2394,TCL,SM,48800,31200,63.93
20,2395,TCLCONS,EQ,151906,56873,37.44
20,2396,TCPLPACK,EQ,1270,551,43.39
20,2397,TCS,EQ,1693912,1199334,70.80
20,2398,TDPOWERSYS,EQ,640377,289607,45.22
20,2399,TEAMLEASE,EQ,23755,12823,53.98
20,2400,TECH,EQ,540476,515252,95.33
20,2401,TECHERA,ST,59200,57600,97.30
20,2402,TECHLABS,ST,56000,52500,93.75
20,2403,TECHM,EQ,1449280,929161,64.11
20,2404,TECHNOE,EQ,658156,386291,58.69
20,2405,TECILCHEM,EQ,386,369,95.60
20,2406,TEGA,EQ,732652,130560,17.82
20,2407,TEJASNET,EQ,575536,211535,36.75
20,2408,TEXINFRA,EQ,484710,308595,63.67
20,2409,TEXMOPIPES,EQ,69138,52295,75.64
20,2410,TEXRAIL,EQ,1789649,654627,36.58
20,2411,TFCILTD,EQ,492807,250434,50.82
20,2412,TGBHOTELS,EQ,27375,18767,68.56
20,2413,TGL,ST,53200,48000,90.23
20,2414,THANGAMAYL,EQ,409155,82741,20.22
20,2415,THEINVEST,EQ,14757,10452,70.83
20,2416,THEJO,EQ,6338,2133,33.65
20,2417,THEMISMED,EQ,79879,46790,58.58
20,2418,THERMAX,EQ,318086,148316,46.63
20,2419,THOMASCOOK,EQ,1175688,480144,40.84
20,2420,THYROCARE,EQ,41935,23387,55.77
20,2421,TI,EQ,2485944,711766,28.63
20,2422,TIIL,EQ,8275,5060,61.15
20,2423,TIINDIA,EQ,309813,161828,52.23
20,2424,TIL,EQ,12872,6173,47.96
20,2425,TIMETECHNO,EQ,1432298,501564,35.02
20,2426,TIMKEN,EQ,229385,198845,86.69
20,2427,TIPSMUSIC,EQ,664381,418056,62.92
20,2428,TIRUMALCHM,EQ,141709,66382,46.84
20,2429,TIRUPATI,SM,5000,5000,100.00
20,2430,TITAGARH,EQ,3224606,507529,15.74
20,2431,TITAN,EQ,2165947,614331,28.36
20,2432,TMB,EQ,39313,26110,66.42
20,2433,TNIDETF,EQ,54330,43383,79.85
20,2434,TNPETRO,EQ,250835,82797,33.01
20,2435,TNPL,EQ,97005,53178,54.82
20,2436,TOKYOPLAST,EQ,1804,1253,69.46
20,2437,TOLINS,EQ,125998,50487,40.07
20,2438,TOP100CASE,EQ,584578,473087,80.93
20,2439,TOP10ADD,EQ,165895,151429,91.28
20,2440,TORNTPHARM,EQ,736148,527872,71.71
20,2441,TORNTPOWER,EQ,2640132,514377,19.48
20,2442,TOTAL,EQ,10547,7344,69.63
20,2443,TOUCHWOOD,EQ,35458,28535,80.48
20,2444,TPLPLASTEH,EQ,259860,35550,13.68
20,2445,TRACXN,EQ,171239,71028,41.48
20,2446,TRANSRAILL,EQ,2901366,482137,16.62
20,2447,TRANSTEEL,ST,76000,72000,94.74
20,2448,TRANSWORLD,EQ,14115,7311,51.80
20,2449,TREEHOUSE,EQ,5181,3106,59.95
20,2450,TREJHARA,EQ,12223,8655,70.81
20,2451,TREL,EQ,230837,85293,36.95
20,2452,TRENT,EQ,1428644,543547,38.05
20,2453,TRF,EQ,20279,9838,48.51
20,2454,TRIDENT,EQ,2980285,1086723,36.46
20,2455,TRIDHYA,SM,96000,78000,81.25
20,2456,TRIGYN,EQ,55589,30670,55.17
20,2457,TRITURBINE,EQ,2448809,1081554,44.17
20,2458,TRIVENI,EQ,842376,240378,28.54
20,2459,TROM,SM,6600,4200,63.64
20,2460,TRUST,ST,63000,57600,91.43
20,2461,TTKHLTCARE,EQ,42412,38239,90.16
20,2462,TTKPRESTIG,EQ,27905,17376,62.27
20,2463,TTML,EQ,30107319,2246191,7.46
20,2464,TUNWAL,SM,36000,20000,55.56
20,2465,TVSELECT,EQ,13349,3358,25.16
20,2466,TVSHLTD,EQ,4901,2382,48.60
20,2467,TVSMOTOR,EQ,594760,325107,54.66
20,2468,TVSSCS,EQ,381643,158541,41.54
20,2469,TVSSRICHAK,EQ,1348,927,68.77
20,2470,TVTODAY,EQ,211045,73269,34.72
20,2471,UBL,EQ,398342,125330,31.46
20,2472,UCOBANK,EQ,5004399,1521656,30.41
20,2473,UDAICEMENT,EQ,158038,94249,59.64
20,2474,UDS,EQ,260194,114233,43.90
20,2475,UFLEX,EQ,28112,17448,62.07
20,2476,UFO,EQ,137997,75460,54.68
20,2477,UGARSUGAR,EQ,264181,124821,47.25
20,2478,UGROCAP,EQ,110914,74693,67.34
20,2479,UHTL,ST,16000,14000,87.50
20,2480,UJJIVANSFB,EQ,6400235,2721049,42.51
20,2481,ULTRACEMCO,EQ,236897,127387,53.77
20,2482,UMA,SM,20000,16000,80.00
20,2483,UMAEXPORTS,EQ,37739,21891,58.01
20,2484,UMESLTD,EQ,12289,10125,82.39
20,2485,UNICHEMLAB,EQ,57160,36888,64.53
20,2486,UNIDT,EQ,9552,5853,61.28
20,2487,UNIECOM,EQ,373097,123150,33.01
20,2488,UNIENTER,EQ,22761,11826,51.96
20,2489,UNIHEALTH,SM,3000,2000,66.67
20,2490,UNIINFO,EQ,15780,7813,49.51
20,2491,UNILEX,SM,16000,14400,90.00
20,2492,UNIMECH,EQ,100837,29814,29.57
20,2493,UNIONBANK,EQ,32829349,10885591,33.16
20,2494,UNIPARTS,EQ,43509,21597,49.64
20,2495,UNITDSPR,EQ,819735,426024,51.97
20,2496,UNITEDTEA,EQ,2666,1509,56.60
20,2497,UNIVCABLES,EQ,18356,11365,61.91
20,2498,UNOMINDA,EQ,527956,327395,62.01
20,2499,UPL,EQ,3372838,1942975,57.61
20,2500,URAVIDEF,EQ,622,506,81.35
20,2501,URBAN,ST,24400,23200,95.08
20,2502,USASEEDS,SM,300,300,100.00
20,2503,USHAFIN,SM,52000,40800,78.46
20,2504,USHAMART,EQ,784780,340932,43.44
20,2505,USK,EQ,47930,27895,58.20
20,2506,UTIAMC,EQ,191907,51796,26.99
20,2507,UTIBANKETF,EQ,524369,483607,92.23
20,2508,UTINEXT50,EQ,44855,27284,60.83
20,2509,UTINIFTETF,EQ,14286,12933,90.53
20,2510,UTISENSETF,EQ,1899,1134,59.72
20,2511,UTISXN50,EQ,2488,1776,71.38
20,2512,UTKARSHBNK,EQ,1520516,770358,50.66
20,2513,UTSSAV,ST,123000,102000,82.93
20,2514,UTTAMSUGAR,EQ,51539,24358,47.26
20,2515,UYFINCORP,EQ,229712,148087,64.47
20,2516,VADILALIND,EQ,3027,1890,62.44
20,2517,VAIBHAVGBL,EQ,278903,126068,45.20
20,2518,VAISHALI,EQ,280114,207831,74.20
20,2519,VAKRANGEE,EQ,2613352,2613352,100.00
20,2520,VAL30IETF,EQ,69575,56137,80.69
20,2521,VALIANTLAB,EQ,36952,27064,73.24
20,2522,VALIANTORG,EQ,28833,18535,64.28
20,2523,VARDHACRLC,EQ,31658,20158,63.67
20,2524,VARROC,EQ,169954,61125,35.97
20,2525,VASCONEQ,EQ,437049,227871,52.14
20,2526,VASWANI,EQ,110318,42260,38.31
20,2527,VBL,EQ,2146717,1171247,54.56
20,2528,VCL,EQ,154949,82202,53.05
20,2529,VDEAL,SM,8400,7200,85.71
20,2530,VEDL,EQ,7176758,3095730,43.14
20,2531,VEEDOL,EQ,13179,6396,48.53
20,2532,VEEKAYEM,ST,500,500,100.00
20,2533,VELS,SM,4800,4800,100.00
20,2534,VENKEYS,EQ,25450,12065,47.41
20,2535,VENTIVE,EQ,451003,202734,44.95
20,2536,VENUSPIPES,EQ,109147,42016,38.49
20,2537,VENUSREM,EQ,167481,127147,75.92
20,2538,VERA,ST,1500,1500,100.00
20,2539,VERANDA,EQ,161300,111147,68.91
20,2540,VERITAAS,SM,2400,1200,50.00
20,2541,VESUVIUS,EQ,23825,9856,41.37
20,2542,VETO,EQ,47527,22999,48.39
20,2543,VGUARD,EQ,377063,177793,47.15
20,2544,VHL,EQ,493,268,54.36
20,2545,VIDHIING,EQ,72648,12783,17.60
20,2546,VIESL,SM,34400,21600,62.79
20,2547,VIJAYA,EQ,848314,157086,18.52
20,2548,VIKASECO,EQ,2187005,1505703,68.85
20,2549,VIKASLIFE,EQ,3434086,1843761,53.69
20,2550,VILAS,SM,41250,31000,75.15
20,2551,VIMTALABS,EQ,335197,84390,25.18
20,2552,VINATIORGA,EQ,69676,35253,50.60
20,2553,VINCOFE,EQ,340231,191772,56.37
20,2554,VINDHYATEL,EQ,11373,5738,50.45
20,2555,VINEETLAB,EQ,14252,5052,35.45
20,2556,VINSYS,SM,4000,2500,62.50
20,2557,VINYAS,ST,12200,12200,100.00
20,2558,VINYLINDIA,EQ,8125,4760,58.58
20,2559,VIPCLOTHNG,EQ,87627,49972,57.03
20,2560,VIPIND,EQ,383225,187316,48.88
20,2561,VIRINCHI,EQ,602431,494612,82.10
20,2562,VISAKAIND,EQ,107379,51696,48.14
20,2563,VISHNU,EQ,95105,53859,56.63
20,2564,VISHNUINFR,SM,14500,14000,96.55
20,2565,VISHWARAJ,EQ,434150,219753,50.62
20,2566,VISHWAS,SM,6400,6400,100.00
20,2567,VITAL,SM,8400,8400,100.00
20,2568,VIVIANA,ST,5125,4750,92.68
20,2569,VIVIDHA,EQ,431303,229358,53.18
20,2570,VLEGOV,EQ,17732,17732,100.00
20,2571,VLINFRA,ST,16500,16500,100.00
20,2572,VLSFINANCE,EQ,38566,20532,53.24
20,2573,VMARCIND,ST,8750,7750,88.57
20,2574,VMART,EQ,73688,31317,42.50
20,2575,VMM,EQ,26529155,7075437,26.67
20,2576,VOLTAMP,EQ,45846,12917,28.17
20,2577,VOLTAS,EQ,1625191,778012,47.87
20,2578,VPRPL,EQ,1139831,445506,39.09
20,2579,VR,ST,800,800,100.00
20,2580,VRAJ,EQ,34402,14037,40.80
20,2581,VRLLOG,EQ,106076,53269,50.22
20,2582,VSCL,ST,6000,6000,100.00
20,2583,VSSL,EQ,26382,15186,57.56
20,2584,VSTIND,EQ,195316,97291,49.81
20,2585,VSTL,EQ,13787,8319,60.34
20,2586,VSTTILLERS,EQ,3303,1916,58.01
20,2587,VTL,EQ,86223,42022,48.74
20,2588,WAAREEENER,EQ,944692,202299,21.41
20,2589,WABAG,EQ,363042,140194,38.62
20,2590,WALCHANNAG,EQ,349255,212127,60.74
20,2591,WANBURY,EQ,74691,58469,78.28
20,2592,WCIL,EQ,222741,88669,39.81
20,2593,WEALTH,EQ,2079,1630,78.40
20,2594,WEIZMANIND,EQ,4499,2817,62.61
20,2595,WEL,EQ,790394,338186,42.79
20,2596,WELCORP,EQ,215613,110463,51.23
20,2597,WELENT,EQ,1230848,672890,54.67
20,2598,WELINV,EQ,1281,811,63.31
20,2599,WELSPUNLIV,EQ,1551229,727993,46.93
20,2600,WENDT,EQ,579,316,54.58
20,2601,WESTLIFE,EQ,221952,35292,15.90
20,2602,WEWIN,EQ,2292,1200,52.36
20,2603,WHEELS,EQ,13902,6977,50.19
20,2604,WHIRLPOOL,EQ,1269398,894893,70.50
20,2605,WILLAMAGOR,EQ,2736,1845,67.43
20,2606,WINDLAS,EQ,70041,45905,65.54
20,2607,WINDMACHIN,EQ,51796,26149,50.48
20,2608,WINSOL,SM,13200,8800,66.67
20,2609,WIPRO,EQ,9628027,4976837,51.69
20,2610,WOCKPHARMA,EQ,512650,235701,45.98
20,2611,WOL3D,SM,1000,1000,100.00
20,2612,WOMANCART,ST,400,400,100.00
20,2613,WONDERLA,EQ,26286,14931,56.80
20,2614,WORTH,EQ,49939,34200,68.48
20,2615,WSI,EQ,73181,56156,76.74
20,2616,WSTCSTPAPR,EQ,315543,280062,88.76
20,2617,WTICAB,ST,12500,12500,100.00
20,2618,XCHANGING,EQ,77238,36659,47.46
20,2619,XELPMOC,EQ,4425,2496,56.41
20,2620,XPROINDIA,EQ,16082,9454,58.79
20,2621,XTGLOBAL,EQ,8204,5626,68.58
20,2622,YASHO,EQ,45840,26086,56.91
20,2623,YASHOPTICS,SM,16000,12800,80.00
20,2624,YATHARTH,EQ,591005,270026,45.69
20,2625,YATRA,EQ,198256,127019,64.07
20,2626,YESBANK,EQ,80955575,29323387,36.22
20,2627,YUDIZ,SM,13600,13600,100.00
20,2628,YUKEN,EQ,8762,5142,58.69
20,2629,ZAGGLE,EQ,228465,172011,75.29
20,2630,ZEAL,SM,600,600,100.00
20,2631,ZEEL,EQ,7329396,3184609,43.45
20,2632,ZEELEARN,EQ,430101,275264,64.00
20,2633,ZEEMEDIA,EQ,1495194,955627,63.91
20,2634,ZENITHDRUG,ST,3200,3200,100.00
20,2635,ZENITHEXPO,EQ,834,763,91.49
20,2636,ZENITHSTL,EQ,195716,151666,77.49
20,2637,ZENSARTECH,EQ,1404539,376881,26.83
20,2638,ZENTEC,EQ,216379,98501,45.52
20,2639,ZFCVINDIA,EQ,20179,17491,86.68
20,2640,ZIMLAB,EQ,78617,45160,57.44
20,2641,ZODIAC,EQ,14384,9369,65.13
20,2642,ZODIACLOTH,EQ,2371,1240,52.30
20,2643,ZOMATO,EQ,36437504,14623089,40.13
20,2644,ZOTA,EQ,98327,43805,44.55
20,2645,ZTECH,ST,115200,111300,96.61
20,2646,ZUARI,EQ,96642,39083,40.44
20,2647,ZUARIIND,EQ,66887,50992,76.24
20,2648,ZYDUSLIFE,EQ,3696679,671564,18.17
20,2649,ZYDUSWELL,EQ,97061,57915,59.67
