Security Wise Delivery Position - Compulsory Rolling Settlement
10,MTO,02012025,1270292470,0002626
Trade Date <02-JAN-2025>,Settlement Type <N>
Record Type,Sr No,Name of Security,Quantity Traded,Deliverable Quantity(gross across client level),% of Deliverable Quantity to Traded Quantity
20,1,1003IIFL29,NC,420,420,100.00
20,2,1003ISFL28,N4,25,25,100.00
20,3,1003SFIL28,NX,100,100,100.00
20,4,1015ECL29,NR,383,383,100.00
20,5,1015SCL28B,AZ,1,1,100.00
20,6,1015SCL29T,N1,119,119,100.00
20,7,1015UCL26,N1,15,15,100.00
20,8,1018GS2026,GS,1200,1200,100.00
20,9,1030SFIL28,NM,302,152,50.33
20,10,1035UCL26,NA,100,100,100.00
20,11,1040UCL25,N4,43,28,65.12
20,12,1040UCL27B,N1,225,225,100.00
20,13,1050ISFL28,N5,47,47,100.00
20,14,1050NFL26,N7,30,30,100.00
20,15,1050UCL25,N7,25,25,100.00
20,16,1065NFL27,NC,119,69,57.98
20,17,1075NFL25,N6,110,110,100.00
20,18,1075UCL25,N9,66,66,100.00
20,19,10CAGL27,N5,105,105,100.00
20,20,10IIFL28,N4,91,91,100.00
20,21,10IIFL28A,NE,14,14,100.00
20,22,10IIFL29,N6,150,150,100.00
20,23,10ISFL26,N3,75,75,100.00
20,24,10NIDO26,N6,118,118,100.00
20,25,1119NFL27,ND,50,50,100.00
20,26,182D040425,TB,100,100,100.00
20,27,182D140225,TB,300,300,100.00
20,28,182D170125,TB,100,100,100.00
20,29,360ONE,EQ,362600,183910,50.72
20,30,364D030425,TB,2100,2100,100.00
20,31,364D060325,TB,300,300,100.00
20,32,364D080525,TB,100,100,100.00
20,33,364D110425,TB,1000,1000,100.00
20,34,364D120625,TB,700,700,100.00
20,35,364D150525,TB,300,300,100.00
20,36,364D180725,TB,100,100,100.00
20,37,364D181225,TB,1000,1000,100.00
20,38,364D261225,TB,400,400,100.00
20,39,3IINFOLTD,EQ,5441477,1728128,31.76
20,40,3MINDIA,EQ,8531,1909,22.38
20,41,515GS2025,GS,237,137,57.81
20,42,563GS2026,GS,14,14,100.00
20,43,574GS2026,GS,95,95,100.00
20,44,579GS2030,GS,7,7,100.00
20,45,5PAISA,EQ,27063,14545,53.74
20,46,63MOONS,EQ,714899,333889,46.70
20,47,654GS2032,GS,27000,15000,55.56
20,48,667GS2035,GS,2963,2963,100.00
20,49,667GS2050,GS,890,500,56.18
20,50,675GS2029,GS,100,100,100.00
20,51,676GS2061,GS,7,7,100.00
20,52,689GS2025,GS,12,12,100.00
20,53,68GS2060,GS,1,1,100.00
20,54,695GS2061,GS,775,775,100.00
20,55,697GR2034,GS,1,1,100.00
20,56,699GS2026,GS,100,100,100.00
20,57,699GS2051,GS,7261,7261,100.00
20,58,702GS2027,GS,6551,6551,100.00
20,59,702GS2031,GS,92,91,98.91
20,60,704IRFC28,N6,1999,1000,50.03
20,61,709GS2054,GS,2600,2200,84.62
20,62,709GS2074,GS,7681,7681,100.00
20,63,710GS2029,GS,3002,3002,100.00
20,64,717GS2030,GS,1000,1000,100.00
20,65,719GS2060,GS,53,53,100.00
20,66,725GS2063,GS,765,765,100.00
20,67,728IRFC30,NG,4597,3597,78.25
20,68,732GS2030,GS,1000,1000,100.00
20,69,732IRFC25,NI,243,243,100.00
20,70,733GS2026,GS,702,702,100.00
20,71,734GS2064,GS,1084,1084,100.00
20,72,736GS2052,GS,700,400,57.14
20,73,736NTPC25D,NB,12,12,100.00
20,74,737GS2028,GS,15502,15101,97.41
20,75,737NTPC35C,NA,56,56,100.00
20,76,738GS2027,GS,168485,168485,100.00
20,77,739NHAI26,N8,8,8,100.00
20,78,739NHAI31A,ND,40,40,100.00
20,79,73GS2053,GS,5101,5101,100.00
20,80,741GS2036,GS,4250,4250,100.00
20,81,746GS2073,GS,790,496,62.78
20,82,750IRFC35,NK,150,150,100.00
20,83,751HUDCO28,N5,1,1,100.00
20,84,753IRFC30,NJ,1,1,100.00
20,85,753NTPC30E,NC,1,1,100.00
20,86,754GS2036,GS,903227,891976,98.75
20,87,764HUDCO31,N8,1,1,100.00
20,88,764IRFC31,NO,200,200,100.00
20,89,764NABAR31,N2,400,350,87.50
20,90,769IGT28,NH,45,45,100.00
20,91,769NHAI31,NE,27,27,100.00
20,92,76IGT26,ND,42,42,100.00
20,93,76NHAI31,NA,51,51,100.00
20,94,774IREDA31,N7,100,100,100.00
20,95,79NHIT35,N1,1040,1039,99.90
20,96,79NHIT40,N2,1379,694,50.33
20,97,79NHIT47,N3,3503,2947,84.13
20,98,805ABFL28,N2,5,5,100.00
20,99,810IRFC27,N2,11,10,90.91
20,100,812REC27,NI,5,5,100.00
20,101,81TCHF28,N8,8,8,100.00
20,102,820IIFL27,N9,182,182,100.00
20,103,824GS2027,GS,1,1,100.00
20,104,828GS2027,GS,930,930,100.00
20,105,828GS2032,GS,36,36,100.00
20,106,829PFL29,N6,50,50,100.00
20,107,82HUDCO27,N2,749,355,47.40
20,108,830NHAI27,N2,467,467,100.00
20,109,830PFCL27,N5,72,72,100.00
20,110,833GS2026,GS,1,1,100.00
20,111,835IFL25,NV,5,5,100.00
20,112,842IIFL26,NL,203,200,98.52
20,113,843IHFL29,NC,330,300,90.91
20,114,849NTPC25,N7,74456,73877,99.22
20,115,84CIFCL28,NA,20,20,100.00
20,116,851HUDCO28,NB,1300,1300,100.00
20,117,85IIFL25,NO,110,110,100.00
20,118,863REC29,NC,1,1,100.00
20,119,865IFL28,NZ,25,25,100.00
20,120,865IIFL28,NS,4,2,50.00
20,121,865IRFC29,NA,352,202,57.39
20,122,865LTF26,NN,16,16,100.00
20,123,865SCL26,N8,72,72,100.00
20,124,865TCAPS27,N8,47,37,78.72
20,125,866IIFC34B,N3,69,69,100.00
20,126,871REC28,N9,521,511,98.08
20,127,875IIFL26,NM,70,70,100.00
20,128,875NHAI29,N6,1187,771,64.95
20,129,875SFL27,ZF,138,138,100.00
20,130,876HUDCO28,ND,31,31,100.00
20,131,879NHPC28,N5,100,100,100.00
20,132,880IREDA29,N5,5,5,100.00
20,133,885IHL26,N1,197,197,100.00
20,134,885MOFSL26,N0,29,29,100.00
20,135,888ERFL28,N5,50,50,100.00
20,136,888IHFL25F,NC,100,100,100.00
20,137,888IRFC29,NE,100,100,100.00
20,138,888REC29,NF,650,650,100.00
20,139,891IIFCL34,N4,15,15,100.00
20,140,892PFCL33,N8,197,197,100.00
20,141,894SCL27,ZY,100,100,100.00
20,142,897MOFSL29,N4,254,254,100.00
20,143,901HUDCO34,NE,23,23,100.00
20,144,901NHB34,N6,509,176,34.58
20,145,905PEL26,N1,65,65,100.00
20,146,916SCL25,ZW,3,3,100.00
20,147,91D200325,TB,1100,1100,100.00
20,148,920IIFLS26,N8,25,25,100.00
20,149,925ERFL28,N6,9,9,100.00
20,150,92GS2030,GS,3551,3545,99.83
20,151,92SFIL28,ND,15,15,100.00
20,152,935LTF29,N5,22,17,77.27
20,153,93MOFSL34,N6,5,5,100.00
20,154,943ECL28,NJ,202,202,100.00
20,155,945IFSL25,N4,325,325,100.00
20,156,94IFCI25,NL,397,397,100.00
20,157,957IIFLS27,NA,20,20,100.00
20,158,957ISFL26,N2,460,410,89.13
20,159,960CAGL25,N3,119,119,100.00
20,160,960IIFLS26,N9,500,500,100.00
20,161,965AEL27,N4,45,45,100.00
20,162,965SCL26Y,N1,40,40,100.00
20,163,96IIFL28,N5,1975,1238,62.68
20,164,96IIFL28A,NF,1733,1657,95.61
20,165,96SFIL24A,NB,100,100,100.00
20,166,970CAGL28,ND,443,443,100.00
20,167,971SCL28I,BC,40,40,100.00
20,168,975NFL25,N0,286,286,100.00
20,169,97MOFSL34,N7,260,250,96.15
20,170,97SFL26,Z9,50,50,100.00
20,171,97SFL29,YZ,1,1,100.00
20,172,980SCL33,NX,22,22,100.00
20,173,980SCL33D,YG,175,175,100.00
20,174,985ECL28,NK,380,380,100.00
20,175,985IIFL22,NC,20,20,100.00
20,176,98SFIL26,NU,10,10,100.00
20,177,990SCFL26,AJ,230,230,100.00
20,178,99AEL29,N7,544,544,100.00
20,179,9IIFL28,Y0,101,101,100.00
20,180,9MMFSML,N2,548,532,97.08
20,181,9PCHFL31A,NA,5,5,100.00
20,182,9SCL25,YM,34,34,100.00
20,183,9SFL25A,ZH,10,5,50.00
20,184,AAATECH,EQ,27383,16839,61.49
20,185,AADHARHFC,EQ,208986,115422,55.23
20,186,AAKASH,EQ,144107,95329,66.15
20,187,AARON,EQ,18058,8330,46.13
20,188,AARTECH,EQ,693947,437656,63.07
20,189,AARTIDRUGS,EQ,82634,28535,34.53
20,190,AARTIIND,EQ,1248680,393052,31.48
20,191,AARTIPHARM,EQ,521026,186030,35.70
20,192,AARTISURF,EQ,6417,4386,68.35
20,193,AARVI,EQ,3377,2444,72.37
20,194,AATMAJ,SM,2000,2000,100.00
20,195,AAVAS,EQ,268222,165647,61.76
20,196,ABAN,EQ,44025,26316,59.78
20,197,ABB,EQ,323524,173407,53.60
20,198,ABBOTINDIA,EQ,6136,1994,32.50
20,199,ABCAPITAL,EQ,3057307,1049669,34.33
20,200,ABCOTS,ST,15000,10500,70.00
20,201,ABDL,EQ,588773,279790,47.52
20,202,ABFL28,N3,200,200,100.00
20,203,ABFRL,EQ,1000719,457105,45.68
20,204,ABGSEC,EQ,534,527,98.69
20,205,ABHAPOWER,SM,248000,153600,61.94
20,206,ABREL,EQ,105157,59238,56.33
20,207,ABSLAMC,EQ,258378,136557,52.85
20,208,ABSLBANETF,EQ,298917,286399,95.81
20,209,ABSLLIQUID,EQ,22216,17614,79.29
20,210,ABSLNN50ET,EQ,13851,8492,61.31
20,211,ABSLPSE,EQ,300694,192523,64.03
20,212,ABSMARINE,SM,35500,22000,61.97
20,213,ACC,EQ,362606,206532,56.96
20,214,ACCELYA,EQ,87158,79018,90.66
20,215,ACCENTMIC,SM,30500,20000,65.57
20,216,ACCORD,SM,10000,6000,60.00
20,217,ACCURACY,EQ,373674,261191,69.90
20,218,ACE,EQ,268281,87198,32.50
20,219,ACEINTEG,EQ,12245,7758,63.36
20,220,ACI,EQ,77271,42074,54.45
20,221,ACL,EQ,23400,11469,49.01
20,222,ACLGATI,EQ,225155,110747,49.19
20,223,ACMESOLAR,EQ,440357,181111,41.13
20,224,ADANIENSOL,EQ,877729,295561,33.67
20,225,ADANIENT,EQ,1167236,330010,28.27
20,226,ADANIGREEN,EQ,1415783,349796,24.71
20,227,ADANIPORTS,EQ,3772207,2261182,59.94
20,228,ADANIPOWER,EQ,2056552,635303,30.89
20,229,ADFFOODS,EQ,120111,63638,52.98
20,230,ADL,EQ,4511,1725,38.24
20,231,ADORWELD,EQ,10591,6834,64.53
20,232,ADROITPP1,X1,17182,16632,96.80
20,233,ADSL,EQ,212437,104294,49.09
20,234,ADVANIHOTR,EQ,126298,57468,45.50
20,235,ADVENZYMES,EQ,130372,61329,47.04
20,236,AEGISLOG,EQ,186204,84575,45.42
20,237,AEROFLEX,EQ,652387,273298,41.89
20,238,AERON,SM,169000,96000,56.80
20,239,AESTHETIK,SM,2000,2000,100.00
20,240,AETHER,EQ,23363,9933,42.52
20,241,AFCONS,EQ,774151,253707,32.77
20,242,AFFLE,EQ,153019,70244,45.91
20,243,AFFORDABLE,EQ,34970,25455,72.79
20,244,AFIL,EQ,714371,348406,48.77
20,245,AGARIND,EQ,20742,10034,48.38
20,246,AGARWALFT,SM,6000,6000,100.00
20,247,AGARWALTUF,SM,56400,40800,72.34
20,248,AGI,EQ,136741,85669,62.65
20,249,AGIIL,EQ,14180,7687,54.21
20,250,AGNI,SM,37500,25000,66.67
20,251,AGRITECH,EQ,17747,8038,45.29
20,252,AGROPHOS,EQ,36118,23186,64.20
20,253,AGSTRA,EQ,533035,301178,56.50
20,254,AGUL,SM,2000,2000,100.00
20,255,AHL,EQ,136814,51823,37.88
20,256,AHLADA,EQ,13429,6333,47.16
20,257,AHLEAST,EQ,7278,4109,56.46
20,258,AHLUCONT,EQ,161109,97187,60.32
20,259,AIAENG,EQ,34673,17113,49.36
20,260,AIIL,EQ,139860,46657,33.36
20,261,AIMTRON,ST,41200,41200,100.00
20,262,AIRAN,EQ,125518,80127,63.84
20,263,AIROLAM,EQ,110974,16686,15.04
20,264,AIRTELPP,E1,56874,40748,71.65
20,265,AISL,ST,1200,1200,100.00
20,266,AJANTPHARM,EQ,71203,23991,33.69
20,267,AJMERA,EQ,42095,18343,43.58
20,268,AJOONI,EQ,5979375,3100162,51.85
20,269,AKANKSHA,ST,23000,22000,95.65
20,270,AKASH,EQ,6596,3959,60.02
20,271,AKG,EQ,50917,33586,65.96
20,272,AKIKO,SM,1600,1600,100.00
20,273,AKSHARCHEM,EQ,4304,1719,39.94
20,274,AKUMS,EQ,294181,86129,29.28
20,275,AKZOINDIA,EQ,12810,8778,68.52
20,276,ALANKIT,EQ,441516,203817,46.16
20,277,ALBERTDAVD,EQ,3421,2441,71.35
20,278,ALEMBICLTD,EQ,372468,156567,42.04
20,279,ALICON,EQ,17103,11261,65.84
20,280,ALKALI,EQ,6187,4411,71.29
20,281,ALKEM,EQ,43043,17252,40.08
20,282,ALKYLAMINE,EQ,35400,19810,55.96
20,283,ALLCARGO,EQ,895170,410993,45.91
20,284,ALLDIGI,EQ,28291,19092,67.48
20,285,ALLETEC,ST,16800,15200,90.48
20,286,ALOKINDS,EQ,3756898,1273262,33.89
20,287,ALPEXSOLAR,SM,32400,22000,67.90
20,288,ALPHA,EQ,713979,634669,88.89
20,289,ALPHAETF,EQ,586432,380049,64.81
20,290,ALPHAGEO,EQ,18313,7629,41.66
20,291,ALPL30IETF,EQ,527153,336894,63.91
20,292,ALUWIND,SM,30000,21000,70.00
20,293,AMBANIORGO,ST,4000,4000,100.00
20,294,AMBER,EQ,256061,43611,17.03
20,295,AMBEY,SM,44000,38000,86.36
20,296,AMBICAAGAR,EQ,41611,14526,34.91
20,297,AMBIKCO,EQ,5027,2037,40.52
20,298,AMBUJACEM,EQ,2762768,1576688,57.07
20,299,AMDIND,EQ,7493,5430,72.47
20,300,AMEYA,ST,7000,7000,100.00
20,301,AMIORG,EQ,227128,102810,45.27
20,302,AMJLAND,EQ,209332,50504,24.13
20,303,AMNPLST,EQ,1001394,163529,16.33
20,304,AMRUTANJAN,EQ,4914,3437,69.94
20,305,ANANDRATHI,EQ,19721,13538,68.65
20,306,ANANTRAJ,EQ,2056138,626916,30.49
20,307,ANDHRAPAP,EQ,126515,63560,50.24
20,308,ANDHRSUGAR,EQ,220886,136186,61.65
20,309,ANGELONE,EQ,962882,239405,24.86
20,310,ANLON,SM,18400,10800,58.70
20,311,ANMOL,EQ,66676,36665,54.99
20,312,ANNAPURNA,SM,470750,346250,73.55
20,313,ANTGRAPHIC,EQ,1036289,765980,73.92
20,314,ANUHPHR,EQ,50603,21864,43.21
20,315,ANUP,EQ,32661,15780,48.31
20,316,ANURAS,EQ,75158,35930,47.81
20,317,ANYA,ST,13610000,13600000,99.93
20,318,APARINDS,EQ,60707,32204,53.05
20,319,APCL,EQ,6492,3746,57.70
20,320,APCOTEXIND,EQ,20004,9775,48.87
20,321,APEX,EQ,1004535,160076,15.94
20,322,APEXECO,SM,524800,345600,65.85
20,323,APLAPOLLO,EQ,563584,317675,56.37
20,324,APLLTD,EQ,59334,25897,43.65
20,325,APOLLO,EQ,15355943,4360394,28.40
20,326,APOLLOHOSP,EQ,265991,156189,58.72
20,327,APOLLOPIPE,EQ,47252,26548,56.18
20,328,APOLLOTYRE,EQ,945975,239579,25.33
20,329,APOLSINHOT,EQ,1742,1097,62.97
20,330,APRAMEYA,ST,60000,54000,90.00
20,331,APS,ST,69000,65000,94.20
20,332,APTECHT,EQ,101563,47070,46.35
20,333,APTUS,EQ,1791061,1405582,78.48
20,334,ARABIAN,SM,10000,8000,80.00
20,335,ARCHIDPLY,EQ,14239,5735,40.28
20,336,ARCHIES,EQ,9626,8044,83.57
20,337,ARE&M,EQ,441644,250533,56.73
20,338,ARHAM,SM,23000,18000,78.26
20,339,ARIHANTACA,ST,1600,1600,100.00
20,340,ARIHANTCAP,EQ,228274,105257,46.11
20,341,ARIHANTSUP,EQ,301201,105787,35.12
20,342,ARISTO,ST,1600,1600,100.00
20,343,ARKADE,EQ,6724658,2120887,31.54
20,344,ARMANFIN,EQ,25323,12274,48.47
20,345,AROGRANITE,EQ,21298,10930,51.32
20,346,ARROWGREEN,EQ,32863,17614,53.60
20,347,ARTEMISMED,EQ,74663,43345,58.05
20,348,ARVEE,EQ,658,351,53.34
20,349,ARVIND,EQ,519820,339680,65.35
20,350,ARVINDFASN,EQ,241252,165871,68.75
20,351,ARVINDPORT,ST,19500,19500,100.00
20,352,ARVSMART,EQ,66871,44733,66.89
20,353,ASAHIINDIA,EQ,31914,14305,44.82
20,354,ASAHISONG,EQ,3607,2295,63.63
20,355,ASAL,EQ,10068,4672,46.40
20,356,ASALCBR,EQ,29495,15933,54.02
20,357,ASHALOG,ST,10000,10000,100.00
20,358,ASHAPURMIN,EQ,229872,154205,67.08
20,359,ASHIANA,EQ,36415,17774,48.81
20,360,ASHOKA,EQ,2593779,1199951,46.26
20,361,ASHOKLEY,EQ,20394304,5985756,29.35
20,362,ASIANENE,EQ,435215,192837,44.31
20,363,ASIANPAINT,EQ,1342922,813767,60.60
20,364,ASIANTILES,EQ,531329,253647,47.74
20,365,ASKAUTOLTD,EQ,293724,160847,54.76
20,366,ASLIND,SM,16000,16000,100.00
20,367,ASMS,EQ,115789,83532,72.14
20,368,ASPINWALL,EQ,34037,26189,76.94
20,369,ASPIRE,ST,26000,24000,92.31
20,370,ASTEC,EQ,11884,7231,60.85
20,371,ASTERDM,EQ,499548,253554,50.76
20,372,ASTRAL,EQ,335653,188131,56.05
20,373,ASTRAMICRO,EQ,143060,69566,48.63
20,374,ASTRAZEN,EQ,11626,1421,12.22
20,375,ASTRON,EQ,54864,30493,55.58
20,376,ATAM,EQ,73635,40472,54.96
20,377,ATFL,EQ,16084,7072,43.97
20,378,ATGL,EQ,1186318,279596,23.57
20,379,ATL,EQ,241054,128084,53.13
20,380,ATMASTCO,ST,154000,152800,99.22
20,381,ATUL,EQ,24205,8364,34.55
20,382,ATULAUTO,EQ,122584,43515,35.50
20,383,AUBANK,EQ,1440790,636626,44.19
20,384,AURDIS,ST,1250,1250,100.00
20,385,AURIONPRO,EQ,65087,26437,40.62
20,386,AUROIMPEX,SM,46400,30400,65.52
20,387,AUROPHARMA,EQ,1145912,698097,60.92
20,388,AURUM,EQ,301417,145389,48.24
20,389,AURUMPP1,E1,42364,38871,91.75
20,390,AUSL,SM,14000,8000,57.14
20,391,AUTOAXLES,EQ,8643,6889,79.71
20,392,AUTOBEES,EQ,450216,287933,63.95
20,393,AUTOIETF,EQ,1029598,602927,58.56
20,394,AUTOIND,EQ,184999,79811,43.14
20,395,AVADHSUGAR,EQ,38060,17968,47.21
20,396,AVALON,EQ,760853,168815,22.19
20,397,AVANTEL,EQ,425086,162590,38.25
20,398,AVANTIFEED,EQ,7525337,604631,8.03
20,399,AVG,EQ,67285,34578,51.39
20,400,AVIANSH,ST,32000,28000,87.50
20,401,AVL,EQ,93443,51478,55.09
20,402,AVONMORE,EQ,4169324,2029988,48.69
20,403,AVPINFRA,ST,47200,44800,94.92
20,404,AVTNPL,EQ,98926,53696,54.28
20,405,AWFIS,EQ,399410,151121,37.84
20,406,AWHCL,EQ,72422,42560,58.77
20,407,AWL,EQ,1555415,796727,51.22
20,408,AXISBANK,EQ,6557076,4734120,72.20
20,409,AXISBNKETF,EQ,210,190,90.48
20,410,AXISBPSETF,EQ,518172,513168,99.03
20,411,AXISCETF,EQ,1736,1215,69.99
20,412,AXISGOLD,EQ,907711,874475,96.34
20,413,AXISHCETF,EQ,6057,4994,82.45
20,414,AXISILVER,EQ,96126,92676,96.41
20,415,AXISNIFTY,EQ,2535,2164,85.36
20,416,AXISTECETF,EQ,1792,1596,89.06
20,417,AXITA,EQ,6119757,1381159,22.57
20,418,AXSENSEX,EQ,972,784,80.66
20,419,AYMSYNTEX,EQ,103449,83373,80.59
20,420,AZAD,EQ,344752,124925,36.24
20,421,BABAFP,SM,12800,12800,100.00
20,422,BAHETI,ST,2250,2250,100.00
20,423,BAIDFIN,EQ,3335354,1227434,36.80
20,424,BAJAJ-AUTO,EQ,734590,360828,49.12
20,425,BAJAJCON,EQ,187123,102708,54.89
20,426,BAJAJELEC,EQ,18694,9573,51.21
20,427,BAJAJFINSV,EQ,8022190,2757711,34.38
20,428,BAJAJHCARE,EQ,611468,184452,30.17
20,429,BAJAJHFL,EQ,9894411,6294570,63.62
20,430,BAJAJHIND,EQ,3888739,1678078,43.15
20,431,BAJAJHLDNG,EQ,39204,16105,41.08
20,432,BAJEL,EQ,220677,106587,48.30
20,433,BAJFINANCE,EQ,3171651,1406781,44.35
20,434,BALAJEE,EQ,187302,108137,57.73
20,435,BALAMINES,EQ,42634,22108,51.86
20,436,BALAXI,EQ,81951,38021,46.39
20,437,BALCO,ST,1200,1200,100.00
20,438,BALKRISHNA,EQ,12844,6719,52.31
20,439,BALKRISIND,EQ,166636,77659,46.60
20,440,BALMLAWRIE,EQ,285840,108533,37.97
20,441,BALRAMCHIN,EQ,550465,206817,37.57
20,442,BALUFORGE,EQ,327850,135534,41.34
20,443,BANARISUG,EQ,626,366,58.47
20,444,BANCOINDIA,EQ,346480,172027,49.65
20,445,BANDHANBNK,EQ,6361227,2103796,33.07
20,446,BANKA,EQ,9732,5222,53.66
20,447,BANKBARODA,EQ,14134494,3488570,24.68
20,448,BANKBEES,EQ,5556133,5212216,93.81
20,449,BANKBETF,EQ,50668,49507,97.71
20,450,BANKETF,EQ,4348,4294,98.76
20,451,BANKETFADD,EQ,61270,59063,96.40
20,452,BANKIETF,EQ,228615,60532,26.48
20,453,BANKINDIA,EQ,14259943,4688889,32.88
20,454,BANKNIFTY1,EQ,65911,52399,79.50
20,455,BANKPSU,EQ,1761,1659,94.21
20,456,BANSALWIRE,EQ,64390,35455,55.06
20,457,BANSWRAS,EQ,36216,19505,53.86
20,458,BARBEQUE,EQ,100384,56201,55.99
20,459,BASF,EQ,33393,17655,52.87
20,460,BASILIC,ST,32700,31500,96.33
20,461,BASML,EQ,56261,41017,72.90
20,462,BATAINDIA,EQ,127608,43926,34.42
20,463,BAWEJA,SM,27200,23200,85.29
20,464,BAYERCROP,EQ,19408,9505,48.97
20,465,BBETF0432,EQ,9639,2183,22.65
20,466,BBL,EQ,15885,6945,43.72
20,467,BBNPNBETF,EQ,523,455,87.00
20,468,BBNPPGOLD,EQ,1431,1392,97.27
20,469,BBOX,EQ,199550,118951,59.61
20,470,BBTC,EQ,58192,17102,29.39
20,471,BBTCL,EQ,853,675,79.13
20,472,BCLIND,EQ,1073576,792682,73.84
20,473,BCONCEPTS,EQ,9754,4792,49.13
20,474,BDL,EQ,510535,265813,52.07
20,475,BEACON,SM,10000,8000,80.00
20,476,BEARDSELL,EQ,52466,39340,74.98
20,477,BECTORFOOD,EQ,79911,55402,69.33
20,478,BEDMUTHA,EQ,18192,9806,53.90
20,479,BEL,EQ,13361957,7307995,54.69
20,480,BEML,EQ,192699,34425,17.86
20,481,BEPL,EQ,340378,132572,38.95
20,482,BERGEPAINT,EQ,709043,267632,37.75
20,483,BESTAGRO,EQ,40150,21978,54.74
20,484,BETA,SM,3900,2600,66.67
20,485,BEWLTD,ST,94000,91000,96.81
20,486,BFINVEST,EQ,28923,12773,44.16
20,487,BFSI,EQ,563981,522841,92.71
20,488,BHAGCHEM,EQ,57817,36644,63.38
20,489,BHAGYANGR,EQ,29621,16796,56.70
20,490,BHANDARI,EQ,505775,281789,55.71
20,491,BHARATFORG,EQ,749880,473148,63.10
20,492,BHARATGEAR,EQ,14616,9140,62.53
20,493,BHARATRAS,EQ,3397,1829,53.84
20,494,BHARATWIRE,EQ,63917,36359,56.88
20,495,BHARTIARTL,EQ,3728040,2295007,61.56
20,496,BHARTIHEXA,EQ,82633,29523,35.73
20,497,BHEL,EQ,13936789,7668247,55.02
20,498,BHINVIT,IV,21287,19228,90.33
20,499,BIGBLOC,EQ,205293,76886,37.45
20,500,BIKAJI,EQ,327926,191883,58.51
20,501,BIKEWO,SM,18000,12000,66.67
20,502,BINANIIND,EQ,15202,11255,74.04
20,503,BIOCON,EQ,2019572,947219,46.90
20,504,BIOFILCHEM,EQ,57120,26948,47.18
20,505,BIRET,RR,331664,319406,96.30
20,506,BIRLACABLE,EQ,24353,12382,50.84
20,507,BIRLACORPN,EQ,78678,40323,51.25
20,508,BLACKBUCK,EQ,665037,206251,31.01
20,509,BLAL,EQ,120354,61381,51.00
20,510,BLBLIMITED,EQ,60856,36129,59.37
20,511,BLISSGVS,EQ,953598,290622,30.48
20,512,BLKASHYAP,EQ,958406,461462,48.15
20,513,BLS,EQ,5253640,1069920,20.37
20,514,BLSE,EQ,683742,570595,83.45
20,515,BLUEDART,EQ,8485,2698,31.80
20,516,BLUEJET,EQ,323506,169495,52.39
20,517,BLUEPEBBLE,SM,2800,2800,100.00
20,518,BLUESTARCO,EQ,845019,252848,29.92
20,519,BMETRICS,SM,9600,8800,91.67
20,520,BODALCHEM,EQ,189876,92103,48.51
20,521,BOMDYEING,EQ,1438208,845272,58.77
20,522,BOROLTD,EQ,58272,27786,47.68
20,523,BOROSCI,EQ,47194,22292,47.23
20,524,BOSCHLTD,EQ,35540,21894,61.60
20,525,BOSS,ST,2000,2000,100.00
20,526,BPCL,EQ,6846413,3245798,47.41
20,527,BPL,EQ,227645,121669,53.45
20,528,BRACEPORT,ST,19200,17600,91.67
20,529,BRIGADE,EQ,139396,66919,48.01
20,530,BRITANNIA,EQ,402766,231579,57.50
20,531,BRNL,EQ,42610,19210,45.08
20,532,BSE,EQ,825641,213795,25.89
20,533,BSE500IETF,EQ,152641,86636,56.76
20,534,BSHSL,EQ,8705,5866,67.39
20,535,BSL,EQ,46329,24373,52.61
20,536,BSLGOLDETF,EQ,27201,14436,53.07
20,537,BSLNIFTY,EQ,824624,772753,93.71
20,538,BSLSENETFG,EQ,4553,2257,49.57
20,539,BSOFT,EQ,1645882,552642,33.58
20,540,BTML,EQ,32450,20529,63.26
20,541,BURNPUR,EQ,104924,69233,65.98
20,542,BUTTERFLY,EQ,1737,882,50.78
20,543,BVCL,EQ,95347,31310,32.84
20,544,C2C,SM,470400,242400,51.53
20,545,CADSYS,ST,2500,2500,100.00
20,546,CALSOFT,EQ,55958,46234,82.62
20,547,CAMLINFINE,EQ,2866979,1085387,37.86
20,548,CAMPUS,EQ,796874,254909,31.99
20,549,CAMS,EQ,475615,228567,48.06
20,550,CANARYS,SM,60000,48000,80.00
20,551,CANBK,EQ,15233832,5218077,34.25
20,552,CANFINHOME,EQ,1595191,848459,53.19
20,553,CANTABIL,EQ,220917,113156,51.22
20,554,CAPACITE,EQ,338444,185437,54.79
20,555,CAPITALSFB,EQ,24929,15431,61.90
20,556,CAPLIPOINT,EQ,305917,76368,24.96
20,557,CARBORUNIV,EQ,94692,64569,68.19
20,558,CAREERP,EQ,20599,14321,69.52
20,559,CARERATING,EQ,99679,49548,49.71
20,560,CARRARO,EQ,634229,201511,31.77
20,561,CARTRADE,EQ,423810,125749,29.67
20,562,CARYSIL,EQ,55975,36952,66.02
20,563,CASTROLIND,EQ,1421923,535451,37.66
20,564,CBAZAAR,SM,168000,56000,33.33
20,565,CCHHL,EQ,127854,79045,61.82
20,566,CCL,EQ,94540,41212,43.59
20,567,CDSL,EQ,2065202,635318,30.76
20,568,CEATLTD,EQ,146342,69144,47.25
20,569,CEIGALL,EQ,64424,37356,57.98
20,570,CELEBRITY,EQ,72182,48657,67.41
20,571,CELLECOR,SM,1836000,1407000,76.63
20,572,CELLO,EQ,125525,95503,76.08
20,573,CELLPOINT,SM,15600,12000,76.92
20,574,CENTENKA,EQ,69891,17952,25.69
20,575,CENTEXT,EQ,65304,47761,73.14
20,576,CENTRALBK,EQ,3283190,1005021,30.61
20,577,CENTRUM,EQ,210860,123250,58.45
20,578,CENTUM,EQ,22265,9879,44.37
20,579,CENTURYPLY,EQ,1696631,343057,20.22
20,580,CERA,EQ,11049,5260,47.61
20,581,CESC,EQ,5437601,2486972,45.74
20,582,CEWATER,EQ,2414272,495682,20.53
20,583,CGCL,EQ,103896,37754,36.34
20,584,CGPOWER,EQ,1504109,861747,57.29
20,585,CGRAPHICS,SM,71200,46400,65.17
20,586,CHALET,EQ,723479,265985,36.76
20,587,CHAMBLFERT,EQ,1020642,200494,19.64
20,588,CHAVDA,SM,17000,12000,70.59
20,589,CHEMBOND,EQ,32665,21415,65.56
20,590,CHEMCON,EQ,18381,10454,56.87
20,591,CHEMFAB,EQ,7023,3559,50.68
20,592,CHEMPLASTS,EQ,44165,18620,42.16
20,593,CHENNPETRO,EQ,942489,277110,29.40
20,594,CHETANA,SM,96000,78400,81.67
20,595,CHEVIOT,EQ,1978,1022,51.67
20,596,CHOICEIN,EQ,431691,62814,14.55
20,597,CHOLAFIN,EQ,5438699,2146352,39.46
20,598,CHOLAHLDNG,EQ,396478,158520,39.98
20,599,CIEINDIA,EQ,178588,74860,41.92
20,600,CIGNITITEC,EQ,204471,123366,60.33
20,601,CINEVISTA,EQ,17520,4276,24.41
20,602,CIPLA,EQ,1448048,894107,61.75
20,603,CLEAN,EQ,214881,84575,39.36
20,604,CLEDUCATE,EQ,132638,69056,52.06
20,605,CLOUD,SZ,76000,69000,90.79
20,606,CLSEL,EQ,89566,32561,36.35
20,607,CLSL,SM,24000,18000,75.00
20,608,CMMIPL,SZ,21000,21000,100.00
20,609,CMNL,ST,7500,7500,100.00
20,610,CMSINFO,EQ,270241,140942,52.15
20,611,COALINDIA,EQ,7538972,3836430,50.89
20,612,COASTCORP,EQ,25903,12628,48.75
20,613,COCHINSHIP,EQ,472162,240364,50.91
20,614,COFORGE,EQ,371680,218721,58.85
20,615,COLPAL,EQ,454180,297164,65.43
20,616,COMMITTED,ST,105600,105600,100.00
20,617,COMMOIETF,EQ,25584,17568,68.67
20,618,COMPUSOFT,EQ,63591,31948,50.24
20,619,CONCOR,EQ,360462,124880,34.64
20,620,CONCORDBIO,EQ,74186,32631,43.99
20,621,CONFIPET,EQ,1032789,437206,42.33
20,622,CONS,EQ,2136,1949,91.25
20,623,CONSOFINVT,EQ,3878,2622,67.61
20,624,CONSUMBEES,EQ,92484,72389,78.27
20,625,CONSUMER,EQ,10823588,10808351,99.86
20,626,CONSUMIETF,EQ,24814,17683,71.26
20,627,CONTI,ST,16665,16665,100.00
20,628,CONTROLPR,EQ,20565,13128,63.84
20,629,COOLCAPS,ST,46500,45750,98.39
20,630,CORALFINAC,EQ,37328,25999,69.65
20,631,CORDSCABLE,EQ,46901,26875,57.30
20,632,COROMANDEL,EQ,379072,184419,48.65
20,633,COSMOFIRST,EQ,176974,86676,48.98
20,634,COUNCODOS,EQ,161556,87524,54.18
20,635,CPS,ST,1800,1800,100.00
20,636,CPSEETF,EQ,1368855,755360,55.18
20,637,CRAFTSMAN,EQ,16370,6136,37.48
20,638,CRAYONS,SM,22000,20000,90.91
20,639,CREATIVE,EQ,6795,4428,65.17
20,640,CREDITACC,EQ,9972074,352232,3.53
20,641,CREST,EQ,18139,9258,51.04
20,642,CRISIL,EQ,90916,29587,32.54
20,643,CROMPTON,EQ,1885894,806756,42.78
20,644,CROWN,EQ,24880,17313,69.59
20,645,CSBBANK,EQ,3299689,661279,20.04
20,646,CSLFINANCE,EQ,14427,6936,48.08
20,647,CTE,EQ,322147,147950,45.93
20,648,CUB,EQ,1690533,959838,56.78
20,649,CUBEXTUB,EQ,29574,19883,67.23
20,650,CUMMINSIND,EQ,924230,622774,67.38
20,651,CUPID,EQ,190116,92512,48.66
20,652,CYBERMEDIA,EQ,10602,6645,62.68
20,653,CYIENT,EQ,388573,225918,58.14
20,654,CYIENTDLM,EQ,93359,49199,52.70
20,655,DABUR,EQ,1720007,1055906,61.39
20,656,DALBHARAT,EQ,496854,279783,56.31
20,657,DALMIASUG,EQ,70278,35419,50.40
20,658,DAMCAPITAL,EQ,9136466,1703466,18.64
20,659,DAMODARIND,EQ,31896,13285,41.65
20,660,DANGEE,EQ,1114110,542119,48.66
20,661,DANISH,SM,117900,48000,40.71
20,662,DATAMATICS,EQ,462949,201465,43.52
20,663,DATAPATTNS,EQ,62934,21027,33.41
20,664,DAVANGERE,EQ,2169758,973005,44.84
20,665,DBCORP,EQ,32816,17693,53.92
20,666,DBEIL,EQ,380346,129471,34.04
20,667,DBL,EQ,137156,77594,56.57
20,668,DBOL,EQ,78913,43622,55.28
20,669,DBREALTY,EQ,1807770,821605,45.45
20,670,DBSTOCKBRO,EQ,27518,8619,31.32
20,671,DCAL,EQ,478250,209347,43.77
20,672,DCBBANK,EQ,799899,428894,53.62
20,673,DCG,SM,22800,13200,57.89
20,674,DCI,EQ,36313,20547,56.58
20,675,DCM,EQ,42403,21870,51.58
20,676,DCMNVL,EQ,14658,9948,67.87
20,677,DCMSHRIRAM,EQ,31833,13193,41.44
20,678,DCMSRIND,EQ,67743,27550,40.67
20,679,DCW,EQ,1477092,787279,53.30
20,680,DCXINDIA,EQ,2309474,883645,38.26
20,681,DECCANCE,EQ,195001,100915,51.75
20,682,DECCANTRAN,ST,64800,63600,98.15
20,683,DEEDEV,EQ,124848,74754,59.88
20,684,DEEM,SM,9000,6000,66.67
20,685,DEEPAKFERT,EQ,344868,112917,32.74
20,686,DEEPAKNTR,EQ,73027,25370,34.74
20,687,DEEPINDS,EQ,287676,152694,53.08
20,688,DELAPLEX,SM,6600,5400,81.82
20,689,DELHIVERY,EQ,877205,368532,42.01
20,690,DELTACORP,EQ,566884,254664,44.92
20,691,DELTAMAGNT,EQ,32554,15567,47.82
20,692,DEN,EQ,898530,285419,31.77
20,693,DENEERS,ST,10200,9600,94.12
20,694,DENORA,EQ,8153,4703,57.68
20,695,DENTALKART,SM,28250,18750,66.37
20,696,DESTINY,ST,10500,10500,100.00
20,697,DEVIT,EQ,190070,105583,55.55
20,698,DEVYANI,EQ,3426861,1231638,35.94
20,699,DHAMPURSUG,EQ,123183,66822,54.25
20,700,DHANI,EQ,14038884,5999897,42.74
20,701,DHANLAXMI,SM,1352000,408000,30.18
20,702,DHANUKA,EQ,51823,27712,53.47
20,703,DHARIWAL,SM,1200,1200,100.00
20,704,DHARMAJ,EQ,77751,43144,55.49
20,705,DHRUV,EQ,6866,3450,50.25
20,706,DHTL,ST,8800,4800,54.55
20,707,DHUNINV,EQ,562,346,61.57
20,708,DIAMINESQ,EQ,3629,2628,72.42
20,709,DIAMONDYD,EQ,154847,86157,55.64
20,710,DICIND,EQ,7414,3748,50.55
20,711,DIFFNKG,EQ,61024,36143,59.23
20,712,DIGIDRIVE,EQ,55378,30083,54.32
20,713,DIGIKORE,ST,5000,4800,96.00
20,714,DIGISPICE,EQ,76555,52672,68.80
20,715,DISHTV,EQ,5376708,2431813,45.23
20,716,DIVGIITTS,EQ,6643,3865,58.18
20,717,DIVISLAB,EQ,180792,98562,54.52
20,718,DIVOPPBEES,EQ,32884,18047,54.88
20,719,DIVYADHAN,SM,8000,8000,100.00
20,720,DIXON,EQ,179968,68120,37.85
20,721,DKEGL,SM,6000,3000,50.00
20,722,DLF,EQ,2509773,1247573,49.71
20,723,DLINKINDIA,EQ,321184,104664,32.59
20,724,DMART,EQ,566194,367823,64.96
20,725,DNAMEDIA,EQ,152612,119020,77.99
20,726,DODLA,EQ,26287,13134,49.96
20,727,DOLATALGO,EQ,796891,335737,42.13
20,728,DOLLAR,EQ,179307,126006,70.27
20,729,DOLLEX,SM,40000,32000,80.00
20,730,DOMS,EQ,194171,59000,30.39
20,731,DONEAR,EQ,452965,183077,40.42
20,732,DPABHUSHAN,EQ,19730,9292,47.10
20,733,DPEL,ST,33000,33000,100.00
20,734,DPSCLTD,EQ,121757,85772,70.45
20,735,DPWIRES,EQ,16349,10668,65.25
20,736,DRCSYSTEMS,EQ,163892,109262,66.67
20,737,DREAMFOLKS,EQ,68859,38048,55.25
20,738,DREDGECORP,EQ,15834,7492,47.32
20,739,DRONE,ST,117500,112000,95.32
20,740,DRREDDY,EQ,1726305,862678,49.97
20,741,DRSDILIP,ST,9600,9600,100.00
20,742,DSSL,EQ,475391,123951,26.07
20,743,DTIL,EQ,11997,4933,41.12
20,744,DTL,SM,2400,2400,100.00
20,745,DUCOL,SM,9600,6400,66.67
20,746,DUCON,EQ,438627,256817,58.55
20,747,DUGLOBAL,SM,25000,15000,60.00
20,748,DURLAX,SM,18000,14000,77.78
20,749,DVL,EQ,18802,11661,62.02
20,750,DWARKESH,EQ,414546,168484,40.64
20,751,DYCL,EQ,146357,64863,44.32
20,752,DYNAMATECH,EQ,8236,3761,45.67
20,753,DYNAMIC,ST,10500,10500,100.00
20,754,DYNPRO,EQ,7528,5293,70.31
20,755,EASEMYTRIP,EQ,31576255,15182703,48.08
20,756,EBANKNIFTY,EQ,577,390,67.59
20,757,EBBETF0425,EQ,42694,3087,7.23
20,758,EBBETF0430,EQ,6097,4101,67.26
20,759,EBBETF0431,EQ,11319,7580,66.97
20,760,EBBETF0433,EQ,4102,3870,94.34
20,761,ECLERX,EQ,136398,74288,54.46
20,762,ECOSMOBLTY,EQ,100156,41756,41.69
20,763,EDELWEISS,EQ,3274987,1362299,41.60
20,764,EFACTOR,ST,2400,2400,100.00
20,765,EFFWA,ST,5600,5600,100.00
20,766,EFORCE,SM,84000,52800,62.86
20,767,EGOLD,EQ,2911,2411,82.82
20,768,EICHERMOT,EQ,2863478,933345,32.59
20,769,EIDPARRY,EQ,231828,87167,37.60
20,770,EIEL,EQ,8114592,1338382,16.49
20,771,EIFFL,EQ,17594,12621,71.73
20,772,EIHAHOTELS,EQ,95452,43228,45.29
20,773,EIHOTEL,EQ,1315049,854802,65.00
20,774,EIMCOELECO,EQ,16907,7249,42.88
20,775,EKC,EQ,885633,314253,35.48
20,776,ELDEHSG,EQ,534,331,61.99
20,777,ELECON,EQ,158025,58682,37.13
20,778,ELECTCAST,EQ,1599983,655597,40.98
20,779,ELGIEQUIP,EQ,126534,64553,51.02
20,780,ELIN,EQ,189856,105314,55.47
20,781,EMAMILTD,EQ,155105,73211,47.20
20,782,EMAMIPAP,EQ,19558,11225,57.39
20,783,EMBASSY,RR,273562,255732,93.48
20,784,EMBDL,EQ,3161864,1225629,38.76
20,785,EMCURE,EQ,80304,62300,77.58
20,786,EMIL,EQ,224780,115735,51.49
20,787,EMKAYTOOLS,SM,2700,1800,66.67
20,788,EMMBI,EQ,117771,44045,37.40
20,789,EMMIL,ST,9750,9750,100.00
20,790,EMSLIMITED,EQ,260986,110034,42.16
20,791,EMUDHRA,EQ,100549,45503,45.25
20,792,EMULTIMQ,EQ,24369,18682,76.66
20,793,ENDURANCE,EQ,127189,77713,61.10
20,794,ENFUSE,ST,13800,13800,100.00
20,795,ENGINERSIN,EQ,2102116,897852,42.71
20,796,ENIL,EQ,18493,10488,56.71
20,797,ENSER,ST,25000,24500,98.00
20,798,ENTERO,EQ,13646,6458,47.33
20,799,ENVIRO,SM,160000,94000,58.75
20,800,EPACK,EQ,1994894,951283,47.69
20,801,EPIGRAL,EQ,39959,14174,35.47
20,802,EPL,EQ,448156,190955,42.61
20,803,EQUAL50ADD,EQ,21427,21215,99.01
20,804,EQUITASBNK,EQ,2282472,1033881,45.30
20,805,ERIS,EQ,156498,58202,37.19
20,806,ESABINDIA,EQ,6585,6027,91.53
20,807,ESAFSFB,EQ,437646,190989,43.64
20,808,ESCONET,ST,17200,14800,86.05
20,809,ESCORTS,EQ,260903,125545,48.12
20,810,ESFL,ST,82080,76320,92.98
20,811,ESG,EQ,8390,6037,71.95
20,812,ESILVER,EQ,60816,60625,99.69
20,813,ESPRIT,SM,139200,94400,67.82
20,814,ESTER,EQ,211211,92524,43.81
20,815,ETHOSLTD,EQ,108535,36611,33.73
20,816,ETML,SM,105600,74400,70.45
20,817,EUREKAFORB,EQ,334893,223434,66.72
20,818,EUROBOND,SM,29000,27000,93.10
20,819,EVEREADY,EQ,50144,27277,54.40
20,820,EVERESTIND,EQ,9633,6368,66.11
20,821,EVINDIA,EQ,366390,262275,71.58
20,822,EXCELINDUS,EQ,14439,6721,46.55
20,823,EXCELLENT,SM,3200,3200,100.00
20,824,EXICOM,EQ,282845,141422,50.00
20,825,EXIDEIND,EQ,2458894,992187,40.35
20,826,EXPLEOSOL,EQ,6036,3241,53.69
20,827,EXXARO,EQ,774142,298564,38.57
20,828,FACT,EQ,656216,127665,19.45
20,829,FAIRCHEMOR,EQ,26325,13551,51.48
20,830,FALCONTECH,SM,3600,3600,100.00
20,831,FAZE3Q,EQ,8005,4401,54.98
20,832,FCL,EQ,209749,70071,33.41
20,833,FCSSOFT,EQ,2101635,1018178,48.45
20,834,FDC,EQ,233566,46656,19.98
20,835,FEDERALBNK,EQ,9827756,5463419,55.59
20,836,FEDFINA,EQ,300560,158605,52.77
20,837,FELIX,ST,58000,57500,99.14
20,838,FIBERWEB,EQ,65892,33938,51.51
20,839,FIDEL,SM,2000,2000,100.00
20,840,FIEMIND,EQ,63501,30547,48.10
20,841,FILATEX,EQ,1647515,534082,32.42
20,842,FINCABLES,EQ,109771,34622,31.54
20,843,FINEORG,EQ,17761,6710,37.78
20,844,FINIETF,EQ,100345,58633,58.43
20,845,FINOPB,EQ,159749,88574,55.45
20,846,FINPIPE,EQ,607700,192537,31.68
20,847,FIRSTCRY,EQ,138672,49215,35.49
20,848,FIVESTAR,EQ,2319514,1537876,66.30
20,849,FLAIR,EQ,50251,30783,61.26
20,850,FLUOROCHEM,EQ,32109,12832,39.96
20,851,FMCGIETF,EQ,922616,733562,79.51
20,852,FMGOETZE,EQ,37483,25926,69.17
20,853,FOCE,ST,100,100,100.00
20,854,FOCUS,EQ,137329,92864,67.62
20,855,FONEBOX,SM,13000,12000,92.31
20,856,FOODSIN,EQ,94660,58289,61.58
20,857,FORCAS,ST,12800,12800,100.00
20,858,FORCEMOT,EQ,288697,58813,20.37
20,859,FORGEAUTO,SM,206400,157200,76.16
20,860,FORTIS,EQ,1863634,1072690,57.56
20,861,FOSECOIND,EQ,1359,1157,85.14
20,862,FRESHARA,ST,87600,80400,91.78
20,863,FROG,SM,25600,15600,60.94
20,864,FSL,EQ,10131273,1794554,17.71
20,865,FUSION,EQ,413355,227950,55.15
20,866,GABRIEL,EQ,160751,62463,38.86
20,867,GAEL,EQ,734236,376111,51.22
20,868,GAIL,EQ,9157431,4680385,51.11
20,869,GAJANAND,ST,36000,33000,91.67
20,870,GALAPREC,EQ,348100,66293,19.04
20,871,GALAXYSURF,EQ,16486,9415,57.11
20,872,GALLANTT,EQ,12772,9542,74.71
20,873,GANDHAR,EQ,111544,58644,52.57
20,874,GANDHITUBE,EQ,5304,2368,44.65
20,875,GANECOS,EQ,81225,30807,37.93
20,876,GANESHBE,EQ,65696,43806,66.68
20,877,GANESHHOUC,EQ,147681,57200,38.73
20,878,GANESHIN,SM,236800,164800,69.59
20,879,GANGAFORGE,EQ,2268378,729864,32.18
20,880,GANGESSECU,EQ,7275,4104,56.41
20,881,GARFIBRES,EQ,82508,50913,61.71
20,882,GARUDA,EQ,1592246,478095,30.03
20,883,GATEWAY,EQ,774413,434594,56.12
20,884,GEECEE,EQ,20167,13037,64.65
20,885,GEEKAYWIRE,EQ,56084,33198,59.19
20,886,GENCON,EQ,63395,33732,53.21
20,887,GENESYS,EQ,201347,87334,43.37
20,888,GENSOL,EQ,97462,61827,63.44
20,889,GENUSPAPER,EQ,176590,109514,62.02
20,890,GENUSPOWER,EQ,509874,289087,56.70
20,891,GEOJITFSL,EQ,196000,89009,45.41
20,892,GEPIL,EQ,66655,33391,50.10
20,893,GESHIP,EQ,272210,124222,45.63
20,894,GFLLIMITED,EQ,42820,25089,58.59
20,895,GGBL,SM,84300,51000,60.50
20,896,GHCL,EQ,667140,187694,28.13
20,897,GHCLTEXTIL,EQ,214758,118922,55.37
20,898,GICHSGFIN,EQ,164243,54967,33.47
20,899,GICL,ST,66000,66000,100.00
20,900,GICRE,EQ,1391972,340619,24.47
20,901,GILLETTE,EQ,14082,6291,44.67
20,902,GILT5YBEES,EQ,219636,178779,81.40
20,903,GINNIFILA,EQ,331140,215025,64.93
20,904,GIPCL,EQ,520108,279027,53.65
20,905,GIRIRAJ,SM,500,250,50.00
20,906,GKWLIMITED,EQ,231,171,74.03
20,907,GLAND,EQ,358717,200383,55.86
20,908,GLAXO,EQ,40952,22460,54.84
20,909,GLENMARK,EQ,326112,114897,35.23
20,910,GLOBAL,EQ,58900,31715,53.85
20,911,GLOBALPET,SM,7500,7500,100.00
20,912,GLOBE,EQ,7118647,4100429,57.60
20,913,GLOBUSSPR,EQ,63090,29267,46.39
20,914,GLOSTERLTD,EQ,1126,947,84.10
20,915,GLS,EQ,58809,28574,48.59
20,916,GMBREW,EQ,52536,21179,40.31
20,917,GMDCLTD,EQ,411330,108813,26.45
20,918,GMMPFAUDLR,EQ,128161,72635,56.67
20,919,GMRAIRPORT,EQ,4945975,2909710,58.83
20,920,GMRP&UI,EQ,6600936,3285998,49.78
20,921,GNA,EQ,34138,14180,41.54
20,922,GNFC,EQ,551637,160380,29.07
20,923,GOACARBON,EQ,595920,39723,6.67
20,924,GOCLCORP,EQ,257217,64770,25.18
20,925,GOCOLORS,EQ,53993,32615,60.41
20,926,GODAVARIB,EQ,126059,58037,46.04
20,927,GODFRYPHLP,EQ,148727,38297,25.75
20,928,GODIGIT,EQ,3921609,686359,17.50
20,929,GODREJAGRO,EQ,46172,20877,45.22
20,930,GODREJCP,EQ,762657,519368,68.10
20,931,GODREJIND,EQ,99332,36450,36.70
20,932,GODREJPROP,EQ,513659,187232,36.45
20,933,GOKEX,EQ,54116,27124,50.12
20,934,GOKULAGRO,EQ,110449,56915,51.53
20,935,GOLD1,EQ,1527089,1496463,97.99
20,936,GOLDBEES,EQ,7660276,5341960,69.74
20,937,GOLDCASE,EQ,754813,642008,85.06
20,938,GOLDETF,EQ,103180,75527,73.20
20,939,GOLDETFADD,EQ,20027,19495,97.34
20,940,GOLDIAM,EQ,3060628,657709,21.49
20,941,GOLDIETF,EQ,790137,506358,64.08
20,942,GOLDKART,ST,625,625,100.00
20,943,GOLDSHARE,EQ,94426,56380,59.71
20,944,GOLDSTAR,SM,123750,78750,63.64
20,945,GOODLUCK,EQ,80478,47443,58.95
20,946,GOPAL,EQ,152652,59908,39.24
20,947,GOYALALUM,EQ,369739,235692,63.75
20,948,GOYALSALT,SM,15600,10200,65.38
20,949,GPECO,ST,24000,15600,65.00
20,950,GPIL,EQ,1819294,832390,45.75
20,951,GPPL,EQ,403496,176277,43.69
20,952,GPTHEALTH,EQ,132155,91376,69.14
20,953,GPTINFRA,EQ,63943,47299,73.97
20,954,GRANULES,EQ,1987419,1078413,54.26
20,955,GRAPHISAD,ST,4800,4800,100.00
20,956,GRAPHITE,EQ,1108760,321678,29.01
20,957,GRASIM,EQ,970593,461843,47.58
20,958,GRAVITA,EQ,233268,83508,35.80
20,959,GREAVESCOT,EQ,5612253,1845179,32.88
20,960,GREENCHEF,SM,119200,83200,69.80
20,961,GREENLAM,EQ,13167,5715,43.40
20,962,GREENPANEL,EQ,70433,28633,40.65
20,963,GREENPLY,EQ,96420,44701,46.36
20,964,GREENPOWER,EQ,2788530,1803945,64.69
20,965,GRINDWELL,EQ,57421,36688,63.89
20,966,GRINFRA,EQ,11287,5693,50.44
20,967,GRMOVER,EQ,78405,35018,44.66
20,968,GROBTEA,EQ,543,340,62.62
20,969,GROWWDEFNC,EQ,98055,64246,65.52
20,970,GROWWEV,EQ,602887,428737,71.11
20,971,GROWWGOLD,EQ,53148,24060,45.27
20,972,GROWWLIQID,EQ,90942,85344,93.84
20,973,GRPLTD,EQ,2533,1917,75.68
20,974,GRSE,EQ,374070,93443,24.98
20,975,GRWRHITECH,EQ,44990,21727,48.29
20,976,GSEC10ABSL,EQ,1,1,100.00
20,977,GSEC10IETF,EQ,36,23,63.89
20,978,GSEC10YEAR,EQ,602,571,94.85
20,979,GSEC5IETF,EQ,424,279,65.80
20,980,GSFC,EQ,1720343,782135,45.46
20,981,GSLSU,EQ,56030,33554,59.89
20,982,GSMFOILS,ST,22000,22000,100.00
20,983,GSPL,EQ,447033,201139,44.99
20,984,GSS,EQ,150898,101999,67.59
20,985,GSTL,ST,12000,12000,100.00
20,986,GTL,EQ,723465,385361,53.27
20,987,GTLINFRA,EQ,25458321,13156265,51.68
20,988,GTPL,EQ,11083,6066,54.73
20,989,GUFICBIO,EQ,106871,47530,44.47
20,990,GUJALKALI,EQ,19695,6339,32.19
20,991,GUJAPOLLO,EQ,9621,5405,56.18
20,992,GUJGASLTD,EQ,469710,75453,16.06
20,993,GULFOILLUB,EQ,41210,20487,49.71
20,994,GULFPETRO,EQ,251515,138861,55.21
20,995,GULPOLY,EQ,43352,29016,66.93
20,996,GVPTECH,EQ,410928,252460,61.44
20,997,HAL,EQ,1347694,674315,50.03
20,998,HAPPSTMNDS,EQ,193246,86122,44.57
20,999,HAPPYFORGE,EQ,25666,14744,57.45
20,1000,HARDWYN,EQ,3396890,1198794,35.29
20,1001,HARIOMPIPE,EQ,102128,64138,62.80
20,1002,HARRMALAYA,EQ,62133,33652,54.16
20,1003,HARSHA,EQ,33264,13994,42.07
20,1004,HATHWAY,EQ,5022124,2470958,49.20
20,1005,HATSUN,EQ,13511,7226,53.48
20,1006,HAVELLS,EQ,707455,501229,70.85
20,1007,HAVISHA,EQ,146166,119152,81.52
20,1008,HBLENGINE,EQ,784865,360117,45.88
20,1009,HBSL,EQ,6235,3664,58.77
20,1010,HCC,EQ,33329468,15824818,47.48
20,1011,HCG,EQ,80871,48528,60.01
20,1012,HCL-INSYS,EQ,564937,322936,57.16
20,1013,HCLTECH,EQ,3487645,2321689,66.57
20,1014,HDFCAMC,EQ,303954,163115,53.66
20,1015,HDFCBANK,EQ,9279288,5804214,62.55
20,1016,HDFCBSE500,EQ,8349,6855,82.11
20,1017,HDFCGOLD,EQ,1664999,1064937,63.96
20,1018,HDFCGROWTH,EQ,6724,4909,73.01
20,1019,HDFCLIFE,EQ,2449967,1507515,61.53
20,1020,HDFCLIQUID,EQ,6070,3754,61.85
20,1021,HDFCLOWVOL,EQ,21916,19039,86.87
20,1022,HDFCMID150,EQ,228381,194183,85.03
20,1023,HDFCMOMENT,EQ,100207,68265,68.12
20,1024,HDFCNEXT50,EQ,87802,37910,43.18
20,1025,HDFCNIF100,EQ,21818,16987,77.86
20,1026,HDFCNIFBAN,EQ,26284,14536,55.30
20,1027,HDFCNIFIT,EQ,13496,8711,64.55
20,1028,HDFCNIFTY,EQ,57172,51701,90.43
20,1029,HDFCPSUBK,EQ,10366,9723,93.80
20,1030,HDFCPVTBAN,EQ,91394,90998,99.57
20,1031,HDFCQUAL,EQ,16736,13226,79.03
20,1032,HDFCSENSEX,EQ,33539,22323,66.56
20,1033,HDFCSILVER,EQ,255963,221761,86.64
20,1034,HDFCSML250,EQ,287710,235187,81.74
20,1035,HDFCVALUE,EQ,2866,2253,78.61
20,1036,HEADSUP,EQ,34607,22347,64.57
20,1037,HEALTHADD,EQ,400,353,88.25
20,1038,HEALTHIETF,EQ,54857,39343,71.72
20,1039,HEALTHY,EQ,528263,368467,69.75
20,1040,HEG,EQ,1275692,341448,26.77
20,1041,HEIDELBERG,EQ,79674,38106,47.83
20,1042,HEMIPROP,EQ,293155,141461,48.25
20,1043,HERANBA,EQ,83641,31113,37.20
20,1044,HERITGFOOD,EQ,282834,165543,58.53
20,1045,HEROMOTOCO,EQ,1062633,624563,58.78
20,1046,HESTERBIO,EQ,8301,4468,53.82
20,1047,HEUBACHIND,EQ,30861,14169,45.91
20,1048,HEXATRADEX,EQ,8266,4651,56.27
20,1049,HFCL,EQ,8587433,2568746,29.91
20,1050,HGINFRA,EQ,116288,35956,30.92
20,1051,HGS,EQ,8715,4821,55.32
20,1052,HIGREEN,ST,41600,41600,100.00
20,1053,HIKAL,EQ,300548,85076,28.31
20,1054,HIL,EQ,5524,4010,72.59
20,1055,HILTON,EQ,425415,205691,48.35
20,1056,HIMATSEIDE,EQ,2158475,864943,40.07
20,1057,HINDALCO,EQ,8525001,5268221,61.80
20,1058,HINDCOMPOS,EQ,6359,2646,41.61
20,1059,HINDCOPPER,EQ,3055122,1246834,40.81
20,1060,HINDMOTORS,EQ,2123920,808556,38.07
20,1061,HINDOILEXP,EQ,932936,235547,25.25
20,1062,HINDPETRO,EQ,2391474,668126,27.94
20,1063,HINDUNILVR,EQ,1650744,1054847,63.90
20,1064,HINDWAREAP,EQ,77049,43033,55.85
20,1065,HINDZINC,EQ,1067204,513087,48.08
20,1066,HIRECT,EQ,22786,12003,52.68
20,1067,HISARMETAL,EQ,22694,9526,41.98
20,1068,HITECH,EQ,1282821,561376,43.76
20,1069,HITECHCORP,EQ,5733,4141,72.23
20,1070,HLEGLAS,EQ,31446,16461,52.35
20,1071,HLVLTD,EQ,2933287,1550194,52.85
20,1072,HMAAGRO,EQ,145825,87861,60.25
20,1073,HMVL,EQ,51303,29635,57.76
20,1074,HNDFDS,EQ,123528,98626,79.84
20,1075,HNGSNGBEES,EQ,131398,89337,67.99
20,1076,HOACFOODS,ST,6000,5250,87.50
20,1077,HOLMARC,ST,6000,6000,100.00
20,1078,HOMEFIRST,EQ,149177,63431,42.52
20,1079,HOMESFY,SM,4200,3900,92.86
20,1080,HONASA,EQ,358756,176743,49.27
20,1081,HONAUT,EQ,2719,1036,38.10
20,1082,HONDAPOWER,EQ,4909,2343,47.73
20,1083,HOVS,EQ,71438,34266,47.97
20,1084,HPAL,EQ,126348,69526,55.03
20,1085,HPIL,EQ,137891,104437,75.74
20,1086,HPL,EQ,143784,59153,41.14
20,1087,HSCL,EQ,901601,363422,40.31
20,1088,HTMEDIA,EQ,136726,85977,62.88
20,1089,HUDCO,EQ,7276943,2092944,28.76
20,1090,HUHTAMAKI,EQ,39664,22771,57.41
20,1091,HVAX,SM,27000,16200,60.00
20,1092,HYUNDAI,EQ,624221,208022,33.33
20,1093,IBLFL,ST,46000,46000,100.00
20,1094,ICEMAKE,EQ,8399,5044,60.05
20,1095,ICICIB22,EQ,775696,615187,79.31
20,1096,ICICIBANK,EQ,7433222,4605861,61.96
20,1097,ICICIGI,EQ,791676,601863,76.02
20,1098,ICICIPRULI,EQ,1473456,1074866,72.95
20,1099,ICIL,EQ,417669,204327,48.92
20,1100,ICRA,EQ,2589,1164,44.96
20,1101,IDBI,EQ,5335473,1897907,35.57
20,1102,IDEA,EQ,392797911,109526913,27.88
20,1103,IDEAFORGE,EQ,104649,45319,43.31
20,1104,IDEALTECHO,SM,4000,4000,100.00
20,1105,IDENTICAL,ST,34000,34000,100.00
20,1106,IDFCFIRSTB,EQ,19616031,9432068,48.08
20,1107,IDFNIFTYET,EQ,320,231,72.19
20,1108,IEML,SM,11500,9000,78.26
20,1109,IEX,EQ,2814817,615799,21.88
20,1110,IFBAGRO,EQ,1765,988,55.98
20,1111,IFBIND,EQ,15713,7242,46.09
20,1112,IFCI,EQ,5178832,1475913,28.50
20,1113,IFGLEXPOR,EQ,12807,8481,66.22
20,1114,IGARASHI,EQ,31449,16216,51.56
20,1115,IGIL,EQ,8248826,1839922,22.31
20,1116,IGL,EQ,4333385,1695632,39.13
20,1117,IGPL,EQ,17573,12038,68.50
20,1118,IIFL,EQ,1865742,649994,34.84
20,1119,IIFLCAPS,EQ,163834,105697,64.51
20,1120,IIFLZC25,ND,790,790,100.00
20,1121,IIFLZC25A,NP,13029,13029,100.00
20,1122,IIFLZC26A,NR,189,189,100.00
20,1123,IIFLZC28,NG,181,181,100.00
20,1124,IIFLZC28A,NU,60,60,100.00
20,1125,IIFLZC28B,Y1,180,180,100.00
20,1126,IKIO,EQ,70158,36353,51.82
20,1127,IKS,EQ,424457,152217,35.86
20,1128,IMAGICAA,EQ,406950,216684,53.25
20,1129,IMC1,N0,58,56,96.55
20,1130,IMFA,EQ,184513,56545,30.65
20,1131,IMPAL,EQ,5338,3711,69.52
20,1132,INCREDIBLE,EQ,5979,3406,56.97
20,1133,INDBANK,EQ,43136,25459,59.02
20,1134,INDGN,EQ,257877,150172,58.23
20,1135,INDHOTEL,EQ,4892368,3540052,72.36
20,1136,INDIACEM,EQ,899799,546329,60.72
20,1137,INDIAGLYCO,EQ,63467,31912,50.28
20,1138,INDIAMART,EQ,54293,23688,43.63
20,1139,INDIANB,EQ,2763635,1201051,43.46
20,1140,INDIANHUME,EQ,74074,38212,51.59
20,1141,INDIASHLTR,EQ,22107,13066,59.10
20,1142,INDIGO,EQ,892469,683093,76.54
20,1143,INDIGOPNTS,EQ,36497,15855,43.44
20,1144,INDIGRID,IV,152558,119876,78.58
20,1145,INDNIPPON,EQ,7151,3279,45.85
20,1146,INDOAMIN,EQ,202476,60576,29.92
20,1147,INDOBORAX,EQ,38705,24112,62.30
20,1148,INDOCO,EQ,277595,231795,83.50
20,1149,INDORAMA,EQ,40459,25501,63.03
20,1150,INDOSTAR,EQ,328824,242271,73.68
20,1151,INDOWIND,EQ,1035985,740805,71.51
20,1152,INDRAMEDCO,EQ,340222,135786,39.91
20,1153,INDTERRAIN,EQ,24826,14442,58.17
20,1154,INDUSINDBK,EQ,3956740,2257859,57.06
20,1155,INDUSTOWER,EQ,5093469,3021209,59.32
20,1156,INFIBEAM,EQ,7655532,3032476,39.61
20,1157,INFINIUM,ST,3500,3500,100.00
20,1158,INFOBEAN,EQ,9962,5953,59.76
20,1159,INFOLLION,ST,13200,13200,100.00
20,1160,INFOMEDIA,EQ,54402,31178,57.31
20,1161,INFRABEES,EQ,15349,9818,63.97
20,1162,INFRAIETF,EQ,41764,27022,64.70
20,1163,INFY,EQ,7083645,4111627,58.04
20,1164,INGERRAND,EQ,12410,7443,59.98
20,1165,INM,SM,600,600,100.00
20,1166,INNOMET,SM,6000,6000,100.00
20,1167,INNOVACAP,EQ,127989,61582,48.12
20,1168,INNOVANA,EQ,16114,9139,56.71
20,1169,INOXGREEN,EQ,977050,432524,44.27
20,1170,INOXINDIA,EQ,46658,19520,41.84
20,1171,INOXWIND,EQ,2891450,1308260,45.25
20,1172,INSECTICID,EQ,30137,16032,53.20
20,1173,INSPIRE,SM,44000,22000,50.00
20,1174,INSPIRISYS,EQ,7292,4437,60.85
20,1175,INTELLECT,EQ,601444,126813,21.08
20,1176,INTENTECH,EQ,34950,18675,53.43
20,1177,INTERARCH,EQ,472499,128799,27.26
20,1178,INTLCONV,EQ,461144,245966,53.34
20,1179,INVENTURE,EQ,1995560,1181630,59.21
20,1180,IOB,EQ,3636626,868936,23.89
20,1181,IOC,EQ,10625223,5771396,54.32
20,1182,IOLCP,EQ,740311,264583,35.74
20,1183,IONEXCHANG,EQ,103731,53505,51.58
20,1184,IPCALAB,EQ,1046987,510156,48.73
20,1185,IPHL,ST,8400,8400,100.00
20,1186,IPL,EQ,111116,64683,58.21
20,1187,IRB,EQ,25592914,11038179,43.13
20,1188,IRBINVIT,IV,117420,98761,84.11
20,1189,IRCON,EQ,3102552,892620,28.77
20,1190,IRCTC,EQ,809623,402449,49.71
20,1191,IREDA,EQ,11402806,2630474,23.07
20,1192,IRFC,EQ,14368318,3770920,26.24
20,1193,IRISDOREME,EQ,94829,24671,26.02
20,1194,IRMENERGY,EQ,42718,25025,58.58
20,1195,ISEC,EQ,115955,69736,60.14
20,1196,ISFT,EQ,62980,28134,44.67
20,1197,ISGEC,EQ,185350,67453,36.39
20,1198,ISHAN,ST,864000,768000,88.89
20,1199,IT,EQ,32298,15851,49.08
20,1200,ITALIANE,ST,8000,8000,100.00
20,1201,ITBEES,EQ,19278469,17472437,90.63
20,1202,ITC,EQ,26124980,21381955,81.84
20,1203,ITDC,EQ,43004,13950,32.44
20,1204,ITDCEM,EQ,425782,237940,55.88
20,1205,ITETF,EQ,97829,72740,74.35
20,1206,ITETFADD,EQ,5749,4468,77.72
20,1207,ITI,EQ,12054836,777871,6.45
20,1208,ITIETF,EQ,440274,304706,69.21
20,1209,ITTL,ST,105,105,100.00
20,1210,IVC,EQ,225635,138205,61.25
20,1211,IVP,EQ,3188,2705,84.85
20,1212,IVZINGOLD,EQ,74,41,55.41
20,1213,IVZINNIFTY,EQ,49,47,95.92
20,1214,IWEL,EQ,6379,4030,63.18
20,1215,IXIGO,EQ,2249416,1003792,44.62
20,1216,JAGRAN,EQ,88502,60506,68.37
20,1217,JAGSNPHARM,EQ,91156,42817,46.97
20,1218,JAIBALAJI,EQ,38829,24046,61.93
20,1219,JAICORPLTD,EQ,16708460,3671888,21.98
20,1220,JAINAM,ST,13000,13000,100.00
20,1221,JAIPURKURT,EQ,17725,12532,70.70
20,1222,JALAN,ST,96000,96000,100.00
20,1223,JAMNAAUTO,EQ,3094114,874252,28.26
20,1224,JASH,EQ,118910,63354,53.28
20,1225,JAYAGROGN,EQ,14382,8801,61.19
20,1226,JAYBARMARU,EQ,242349,90815,37.47
20,1227,JAYBEE,ST,32000,29000,90.63
20,1228,JAYNECOIND,EQ,126042,59161,46.94
20,1229,JAYSREETEA,EQ,94412,42428,44.94
20,1230,JBCHEPHARM,EQ,118114,73413,62.15
20,1231,JBMA,EQ,103850,31782,30.60
20,1232,JCHAC,EQ,26271,15054,57.30
20,1233,JEYYAM,SM,318000,228000,71.70
20,1234,JGCHEM,EQ,85407,41593,48.70
20,1235,JHS,EQ,516234,284249,55.06
20,1236,JINDALPHOT,EQ,9538,4231,44.36
20,1237,JINDALPOLY,EQ,34111,15902,46.62
20,1238,JINDALSAW,EQ,1714554,741836,43.27
20,1239,JINDALSTEL,EQ,1107101,651930,58.89
20,1240,JINDRILL,EQ,60692,31741,52.30
20,1241,JINDWORLD,EQ,700251,224886,32.12
20,1242,JIOFIN,EQ,18554117,12726356,68.59
20,1243,JISLDVREQS,EQ,121818,54576,44.80
20,1244,JISLJALEQS,EQ,13575794,5669733,41.76
20,1245,JITFINFRA,EQ,28871,11920,41.29
20,1246,JIWANRAM,SM,54000,42000,77.78
20,1247,J&KBANK,EQ,1700907,729044,42.86
20,1248,JKCEMENT,EQ,129280,58812,45.49
20,1249,JKIL,EQ,74610,33410,44.78
20,1250,JKLAKSHMI,EQ,60069,25192,41.94
20,1251,JKPAPER,EQ,211162,88692,42.00
20,1252,JKTYRE,EQ,191441,57335,29.95
20,1253,JLHL,EQ,30242,14843,49.08
20,1254,JMA,EQ,6365,3144,49.40
20,1255,JMFINANCIL,EQ,2528325,749003,29.62
20,1256,JNKINDIA,EQ,30088,18705,62.17
20,1257,JOCIL,EQ,2863,1980,69.16
20,1258,JPOLYINVST,EQ,8333,3504,42.05
20,1259,JPPOWER,EQ,27684486,12411468,44.83
20,1260,JSFB,EQ,97036,52669,54.28
20,1261,JSL,EQ,533696,290435,54.42
20,1262,JSLL,SM,5580,3870,69.35
20,1263,JSWENERGY,EQ,6416405,4802512,74.85
20,1264,JSWINFRA,EQ,1666430,749315,44.97
20,1265,JSWSTEEL,EQ,1636373,801250,48.96
20,1266,JTEKTINDIA,EQ,106765,57342,53.71
20,1267,JTLIND,EQ,1666282,525779,31.55
20,1268,JUBLFOOD,EQ,2440864,778865,31.91
20,1269,JUBLINGREA,EQ,754965,264207,35.00
20,1270,JUBLPHARMA,EQ,203923,98572,48.34
20,1271,JUNIORBEES,EQ,196273,138880,70.76
20,1272,JUNIPER,EQ,403238,315615,78.27
20,1273,JUSTDIAL,EQ,178192,95327,53.50
20,1274,JWL,EQ,717297,269193,37.53
20,1275,JYOTHYLAB,EQ,367091,161084,43.88
20,1276,JYOTICNC,EQ,538492,221827,41.19
20,1277,JYOTISTRUC,EQ,10833086,6900762,63.70
20,1278,K2INFRA,SM,69000,46200,66.96
20,1279,KABRAEXTRU,EQ,114370,54360,47.53
20,1280,KAJARIACER,EQ,157024,100012,63.69
20,1281,KAKATCEM,EQ,4833,3493,72.27
20,1282,KALAMANDIR,EQ,238392,156191,65.52
20,1283,KALANA,SM,26000,14000,53.85
20,1284,KALYANIFRG,EQ,3436,3031,88.21
20,1285,KALYANKJIL,EQ,5574250,2003627,35.94
20,1286,KAMATHOTEL,EQ,46082,28869,62.65
20,1287,KAMDHENU,EQ,253857,182850,72.03
20,1288,KANANIIND,EQ,193485,119418,61.72
20,1289,KANDARP,ST,164000,164000,100.00
20,1290,KANORICHEM,EQ,20556,12584,61.22
20,1291,KANPRPLA,EQ,15559,10878,69.91
20,1292,KANSAINER,EQ,227805,101357,44.49
20,1293,KAPSTON,EQ,3831,2260,58.99
20,1294,KARMAENG,EQ,39345,20757,52.76
20,1295,KARNIKA,ST,2000,2000,100.00
20,1296,KARURVYSYA,EQ,1531617,488002,31.86
20,1297,KATARIA,SM,40200,27000,67.16
20,1298,KAUSHALYA,EQ,9380,3720,39.66
20,1299,KAYNES,EQ,362449,115180,31.78
20,1300,KBCGLOBAL,EQ,29527192,10032137,33.98
20,1301,KCEIL,ST,91500,83500,91.26
20,1302,KCP,EQ,216887,83258,38.39
20,1303,KCPSUGIND,EQ,88810,62845,70.76
20,1304,KDDL,EQ,6721,3212,47.79
20,1305,KDL,ST,3800,3400,89.47
20,1306,KEC,EQ,357741,208183,58.19
20,1307,KECL,EQ,200006,83559,41.78
20,1308,KEI,EQ,106897,41514,38.84
20,1309,KEL,ST,1200,1200,100.00
20,1310,KELLTONTEC,EQ,972719,405719,41.71
20,1311,KESORAMIND,EQ,553630,338136,61.08
20,1312,KFINTECH,EQ,890294,386921,43.46
20,1313,KHADIM,EQ,26440,11185,42.30
20,1314,KHAICHEM,EQ,134960,50569,37.47
20,1315,KHAITANLTD,EQ,1922,1641,85.38
20,1316,KHANDSE,EQ,1841,1005,54.59
20,1317,KHFM,SM,6200,6200,100.00
20,1318,KICL,EQ,1783,1227,68.82
20,1319,KILITCH,EQ,9673,7380,76.29
20,1320,KIMS,EQ,331935,210688,63.47
20,1321,KINGFA,EQ,6764,2145,31.71
20,1322,KIOCL,EQ,865754,160149,18.50
20,1323,KIRIINDUS,EQ,340073,152501,44.84
20,1324,KIRLOSBROS,EQ,49175,16548,33.65
20,1325,KIRLOSENG,EQ,281741,167713,59.53
20,1326,KIRLOSIND,EQ,1018,336,33.01
20,1327,KIRLPNU,EQ,54700,23583,43.11
20,1328,KKCL,EQ,33319,22420,67.29
20,1329,KKVAPOW,SM,156,156,100.00
20,1330,KLL,SM,32800,22400,68.29
20,1331,KMEW,EQ,12751,7621,59.77
20,1332,KMSUGAR,EQ,349502,149282,42.71
20,1333,KNAGRI,ST,8000,7200,90.00
20,1334,KNRCON,EQ,526686,220965,41.95
20,1335,KODYTECH,SM,8300,6000,72.29
20,1336,KOHINOOR,EQ,249501,100113,40.13
20,1337,KOKUYOCMLN,EQ,53160,33201,62.45
20,1338,KOLTEPATIL,EQ,181606,134493,74.06
20,1339,KONSTELEC,ST,19000,19000,100.00
20,1340,KONTOR,ST,6600,6600,100.00
20,1341,KORE,ST,9500,7750,81.58
20,1342,KOTAKBANK,EQ,5096987,3307242,64.89
20,1343,KOTARISUG,EQ,83605,49560,59.28
20,1344,KOTHARIPET,EQ,74775,34250,45.80
20,1345,KOTYARK,SM,12000,8900,74.17
20,1346,KPEL,EQ,110447,60255,54.56
20,1347,KPIGREEN,EQ,1076590,732684,68.06
20,1348,KPIL,EQ,201062,100775,50.12
20,1349,KPITTECH,EQ,507047,212048,41.82
20,1350,KPRMILL,EQ,245585,67415,27.45
20,1351,KRBL,EQ,768728,187417,24.38
20,1352,KRISHANA,EQ,18907,10522,55.65
20,1353,KRISHCA,SM,23500,19000,80.85
20,1354,KRISHNADEF,ST,14750,13250,89.83
20,1355,KRITINUT,EQ,34095,22126,64.90
20,1356,KRN,EQ,1555800,304922,19.60
20,1357,KRONOX,EQ,136356,65020,47.68
20,1358,KROSS,EQ,137361,65783,47.89
20,1359,KRSNAA,EQ,27340,15872,58.05
20,1360,KRYSTAL,EQ,28324,19008,67.11
20,1361,KSB,EQ,60907,22287,36.59
20,1362,KSCL,EQ,19518,10711,54.88
20,1363,KSHITIJPOL,EQ,205567,145881,70.97
20,1364,KSL,EQ,61804,31745,51.36
20,1365,KSOLVES,EQ,34465,20736,60.17
20,1366,KTKBANK,EQ,582677,289549,49.69
20,1367,KTL,ST,6000,6000,100.00
20,1368,KUANTUM,EQ,57024,28664,50.27
20,1369,LAGNAM,EQ,68545,31618,46.13
20,1370,LAKSHYA,SM,117600,67200,57.14
20,1371,LAL,EQ,392130,301170,76.80
20,1372,LALPATHLAB,EQ,372124,283426,76.16
20,1373,LAMOSAIC,ST,1800,1800,100.00
20,1374,LANCORHOL,EQ,96809,68592,70.85
20,1375,LANDMARK,EQ,14937,8259,55.29
20,1376,LAOPALA,EQ,33371,16402,49.15
20,1377,LASA,EQ,464009,165089,35.58
20,1378,LATENTVIEW,EQ,344243,149983,43.57
20,1379,LAURUSLABS,EQ,1465317,562948,38.42
20,1380,LAWSIKHO,SM,10500,5500,52.38
20,1381,LAXMICOT,EQ,23214,13803,59.46
20,1382,LEMERITE,ST,10400,9600,92.31
20,1383,LEMONTREE,EQ,6253962,1988981,31.80
20,1384,LEXUS,EQ,16083,7299,45.38
20,1385,LGBBROSLTD,EQ,8711,5765,66.18
20,1386,LIBAS,EQ,30142,26410,87.62
20,1387,LIBERTSHOE,EQ,8065,5022,62.27
20,1388,LICHSGFIN,EQ,1316441,803203,61.01
20,1389,LICI,EQ,601073,236894,39.41
20,1390,LICMFGOLD,EQ,320,202,63.13
20,1391,LICNETFGSC,EQ,48419,46548,96.14
20,1392,LICNETFN50,EQ,829,652,78.65
20,1393,LICNETFSEN,EQ,91,36,39.56
20,1394,LICNFNHGP,EQ,1112,940,84.53
20,1395,LICNMID100,EQ,2306,1179,51.13
20,1396,LIKHITHA,EQ,37815,19853,52.50
20,1397,LINC,EQ,75309,33299,44.22
20,1398,LINCOLN,EQ,108492,40197,37.05
20,1399,LINDEINDIA,EQ,55031,21132,38.40
20,1400,LIQUID,EQ,364275,309630,85.00
20,1401,LIQUID1,EQ,168783,83344,49.38
20,1402,LIQUIDADD,EQ,375929,210660,56.04
20,1403,LIQUIDBEES,EQ,5336591,4783046,89.63
20,1404,LIQUIDBETF,EQ,3126,2180,69.74
20,1405,LIQUIDCASE,EQ,9171932,7925517,86.41
20,1406,LIQUIDETF,EQ,205690,171509,83.38
20,1407,LIQUIDIETF,EQ,784796,554729,70.68
20,1408,LIQUIDPLUS,EQ,29929,24720,82.60
20,1409,LIQUIDSBI,EQ,2950,1335,45.25
20,1410,LIQUIDSHRI,EQ,11977,11834,98.81
20,1411,LLOYDS,SM,15000,10000,66.67
20,1412,LLOYDSENGG,EQ,3308365,1633248,49.37
20,1413,LLOYDSENT,EQ,7124895,3723536,52.26
20,1414,LLOYDSME,EQ,1992520,656588,32.95
20,1415,LMW,EQ,3329,1964,59.00
20,1416,LODHA,EQ,456627,134584,29.47
20,1417,LOKESHMACH,EQ,123964,65665,52.97
20,1418,LORDSCHLO,EQ,484603,158086,32.62
20,1419,LOVABLE,EQ,15563,7957,51.13
20,1420,LOWVOL,EQ,4763,4666,97.96
20,1421,LOWVOL1,EQ,16066,9816,61.10
20,1422,LOWVOLIETF,EQ,1330652,1019185,76.59
20,1423,LRRPL,ST,13500,13500,100.00
20,1424,LT,EQ,1882900,1173346,62.32
20,1425,LTF,EQ,11377083,5413946,47.59
20,1426,LTFOODS,EQ,512094,201584,39.36
20,1427,LTGILTBEES,EQ,1929306,1577022,81.74
20,1428,LTIM,EQ,371309,186028,50.10
20,1429,LTTS,EQ,101596,40942,40.30
20,1430,LUMAXIND,EQ,2527,1767,69.92
20,1431,LUMAXTECH,EQ,560441,235549,42.03
20,1432,LUPIN,EQ,1205172,779444,64.67
20,1433,LUXIND,EQ,58467,17602,30.11
20,1434,LXCHEM,EQ,432868,191640,44.27
20,1435,LYKALABS,EQ,167765,97821,58.31
20,1436,LYPSAGEMS,EQ,166089,93306,56.18
20,1437,MACPOWER,EQ,13394,8646,64.55
20,1438,MADHAV,EQ,23783,7613,32.01
20,1439,MADHAVBAUG,SM,4400,3600,81.82
20,1440,MADHUSUDAN,SM,26000,23000,88.46
20,1441,MADRASFERT,EQ,413533,155370,37.57
20,1442,MAFANG,EQ,159995,150438,94.03
20,1443,MAGADSUGAR,EQ,6649,3948,59.38
20,1444,MAGNUM,EQ,191118,152631,79.86
20,1445,MAHABANK,EQ,7153002,2522415,35.26
20,1446,MAHAPEXLTD,EQ,12791,7596,59.39
20,1447,MAHEPC,EQ,39554,25234,63.80
20,1448,MAHESHWARI,EQ,14130,9815,69.46
20,1449,MAHICKRA,SM,5250,2250,42.86
20,1450,MAHKTECH,EQ,1254047,801993,63.95
20,1451,MAHLIFE,EQ,63789,30963,48.54
20,1452,MAHLOG,EQ,88477,40466,45.74
20,1453,MAHSCOOTER,EQ,10135,6263,61.80
20,1454,MAHSEAMLES,EQ,387691,102735,26.50
20,1455,MAITHANALL,EQ,27106,14992,55.31
20,1456,MAITREYA,ST,4400,3600,81.82
20,1457,MAKEINDIA,EQ,43690,37902,86.75
20,1458,MAKS,SM,4500,3000,66.67
20,1459,MAL,SM,6400,6400,100.00
20,1460,MALLCOM,EQ,2949,1809,61.34
20,1461,MALUPAPER,EQ,19921,11749,58.98
20,1462,MANAKALUCO,EQ,27158,12832,47.25
20,1463,MANAKSIA,EQ,143835,57675,40.10
20,1464,MANAKSTEEL,EQ,112480,31550,28.05
20,1465,MANALIPETC,EQ,205560,110991,53.99
20,1466,MANAPPURAM,EQ,4933872,1676474,33.98
20,1467,MANBA,EQ,286048,168951,59.06
20,1468,MANCREDIT,EQ,29555,2745,9.29
20,1469,MANDEEP,SM,14000,12000,85.71
20,1470,MANGALAM,EQ,34057,15798,46.39
20,1471,MANGCHEFER,EQ,223592,97039,43.40
20,1472,MANGLMCEM,EQ,30562,17014,55.67
20,1473,MANINDS,EQ,168406,96684,57.41
20,1474,MANINFRA,EQ,1472138,485586,32.99
20,1475,MANKIND,EQ,608005,373669,61.46
20,1476,MANOMAY,EQ,13752,9093,66.12
20,1477,MANORAMA,EQ,22967,17500,76.20
20,1478,MANORG,EQ,22521,13748,61.05
20,1479,MANUGRAPH,EQ,36719,16597,45.20
20,1480,MANYAVAR,EQ,68030,25069,36.85
20,1481,MAPMYINDIA,EQ,75598,22949,30.36
20,1482,MARALOVER,EQ,33524,22056,65.79
20,1483,MARATHON,EQ,30250,14218,47.00
20,1484,MARCO,SM,18000,13500,75.00
20,1485,MARICO,EQ,1609622,958259,59.53
20,1486,MARKSANS,EQ,772881,360220,46.61
20,1487,MARUTI,EQ,1417042,738040,52.08
20,1488,MASFIN,EQ,167812,111535,66.46
20,1489,MASON,ST,15000,12000,80.00
20,1490,MASPTOP50,EQ,115238,92230,80.03
20,1491,MASTEK,EQ,89535,37185,41.53
20,1492,MASTER,ST,500,500,100.00
20,1493,MASTERTR,EQ,27130,15706,57.89
20,1494,MATRIMONY,EQ,5093,2850,55.96
20,1495,MAWANASUG,EQ,60577,34366,56.73
20,1496,MAXESTATES,EQ,79081,41371,52.31
20,1497,MAXHEALTH,EQ,549223,275751,50.21
20,1498,MAXIND,EQ,22580,12429,55.04
20,1499,MAXPOSURE,SM,54000,45000,83.33
20,1500,MAYURUNIQ,EQ,46233,27023,58.45
20,1501,MAZDA,EQ,29664,10466,35.28
20,1502,MAZDOCK,EQ,1434052,263442,18.37
20,1503,MBAPL,EQ,28981,20487,70.69
20,1504,MBLINFRA,EQ,206615,95576,46.26
20,1505,MCON,ST,11000,11000,100.00
20,1506,MCX,EQ,161467,64851,40.16
20,1507,MDL,SM,1000,1000,100.00
20,1508,MEDANTA,EQ,99536,52477,52.72
20,1509,MEDIASSIST,EQ,107712,50685,47.06
20,1510,MEDICAMEQ,EQ,26969,13784,51.11
20,1511,MEDICO,EQ,1001311,290353,29.00
20,1512,MEDIORG,ST,4000,4000,100.00
20,1513,MEDPLUS,EQ,290085,190363,65.62
20,1514,MEGAFLEX,ST,6000,6000,100.00
20,1515,MEGASOFT,EQ,282389,173687,61.51
20,1516,MEGASTAR,EQ,20095,13005,64.72
20,1517,MEGATHERM,SM,34400,23600,68.60
20,1518,MENONBE,EQ,29158,19180,65.78
20,1519,METAL,EQ,74631,71063,95.22
20,1520,METALIETF,EQ,2171304,1824261,84.02
20,1521,METROBRAND,EQ,115692,34156,29.52
20,1522,METROPOLIS,EQ,99817,57671,57.78
20,1523,MFSL,EQ,256963,129513,50.40
20,1524,MGEL,EQ,1266202,571528,45.14
20,1525,MGL,EQ,734903,457760,62.29
20,1526,MHHL,SM,111000,99000,89.19
20,1527,MHRIL,EQ,236558,104402,44.13
20,1528,MICEL,EQ,243874,177834,72.92
20,1529,MID150BEES,EQ,1562243,1244294,79.65
20,1530,MID150CASE,EQ,323757,276781,85.49
20,1531,MIDCAP,EQ,33624,23218,69.05
20,1532,MIDCAPETF,EQ,2013801,1721081,85.46
20,1533,MIDCAPIETF,EQ,290969,164090,56.39
20,1534,MIDHANI,EQ,521921,124433,23.84
20,1535,MIDQ50ADD,EQ,1626,1186,72.94
20,1536,MIDSELIETF,EQ,137036,100591,73.40
20,1537,MIDSMALL,EQ,275745,258895,93.89
20,1538,MIEL,ST,14000,14000,100.00
20,1539,MINDACORP,EQ,278286,110914,39.86
20,1540,MINDSPACE,RR,63439,50157,79.06
20,1541,MINDTECK,EQ,28907,13586,47.00
20,1542,MIRCELECTR,EQ,3760708,1734428,46.12
20,1543,MIRZAINT,EQ,96235,62453,64.90
20,1544,MITCON,EQ,9638,7026,72.90
20,1545,MITCONPP,E1,202,1,0.50
20,1546,MITTAL,EQ,4131575,2752986,66.63
20,1547,M&M,EQ,4298090,1944002,45.23
20,1548,M&MFIN,EQ,3485430,1750372,50.22
20,1549,M&MFIN,N3,81,56,69.14
20,1550,MMFL,EQ,89799,56185,62.57
20,1551,MMP,EQ,29524,24731,83.77
20,1552,MMTC,EQ,1155586,299277,25.90
20,1553,MNC,EQ,13469,9377,69.62
20,1554,MOBIKWIK,EQ,11524128,869127,7.54
20,1555,MODEFENCE,EQ,217330,148525,68.34
20,1556,MODIRUBBER,EQ,1576,988,62.69
20,1557,MODISONLTD,EQ,92518,45360,49.03
20,1558,MOGSEC,EQ,62283,61208,98.27
20,1559,MOHEALTH,EQ,142145,77145,54.27
20,1560,MOIL,EQ,643560,264184,41.05
20,1561,MOKSH,EQ,231877,155053,66.87
20,1562,MOL,EQ,1693036,646988,38.21
20,1563,MOLDTECH,EQ,33945,16913,49.82
20,1564,MOLDTKPAC,EQ,32604,23015,70.59
20,1565,MOLOWVOL,EQ,4536,3046,67.15
20,1566,MOM100,EQ,433365,223707,51.62
20,1567,MOM30IETF,EQ,905195,402419,44.46
20,1568,MOM50,EQ,2330,1547,66.39
20,1569,MOMENTUM,EQ,39959,24749,61.94
20,1570,MOMENTUM50,EQ,115522,99219,85.89
20,1571,MOMOMENTUM,EQ,58345,44339,75.99
20,1572,MON100,EQ,365178,303177,83.02
20,1573,MONARCH,EQ,980821,382657,39.01
20,1574,MONIFTY500,EQ,115588,82905,71.72
20,1575,MONQ50,EQ,115909,92761,80.03
20,1576,MONTECARLO,EQ,17491,9772,55.87
20,1577,MOQUALITY,EQ,1770,1459,82.43
20,1578,MOREALTY,EQ,91557,52552,57.40
20,1579,MOREPENLAB,EQ,2441119,930442,38.12
20,1580,MOS,ST,6800,6800,100.00
20,1581,MOSMALL250,EQ,2211979,2063663,93.29
20,1582,MOTHERSON,EQ,12010550,6360360,52.96
20,1583,MOTILALOFS,EQ,1351757,456261,33.75
20,1584,MOTISONS,EQ,8073187,4301626,53.28
20,1585,MOTOGENFIN,EQ,12863,10094,78.47
20,1586,MOVALUE,EQ,63839,48452,75.90
20,1587,MPHASIS,EQ,250308,127632,50.99
20,1588,MPSLTD,EQ,12385,6489,52.39
20,1589,MPTODAY,SM,2000,2000,100.00
20,1590,MRF,EQ,7133,1336,18.73
20,1591,MRO-TEK,EQ,8037,5075,63.15
20,1592,MRPL,EQ,1387653,387791,27.95
20,1593,MSPL,EQ,520174,350943,67.47
20,1594,MSTCLTD,EQ,158635,73007,46.02
20,1595,MSUMI,EQ,4814314,2637737,54.79
20,1596,MTARTECH,EQ,175412,77120,43.97
20,1597,MTNL,EQ,2174483,775582,35.67
20,1598,MUFIN,EQ,119980,72352,60.30
20,1599,MUFTI,EQ,194013,106652,54.97
20,1600,MUKANDLTD,EQ,31902,20486,64.22
20,1601,MUKKA,EQ,868207,373165,42.98
20,1602,MULTICAP,EQ,63175,53168,84.16
20,1603,MUNJALAU,EQ,1300549,215840,16.60
20,1604,MUNJALSHOW,EQ,54156,25899,47.82
20,1605,MURUDCERA,EQ,49563,32578,65.73
20,1606,MUTHOOTCAP,EQ,18466,10330,55.94
20,1607,MUTHOOTFIN,EQ,727623,351004,48.24
20,1608,MUTHOOTMF,EQ,118373,54953,46.42
20,1609,MVGJL,EQ,2727453,609948,22.36
20,1610,MVKAGRO,SM,15600,13200,84.62
20,1611,MWL,SM,9600,7200,75.00
20,1612,MYMUDRA,SM,18000,16800,93.33
20,1613,NACLIND,EQ,250297,125720,50.23
20,1614,NAGAFERT,EQ,510477,253107,49.58
20,1615,NAHARCAP,EQ,15049,10445,69.41
20,1616,NAHARINDUS,EQ,22277,14772,66.31
20,1617,NAHARPOLY,EQ,16217,8192,50.51
20,1618,NAHARSPING,EQ,26386,12721,48.21
20,1619,NAMAN,ST,9600,9600,100.00
20,1620,NAM-INDIA,EQ,783082,285452,36.45
20,1621,NAMOEWASTE,ST,27200,27200,100.00
20,1622,NARMADA,EQ,162340,80511,49.59
20,1623,NATCOPHARM,EQ,482349,249491,51.72
20,1624,NATHBIOGEN,EQ,19886,12005,60.37
20,1625,NATIONALUM,EQ,5695163,1937940,34.03
20,1626,NAUKRI,EQ,285246,140378,49.21
20,1627,NAVA,EQ,96413,41907,43.47
20,1628,NAVINFLUOR,EQ,143643,97428,67.83
20,1629,NAVKARCORP,EQ,1099580,571813,52.00
20,1630,NAVNETEDUL,EQ,55534,32099,57.80
20,1631,NAZARA,EQ,443567,324856,73.24
20,1632,NBCC,EQ,5560559,2235223,40.20
20,1633,NCC,EQ,1877123,770232,41.03
20,1634,NCLIND,EQ,54210,36036,66.47
20,1635,NDL,EQ,2935395,1881811,64.11
20,1636,NDLVENTURE,EQ,14441,9791,67.80
20,1637,NDRAUTO,EQ,66043,30644,46.40
20,1638,NDTV,EQ,216036,45859,21.23
20,1639,NECCLTD,EQ,1676417,581783,34.70
20,1640,NEELAM,ST,18000,18000,100.00
20,1641,NELCAST,EQ,29047,19741,67.96
20,1642,NELCO,EQ,160768,58220,36.21
20,1643,NEOGEN,EQ,23209,12473,53.74
20,1644,NEPHROCARE,ST,15200,15200,100.00
20,1645,NESCO,EQ,36583,18812,51.42
20,1646,NESTLEIND,EQ,629164,380139,60.42
20,1647,NETF,EQ,1606,1293,80.51
20,1648,NETWEB,EQ,175897,78166,44.44
20,1649,NETWORK18,EQ,2688167,1355787,50.44
20,1650,NEULANDLAB,EQ,26814,12954,48.31
20,1651,NEWGEN,EQ,300849,110169,36.62
20,1652,NEWJAISA,SM,22500,12000,53.33
20,1653,NEXT50,EQ,8038,7134,88.75
20,1654,NEXT50IETF,EQ,440896,223310,50.65
20,1655,NFL,EQ,2599522,538585,20.72
20,1656,NGIL,EQ,184094,39949,21.70
20,1657,NGILPP1,E1,4739,4200,88.63
20,1658,NGLFINE,EQ,1151,657,57.08
20,1659,NH,EQ,144659,85609,59.18
20,1660,NHIT,IV,50000,50000,100.00
20,1661,NHPC,EQ,9040064,3328504,36.82
20,1662,NIACL,EQ,672038,172402,25.65
20,1663,NIDAN,SM,9000,9000,100.00
20,1664,NIF100BEES,EQ,17173,9752,56.79
20,1665,NIF100IETF,EQ,137842,82934,60.17
20,1666,NIF10GETF,EQ,440,350,79.55
20,1667,NIFITETF,EQ,410,400,97.56
20,1668,NIFMID150,EQ,1321,524,39.67
20,1669,NIFTY1,EQ,46696,30221,64.72
20,1670,NIFTY50ADD,EQ,15365,11454,74.55
20,1671,NIFTYBEES,EQ,4665341,2725872,58.43
20,1672,NIFTYBETF,EQ,102728,102238,99.52
20,1673,NIFTYETF,EQ,108262,72504,66.97
20,1674,NIFTYIETF,EQ,304988,218068,71.50
20,1675,NIFTYQLITY,EQ,35429,27307,77.08
20,1676,NIITLTD,EQ,1182302,381736,32.29
20,1677,NIITMTS,EQ,38777,17406,44.89
20,1678,NILAINFRA,EQ,8620882,2160190,25.06
20,1679,NILKAMAL,EQ,16448,10932,66.46
20,1680,NINSYS,EQ,6709,2759,41.12
20,1681,NIPPOBATRY,EQ,7636,3961,51.87
20,1682,NIRMAN,ST,20100,18900,94.03
20,1683,NITINSPIN,EQ,84944,58821,69.25
20,1684,NITIRAJ,EQ,2300,1668,72.52
20,1685,NIVABUPA,EQ,1396296,677760,48.54
20,1686,NLCINDIA,EQ,1063641,292933,27.54
20,1687,NMDC,EQ,30423550,11091280,36.46
20,1688,NMSTEEL,ST,329600,329600,100.00
20,1689,NOCIL,EQ,244936,121087,49.44
20,1690,NORTHARC,EQ,497718,239584,48.14
20,1691,NOVAAGRI,EQ,192771,98347,51.02
20,1692,NPBET,EQ,1197,1192,99.58
20,1693,NPST,SM,11900,8800,73.95
20,1694,NRAIL,EQ,2037,872,42.81
20,1695,NRBBEARING,EQ,92424,45075,48.77
20,1696,NSIL,EQ,20685,6054,29.27
20,1697,NSLNISP,EQ,1695343,770582,45.45
20,1698,NTPC,EQ,16543382,9553238,57.75
20,1699,NTPCGREEN,EQ,7565976,3382222,44.70
20,1700,NUCLEUS,EQ,53915,22709,42.12
20,1701,NURECA,EQ,8202,5551,67.68
20,1702,NUVAMA,EQ,192394,112587,58.52
20,1703,NUVOCO,EQ,63413,20632,32.54
20,1704,NV20,EQ,12782,7562,59.16
20,1705,NV20BEES,EQ,32418,29665,91.51
20,1706,NV20IETF,EQ,299871,178463,59.51
20,1707,NXST,RR,512037,316354,61.78
20,1708,NYKAA,EQ,3318901,1655353,49.88
20,1709,OAL,EQ,18747,11266,60.09
20,1710,OBCL,EQ,11625,9588,82.48
20,1711,OBEROIRLTY,EQ,616304,293305,47.59
20,1712,OBSCP,ST,32400,32400,100.00
20,1713,OCCL,EQ,12816,8287,64.66
20,1714,OCCLLTD,EQ,320664,161805,50.46
20,1715,OFSS,EQ,116848,57551,49.25
20,1716,OIL,EQ,8809869,1591787,18.07
20,1717,OILIETF,EQ,916863,612369,66.79
20,1718,OLAELEC,EQ,37564777,10819694,28.80
20,1719,OLECTRA,EQ,169394,76117,44.93
20,1720,OLIL,SM,26400,20400,77.27
20,1721,OMAXAUTO,EQ,11684,8798,75.30
20,1722,OMAXE,EQ,137283,80606,58.72
20,1723,OMFURN,ST,55200,50400,91.30
20,1724,OMINFRAL,EQ,128650,53468,41.56
20,1725,ONDOOR,ST,16200,15000,92.59
20,1726,ONELIFECAP,EQ,4221,3222,76.33
20,1727,ONEPOINT,EQ,355494,198367,55.80
20,1728,ONGC,EQ,19745810,7222209,36.58
20,1729,ONMOBILE,EQ,311376,125437,40.28
20,1730,ONWARDTEC,EQ,30353,16568,54.58
20,1731,ONYX,SM,386000,232000,60.10
20,1732,OPTIEMUS,EQ,216047,115327,53.38
20,1733,ORCHPHARMA,EQ,59382,22060,37.15
20,1734,ORIANA,SM,45750,28125,61.48
20,1735,ORICONENT,EQ,433052,202616,46.79
20,1736,ORIENTALTL,EQ,234972,105270,44.80
20,1737,ORIENTBELL,EQ,16844,10635,63.14
20,1738,ORIENTCEM,EQ,270296,160602,59.42
20,1739,ORIENTCER,EQ,63946,31268,48.90
20,1740,ORIENTELEC,EQ,63177,30797,48.75
20,1741,ORIENTHOT,EQ,188200,93965,49.93
20,1742,ORIENTPPR,EQ,818283,407818,49.84
20,1743,ORIENTTECH,EQ,477305,170386,35.70
20,1744,ORISSAMINE,EQ,4044,2167,53.59
20,1745,ORTINGLOBE,EQ,3337,1953,58.53
20,1746,OSELDEVICE,ST,84800,77600,91.51
20,1747,OSWALAGRO,EQ,19786,10902,55.10
20,1748,OSWALGREEN,EQ,236101,112459,47.63
20,1749,OWAIS,SM,7300,5700,78.08
20,1750,PAGEIND,EQ,13143,6688,50.89
20,1751,PAISALO,EQ,2058066,1344419,65.32
20,1752,PAKKA,EQ,108538,58493,53.89
20,1753,PALASHSECU,EQ,6124,3193,52.14
20,1754,PALREDTEC,EQ,38094,29123,76.45
20,1755,PANACEABIO,EQ,104550,55989,53.55
20,1756,PANAMAPET,EQ,13738,6821,49.65
20,1757,PANSARI,EQ,466,202,43.35
20,1758,PAR,EQ,208448,93163,44.69
20,1759,PARACABLES,EQ,3391198,1574523,46.43
20,1760,PARADEEP,EQ,7818035,2558435,32.72
20,1761,PARAGMILK,EQ,220158,91699,41.65
20,1762,PARAGON,ST,22800,21600,94.74
20,1763,PARAMATRIX,SM,4800,2400,50.00
20,1764,PARAMOUNT,SM,4800,4800,100.00
20,1765,PARAS,EQ,64461,29884,46.36
20,1766,PARASPETRO,EQ,545217,355060,65.12
20,1767,PARIN,ST,2500,1500,60.00
20,1768,PARKHOTELS,EQ,1813272,966996,53.33
20,1769,PARTYCRUS,SM,15000,11000,73.33
20,1770,PASHUPATI,ST,37000,35600,96.22
20,1771,PATANJALI,EQ,251510,141181,56.13
20,1772,PATELENG,EQ,2628176,1194357,45.44
20,1773,PATINTLOG,EQ,332374,167324,50.34
20,1774,PAYTM,EQ,4699842,978757,20.83
20,1775,PCBL,EQ,2173298,963920,44.35
20,1776,PCCL,SM,14400,8000,55.56
20,1777,PCJEWELLER,EQ,10216499,6806859,66.63
20,1778,PDMJEPAPER,EQ,995938,391778,39.34
20,1779,PDSL,EQ,127013,62355,49.09
20,1780,PEARLPOLY,EQ,54594,25284,46.31
20,1781,PEL,EQ,364591,97945,26.86
20,1782,PELATRO,ST,3600,3600,100.00
20,1783,PENIND,EQ,374828,147310,39.30
20,1784,PENINLAND,EQ,567144,317137,55.92
20,1785,PENTAGON,SM,17000,13000,76.47
20,1786,PERFECT,ST,27000,24000,88.89
20,1787,PERSISTENT,EQ,249756,111039,44.46
20,1788,PETRONET,EQ,21654220,4803700,22.18
20,1789,PFC,EQ,7550076,3938653,52.17
20,1790,PFIZER,EQ,27605,12821,46.44
20,1791,PFOCUS,EQ,79885,53098,66.47
20,1792,PFS,EQ,638244,232132,36.37
20,1793,PGEL,EQ,1383859,676290,48.87
20,1794,PGHH,EQ,6234,3707,59.46
20,1795,PGHL,EQ,2100,1196,56.95
20,1796,PGIL,EQ,127076,61024,48.02
20,1797,PGINVIT,IV,332179,288029,86.71
20,1798,PHANTOMFX,ST,17100,16800,98.25
20,1799,PHARMABEES,EQ,3635258,2293367,63.09
20,1800,PHOENIXLTD,EQ,653166,467726,71.61
20,1801,PHOGLOBAL,ST,18000,18000,100.00
20,1802,PIDILITIND,EQ,588217,401764,68.30
20,1803,PIIND,EQ,181694,117252,64.53
20,1804,PILANIINVS,EQ,3943,2190,55.54
20,1805,PILITA,EQ,81213,47509,58.50
20,1806,PITTIENG,EQ,26851,14736,54.88
20,1807,PIXTRANS,EQ,13844,6700,48.40
20,1808,PLASTIBLEN,EQ,13045,8869,67.99
20,1809,PLATIND,EQ,221121,133127,60.21
20,1810,PLAZACABLE,EQ,47695,29112,61.04
20,1811,PNB,EQ,30428278,9209402,30.27
20,1812,PNBGILTS,EQ,212624,104751,49.27
20,1813,PNBHOUSING,EQ,1247257,572462,45.90
20,1814,PNC,EQ,56718,36799,64.88
20,1815,PNCINFRA,EQ,560604,228486,40.76
20,1816,PNGJL,EQ,880628,487371,55.34
20,1817,POCL,EQ,55105,36389,66.04
20,1818,PODDARMENT,EQ,1297,764,58.91
20,1819,POKARNA,EQ,45097,19251,42.69
20,1820,POLICYBZR,EQ,2784644,1087051,39.04
20,1821,POLYCAB,EQ,162726,75402,46.34
20,1822,POLYMED,EQ,96825,53856,55.62
20,1823,POLYPLEX,EQ,114364,48667,42.55
20,1824,POLYSIL,SM,12000,8000,66.67
20,1825,PONNIERODE,EQ,7760,3557,45.84
20,1826,POONAWALLA,EQ,1566609,552825,35.29
20,1827,POSITRON,ST,15900,15300,96.23
20,1828,POWERGRID,EQ,10766571,6561225,60.94
20,1829,POWERINDIA,EQ,64973,18847,29.01
20,1830,POWERMECH,EQ,109219,53150,48.66
20,1831,PPAP,EQ,46039,19876,43.17
20,1832,PPL,EQ,72765,33500,46.04
20,1833,PPLPHARMA,EQ,3443797,1198944,34.81
20,1834,PPSL,SM,255000,207000,81.18
20,1835,PRAENG,EQ,112243,83744,74.61
20,1836,PRAJIND,EQ,1105623,308819,27.93
20,1837,PRAKASH,EQ,437837,210133,47.99
20,1838,PRAKASHSTL,EQ,399575,259526,64.95
20,1839,PRAMARA,SM,2000,2000,100.00
20,1840,PRANIK,SM,20800,17600,84.62
20,1841,PRATHAM,ST,19600,19200,97.96
20,1842,PRECAM,EQ,521511,120889,23.18
20,1843,PRECISION,ST,10000,10000,100.00
20,1844,PRECWIRE,EQ,334064,131279,39.30
20,1845,PREMEXPLN,EQ,65008,32681,50.27
20,1846,PREMIERENE,EQ,1264813,310084,24.52
20,1847,PREMIUM,SM,15000,12000,80.00
20,1848,PRESSTONIC,ST,14400,14400,100.00
20,1849,PRESTIGE,EQ,434737,205743,47.33
20,1850,PRICOLLTD,EQ,858203,358074,41.72
20,1851,PRIMESECU,EQ,82861,27280,32.92
20,1852,PRINCEPIPE,EQ,88180,42567,48.27
20,1853,PRITI,EQ,27304,16096,58.95
20,1854,PRITIKA,ST,10000,10000,100.00
20,1855,PRITIKAUTO,EQ,178736,95815,53.61
20,1856,PRIVISCL,EQ,42431,28060,66.13
20,1857,PRIZOR,ST,39200,36000,91.84
20,1858,PRLIND,SM,19000,15000,78.95
20,1859,PROLIFE,SM,21000,11000,52.38
20,1860,PROPEQUITY,SM,12600,12000,95.24
20,1861,PROV,SM,400,400,100.00
20,1862,PROZONER,EQ,15937542,4995387,31.34
20,1863,PRSMJOHNSN,EQ,208181,100230,48.15
20,1864,PRUDENT,EQ,29497,17579,59.60
20,1865,PSB,EQ,471851,167096,35.41
20,1866,PSFL,SM,78000,46000,58.97
20,1867,PSPPROJECT,EQ,89790,49382,55.00
20,1868,PSUBANK,EQ,25412,7010,27.59
20,1869,PSUBANKADD,EQ,12804,10201,79.67
20,1870,PSUBNKBEES,EQ,1962304,926696,47.22
20,1871,PSUBNKIETF,EQ,336037,187301,55.74
20,1872,PTC,EQ,1441226,677387,47.00
20,1873,PTCIL,EQ,10167,5248,51.62
20,1874,PTL,EQ,75476,41019,54.35
20,1875,PULZ,ST,12000,12000,100.00
20,1876,PUNJABCHEM,EQ,4626,2219,47.97
20,1877,PURPLEUTED,SM,78000,51000,65.38
20,1878,PURVA,EQ,61454,31799,51.74
20,1879,PURVFLEXI,SM,52000,44800,86.15
20,1880,PVP,EQ,687234,350385,50.98
20,1881,PVRINOX,EQ,221330,108286,48.93
20,1882,PVSL,EQ,51250,27790,54.22
20,1883,PVTBANIETF,EQ,6185575,5827530,94.21
20,1884,PVTBANKADD,EQ,36533,26582,72.76
20,1885,PYRAMID,EQ,51808,24330,46.96
20,1886,QGOLDHALF,EQ,123992,121522,98.01
20,1887,QMSMEDI,SM,6000,4000,66.67
20,1888,QNIFTY,EQ,948,746,78.69
20,1889,QUADPRO,SM,24000,24000,100.00
20,1890,QUAL30IETF,EQ,25280,20199,79.90
20,1891,QUESS,EQ,244474,95447,39.04
20,1892,QUESTLAB,SM,115200,87600,76.04
20,1893,QUICKHEAL,EQ,105870,73810,69.72
20,1894,QUICKTOUCH,ST,14500,14000,96.55
20,1895,QVCEL,ST,6400,6400,100.00
20,1896,RACE,EQ,6149,4037,65.65
20,1897,RACLGEAR,EQ,5987,4403,73.54
20,1898,RADIANTCMS,EQ,135285,64638,47.78
20,1899,RADICO,EQ,119622,57636,48.18
20,1900,RADIOCITY,EQ,185915,121366,65.28
20,1901,RADIOCITY,P1,88,88,100.00
20,1902,RAILTEL,EQ,18061910,975081,5.40
20,1903,RAIN,EQ,1291108,541587,41.95
20,1904,RAINBOW,EQ,205983,186717,90.65
20,1905,RAJESHEXPO,EQ,430593,145011,33.68
20,1906,RAJINDLTD,SM,270000,163500,60.56
20,1907,RAJMET,EQ,479427,317990,66.33
20,1908,RAJPUTANA,SM,145000,78000,53.79
20,1909,RAJRATAN,EQ,21943,13196,60.14
20,1910,RAJSREESUG,EQ,46728,33010,70.64
20,1911,RALLIS,EQ,455782,183315,40.22
20,1912,RAMANEWS,EQ,22543,11768,52.20
20,1913,RAMAPHO,EQ,14127,8260,58.47
20,1914,RAMASTEEL,EQ,7385365,2607171,35.30
20,1915,RAMCOCEM,EQ,257327,97110,37.74
20,1916,RAMCOIND,EQ,184662,77090,41.75
20,1917,RAMCOSYS,EQ,36826,21085,57.26
20,1918,RAMKY,EQ,48082,31397,65.30
20,1919,RAMRAT,EQ,14993,8634,57.59
20,1920,RANASUG,EQ,170175,100475,59.04
20,1921,RANEENGINE,EQ,9453,6004,63.51
20,1922,RANEHOLDIN,EQ,9398,5119,54.47
20,1923,RAPPID,ST,19200,18600,96.88
20,1924,RATEGAIN,EQ,60799,38152,62.75
20,1925,RATNAMANI,EQ,10777,7971,73.96
20,1926,RATNAVEER,EQ,328209,182254,55.53
20,1927,RAYMOND,EQ,1833237,227760,12.42
20,1928,RAYMONDLSL,EQ,62858,32094,51.06
20,1929,RBA,EQ,921428,331116,35.94
20,1930,RBL,EQ,4709,3092,65.66
20,1931,RBLBANK,EQ,15014583,3921485,26.12
20,1932,RBMINFRA,ST,27800,26200,94.24
20,1933,RBS,ST,27200,24000,88.24
20,1934,RBZJEWEL,EQ,149106,107249,71.93
20,1935,RCDL,SM,21000,21000,100.00
20,1936,RCF,EQ,4220256,858077,20.33
20,1937,RECLTD,EQ,8546733,4276603,50.04
20,1938,REDINGTON,EQ,4084504,1202966,29.45
20,1939,REDTAPE,EQ,51511,30008,58.26
20,1940,REFRACTORY,ST,11000,11000,100.00
20,1941,RELAXO,EQ,42113,18904,44.89
20,1942,RELCHEMQ,EQ,3044,1534,50.39
20,1943,RELIABLE,EQ,3259,2365,72.57
20,1944,RELIANCE,EQ,15486276,9771015,63.09
20,1945,RELIGARE,EQ,1187771,745393,62.76
20,1946,RELINFRA,EQ,5337254,2582368,48.38
20,1947,RELTD,EQ,57626,41832,72.59
20,1948,REMSONSIND,EQ,47557,28045,58.97
20,1949,REMUS,SM,2300,1300,56.52
20,1950,RENUKA,EQ,2576767,896872,34.81
20,1951,REPCOHOME,EQ,143029,71951,50.31
20,1952,REPRO,EQ,7411,4632,62.50
20,1953,RESPONIND,EQ,646694,411123,63.57
20,1954,RETAIL,EQ,7980,5871,73.57
20,1955,RGL,EQ,168284,90854,53.99
20,1956,RHIM,EQ,132796,70069,52.76
20,1957,RICHA,SM,1000,1000,100.00
20,1958,RICOAUTO,EQ,16384414,2483410,15.16
20,1959,RIIL,EQ,2553243,315001,12.34
20,1960,RILINFRA,ST,13000,12900,99.23
20,1961,RISHABH,EQ,18358,8259,44.99
20,1962,RITCO,EQ,151752,86576,57.05
20,1963,RITES,EQ,2045223,454643,22.23
20,1964,RITEZONE,SM,3200,3200,100.00
20,1965,RKEC,EQ,41647,23416,56.22
20,1966,RKFORGE,EQ,150178,71302,47.48
20,1967,RKSWAMY,EQ,51950,31133,59.93
20,1968,RMDRIP,ST,2500,2500,100.00
20,1969,RML,EQ,6177,4094,66.28
20,1970,RNFI,SM,944400,492000,52.10
20,1971,ROCKINGDCE,SM,80750,59250,73.37
20,1972,ROHLTD,EQ,267131,90364,33.83
20,1973,ROLEXRINGS,EQ,18445,8947,48.51
20,1974,ROML,EQ,9884,6719,67.98
20,1975,ROSSARI,EQ,18041,8991,49.84
20,1976,ROSSTECH,EQ,16223,10821,66.70
20,1977,ROTO,EQ,140629,65443,46.54
20,1978,ROUTE,EQ,21875,11277,51.55
20,1979,ROXHITECH,SM,52800,44800,84.85
20,1980,RPEL,EQ,60202,34616,57.50
20,1981,RPGLIFE,EQ,7498,3479,46.40
20,1982,RPOWER,EQ,38974368,18405964,47.23
20,1983,RPPL,EQ,63123,24094,38.17
20,1984,RPSGVENT,EQ,114289,59732,52.26
20,1985,RPTECH,EQ,195081,86164,44.17
20,1986,RRKABEL,EQ,150869,121856,80.77
20,1987,RSWM,EQ,38471,22090,57.42
20,1988,RSYSTEMS,EQ,225584,169543,75.16
20,1989,RTNINDIA,EQ,1499068,532009,35.49
20,1990,RTNPOWER,EQ,6509730,3652505,56.11
20,1991,RUBFILA,EQ,71077,41968,59.05
20,1992,RUBYMILLS,EQ,81688,26023,31.86
20,1993,RUCHINFRA,EQ,80451,57720,71.75
20,1994,RUCHIRA,EQ,26014,14076,54.11
20,1995,RULKA,SM,13200,11400,86.36
20,1996,RUPA,EQ,55419,32111,57.94
20,1997,RUSHIL,EQ,285314,165781,58.10
20,1998,RUSTOMJEE,EQ,14611,6343,43.41
20,1999,RVNL,EQ,2481062,811707,32.72
20,2000,SAAKSHI,SM,10800,10200,94.44
20,2001,SADBHAV,EQ,1169721,712216,60.89
20,2002,SADBHIN,EQ,176963,118324,66.86
20,2003,SADHAV,SM,24600,19200,78.05
20,2004,SADHNANIQ,EQ,1115552,472298,42.34
20,2005,SAFARI,EQ,13233,5804,43.86
20,2006,SAGARDEEP,EQ,37128,19503,52.53
20,2007,SAGCEM,EQ,22040,12685,57.55
20,2008,SAGILITY,EQ,37520037,15624970,41.64
20,2009,SAHAJ,SM,20000,20000,100.00
20,2010,SAHAJSOLAR,ST,36200,34600,95.58
20,2011,SAHANA,ST,15500,15500,100.00
20,2012,SAHASRA,SM,222000,155600,70.09
20,2013,SAHYADRI,EQ,9074,5516,60.79
20,2014,SAIFL,SM,8000,7200,90.00
20,2015,SAIL,EQ,7663473,1967321,25.67
20,2016,SAILIFE,EQ,2138913,579080,27.07
20,2017,SAJHOTELS,SM,4000,4000,100.00
20,2018,SAKAR,EQ,33597,19111,56.88
20,2019,SAKHTISUG,EQ,95972,51028,53.17
20,2020,SAKSOFT,EQ,69395,42048,60.59
20,2021,SALASAR,EQ,15381319,8897387,57.85
20,2022,SALONA,EQ,2159,1085,50.25
20,2023,SALSTEEL,EQ,65361,32619,49.91
20,2024,SALZERELEC,EQ,86560,44369,51.26
20,2025,SAMHI,EQ,2292180,1205464,52.59
20,2026,SAMMAANCAP,EQ,18059873,6338730,35.10
20,2027,SANATHAN,EQ,1215579,540957,44.50
20,2028,SANDESH,EQ,1570,1115,71.02
20,2029,SANDHAR,EQ,59414,33142,55.78
20,2030,SANDUMA,EQ,380374,130006,34.18
20,2031,SANGAMIND,EQ,27447,12646,46.07
20,2032,SANGANI,ST,12000,12000,100.00
20,2033,SANGHIIND,EQ,357588,218929,61.22
20,2034,SANGHVIMOV,EQ,224592,121424,54.06
20,2035,SANGINITA,EQ,81121,63962,78.85
20,2036,SANOFI,EQ,8343,5321,63.78
20,2037,SANOFICONR,EQ,78743,68568,87.08
20,2038,SANSERA,EQ,58550,25753,43.98
20,2039,SANSTAR,EQ,885578,478508,54.03
20,2040,SAPPHIRE,EQ,283644,90835,32.02
20,2041,SARDAEN,EQ,352543,176573,50.09
20,2042,SAREGAMA,EQ,318569,133020,41.76
20,2043,SAROJA,SM,1600,1600,100.00
20,2044,SARTELE,SM,201500,155000,76.92
20,2045,SARVESHWAR,EQ,7029174,4566585,64.97
20,2046,SASKEN,EQ,26258,11118,42.34
20,2047,SASTASUNDR,EQ,28778,18206,63.26
20,2048,SATECH,ST,41000,38000,92.68
20,2049,SATIA,EQ,101189,56578,55.91
20,2050,SATIN,EQ,112796,63090,55.93
20,2051,SATINDLTD,EQ,310225,153310,49.42
20,2052,SAURASHCEM,EQ,100012,31972,31.97
20,2053,SBC,EQ,2058577,908672,44.14
20,2054,SBCL,EQ,69328,36128,52.11
20,2055,SBFC,EQ,1902054,815059,42.85
20,2056,SBGLP,EQ,538823,392091,72.77
20,2057,SBICARD,EQ,858309,345919,40.30
20,2058,SBIETFCON,EQ,7162,6603,92.19
20,2059,SBIETFIT,EQ,3464,2472,71.36
20,2060,SBIETFPB,EQ,2262,1629,72.02
20,2061,SBIETFQLTY,EQ,1433,1285,89.67
20,2062,SBILIFE,EQ,1083889,646791,59.67
20,2063,SBIN,EQ,11398319,5725585,50.23
20,2064,SBINEQWETF,EQ,193699,191550,98.89
20,2065,SBISILVER,EQ,66817,53772,80.48
20,2066,SCHAEFFLER,EQ,18072,9470,52.40
20,2067,SCHAND,EQ,17431,10889,62.47
20,2068,SCHNEIDER,EQ,238707,74883,31.37
20,2069,SCI,EQ,2079815,699213,33.62
20,2070,SCILAL,EQ,819590,369307,45.06
20,2071,SCL25924A,N1,10,10,100.00
20,2072,SCL25B,BI,4,4,100.00
20,2073,SCLZC25,YN,16,16,100.00
20,2074,SCLZC25B,AT,60,35,58.33
20,2075,SCLZC26B,AY,20,10,50.00
20,2076,SCLZC26G,YA,30,30,100.00
20,2077,SCML,SM,9000,7000,77.78
20,2078,SDBL,EQ,2405377,1078185,44.82
20,2079,SDL26BEES,EQ,1216,430,35.36
20,2080,SDREAMS,SM,23000,15000,65.22
20,2081,SEAMECLTD,EQ,25622,20488,79.96
20,2082,SECL,ST,68750,68750,100.00
20,2083,SECMARK,EQ,2205,1328,60.23
20,2084,SECURKLOUD,EQ,16978,7617,44.86
20,2085,SEL,ST,2000,2000,100.00
20,2086,SELAN,EQ,42224,18918,44.80
20,2087,SELMC,EQ,17822,8774,49.23
20,2088,SENCO,EQ,316620,136540,43.12
20,2089,SENORES,EQ,1917532,593422,30.95
20,2090,SENSEXADD,EQ,1632,1479,90.63
20,2091,SENSEXETF,EQ,24381,21161,86.79
20,2092,SENSEXIETF,EQ,3242,2039,62.89
20,2093,SEPC,EQ,7031320,3246281,46.17
20,2094,SEQUENT,EQ,822047,420228,51.12
20,2095,SERVICE,SM,8000,8000,100.00
20,2096,SERVOTECH,EQ,710560,312000,43.91
20,2097,SESHAPAPER,EQ,28927,13500,46.67
20,2098,SETF10GILT,EQ,21560,11873,55.07
20,2099,SETFGOLD,EQ,1844382,1549344,84.00
20,2100,SETFNIF50,EQ,302456,187682,62.05
20,2101,SETFNIFBK,EQ,15318,5916,38.62
20,2102,SETFNN50,EQ,15966,11431,71.60
20,2103,SFL,EQ,552424,327775,59.33
20,2104,SFLZC25A,ZK,217,217,100.00
20,2105,SFLZC26A,ZC,22,22,100.00
20,2106,SFML,SM,875200,388800,44.42
20,2107,SGBAPR28I,GB,97,83,85.57
20,2108,SGBAUG27,GB,5,3,60.00
20,2109,SGBAUG28V,GB,928,792,85.34
20,2110,SGBAUG29V,GB,59,45,76.27
20,2111,SGBAUG30,GB,140,100,71.43
20,2112,SGBD29VIII,GB,26,24,92.31
20,2113,SGBDC27VII,GB,10,10,100.00
20,2114,SGBDE30III,GB,215,177,82.33
20,2115,SGBDE31III,GB,1405,1096,78.01
20,2116,SGBDEC25,GB,3,3,100.00
20,2117,SGBDEC2513,GB,1,1,100.00
20,2118,SGBFEB27,GB,16,16,100.00
20,2119,SGBFEB28IX,GB,1,1,100.00
20,2120,SGBFEB29XI,GB,27,26,96.30
20,2121,SGBFEB32IV,GB,1559,1206,77.36
20,2122,SGBJ28VIII,GB,131,131,100.00
20,2123,SGBJAN26,GB,2,1,50.00
20,2124,SGBJAN29IX,GB,159,159,100.00
20,2125,SGBJAN29X,GB,5,5,100.00
20,2126,SGBJAN30IX,GB,50,34,68.00
20,2127,SGBJU29III,GB,26,16,61.54
20,2128,SGBJUL25,GB,173,170,98.27
20,2129,SGBJUL27,GB,10,10,100.00
20,2130,SGBJUL28IV,GB,117,117,100.00
20,2131,SGBJUL29IV,GB,70,69,98.57
20,2132,SGBJUN28,GB,247,143,57.89
20,2133,SGBJUN29II,GB,387,337,87.08
20,2134,SGBJUN30,GB,319,278,87.15
20,2135,SGBJUN31I,GB,423,342,80.85
20,2136,SGBMAR25,GB,15,13,86.67
20,2137,SGBMAR30X,GB,19,17,89.47
20,2138,SGBMAR31IV,GB,351,344,98.01
20,2139,SGBMAY25,GB,11,6,54.55
20,2140,SGBMAY26,GB,6,6,100.00
20,2141,SGBMAY28,GB,339,320,94.40
20,2142,SGBMAY29I,GB,295,270,91.53
20,2143,SGBMR29XII,GB,656,366,55.79
20,2144,SGBN28VIII,GB,37,29,78.38
20,2145,SGBNOV25,GB,10,10,100.00
20,2146,SGBNOV25IX,GB,5,5,100.00
20,2147,SGBNOV26,GB,74,49,66.22
20,2148,SGBNV29VII,GB,67,59,88.06
20,2149,SGBOC28VII,GB,79,50,63.29
20,2150,SGBOCT25,GB,14,14,100.00
20,2151,SGBOCT25IV,GB,111,100,90.09
20,2152,SGBOCT25V,GB,6,6,100.00
20,2153,SGBOCT26,GB,27,27,100.00
20,2154,SGBOCT27VI,GB,17,15,88.24
20,2155,SGBSEP28VI,GB,178,115,64.61
20,2156,SGBSEP29VI,GB,319,246,77.12
20,2157,SGBSEP31II,GB,435,315,72.41
20,2158,SGL,EQ,30199,17665,58.50
20,2159,SHAH,EQ,655933,517497,78.89
20,2160,SHALBY,EQ,101240,58829,58.11
20,2161,SHALPAINTS,EQ,58708,29995,51.09
20,2162,SHANKARA,EQ,40222,22671,56.36
20,2163,SHANTI,EQ,360764,234255,64.93
20,2164,SHANTIGEAR,EQ,16971,10808,63.69
20,2165,SHARDACROP,EQ,116077,46353,39.93
20,2166,SHARDAMOTR,EQ,27620,11003,39.84
20,2167,SHAREINDIA,EQ,610162,257028,42.12
20,2168,SHARIABEES,EQ,5498,2949,53.64
20,2169,SHEETAL,SM,46000,36000,78.26
20,2170,SHEMAROO,EQ,25759,9529,36.99
20,2171,SHERA,SM,69000,42000,60.87
20,2172,SHILPAMED,EQ,464774,174528,37.55
20,2173,SHIVALIK,EQ,32685,23592,72.18
20,2174,SHIVAMAUTO,EQ,302589,132378,43.75
20,2175,SHIVAMILLS,EQ,41562,17363,41.78
20,2176,SHIVATEX,EQ,8261,2245,27.18
20,2177,SHK,EQ,518536,270059,52.08
20,2178,SHOPERSTOP,EQ,32577,18777,57.64
20,2179,SHREDIGCEM,EQ,511639,232285,45.40
20,2180,SHREECEM,EQ,41231,21106,51.19
20,2181,SHREEKARNI,SM,2700,2400,88.89
20,2182,SHREEOSFM,SM,38000,15000,39.47
20,2183,SHREEPUSHK,EQ,30536,15030,49.22
20,2184,SHRENIK,EQ,1398494,947847,67.78
20,2185,SHREYANIND,EQ,7851,4323,55.06
20,2186,SHRIPISTON,EQ,38738,20004,51.64
20,2187,SHRIRAMFIN,EQ,1459417,511504,35.05
20,2188,SHRIRAMPPS,EQ,664954,316345,47.57
20,2189,SHRITECH,SM,20000,16000,80.00
20,2190,SHUBHLAXMI,ST,57000,56000,98.25
20,2191,SHUBHSHREE,ST,1200,1200,100.00
20,2192,SHYAMCENT,EQ,247226,175987,71.18
20,2193,SHYAMMETL,EQ,507046,366012,72.19
20,2194,SIDDHIKA,SM,15000,15000,100.00
20,2195,SIEMENS,EQ,391741,219593,56.06
20,2196,SIGACHI,EQ,1102242,324866,29.47
20,2197,SIGIND,EQ,30528,22827,74.77
20,2198,SIGMA,EQ,82753,16448,19.88
20,2199,SIGNATURE,EQ,810882,190598,23.51
20,2200,SIGNORIA,SM,15000,15000,100.00
20,2201,SIKKO,EQ,179653,36487,20.31
20,2202,SIL,EQ,36822,24311,66.02
20,2203,SILGO,EQ,36181,17907,49.49
20,2204,SILKFLEX,ST,22000,20000,90.91
20,2205,SILLYMONKS,EQ,10918,8857,81.12
20,2206,SILVER,EQ,88509,65324,73.80
20,2207,SILVER1,EQ,71788,62126,86.54
20,2208,SILVERADD,EQ,5834,5210,89.30
20,2209,SILVERBEES,EQ,3824153,3139772,82.10
20,2210,SILVERETF,EQ,141465,101213,71.55
20,2211,SILVERIETF,EQ,764627,704576,92.15
20,2212,SILVERTUC,EQ,25883,13926,53.80
20,2213,SILVRETF,EQ,10650,9242,86.78
20,2214,SINCLAIR,EQ,670198,302359,45.11
20,2215,SINDHUTRAD,EQ,840154,543355,64.67
20,2216,SINTERCOM,EQ,30322,15271,50.36
20,2217,SIRCA,EQ,40828,24637,60.34
20,2218,SIS,EQ,32820,11042,33.64
20,2219,SIYSIL,EQ,704178,184817,26.25
20,2220,SJLOGISTIC,ST,26500,26000,98.11
20,2221,SJS,EQ,108422,52274,48.21
20,2222,SJVN,EQ,17092773,3202952,18.74
20,2223,SKFINDIA,EQ,12916,6737,52.16
20,2224,SKIPPER,EQ,339662,146973,43.27
20,2225,SKMEGGPROD,EQ,55755,29999,53.81
20,2226,SKP,SM,11500,8500,73.91
20,2227,SLONE,ST,45600,44800,98.25
20,2228,SMALLCAP,EQ,511110,469950,91.95
20,2229,SMCGLOBAL,EQ,110063,59394,53.96
20,2230,SMLISUZU,EQ,18210,6336,34.79
20,2231,SMLT,EQ,136646,64270,47.03
20,2232,SMSPHARMA,EQ,154773,79712,51.50
20,2233,SMVD,SM,8080,8080,100.00
20,2234,SNOWMAN,EQ,474104,264521,55.79
20,2235,SOBHA,EQ,116615,56391,48.36
20,2236,SOLARA,EQ,125417,79821,63.64
20,2237,SOLARAPP,E1,942,887,94.16
20,2238,SOLARINDS,EQ,60149,29178,48.51
20,2239,SOLEX,SM,8750,5875,67.14
20,2240,SOMANYCERA,EQ,7636,4570,59.85
20,2241,SOMICONVEY,EQ,24307,14732,60.61
20,2242,SONACOMS,EQ,1969381,1338865,67.98
20,2243,SONAMAC,ST,12000,10000,83.33
20,2244,SONATSOFTW,EQ,516344,123257,23.87
20,2245,SONUINFRA,ST,3000,3000,100.00
20,2246,SOTAC,SM,103200,103200,100.00
20,2247,SOTL,EQ,49764,20038,40.27
20,2248,SOUTHBANK,EQ,27241722,10010129,36.75
20,2249,SOUTHWEST,EQ,131926,85465,64.78
20,2250,SPAL,EQ,37710,17904,47.48
20,2251,SPANDANA,EQ,314531,129487,41.17
20,2252,SPARC,EQ,394947,198641,50.30
20,2253,SPCENET,EQ,2580799,2211321,85.68
20,2254,SPCL,ST,82800,71400,86.23
20,2255,SPECIALITY,EQ,18015,11981,66.51
20,2256,SPECTRUM,SM,7875,6750,85.71
20,2257,SPECTSTM,ST,1600,1600,100.00
20,2258,SPENCERS,EQ,75244,40932,54.40
20,2259,SPIC,EQ,366062,158895,43.41
20,2260,SPLIL,EQ,109058,59285,54.36
20,2261,SPLPETRO,EQ,45030,28114,62.43
20,2262,SPORTKING,EQ,120311,81351,67.62
20,2263,SPPPOLY,ST,4000,4000,100.00
20,2264,SREEL,EQ,25441,14734,57.91
20,2265,SRF,EQ,128080,54147,42.28
20,2266,SRGHFL,EQ,18085,6542,36.17
20,2267,SRHHYPOLTD,EQ,33008,14269,43.23
20,2268,SRIVASAVI,SM,4000,4000,100.00
20,2269,SRM,EQ,54608,25929,47.48
20,2270,SSDL,EQ,78264,34985,44.70
20,2271,SSEGL,ST,103000,90800,88.16
20,2272,SSFL,ST,6500,6000,92.31
20,2273,SSWL,EQ,223411,91323,40.88
20,2274,STANLEY,EQ,54282,32091,59.12
20,2275,STAR,EQ,730933,489680,66.99
20,2276,STARCEMENT,EQ,553076,184114,33.29
20,2277,STARHEALTH,EQ,550995,266795,48.42
20,2278,STARPAPER,EQ,8309,4711,56.70
20,2279,STARTECK,EQ,42874,14454,33.71
20,2280,STCINDIA,EQ,45629,19711,43.20
20,2281,STEELCAS,EQ,4896,2871,58.64
20,2282,STEELCITY,EQ,19098,11303,59.18
20,2283,STEELXIND,EQ,1650239,928523,56.27
20,2284,STEL,EQ,7621,5317,69.77
20,2285,STERTOOLS,EQ,469546,171773,36.58
20,2286,STLTECH,EQ,551477,280297,50.83
20,2287,STOVEKRAFT,EQ,34442,18660,54.18
20,2288,STYLAMIND,EQ,68398,29577,43.24
20,2289,STYLEBAAZA,EQ,229938,121675,52.92
20,2290,STYRENIX,EQ,17865,8595,48.11
20,2291,SUBEXLTD,EQ,3038783,1190451,39.18
20,2292,SUBROS,EQ,44818,22180,49.49
20,2293,SUDARSCHEM,EQ,67552,40720,60.28
20,2294,SUKHJITS,EQ,4626,2751,59.47
20,2295,SULA,EQ,222182,74118,33.36
20,2296,SUMICHEM,EQ,386314,186477,48.27
20,2297,SUMMITSEC,EQ,4996,3188,63.81
20,2298,SUNCLAY,EQ,7578,3751,49.50
20,2299,SUNDARAM,EQ,388103,324507,83.61
20,2300,SUNDARMFIN,EQ,1765661,102815,5.82
20,2301,SUNDARMHLD,EQ,52559,27602,52.52
20,2302,SUNDRMFAST,EQ,94640,52273,55.23
20,2303,SUNLITE,SM,15600,10800,69.23
20,2304,SUNPHARMA,EQ,2507223,1676282,66.86
20,2305,SUNTECK,EQ,104162,59342,56.97
20,2306,SUNTV,EQ,121120,41083,33.92
20,2307,SUPERHOUSE,EQ,2857,1291,45.19
20,2308,SUPRAJIT,EQ,32357,14662,45.31
20,2309,SUPREMEIND,EQ,89529,57676,64.42
20,2310,SUPREMEPWR,ST,30500,28000,91.80
20,2311,SUPRIYA,EQ,529051,257389,48.65
20,2312,SURAJEST,EQ,64135,34101,53.17
20,2313,SURAKSHA,EQ,176255,78172,44.35
20,2314,SURANAT&P,EQ,153778,102073,66.38
20,2315,SURANI,ST,5000,5000,100.00
20,2316,SURYALAXMI,EQ,15483,7018,45.33
20,2317,SURYAROSNI,EQ,788562,347130,44.02
20,2318,SURYODAY,EQ,367229,219141,59.67
20,2319,SUTLEJTEX,EQ,116981,50898,43.51
20,2320,SUVEN,EQ,223668,135043,60.38
20,2321,SUVENPHAR,EQ,595606,312988,52.55
20,2322,SUVIDHAA,EQ,500958,277933,55.48
20,2323,SUYOG,EQ,11074,6560,59.24
20,2324,SUZLON,EQ,67889756,41353636,60.91
20,2325,SWANENERGY,EQ,5307966,1069817,20.15
20,2326,SWARAJ,ST,14000,13000,92.86
20,2327,SWARAJENG,EQ,8065,3909,48.47
20,2328,SWASTIK,SM,9600,6000,62.50
20,2329,SWELECTES,EQ,46796,21257,45.42
20,2330,SWIGGY,EQ,6483910,1869680,28.84
20,2331,SWSOLAR,EQ,474732,240601,50.68
20,2332,SYLVANPLY,SM,8000,4000,50.00
20,2333,SYMPHONY,EQ,148885,51464,34.57
20,2334,SYNCOMF,EQ,2077394,1224363,58.94
20,2335,SYNGENE,EQ,351476,162626,46.27
20,2336,SYNOPTICS,SM,600,600,100.00
20,2337,SYRMA,EQ,887526,321011,36.17
20,2338,SYSTANGO,SM,74800,34800,46.52
20,2339,TAC,ST,3200,3200,100.00
20,2340,TAINWALCHM,EQ,2308,1621,70.23
20,2341,TAJGVK,EQ,2592711,445832,17.20
20,2342,TAKE,EQ,96218,63395,65.89
20,2343,TALBROAUTO,EQ,238793,72201,30.24
20,2344,TANLA,EQ,24433419,1372790,5.62
20,2345,TAPIFRUIT,SM,2250,1500,66.67
20,2346,TARACHAND,EQ,382916,241906,63.17
20,2347,TARC,EQ,639387,349687,54.69
20,2348,TARMAT,EQ,21185,13510,63.77
20,2349,TARSONS,EQ,45765,25221,55.11
20,2350,TASTYBITE,EQ,2588,936,36.17
20,2351,TATACHEM,EQ,1949445,1197806,61.44
20,2352,TATACOMM,EQ,151336,67912,44.87
20,2353,TATACONSUM,EQ,1705632,1196789,70.17
20,2354,TATAELXSI,EQ,381285,90631,23.77
20,2355,TATAGOLD,EQ,2511668,1644532,65.48
20,2356,TATAINVEST,EQ,50092,17366,34.67
20,2357,TATAMOTORS,EQ,15294572,5006038,32.73
20,2358,TATAPOWER,EQ,11244310,6457545,57.43
20,2359,TATASTEEL,EQ,23388424,10270582,43.91
20,2360,TATATECH,EQ,633036,278974,44.07
20,2361,TATSILV,EQ,803447,572312,71.23
20,2362,TATVA,EQ,24752,15632,63.15
20,2363,TBI,ST,24000,23400,97.50
20,2364,TBOTEK,EQ,94810,32561,34.34
20,2365,TBZ,EQ,727362,241364,33.18
20,2366,TCI,EQ,12692,5429,42.77
20,2367,TCIEXP,EQ,17906,9613,53.69
20,2368,TCL,SM,22400,13600,60.71
20,2369,TCLCONS,EQ,291810,186717,63.99
20,2370,TCPLPACK,EQ,1479,857,57.94
20,2371,TCS,EQ,1720835,910701,52.92
20,2372,TDPOWERSYS,EQ,372617,224831,60.34
20,2373,TEAMLEASE,EQ,99994,76223,76.23
20,2374,TECH,EQ,8186,6337,77.41
20,2375,TECHERA,ST,9600,9600,100.00
20,2376,TECHLABS,ST,154375,143625,93.04
20,2377,TECHM,EQ,1238954,673097,54.33
20,2378,TECHNOE,EQ,141272,65415,46.30
20,2379,TEGA,EQ,20342,9409,46.25
20,2380,TEJASNET,EQ,556390,210832,37.89
20,2381,TEXINFRA,EQ,489858,277882,56.73
20,2382,TEXMOPIPES,EQ,103609,31798,30.69
20,2383,TEXRAIL,EQ,1520635,657194,43.22
20,2384,TFCILTD,EQ,167164,80216,47.99
20,2385,TGBHOTELS,EQ,44082,31285,70.97
20,2386,TGL,ST,16200,15000,92.59
20,2387,THANGAMAYL,EQ,12491,5265,42.15
20,2388,THEINVEST,EQ,16932,9671,57.12
20,2389,THEJO,EQ,3453,2237,64.78
20,2390,THEMISMED,EQ,91664,53951,58.86
20,2391,THERMAX,EQ,163745,45179,27.59
20,2392,THESL,ST,60000,57000,95.00
20,2393,THOMASCOOK,EQ,377072,213125,56.52
20,2394,THYROCARE,EQ,47446,41145,86.72
20,2395,TI,EQ,4035235,1286207,31.87
20,2396,TIIL,EQ,9661,5723,59.24
20,2397,TIINDIA,EQ,386164,286425,74.17
20,2398,TIMETECHNO,EQ,1178237,463264,39.32
20,2399,TIMKEN,EQ,78264,50204,64.15
20,2400,TIPSMUSIC,EQ,604393,402990,66.68
20,2401,TIRUMALCHM,EQ,179006,76110,42.52
20,2402,TIRUPATI,SM,7500,6750,90.00
20,2403,TITAGARH,EQ,1129419,385423,34.13
20,2404,TITAN,EQ,1152493,632912,54.92
20,2405,TMB,EQ,76819,46891,61.04
20,2406,TNIDETF,EQ,116255,106328,91.46
20,2407,TNPETRO,EQ,48178,29247,60.71
20,2408,TNPL,EQ,453795,138679,30.56
20,2409,TOKYOPLAST,EQ,2821,1240,43.96
20,2410,TOLINS,EQ,658814,260273,39.51
20,2411,TOP100CASE,EQ,705034,509811,72.31
20,2412,TOP10ADD,EQ,14728,10774,73.15
20,2413,TORNTPHARM,EQ,171888,109900,63.94
20,2414,TORNTPOWER,EQ,482031,171491,35.58
20,2415,TOTAL,EQ,11420,5211,45.63
20,2416,TOUCHWOOD,EQ,8616,7537,87.48
20,2417,TPLPLASTEH,EQ,253170,63293,25.00
20,2418,TRACXN,EQ,297828,203347,68.28
20,2419,TRANSRAILL,EQ,21253307,3402611,16.01
20,2420,TRANSTEEL,ST,78000,72000,92.31
20,2421,TRANSWIND,ST,8000,8000,100.00
20,2422,TRANSWORLD,EQ,30695,14626,47.65
20,2423,TREJHARA,EQ,36107,24756,68.56
20,2424,TREL,EQ,356703,192042,53.84
20,2425,TRENT,EQ,706114,299894,42.47
20,2426,TRF,EQ,17102,9960,58.24
20,2427,TRIDENT,EQ,6186333,1789426,28.93
20,2428,TRIDHYA,SM,27000,24000,88.89
20,2429,TRIGYN,EQ,45313,26972,59.52
20,2430,TRITURBINE,EQ,409553,133707,32.65
20,2431,TRIVENI,EQ,594781,181091,30.45
20,2432,TROM,SM,57000,37200,65.26
20,2433,TRUST,SM,120000,76800,64.00
20,2434,TTKHLTCARE,EQ,3763,2965,78.79
20,2435,TTKPRESTIG,EQ,10964,4642,42.34
20,2436,TTML,EQ,3140615,668361,21.28
20,2437,TUNWAL,SM,200000,116000,58.00
20,2438,TVSELECT,EQ,70935,38926,54.88
20,2439,TVSHLTD,EQ,31846,10449,32.81
20,2440,TVSMOTOR,EQ,1247379,508714,40.78
20,2441,TVSSCS,EQ,402838,117502,29.17
20,2442,TVSSRICHAK,EQ,1006,641,63.72
20,2443,TVTODAY,EQ,186337,59395,31.88
20,2444,UBL,EQ,256463,139819,54.52
20,2445,UCOBANK,EQ,4603742,897501,19.50
20,2446,UDAICEMENT,EQ,934911,303853,32.50
20,2447,UDS,EQ,144282,92111,63.84
20,2448,UFLEX,EQ,49724,32239,64.84
20,2449,UFO,EQ,29068,18407,63.32
20,2450,UGARSUGAR,EQ,368720,209462,56.81
20,2451,UGROCAP,EQ,106012,47156,44.48
20,2452,UHTL,ST,110000,108000,98.18
20,2453,UJJIVANSFB,EQ,4099371,2237893,54.59
20,2454,ULTRACEMCO,EQ,267609,162230,60.62
20,2455,UMA,SM,1016000,620000,61.02
20,2456,UMAEXPORTS,EQ,87724,33472,38.16
20,2457,UMESLTD,EQ,55696,45586,81.85
20,2458,UNICHEMLAB,EQ,14587,6758,46.33
20,2459,UNIDT,EQ,11543,7152,61.96
20,2460,UNIECOM,EQ,270768,132982,49.11
20,2461,UNIENTER,EQ,9007,4198,46.61
20,2462,UNIHEALTH,SM,2000,2000,100.00
20,2463,UNIINFO,EQ,14681,11024,75.09
20,2464,UNILEX,SM,28800,25600,88.89
20,2465,UNIMECH,EQ,3102964,582846,18.78
20,2466,UNIONBANK,EQ,14864682,4175719,28.09
20,2467,UNIPARTS,EQ,28856,14200,49.21
20,2468,UNITDSPR,EQ,615262,168162,27.33
20,2469,UNITEDTEA,EQ,13691,7043,51.44
20,2470,UNIVASTU,EQ,60188,25374,42.16
20,2471,UNIVCABLES,EQ,34228,19872,58.06
20,2472,UNOMINDA,EQ,159733,70446,44.10
20,2473,UPL,EQ,1552787,663128,42.71
20,2474,UPLPP,E1,662354,475964,71.86
20,2475,URAVI,EQ,757,512,67.64
20,2476,URBAN,ST,5200,5200,100.00
20,2477,USASEEDS,SM,1200,900,75.00
20,2478,USHAFIN,SM,38400,32800,85.42
20,2479,USHAMART,EQ,270004,113004,41.85
20,2480,USK,EQ,80653,40368,50.05
20,2481,UTIAMC,EQ,250999,138966,55.37
20,2482,UTIBANKETF,EQ,41755,36469,87.34
20,2483,UTINEXT50,EQ,72532,56217,77.51
20,2484,UTINIFTETF,EQ,13517,13230,97.88
20,2485,UTISENSETF,EQ,3033,1918,63.24
20,2486,UTISXN50,EQ,7791,2762,35.45
20,2487,UTKARSHBNK,EQ,2665622,1951726,73.22
20,2488,UTSSAV,ST,154200,148200,96.11
20,2489,UTTAMSUGAR,EQ,27026,15302,56.62
20,2490,UWCSL,ST,1000,1000,100.00
20,2491,UYFINCORP,EQ,21790,13662,62.70
20,2492,VADILALIND,EQ,7259,5936,81.77
20,2493,VAIBHAVGBL,EQ,938478,371011,39.53
20,2494,VAKRANGEE,EQ,23228005,8546772,36.80
20,2495,VAL30IETF,EQ,173159,127103,73.40
20,2496,VALIANTLAB,EQ,237765,209290,88.02
20,2497,VALIANTORG,EQ,21600,12562,58.16
20,2498,VARDHACRLC,EQ,16641,10333,62.09
20,2499,VARROC,EQ,2868323,976279,34.04
20,2500,VASA,SM,12000,12000,100.00
20,2501,VASCONEQ,EQ,995132,784172,78.80
20,2502,VBL,EQ,5382698,2857081,53.08
20,2503,VDEAL,SM,14400,14400,100.00
20,2504,VEDL,EQ,7704338,3780802,49.07
20,2505,VEEDOL,EQ,10210,5886,57.65
20,2506,VEEKAYEM,ST,7000,7000,100.00
20,2507,VELS,SM,3600,3600,100.00
20,2508,VENKEYS,EQ,45984,17853,38.82
20,2509,VENTIVE,EQ,2261727,690054,30.51
20,2510,VENUSPIPES,EQ,44646,19412,43.48
20,2511,VENUSREM,EQ,13117,5993,45.69
20,2512,VERANDA,EQ,31930,19348,60.60
20,2513,VERITAAS,SM,13200,9600,72.73
20,2514,VERTEXPLUS,SM,9600,9600,100.00
20,2515,VERTOZ,EQ,1034111,668575,64.65
20,2516,VESUVIUS,EQ,11016,5483,49.77
20,2517,VGUARD,EQ,634113,259403,40.91
20,2518,VHL,EQ,894,512,57.27
20,2519,VIAZ,SM,4000,4000,100.00
20,2520,VIDHIING,EQ,27502,13118,47.70
20,2521,VIESL,SM,199200,132800,66.67
20,2522,VIJAYA,EQ,68613,36877,53.75
20,2523,VIKASECO,EQ,7818090,2903862,37.14
20,2524,VIKASLIFE,EQ,3369365,1944574,57.71
20,2525,VILAS,ST,22250,21250,95.51
20,2526,VIMTALABS,EQ,75244,44042,58.53
20,2527,VINATIORGA,EQ,24230,13878,57.28
20,2528,VINCOFE,EQ,758618,499782,65.88
20,2529,VINDHYATEL,EQ,8238,4715,57.23
20,2530,VINEETLAB,EQ,8309,4895,58.91
20,2531,VINSYS,SM,7000,5000,71.43
20,2532,VINYAS,ST,6400,6400,100.00
20,2533,VINYLINDIA,EQ,21213,11830,55.77
20,2534,VIPCLOTHNG,EQ,1915451,1140600,59.55
20,2535,VIPIND,EQ,258364,135466,52.43
20,2536,VIRINCHI,EQ,658333,406444,61.74
20,2537,VISAKAIND,EQ,117969,55871,47.36
20,2538,VISHNU,EQ,97104,54101,55.71
20,2539,VISHNUINFR,ST,15000,15000,100.00
20,2540,VISHWARAJ,EQ,562393,273012,48.54
20,2541,VISHWAS,SM,144000,105600,73.33
20,2542,VITAL,SM,6000,6000,100.00
20,2543,VIVIANA,ST,3375,3125,92.59
20,2544,VIVIDHA,EQ,1304486,750097,57.50
20,2545,VIVO,SM,1600,1600,100.00
20,2546,VLEGOV,EQ,1921073,727333,37.86
20,2547,VLINFRA,ST,22500,22500,100.00
20,2548,VLSFINANCE,EQ,29679,14247,48.00
20,2549,VMARCIND,ST,21750,21500,98.85
20,2550,VMART,EQ,42700,32729,76.65
20,2551,VMM,EQ,47689604,16367393,34.32
20,2552,VOLTAMP,EQ,15691,8392,53.48
20,2553,VOLTAS,EQ,1236617,690940,55.87
20,2554,VPRPL,EQ,1769032,469211,26.52
20,2555,VR,ST,1600,1600,100.00
20,2556,VRAJ,EQ,96720,29608,30.61
20,2557,VRLLOG,EQ,31732,14709,46.35
20,2558,VSSL,EQ,32839,16875,51.39
20,2559,VSTIND,EQ,191293,101272,52.94
20,2560,VSTL,EQ,12357,8337,67.47
20,2561,VSTTILLERS,EQ,10806,4295,39.75
20,2562,VTL,EQ,145115,61821,42.60
20,2563,WAAREEENER,EQ,880522,209899,23.84
20,2564,WABAG,EQ,262023,106918,40.80
20,2565,WALCHANNAG,EQ,351140,158445,45.12
20,2566,WALPAR,SM,18000,14000,77.78
20,2567,WANBURY,EQ,178637,106303,59.51
20,2568,WCIL,EQ,256535,115972,45.21
20,2569,WEIZMANIND,EQ,16420,10245,62.39
20,2570,WEL,EQ,651583,371849,57.07
20,2571,WELCORP,EQ,1985911,1162427,58.53
20,2572,WELENT,EQ,888464,339522,38.21
20,2573,WELINV,EQ,2106,1274,60.49
20,2574,WELSPUNLIV,EQ,1254327,458563,36.56
20,2575,WENDT,EQ,268,157,58.58
20,2576,WESTLIFE,EQ,50071,26892,53.71
20,2577,WEWIN,EQ,17956,12400,69.06
20,2578,WHEELS,EQ,105832,57892,54.70
20,2579,WHIRLPOOL,EQ,28228,11019,39.04
20,2580,WILLAMAGOR,EQ,5694,3271,57.45
20,2581,WINDLAS,EQ,28476,18736,65.80
20,2582,WINDMACHIN,EQ,224394,117271,52.26
20,2583,WINNY,ST,1000,1000,100.00
20,2584,WINSOL,SM,13600,11200,82.35
20,2585,WIPRO,EQ,8800435,3598426,40.89
20,2586,WOCKPHARMA,EQ,150205,70778,47.12
20,2587,WOL3D,SM,13000,11000,84.62
20,2588,WOMANCART,ST,4000,4000,100.00
20,2589,WONDERLA,EQ,93866,39138,41.70
20,2590,WORTH,EQ,140163,84791,60.49
20,2591,WSI,EQ,34167,19161,56.08
20,2592,WSTCSTPAPR,EQ,50153,23329,46.52
20,2593,WTICAB,ST,23500,16500,70.21
20,2594,XCHANGING,EQ,123089,60514,49.16
20,2595,XELPMOC,EQ,25798,17489,67.79
20,2596,XPROINDIA,EQ,11136,5543,49.78
20,2597,XTGLOBAL,EQ,606874,215038,35.43
20,2598,YASHO,EQ,45648,40856,89.50
20,2599,YASHOPTICS,SM,16000,11200,70.00
20,2600,YATHARTH,EQ,281157,165904,59.01
20,2601,YATRA,EQ,618363,247820,40.08
20,2602,YCCL,SM,12000,12000,100.00
20,2603,YESBANK,EQ,66997388,22372707,33.39
20,2604,YUDIZ,SM,3200,2400,75.00
20,2605,YUKEN,EQ,4230,3112,73.57
20,2606,ZAGGLE,EQ,1471569,873396,59.35
20,2607,ZEAL,SM,16800,12000,71.43
20,2608,ZEEL,EQ,5188330,2022300,38.98
20,2609,ZEELEARN,EQ,924050,550822,59.61
20,2610,ZEEMEDIA,EQ,6190834,4558333,73.63
20,2611,ZENITHDRUG,ST,19200,12800,66.67
20,2612,ZENITHEXPO,EQ,19,9,47.37
20,2613,ZENITHSTL,EQ,139286,120359,86.41
20,2614,ZENSARTECH,EQ,8648177,522372,6.04
20,2615,ZENTEC,EQ,182180,71775,39.40
20,2616,ZFCVINDIA,EQ,3865,2713,70.19
20,2617,ZIMLAB,EQ,74991,35455,47.28
20,2618,ZODIAC,EQ,16428,12022,73.18
20,2619,ZODIACLOTH,EQ,7827,3289,42.02
20,2620,ZOMATO,EQ,27949423,14879541,53.24
20,2621,ZOTA,EQ,21689,13158,60.67
20,2622,ZTECH,ST,1200,1200,100.00
20,2623,ZUARI,EQ,217138,88144,40.59
20,2624,ZUARIIND,EQ,58942,30708,52.10
20,2625,ZYDUSLIFE,EQ,1012522,606382,59.89
20,2626,ZYDUSWELL,EQ,15730,7713,49.03
