Security Wise Delivery Position - Compulsory Rolling Settlement
10,MTO,31012025,1262944924,0002641
Trade Date <31-JAN-2025>,Settlement Type <N>
Record Type,Sr No,Name of Security,Quantity Traded,Deliverable Quantity(gross across client level),% of Deliverable Quantity to Traded Quantity
20,1,0SCL26,YR,33,33,100.00
20,2,1003IIFL29,NC,70,70,100.00
20,3,1003ISFL28,N4,1346,1289,95.77
20,4,1015ECL29,NR,186,176,94.62
20,5,1018GS2026,GS,501,501,100.00
20,6,1025SCL34,Z8,50,50,100.00
20,7,1025SCL34B,N1,20,20,100.00
20,8,1050ISFL28,N5,1,1,100.00
20,9,1050NFL26,N7,67,67,100.00
20,10,1050UCL25,N7,13,13,100.00
20,11,105IIFL29,N7,100,100,100.00
20,12,1060ECL29,NS,50,50,100.00
20,13,1065NFL27,NC,606,606,100.00
20,14,1075SCL34C,N1,500,500,100.00
20,15,1075UCL25,N9,4,4,100.00
20,16,10CAGL27,N5,65,65,100.00
20,17,10IIFL28,N4,164,164,100.00
20,18,10IIFL28A,NE,20,20,100.00
20,19,10IIFL29,N6,10,10,100.00
20,20,10ISFL26,N3,10,10,100.00
20,21,10NFL25,N9,36,36,100.00
20,22,10SCL30A,BV,90,90,100.00
20,23,1102NFL26,N8,11,11,100.00
20,24,11UCL26,NC,310,310,100.00
20,25,182D010525,TB,300,300,100.00
20,26,182D050625,TB,100,100,100.00
20,27,182D060225,TB,100,100,100.00
20,28,182D190625,TB,100,100,100.00
20,29,182D270225,TB,600,600,100.00
20,30,20MICRONS,EQ,177311,88132,49.70
20,31,360ONE,EQ,827595,356131,43.03
20,32,364D040925,TB,100,100,100.00
20,33,364D060225,TB,1700,1700,100.00
20,34,364D100725,TB,100,100,100.00
20,35,364D111225,TB,100,100,100.00
20,36,364D120625,TB,37000,37000,100.00
20,37,364D131125,TB,100,100,100.00
20,38,364D150126,TB,100,100,100.00
20,39,364D180725,TB,100,100,100.00
20,40,364D260625,TB,100,100,100.00
20,41,364D261225,TB,100,100,100.00
20,42,3IINFOLTD,EQ,2047418,716016,34.97
20,43,3MINDIA,EQ,12115,3643,30.07
20,44,563GS2026,GS,1,1,100.00
20,45,574GS2026,GS,1220,1210,99.18
20,46,5PAISA,EQ,19456,8068,41.47
20,47,610GS2031,GS,4001,4001,100.00
20,48,63MOONS,EQ,116334,46355,39.85
20,49,654GS2032,GS,900,900,100.00
20,50,667GS2050,GS,4396,2301,52.34
20,51,676GS2061,GS,51333,51333,100.00
20,52,679GS2034,GS,1000,1000,100.00
20,53,679GS2034A,GS,400,400,100.00
20,54,68GS2060,GS,1,1,100.00
20,55,695GS2061,GS,450,450,100.00
20,56,698GR2054,GS,490,490,100.00
20,57,699GS2026,GS,10670,10670,100.00
20,58,699GS2051,GS,35,35,100.00
20,59,702GS2027,GS,474,474,100.00
20,60,702GS2031,GS,1298,901,69.41
20,61,704GS2029,GS,1100,1100,100.00
20,62,706GS2028,GS,4620,4620,100.00
20,63,709GS2054,GS,100,100,100.00
20,64,709GS2074,GS,1,1,100.00
20,65,710GS2029,GS,1882,1880,99.89
20,66,717GS2030,GS,11939,11939,100.00
20,67,718GS2033,GS,500,500,100.00
20,68,718GS2037,GS,50101,50100,100.00
20,69,719GS2060,GS,70,70,100.00
20,70,723GS2039,GS,300,300,100.00
20,71,725GS2063,GS,400,400,100.00
20,72,726GS2032,GS,949,949,100.00
20,73,726GS2033,GS,5003,5003,100.00
20,74,729IRFC26,NN,10,10,100.00
20,75,729NHAI26,NC,202,202,100.00
20,76,732GS2030,GS,505,505,100.00
20,77,732IRFC25,NI,37,37,100.00
20,78,733GS2026,GS,1400,1400,100.00
20,79,734GS2064,GS,91000,91000,100.00
20,80,735NHAI31,N9,1,1,100.00
20,81,736GS2052,GS,168,168,100.00
20,82,736NTPC25D,NB,175,175,100.00
20,83,736PFCL28,N2,1350,1350,100.00
20,84,737GS2028,GS,5951,5650,94.94
20,85,738GS2027,GS,371624,311732,83.88
20,86,739NHAI26,N8,353,353,100.00
20,87,739NHAI31A,ND,40,40,100.00
20,88,73GS2053,GS,100,100,100.00
20,89,740IIFCL33,N1,85,5,5.88
20,90,741GS2036,GS,9044,8122,89.81
20,91,744AP33,SG,100,100,100.00
20,92,746GS2073,GS,7,7,100.00
20,93,74GS2062,GS,1672,1672,100.00
20,94,750IRFC35,NK,54,54,100.00
20,95,751HUDCO28,N5,25,25,100.00
20,96,753IRFC30,NJ,584,482,82.53
20,97,754GS2036,GS,249268,249268,100.00
20,98,759GS2026,GS,336,336,100.00
20,99,764HUDCO31,N8,656,656,100.00
20,100,764IRFC31,NO,1125,1100,97.78
20,101,764NABAR31,N2,2919,2055,70.40
20,102,769HUDCO31,N9,328,325,99.09
20,103,769NHAI31,NE,2659,2305,86.69
20,104,76IGT26,ND,381,381,100.00
20,105,76NHAI31,NA,1765,1050,59.49
20,106,774IREDA31,N7,439,439,100.00
20,107,78ABFL33,N4,12,12,100.00
20,108,79NHIT35,N1,526,526,100.00
20,109,79NHIT40,N2,1,1,100.00
20,110,79NHIT47,N3,21,21,100.00
20,111,810IRFC27,N2,200,200,100.00
20,112,81TCHF28,N8,8,8,100.00
20,113,82HUDCO27,N2,1084,695,64.11
20,114,82IGT31,NJ,329,220,66.87
20,115,830CIFC26,N2,220,210,95.45
20,116,830NHAI27,N2,22,20,90.91
20,117,830PFCL27,N5,34,34,100.00
20,118,833GS2026,GS,11,11,100.00
20,119,835IFL25,NV,850,500,58.82
20,120,842IIFL26,NL,12,12,100.00
20,121,843IHFL29,NC,90,90,100.00
20,122,849NTPC25,N7,181144,116561,64.35
20,123,84TCHF28,NA,22,22,100.00
20,124,855IREDA29,N2,1,1,100.00
20,125,865IHFL27,N1,20,20,100.00
20,126,865IIFL28,NS,930,930,100.00
20,127,865IRFC29,NA,156,79,50.64
20,128,865LTF26,NN,460,410,89.13
20,129,865TCAPS27,N8,120,100,83.33
20,130,866NTPC33,N3,10,10,100.00
20,131,871REC28,N9,350,350,100.00
20,132,875IIFL26A,NQ,200,200,100.00
20,133,875NHAI29,N6,120,120,100.00
20,134,875SFL27,ZF,25,25,100.00
20,135,876HUDCO28,ND,1428,1428,100.00
20,136,879NHPC28,N5,300,300,100.00
20,137,87LTF27,NH,59,41,69.49
20,138,880IREDA29,N5,110,110,100.00
20,139,885IHL26,N1,25,25,100.00
20,140,888ERFL28,N5,1,1,100.00
20,141,888IRFC29,NE,892,657,73.65
20,142,891NTPC33,N6,400,300,75.00
20,143,892NHPC33,N6,83,83,100.00
20,144,892PFCL33,N8,334,295,88.32
20,145,893NHB29,N6,7,7,100.00
20,146,898LTF29,N7,675,655,97.04
20,147,901HUDCO34,NE,190,190,100.00
20,148,901NHB34,N6,218,190,87.16
20,149,903SFL28,YI,5,5,100.00
20,150,905PEL26,N1,25,25,100.00
20,151,905SC24B,Z9,5,5,100.00
20,152,910TCAP28,NA,30,30,100.00
20,153,915SCL26,NE,50,50,100.00
20,154,916SCL25,ZW,10,10,100.00
20,155,91D030425,TB,300,300,100.00
20,156,91D060225,TB,1000,1000,100.00
20,157,91D060325,TB,3800,3800,100.00
20,158,91D200325,TB,100,100,100.00
20,159,91D240425,TB,1800,1000,55.56
20,160,921ISFL25,N0,161,160,99.38
20,161,925IHFL25E,N8,30,30,100.00
20,162,925SCL25A,NH,50,50,100.00
20,163,92GS2030,GS,1501,1400,93.27
20,164,931SFL26,Z5,51,51,100.00
20,165,935LTF29,N5,25,25,100.00
20,166,935MOFSL29,N5,12,12,100.00
20,167,935TSI27,N0,1,1,100.00
20,168,935TSI30,N0,20,11,55.00
20,169,935TSI34,N0,3,3,100.00
20,170,943ECL28,NJ,19,19,100.00
20,171,945IFSL25,N4,253,176,69.57
20,172,948SCL26A,NN,167,167,100.00
20,173,948SCL26B,Y8,17,17,100.00
20,174,94SFL28,YL,117,117,100.00
20,175,955SCL25,ZU,1,1,100.00
20,176,955SCL27A,ZJ,1,1,100.00
20,177,956AEL29,N6,32,32,100.00
20,178,957ICCL25,YW,3,3,100.00
20,179,957IIFLS27,NA,10,10,100.00
20,180,957ISFL26,N2,10,10,100.00
20,181,960IIFLS26,N9,80,80,100.00
20,182,965SCL25C,N0,41,41,100.00
20,183,965SCL25E,BF,55,55,100.00
20,184,965SCL26,YO,10,10,100.00
20,185,96IIFL28,N5,1526,1330,87.16
20,186,96IIFL28A,NF,461,452,98.05
20,187,96SFIL24A,NB,25,25,100.00
20,188,970CAGL28,ND,30,30,100.00
20,189,971SCL28,AN,55,55,100.00
20,190,97MOFSL34,N7,201,201,100.00
20,191,97SFL29,YZ,80,80,100.00
20,192,980SCL33D,YG,20,20,100.00
20,193,985ECL28,NK,201,201,100.00
20,194,985IIFL22,NC,65,65,100.00
20,195,99AEL29,N7,10,10,100.00
20,196,9ICCL23A,N0,100,100,100.00
20,197,9IIFL28,Y0,195,195,100.00
20,198,9IIFL28A,NT,20,20,100.00
20,199,9MMFSML,N2,11,10,90.91
20,200,9SCL26BA,NA,2604,2604,100.00
20,201,AAATECH,EQ,28284,14298,50.55
20,202,AADHARHFC,EQ,162426,73751,45.41
20,203,AAKASH,EQ,247970,140135,56.51
20,204,AAREYDRUGS,EQ,28705,23766,82.79
20,205,AARON,EQ,7208,3168,43.95
20,206,AARTIDRUGS,EQ,87905,37992,43.22
20,207,AARTIIND,EQ,2624458,838937,31.97
20,208,AARTIPHARM,EQ,689146,404246,58.66
20,209,AARTISURF,EQ,8409,5615,66.77
20,210,AARVI,EQ,18900,10769,56.98
20,211,AATMAJ,SM,6000,6000,100.00
20,212,AAVAS,EQ,307647,216167,70.26
20,213,ABAN,EQ,176222,134174,76.14
20,214,ABB,EQ,511763,269992,52.76
20,215,ABBOTINDIA,EQ,6906,2510,36.35
20,216,ABCAPITAL,EQ,2660220,1030591,38.74
20,217,ABCOTS,ST,6500,6500,100.00
20,218,ABDL,EQ,436557,201111,46.07
20,219,ABFL28,N3,100,100,100.00
20,220,ABFRL,EQ,1874407,566103,30.20
20,221,ABGSEC,EQ,512,129,25.20
20,222,ABHAPOWER,ST,17600,11200,63.64
20,223,ABINFRA,EQ,317209,105540,33.27
20,224,ABREL,EQ,369305,99946,27.06
20,225,ABSLAMC,EQ,767061,290221,37.84
20,226,ABSLBANETF,EQ,54547,18700,34.28
20,227,ABSLLIQUID,EQ,2112,1441,68.23
20,228,ABSLNN50ET,EQ,11208,7332,65.42
20,229,ABSLPSE,EQ,360211,243495,67.60
20,230,ABSMARINE,ST,13000,13000,100.00
20,231,ACC,EQ,254707,77526,30.44
20,232,ACCELYA,EQ,21141,13468,63.71
20,233,ACCENTMIC,SM,11500,7000,60.87
20,234,ACCORD,SM,2000,2000,100.00
20,235,ACCURACY,EQ,216242,127462,58.94
20,236,ACE,EQ,160867,77633,48.26
20,237,ACEINTEG,EQ,5370,3051,56.82
20,238,ACI,EQ,474291,96604,20.37
20,239,ACL,EQ,26021,13088,50.30
20,240,ACLGATI,EQ,423857,162281,38.29
20,241,ACMESOLAR,EQ,4375016,1955324,44.69
20,242,ADANIENSOL,EQ,3073984,1589886,51.72
20,243,ADANIENT,EQ,2013345,860486,42.74
20,244,ADANIGREEN,EQ,3123886,1377830,44.11
20,245,ADANIPORTS,EQ,4659891,2034354,43.66
20,246,ADANIPOWER,EQ,3812391,880747,23.10
20,247,ADFFOODS,EQ,65901,27372,41.54
20,248,ADL,EQ,5532,2338,42.26
20,249,ADORWELD,EQ,10981,6226,56.70
20,250,ADSL,EQ,294566,106492,36.15
20,251,ADVANIHOTR,EQ,300856,61045,20.29
20,252,ADVENZYMES,EQ,264642,155680,58.83
20,253,AEGISLOG,EQ,1138176,609843,53.58
20,254,AEROFLEX,EQ,2356394,628083,26.65
20,255,AERON,SM,33000,27000,81.82
20,256,AESTHETIK,SM,40000,26000,65.00
20,257,AETHER,EQ,15132,8308,54.90
20,258,AFCONS,EQ,3166472,2017543,63.72
20,259,AFFLE,EQ,115698,58268,50.36
20,260,AFFORDABLE,EQ,8540,4405,51.58
20,261,AFIL,EQ,213876,140438,65.66
20,262,AGARIND,EQ,20646,13182,63.85
20,263,AGARWALFT,SM,24000,10500,43.75
20,264,AGARWALTUF,SM,14400,10800,75.00
20,265,AGI,EQ,1228453,349082,28.42
20,266,AGIIL,EQ,6386,3215,50.34
20,267,AGNI,SM,7500,5000,66.67
20,268,AGRITECH,EQ,15962,9681,60.65
20,269,AGROPHOS,EQ,147553,47800,32.40
20,270,AHIMSA,ST,3000,3000,100.00
20,271,AHLADA,EQ,13656,7655,56.06
20,272,AHLEAST,EQ,9208,6104,66.29
20,273,AHLUCONT,EQ,74945,20231,26.99
20,274,AIAENG,EQ,131018,117907,89.99
20,275,AIIL,EQ,161456,122574,75.92
20,276,AILIMITED,ST,4500,4500,100.00
20,277,AIMTRON,SM,54000,41200,76.30
20,278,AIRAN,EQ,146528,78825,53.80
20,279,AIROLAM,EQ,16739,7703,46.02
20,280,AIRTELPP,E1,892655,793456,88.89
20,281,AJANTPHARM,EQ,303118,234388,77.33
20,282,AJMERA,EQ,43331,15853,36.59
20,283,AJOONI,EQ,444622,256225,57.63
20,284,AKANKSHA,ST,18000,17000,94.44
20,285,AKASH,EQ,11335,4169,36.78
20,286,AKG,EQ,47749,33293,69.73
20,287,AKIKO,SM,28800,22400,77.78
20,288,AKSHARCHEM,EQ,3485,1634,46.89
20,289,AKUMS,EQ,118018,59926,50.78
20,290,AKZOINDIA,EQ,4737,2772,58.52
20,291,ALANKIT,EQ,325898,150107,46.06
20,292,ALBERTDAVD,EQ,4318,2884,66.79
20,293,ALEMBICLTD,EQ,254906,96219,37.75
20,294,ALICON,EQ,6061,3381,55.78
20,295,ALIVUS,EQ,69442,31988,46.06
20,296,ALKALI,EQ,13354,5748,43.04
20,297,ALKEM,EQ,75175,47175,62.75
20,298,ALKYLAMINE,EQ,82541,21309,25.82
20,299,ALLCARGO,EQ,1914145,1112512,58.12
20,300,ALLDIGI,EQ,7118,3794,53.30
20,301,ALLETEC,ST,45200,39200,86.73
20,302,ALOKINDS,EQ,4459365,1701630,38.16
20,303,ALPA,EQ,39706,16913,42.60
20,304,ALPEXSOLAR,SM,67600,41600,61.54
20,305,ALPHA,EQ,1412865,871221,61.66
20,306,ALPHAETF,EQ,824032,406496,49.33
20,307,ALPHAGEO,EQ,4401,2634,59.85
20,308,ALPL30IETF,EQ,369992,174936,47.28
20,309,ALUWIND,SM,57000,40500,71.05
20,310,AMBANIORGO,ST,3000,3000,100.00
20,311,AMBER,EQ,576569,85049,14.75
20,312,AMBICAAGAR,EQ,12128,5202,42.89
20,313,AMBIKCO,EQ,5991,3610,60.26
20,314,AMBUJACEM,EQ,2315232,1039790,44.91
20,315,AMDIND,EQ,1609,1008,62.65
20,316,AMEYA,SM,5000,5000,100.00
20,317,AMIORG,EQ,463371,141046,30.44
20,318,AMJLAND,EQ,47998,31989,66.65
20,319,AMJUMBO,SM,24000,16000,66.67
20,320,AMNPLST,EQ,12189,4524,37.12
20,321,AMRUTANJAN,EQ,6616,4276,64.63
20,322,ANANDRATHI,EQ,45579,22732,49.87
20,323,ANANTRAJ,EQ,3416949,952299,27.87
20,324,ANDHRAPAP,EQ,91910,38532,41.92
20,325,ANDHRSUGAR,EQ,98322,38415,39.07
20,326,ANGELONE,EQ,769979,167631,21.77
20,327,ANIKINDS,EQ,9948,4712,47.37
20,328,ANLON,SM,4000,4000,100.00
20,329,ANMOL,EQ,59758,34623,57.94
20,330,ANNAPURNA,SM,117250,57750,49.25
20,331,ANTGRAPHIC,EQ,255584,176168,68.93
20,332,ANUHPHR,EQ,21596,12793,59.24
20,333,ANUP,EQ,207509,69812,33.64
20,334,ANURAS,EQ,74057,36236,48.93
20,335,ANYA,SM,290000,190000,65.52
20,336,APARINDS,EQ,121598,60025,49.36
20,337,APCL,EQ,6429,2780,43.24
20,338,APCOTEXIND,EQ,23172,14094,60.82
20,339,APEX,EQ,96875,38473,39.71
20,340,APEXECO,SM,25600,14400,56.25
20,341,APLAPOLLO,EQ,254143,119132,46.88
20,342,APLLTD,EQ,36263,15586,42.98
20,343,APOLLO,EQ,8396750,1865178,22.21
20,344,APOLLOHOSP,EQ,187712,120692,64.30
20,345,APOLLOPIPE,EQ,39320,25936,65.96
20,346,APOLLOTYRE,EQ,1118848,502298,44.89
20,347,APOLSINHOT,EQ,1107,829,74.89
20,348,APRAMEYA,ST,6000,4000,66.67
20,349,APS,SM,77500,52500,67.74
20,350,APTECHT,EQ,119721,64459,53.84
20,351,APTUS,EQ,937265,540834,57.70
20,352,ARABIAN,SM,10000,10000,100.00
20,353,ARCHIDPLY,EQ,8338,4169,50.00
20,354,ARCHIES,EQ,26147,18568,71.01
20,355,ARE&M,EQ,716801,425782,59.40
20,356,ARHAM,SM,19000,13000,68.42
20,357,ARIHANTCAP,EQ,629785,487164,77.35
20,358,ARIHANTSUP,EQ,146774,83644,56.99
20,359,ARISTO,ST,6400,6400,100.00
20,360,ARKADE,EQ,826034,297553,36.02
20,361,ARMANFIN,EQ,23650,12441,52.60
20,362,AROGRANITE,EQ,24614,20492,83.25
20,363,ARROWGREEN,EQ,10532,5267,50.01
20,364,ARTEMISMED,EQ,132255,73416,55.51
20,365,ARVEE,EQ,462,423,91.56
20,366,ARVIND,EQ,785314,285869,36.40
20,367,ARVINDFASN,EQ,152036,60782,39.98
20,368,ARVINDPORT,ST,21000,21000,100.00
20,369,ARVSMART,EQ,95715,45405,47.44
20,370,ASAHIINDIA,EQ,77691,37778,48.63
20,371,ASAHISONG,EQ,66468,26820,40.35
20,372,ASAL,EQ,11765,5503,46.77
20,373,ASALCBR,EQ,141850,48703,34.33
20,374,ASHALOG,ST,28000,27000,96.43
20,375,ASHAPURMIN,EQ,223193,127447,57.10
20,376,ASHIANA,EQ,35751,15189,42.49
20,377,ASHIMASYN,EQ,157282,89536,56.93
20,378,ASHOKA,EQ,1284705,448534,34.91
20,379,ASHOKAMET,EQ,26807,17851,66.59
20,380,ASHOKLEY,EQ,6558057,2995557,45.68
20,381,ASIANENE,EQ,82336,44520,54.07
20,382,ASIANPAINT,EQ,1292925,766086,59.25
20,383,ASIANTILES,EQ,312886,145694,46.56
20,384,ASKAUTOLTD,EQ,162432,78210,48.15
20,385,ASMS,EQ,494441,358023,72.41
20,386,ASPINWALL,EQ,22192,16414,73.96
20,387,ASPIRE,ST,66000,60000,90.91
20,388,ASTEC,EQ,10648,4741,44.52
20,389,ASTERDM,EQ,359162,244706,68.13
20,390,ASTRAL,EQ,1085898,303344,27.93
20,391,ASTRAMICRO,EQ,89674,38569,43.01
20,392,ASTRAZEN,EQ,10165,2570,25.28
20,393,ASTRON,EQ,72400,33073,45.68
20,394,ATAM,EQ,21721,11553,53.19
20,395,ATFL,EQ,57169,40192,70.30
20,396,ATGL,EQ,895974,155939,17.40
20,397,ATL,EQ,205300,100859,49.13
20,398,ATMASTCO,ST,42800,40000,93.46
20,399,ATUL,EQ,66115,34179,51.70
20,400,ATULAUTO,EQ,30073,16333,54.31
20,401,AUBANK,EQ,2734757,1500918,54.88
20,402,AURDIS,ST,6250,6250,100.00
20,403,AURIONPRO,EQ,25758,14550,56.49
20,404,AUROIMPEX,SM,4800,4800,100.00
20,405,AUROPHARMA,EQ,931696,518448,55.65
20,406,AURUM,EQ,28927,17248,59.63
20,407,AURUMPP1,E1,442,348,78.73
20,408,AUSL,SM,2000,2000,100.00
20,409,AUTOAXLES,EQ,5330,2628,49.31
20,410,AUTOBEES,EQ,566749,466879,82.38
20,411,AUTOIETF,EQ,473788,190185,40.14
20,412,AUTOIND,EQ,33693,16231,48.17
20,413,AVADHSUGAR,EQ,91242,47956,52.56
20,414,AVALON,EQ,194525,76792,39.48
20,415,AVANTEL,EQ,534762,224078,41.90
20,416,AVANTIFEED,EQ,826495,202466,24.50
20,417,AVIANSH,ST,6000,6000,100.00
20,418,AVL,EQ,712707,510130,71.58
20,419,AVPINFRA,ST,26400,24800,93.94
20,420,AVTNPL,EQ,57831,32064,55.44
20,421,AWFIS,EQ,136189,74524,54.72
20,422,AWHCL,EQ,70202,35252,50.22
20,423,AWL,EQ,2020195,896775,44.39
20,424,AXISBANK,EQ,9036312,6998768,77.45
20,425,AXISBNKETF,EQ,1520,1149,75.59
20,426,AXISBPSETF,EQ,24830,16831,67.78
20,427,AXISCETF,EQ,1568,1184,75.51
20,428,AXISGOLD,EQ,312847,255833,81.78
20,429,AXISHCETF,EQ,4353,3698,84.95
20,430,AXISILVER,EQ,55714,43094,77.35
20,431,AXISNIFTY,EQ,9026,8294,91.89
20,432,AXISTECETF,EQ,520,402,77.31
20,433,AXITA,EQ,4626535,869680,18.80
20,434,AXSENSEX,EQ,1006,911,90.56
20,435,AYMSYNTEX,EQ,26268,18682,71.12
20,436,AZAD,EQ,236201,69155,29.28
20,437,BABAFP,SM,3200,3200,100.00
20,438,BAHETI,ST,17625,16500,93.62
20,439,BAIDFIN,EQ,490751,171360,34.92
20,440,BAJAJ-AUTO,EQ,315913,169153,53.54
20,441,BAJAJCON,EQ,205314,90099,43.88
20,442,BAJAJELEC,EQ,21052,8893,42.24
20,443,BAJAJFINSV,EQ,1917476,557380,29.07
20,444,BAJAJHCARE,EQ,280985,62838,22.36
20,445,BAJAJHFL,EQ,8490326,3632496,42.78
20,446,BAJAJHIND,EQ,3992839,1607273,40.25
20,447,BAJAJHLDNG,EQ,81560,50186,61.53
20,448,BAJEL,EQ,481113,117209,24.36
20,449,BAJFINANCE,EQ,1833546,1125829,61.40
20,450,BALAJEE,EQ,50723,26090,51.44
20,451,BALAMINES,EQ,123182,14476,11.75
20,452,BALAXI,EQ,185722,36290,19.54
20,453,BALKRISHNA,EQ,46939,13995,29.82
20,454,BALKRISIND,EQ,175591,82959,47.25
20,455,BALMLAWRIE,EQ,280617,146057,52.05
20,456,BALPHARMA,EQ,21207,14315,67.50
20,457,BALRAMCHIN,EQ,348057,110838,31.84
20,458,BALUFORGE,EQ,854004,295147,34.56
20,459,BANARISUG,EQ,272,130,47.79
20,460,BANCOINDIA,EQ,163107,90032,55.20
20,461,BANDHANBNK,EQ,6779375,1838259,27.12
20,462,BANKA,EQ,7993,3125,39.10
20,463,BANKBARODA,EQ,50873400,18550431,36.46
20,464,BANKBEES,EQ,639507,333242,52.11
20,465,BANKBETF,EQ,18768,15728,83.80
20,466,BANKETF,EQ,2442,1628,66.67
20,467,BANKETFADD,EQ,3031,1842,60.77
20,468,BANKIETF,EQ,150165,90810,60.47
20,469,BANKINDIA,EQ,9417605,4142640,43.99
20,470,BANKNIFTY1,EQ,238389,219735,92.17
20,471,BANKPSU,EQ,5958,5791,97.20
20,472,BANSALWIRE,EQ,177318,130353,73.51
20,473,BANSWRAS,EQ,49886,37174,74.52
20,474,BARBEQUE,EQ,191732,108779,56.73
20,475,BARFLEX,ST,94000,84000,89.36
20,476,BASF,EQ,29370,12294,41.86
20,477,BASILIC,ST,24300,21900,90.12
20,478,BASML,EQ,56483,35745,63.28
20,479,BATAINDIA,EQ,260783,112484,43.13
20,480,BAWEJA,SM,93600,71200,76.07
20,481,BAYERCROP,EQ,10095,6125,60.67
20,482,BBETF0432,EQ,731,615,84.13
20,483,BBL,EQ,18672,10239,54.84
20,484,BBNPNBETF,EQ,673,124,18.42
20,485,BBNPPGOLD,EQ,2650,2606,98.34
20,486,BBOX,EQ,421520,241116,57.20
20,487,BBTC,EQ,51923,18085,34.83
20,488,BBTCL,EQ,833,680,81.63
20,489,BCLIND,EQ,619409,318594,51.44
20,490,BCONCEPTS,EQ,16861,9514,56.43
20,491,BDL,EQ,1928838,617574,32.02
20,492,BEACON,SM,15000,14000,93.33
20,493,BEARDSELL,EQ,36986,17149,46.37
20,494,BECTORFOOD,EQ,83806,57406,68.50
20,495,BEDMUTHA,EQ,5957,4686,78.66
20,496,BEL,EQ,50252116,14249963,28.36
20,497,BEML,EQ,877143,105996,12.08
20,498,BEPL,EQ,671624,261106,38.88
20,499,BERGEPAINT,EQ,514076,230149,44.77
20,500,BESTAGRO,EQ,41006,29395,71.68
20,501,BETA,SM,8300,4400,53.01
20,502,BEWLTD,ST,16000,14000,87.50
20,503,BFINVEST,EQ,14059,6429,45.73
20,504,BFSI,EQ,242927,229070,94.30
20,505,BFUTILITIE,EQ,56561,30543,54.00
20,506,BHAGCHEM,EQ,25814,9406,36.44
20,507,BHAGERIA,EQ,36772,20875,56.77
20,508,BHAGYANGR,EQ,15991,9340,58.41
20,509,BHANDARI,EQ,203943,161271,79.08
20,510,BHARATFORG,EQ,627704,322026,51.30
20,511,BHARATGEAR,EQ,12601,6997,55.53
20,512,BHARATRAS,EQ,1299,647,49.81
20,513,BHARATWIRE,EQ,53030,23920,45.11
20,514,BHARTIARTL,EQ,8340866,5512779,66.09
20,515,BHARTIHEXA,EQ,325919,155809,47.81
20,516,BHEL,EQ,21137642,4211467,19.92
20,517,BIGBLOC,EQ,142624,52108,36.54
20,518,BIKAJI,EQ,123058,50957,41.41
20,519,BIKEWO,SM,52000,42000,80.77
20,520,BINANIIND,EQ,6831,5856,85.73
20,521,BIOCON,EQ,7341863,1321478,18.00
20,522,BIOFILCHEM,EQ,16207,10784,66.54
20,523,BIRDYS,SM,1200,1200,100.00
20,524,BIRET,RR,411477,389687,94.70
20,525,BIRLACABLE,EQ,26966,16854,62.50
20,526,BIRLACORPN,EQ,26650,13508,50.69
20,527,BLACKBUCK,EQ,17725,17725,100.00
20,528,BLAL,EQ,64763,31522,48.67
20,529,BLBLIMITED,EQ,953701,858769,90.05
20,530,BLISSGVS,EQ,387812,159902,41.23
20,531,BLKASHYAP,EQ,507140,280133,55.24
20,532,BLS,EQ,6779198,909041,13.41
20,533,BLSE,EQ,118258,41917,35.45
20,534,BLUEDART,EQ,6764,2075,30.68
20,535,BLUEJET,EQ,3793474,2043079,53.86
20,536,BLUEPEBBLE,SM,2800,2000,71.43
20,537,BLUESTARCO,EQ,859443,625991,72.84
20,538,BMETRICS,SM,10400,7200,69.23
20,539,BODALCHEM,EQ,129645,70806,54.62
20,540,BOMDYEING,EQ,974180,353248,36.26
20,541,BOROLTD,EQ,55354,22595,40.82
20,542,BOROSCI,EQ,29524,14309,48.47
20,543,BOSCHLTD,EQ,26318,16241,61.71
20,544,BOSS,ST,2000,2000,100.00
20,545,BPCL,EQ,8790578,4678136,53.22
20,546,BPL,EQ,88913,41148,46.28
20,547,BRACEPORT,ST,19200,19200,100.00
20,548,BRIGADE,EQ,327844,147465,44.98
20,549,BRITANNIA,EQ,316771,180446,56.96
20,550,BRNL,EQ,71564,48660,68.00
20,551,BSE,EQ,1102555,347824,31.55
20,552,BSE500IETF,EQ,85183,69392,81.46
20,553,BSHSL,EQ,24204,8462,34.96
20,554,BSL,EQ,37676,23314,61.88
20,555,BSLGOLDETF,EQ,47033,27733,58.96
20,556,BSLNIFTY,EQ,1999896,1892725,94.64
20,557,BSLSENETFG,EQ,6465,6211,96.07
20,558,BSOFT,EQ,490618,148547,30.28
20,559,BULKCORP,SM,2400,2400,100.00
20,560,BUTTERFLY,EQ,5823,3690,63.37
20,561,BVCL,EQ,39976,19709,49.30
20,562,C2C,SM,37800,27000,71.43
20,563,CADSYS,ST,7000,7000,100.00
20,564,CAGL28,NE,10,10,100.00
20,565,CAMLINFINE,EQ,617809,238881,38.67
20,566,CAMPUS,EQ,250925,111273,44.35
20,567,CAMS,EQ,812339,313279,38.57
20,568,CANARYS,SM,32000,28000,87.50
20,569,CANBK,EQ,33477188,13553320,40.49
20,570,CANFINHOME,EQ,548361,256220,46.72
20,571,CANTABIL,EQ,350171,128981,36.83
20,572,CAPACITE,EQ,313548,124011,39.55
20,573,CAPINVIT,IV,353312,343735,97.29
20,574,CAPITALSFB,EQ,25820,15042,58.26
20,575,CAPLIPOINT,EQ,136728,33428,24.45
20,576,CARBORUNIV,EQ,76202,41320,54.22
20,577,CAREERP,EQ,9529,5302,55.64
20,578,CARERATING,EQ,112180,68930,61.45
20,579,CARRARO,EQ,327496,163107,49.80
20,580,CARTRADE,EQ,688881,274878,39.90
20,581,CARYSIL,EQ,42219,27323,64.72
20,582,CASTROLIND,EQ,2593673,1228166,47.35
20,583,CBAZAAR,SM,40000,32000,80.00
20,584,CCHHL,EQ,60353,29950,49.62
20,585,CCL,EQ,63016,28472,45.18
20,586,CDSL,EQ,3621641,1338941,36.97
20,587,CEATLTD,EQ,51460,19850,38.57
20,588,CEIGALL,EQ,77643,36375,46.85
20,589,CELEBRITY,EQ,99395,61719,62.09
20,590,CELLECOR,SM,351000,186000,52.99
20,591,CELLO,EQ,132475,60577,45.73
20,592,CELLPOINT,SM,13200,12000,90.91
20,593,CENTENKA,EQ,17757,10622,59.82
20,594,CENTEXT,EQ,63870,48987,76.70
20,595,CENTRALBK,EQ,4640505,1117180,24.07
20,596,CENTRUM,EQ,338552,185566,54.81
20,597,CENTUM,EQ,10099,4969,49.20
20,598,CENTURYPLY,EQ,255900,135129,52.81
20,599,CERA,EQ,7451,2681,35.98
20,600,CESC,EQ,3522031,1659392,47.11
20,601,CEWATER,EQ,189715,30576,16.12
20,602,CGCL,EQ,368277,81586,22.15
20,603,CGPOWER,EQ,2550206,1137161,44.59
20,604,CGRAPHICS,SM,34400,24800,72.09
20,605,CHALET,EQ,492873,324271,65.79
20,606,CHAMBLFERT,EQ,1466408,705008,48.08
20,607,CHAVDA,SM,40000,31000,77.50
20,608,CHEMBOND,EQ,5221,3014,57.73
20,609,CHEMCON,EQ,15498,10875,70.17
20,610,CHEMFAB,EQ,13942,7029,50.42
20,611,CHEMPLASTS,EQ,27560,10287,37.33
20,612,CHENNPETRO,EQ,631350,229326,36.32
20,613,CHETANA,SM,60800,56000,92.11
20,614,CHEVIOT,EQ,2992,1945,65.01
20,615,CHOICEIN,EQ,424696,58400,13.75
20,616,CHOLAFIN,EQ,3455935,896180,25.93
20,617,CHOLAHLDNG,EQ,90203,44205,49.01
20,618,CIEINDIA,EQ,209285,150604,71.96
20,619,CIGNITITEC,EQ,116637,55443,47.53
20,620,CINEVISTA,EQ,31248,14186,45.40
20,621,CIPLA,EQ,2083385,1153909,55.39
20,622,CLEAN,EQ,210270,58933,28.03
20,623,CLEDUCATE,EQ,394952,235138,59.54
20,624,CLOUD,SZ,69000,56000,81.16
20,625,CLSEL,EQ,44755,18885,42.20
20,626,CLSL,SM,18000,10000,55.56
20,627,CMMIPL,SZ,6000,6000,100.00
20,628,CMNL,ST,3000,3000,100.00
20,629,CMSINFO,EQ,344499,196727,57.11
20,630,COALINDIA,EQ,10339434,4918958,47.57
20,631,COASTCORP,EQ,6462,4191,64.86
20,632,COCHINSHIP,EQ,677944,285895,42.17
20,633,COFORGE,EQ,369535,189867,51.38
20,634,COLPAL,EQ,401316,182105,45.38
20,635,COMMITTED,ST,65600,65600,100.00
20,636,COMMOIETF,EQ,45686,25934,56.77
20,637,COMPUSOFT,EQ,57355,37572,65.51
20,638,CONCOR,EQ,4797652,1713768,35.72
20,639,CONCORDBIO,EQ,103664,31668,30.55
20,640,CONFIPET,EQ,327676,176468,53.85
20,641,CONS,EQ,3681,3256,88.45
20,642,CONSOFINVT,EQ,8539,3731,43.69
20,643,CONSUMBEES,EQ,167936,131283,78.17
20,644,CONSUMER,EQ,395303,306600,77.56
20,645,CONSUMIETF,EQ,183187,164146,89.61
20,646,CONTROLPR,EQ,9658,5329,55.18
20,647,COOLCAPS,ST,35750,35500,99.30
20,648,CORALFINAC,EQ,17033,9381,55.08
20,649,CORDSCABLE,EQ,34587,16388,47.38
20,650,COROMANDEL,EQ,467526,262199,56.08
20,651,COSMOFIRST,EQ,87484,36807,42.07
20,652,COUNCODOS,EQ,119868,101517,84.69
20,653,CPS,ST,9600,9000,93.75
20,654,CPSEETF,EQ,3933931,2691163,68.41
20,655,CRAFTSMAN,EQ,418448,357013,85.32
20,656,CRAYONS,SM,18000,18000,100.00
20,657,CREATIVE,EQ,14712,11372,77.30
20,658,CREDITACC,EQ,2764715,385988,13.96
20,659,CREST,EQ,6511,4095,62.89
20,660,CRISIL,EQ,17402,4702,27.02
20,661,CROMPTON,EQ,1761292,932616,52.95
20,662,CROWN,EQ,8159,4902,60.08
20,663,CSBBANK,EQ,55870,26716,47.82
20,664,CSLFINANCE,EQ,20452,10117,49.47
20,665,CTE,EQ,13080,4153,31.75
20,666,CUB,EQ,1372784,623778,45.44
20,667,CUMMINSIND,EQ,415544,238016,57.28
20,668,CUPID,EQ,268905,122494,45.55
20,669,CYBERMEDIA,EQ,12166,9457,77.73
20,670,CYBERTECH,EQ,142176,63333,44.55
20,671,CYIENT,EQ,2709381,550351,20.31
20,672,CYIENTDLM,EQ,247813,136226,54.97
20,673,DABUR,EQ,4302619,1998476,46.45
20,674,DALBHARAT,EQ,139632,70345,50.38
20,675,DALMIASUG,EQ,75514,31856,42.19
20,676,DAMCAPITAL,EQ,3312723,678569,20.48
20,677,DAMODARIND,EQ,18541,8132,43.86
20,678,DANGEE,EQ,383989,186669,48.61
20,679,DANISH,SM,85200,45300,53.17
20,680,DATAMATICS,EQ,276188,147684,53.47
20,681,DATAPATTNS,EQ,140531,39409,28.04
20,682,DAVANGERE,EQ,1426055,698029,48.95
20,683,DBCORP,EQ,50960,20807,40.83
20,684,DBEIL,EQ,143978,42053,29.21
20,685,DBL,EQ,381838,169397,44.36
20,686,DBOL,EQ,191049,104903,54.91
20,687,DBREALTY,EQ,1205778,533519,44.25
20,688,DBSTOCKBRO,EQ,1586,882,55.61
20,689,DCAL,EQ,266230,115489,43.38
20,690,DCBBANK,EQ,707593,262555,37.11
20,691,DCG,SM,44400,34800,78.38
20,692,DCI,EQ,11876,5257,44.27
20,693,DCM,EQ,13871,8250,59.48
20,694,DCMNVL,EQ,20749,15559,74.99
20,695,DCMSHRIRAM,EQ,56996,18465,32.40
20,696,DCMSRIND,EQ,53920,29167,54.09
20,697,DCW,EQ,1594970,955655,59.92
20,698,DCXINDIA,EQ,353649,175422,49.60
20,699,DDEVPLSTIK,EQ,51047,26400,51.72
20,700,DECCANCE,EQ,5444,2892,53.12
20,701,DECCANTRAN,ST,3600,3600,100.00
20,702,DEEDEV,EQ,43019,21561,50.12
20,703,DEEM,SM,7000,5000,71.43
20,704,DEEPAKFERT,EQ,1934832,1088960,56.28
20,705,DEEPAKNTR,EQ,164152,52007,31.68
20,706,DEEPINDS,EQ,803815,213533,26.56
20,707,DELAPLEX,SM,3000,2400,80.00
20,708,DELHIVERY,EQ,1627149,945451,58.10
20,709,DELTACORP,EQ,1167782,732007,62.68
20,710,DELTAMAGNT,EQ,17631,7361,41.75
20,711,DELTIC,SM,76000,41000,53.95
20,712,DEN,EQ,729459,340095,46.62
20,713,DENORA,EQ,93208,38414,41.21
20,714,DENTALKART,SM,12500,10500,84.00
20,715,DESTINY,ST,6000,6000,100.00
20,716,DEVIT,EQ,126673,60972,48.13
20,717,DEVYANI,EQ,637432,259307,40.68
20,718,DHAMPURSUG,EQ,253749,98179,38.69
20,719,DHANI,EQ,2657731,1254430,47.20
20,720,DHANLAXMI,ST,24000,24000,100.00
20,721,DHANUKA,EQ,25066,10804,43.10
20,722,DHARMAJ,EQ,97842,43642,44.60
20,723,DHRUV,EQ,77182,73974,95.84
20,724,DHUNINV,EQ,204,133,65.20
20,725,DIAMINESQ,EQ,1029,436,42.37
20,726,DIAMONDYD,EQ,72331,30720,42.47
20,727,DICIND,EQ,378,102,26.98
20,728,DIFFNKG,EQ,68621,41605,60.63
20,729,DIGIDRIVE,EQ,40670,23559,57.93
20,730,DIGIKORE,ST,3600,3600,100.00
20,731,DIGISPICE,EQ,66191,34084,51.49
20,732,DISHTV,EQ,12273240,7451263,60.71
20,733,DIVGIITTS,EQ,5443,3263,59.95
20,734,DIVISLAB,EQ,429090,238839,55.66
20,735,DIVOPPBEES,EQ,47702,31204,65.41
20,736,DIVYADHAN,ST,8000,8000,100.00
20,737,DIXON,EQ,264203,69080,26.15
20,738,DLF,EQ,3386278,1692415,49.98
20,739,DLINKINDIA,EQ,102517,38416,37.47
20,740,DMART,EQ,339017,145370,42.88
20,741,DNAMEDIA,EQ,189637,111466,58.78
20,742,DODLA,EQ,59799,22997,38.46
20,743,DOLATALGO,EQ,114367,52517,45.92
20,744,DOLLAR,EQ,23086,14114,61.14
20,745,DOLPHIN,EQ,10069,6956,69.08
20,746,DOMS,EQ,71972,20200,28.07
20,747,DONEAR,EQ,153718,44528,28.97
20,748,DPABHUSHAN,EQ,7543,3563,47.24
20,749,DPEL,ST,39000,34500,88.46
20,750,DPSCLTD,EQ,114064,69097,60.58
20,751,DPWIRES,EQ,29775,19119,64.21
20,752,DRCSYSTEMS,EQ,63603,32530,51.15
20,753,DREAMFOLKS,EQ,53868,25893,48.07
20,754,DREDGECORP,EQ,21174,9954,47.01
20,755,DRL,SM,12000,12000,100.00
20,756,DRONE,ST,43000,42000,97.67
20,757,DRREDDY,EQ,1505147,1005349,66.79
20,758,DSSL,EQ,48318,25861,53.52
20,759,DTIL,EQ,7134,2814,39.44
20,760,DTL,SM,30000,28800,96.00
20,761,DUCOL,SM,4000,2400,60.00
20,762,DUCON,EQ,737602,374477,50.77
20,763,DUGLOBAL,SM,10000,7500,75.00
20,764,DURLAX,SM,56000,38000,67.86
20,765,DVL,EQ,12589,6107,48.51
20,766,DWARKESH,EQ,462310,188977,40.88
20,767,DYCL,EQ,26367,11722,44.46
20,768,DYNAMATECH,EQ,5816,3431,58.99
20,769,DYNAMIC,ST,19500,12000,61.54
20,770,DYNPRO,EQ,18720,15503,82.82
20,771,EASEMYTRIP,EQ,17168575,7199823,41.94
20,772,EBANKNIFTY,EQ,1998,1878,93.99
20,773,EBBETF0425,EQ,2677,2579,96.34
20,774,EBBETF0430,EQ,19320,14508,75.09
20,775,EBBETF0431,EQ,556,476,85.61
20,776,EBBETF0433,EQ,4025,3614,89.79
20,777,ECAPINSURE,EQ,50281,44320,88.14
20,778,ECLERX,EQ,78320,40323,51.48
20,779,ECOSMOBLTY,EQ,94263,39348,41.74
20,780,EDELWEISS,EQ,1608556,716837,44.56
20,781,EFACTOR,ST,3200,3200,100.00
20,782,EFFWA,ST,36800,35200,95.65
20,783,EFORCE,SM,30000,25200,84.00
20,784,EGOLD,EQ,93627,92176,98.45
20,785,EICHERMOT,EQ,394118,213358,54.14
20,786,EIDPARRY,EQ,119008,73031,61.37
20,787,EIEL,EQ,3175868,523657,16.49
20,788,EIFFL,EQ,11962,9699,81.08
20,789,EIHAHOTELS,EQ,11181,5616,50.23
20,790,EIHOTEL,EQ,162375,70460,43.39
20,791,EIMCOELECO,EQ,10111,5160,51.03
20,792,EKC,EQ,377325,151303,40.10
20,793,ELDEHSG,EQ,826,565,68.40
20,794,ELECON,EQ,258931,109388,42.25
20,795,ELECTCAST,EQ,993919,405296,40.78
20,796,ELGIEQUIP,EQ,174495,119849,68.68
20,797,ELIN,EQ,96946,48755,50.29
20,798,EMAIN,ST,239000,224000,93.72
20,799,EMAMILTD,EQ,713423,404231,56.66
20,800,EMAMIPAP,EQ,12380,8339,67.36
20,801,EMBASSY,RR,162287,126244,77.79
20,802,EMBDL,EQ,6567345,2144388,32.65
20,803,EMCURE,EQ,18060,9764,54.06
20,804,EMIL,EQ,1092715,845711,77.40
20,805,EMKAYTOOLS,SM,1950,1800,92.31
20,806,EMMBI,EQ,62365,30351,48.67
20,807,EMMIL,ST,10000,9250,92.50
20,808,EMSLIMITED,EQ,178337,66716,37.41
20,809,EMUDHRA,EQ,192016,72996,38.02
20,810,EMULTIMQ,EQ,68082,59141,86.87
20,811,ENDURANCE,EQ,36028,21024,58.35
20,812,ENFUSE,ST,13800,10800,78.26
20,813,ENGINERSIN,EQ,3917487,1315145,33.57
20,814,ENIL,EQ,18449,11023,59.75
20,815,ENSER,ST,26000,25000,96.15
20,816,ENTERO,EQ,43795,27843,63.58
20,817,ENVIRO,SM,22000,16000,72.73
20,818,EPACK,EQ,692287,300992,43.48
20,819,EPIGRAL,EQ,37848,16983,44.87
20,820,EPL,EQ,649897,204655,31.49
20,821,EQUAL50ADD,EQ,35298,32392,91.77
20,822,EQUITASBNK,EQ,8166592,2147987,26.30
20,823,ERIS,EQ,161360,93795,58.13
20,824,ESABINDIA,EQ,8345,5913,70.86
20,825,ESAFSFB,EQ,324134,181250,55.92
20,826,ESCONET,ST,46400,46400,100.00
20,827,ESCORTS,EQ,165511,74690,45.13
20,828,ESFL,SM,18000,12960,72.00
20,829,ESG,EQ,109834,4414,4.02
20,830,ESILVER,EQ,66325,56631,85.38
20,831,ESPRIT,ST,36800,28800,78.26
20,832,ESSENTIA,EQ,4335886,2618700,60.40
20,833,ESTER,EQ,68777,29061,42.25
20,834,ETHOSLTD,EQ,20587,9768,47.45
20,835,ETML,SM,14400,10800,75.00
20,836,EUREKAFORB,EQ,54363,29660,54.56
20,837,EUROBOND,SM,3000,3000,100.00
20,838,EVEREADY,EQ,23891,6870,28.76
20,839,EVINDIA,EQ,247660,219338,88.56
20,840,EXCELINDUS,EQ,7638,4020,52.63
20,841,EXCELLENT,SM,1600,1600,100.00
20,842,EXICOM,EQ,251131,120561,48.01
20,843,EXIDEIND,EQ,2973549,1010597,33.99
20,844,EXPLEOSOL,EQ,30418,16980,55.82
20,845,EXXARO,EQ,495723,266811,53.82
20,846,FACT,EQ,550783,73578,13.36
20,847,FAIRCHEMOR,EQ,8481,3299,38.90
20,848,FAZE3Q,EQ,8886,5894,66.33
20,849,FCL,EQ,204432,78637,38.47
20,850,FCSSOFT,EQ,1655486,1115922,67.41
20,851,FDC,EQ,55255,27340,49.48
20,852,FEDERALBNK,EQ,5772412,2802194,48.54
20,853,FEDFINA,EQ,211833,109533,51.71
20,854,FELIX,ST,9000,9000,100.00
20,855,FIBERWEB,EQ,51970,22974,44.21
20,856,FICRF3GP,MF,3600,3600,100.00
20,857,FIDEL,ST,14000,14000,100.00
20,858,FIEMIND,EQ,22324,11053,49.51
20,859,FILATEX,EQ,648511,242569,37.40
20,860,FINCABLES,EQ,74779,29414,39.33
20,861,FINEORG,EQ,13130,5888,44.84
20,862,FINIETF,EQ,315928,134334,42.52
20,863,FINOPB,EQ,73381,39742,54.16
20,864,FINPIPE,EQ,413000,153149,37.08
20,865,FIRSTCRY,EQ,122935,63542,51.69
20,866,FIVESTAR,EQ,351786,141947,40.35
20,867,FLAIR,EQ,652916,360419,55.20
20,868,FLUOROCHEM,EQ,75848,32144,42.38
20,869,FMCGIETF,EQ,2827003,2167229,76.66
20,870,FMGOETZE,EQ,60762,41860,68.89
20,871,FOCUS,EQ,218972,125554,57.34
20,872,FONEBOX,SM,6000,6000,100.00
20,873,FOODSIN,EQ,60512,36664,60.59
20,874,FORCAS,ST,12800,12800,100.00
20,875,FORCEMOT,EQ,18142,8462,46.64
20,876,FORGEAUTO,SM,158400,112800,71.21
20,877,FORTIS,EQ,2044740,959283,46.91
20,878,FOSECOIND,EQ,518,223,43.05
20,879,FRESHARA,ST,145200,142800,98.35
20,880,FROG,SM,77200,49600,64.25
20,881,FSL,EQ,2023089,644073,31.84
20,882,FUSION,EQ,181838,84147,46.28
20,883,GABRIEL,EQ,827769,398520,48.14
20,884,GAEL,EQ,1691592,733669,43.37
20,885,GAIL,EQ,36650691,11393905,31.09
20,886,GAJANAND,ST,9000,9000,100.00
20,887,GALAPREC,EQ,69302,24814,35.81
20,888,GALAXYSURF,EQ,5122,3515,68.63
20,889,GALLANTT,EQ,19517,11376,58.29
20,890,GANDHAR,EQ,120794,48720,40.33
20,891,GANDHITUBE,EQ,8201,4848,59.11
20,892,GANECOS,EQ,64577,21312,33.00
20,893,GANESHBE,EQ,58343,30483,52.25
20,894,GANESHHOUC,EQ,142054,55745,39.24
20,895,GANESHIN,SM,148800,107200,72.04
20,896,GANGAFORGE,EQ,88032,55835,63.43
20,897,GANGESSECU,EQ,10416,6414,61.58
20,898,GARFIBRES,EQ,55841,27115,48.56
20,899,GARUDA,EQ,994233,316460,31.83
20,900,GATEWAY,EQ,724756,394875,54.48
20,901,GEECEE,EQ,2100,698,33.24
20,902,GEEKAYWIRE,EQ,37616,26464,70.35
20,903,GENCON,EQ,46105,27027,58.62
20,904,GENESYS,EQ,470133,231753,49.30
20,905,GENSOL,EQ,98614,42173,42.77
20,906,GENUSPAPER,EQ,168452,106529,63.24
20,907,GENUSPOWER,EQ,488687,228431,46.74
20,908,GEOJITFSL,EQ,888630,386082,43.45
20,909,GEPIL,EQ,137574,93181,67.73
20,910,GESHIP,EQ,443630,169300,38.16
20,911,GFLLIMITED,EQ,43784,21628,49.40
20,912,GGBL,ST,40500,35700,88.15
20,913,GHCL,EQ,1486069,287933,19.38
20,914,GHCLTEXTIL,EQ,139490,69491,49.82
20,915,GICHSGFIN,EQ,144343,76693,53.13
20,916,GICRE,EQ,1026769,350072,34.09
20,917,GILLETTE,EQ,16078,6410,39.87
20,918,GILT5YBEES,EQ,146329,88645,60.58
20,919,GINNIFILA,EQ,35302,19967,56.56
20,920,GIPCL,EQ,364989,189235,51.85
20,921,GKWLIMITED,EQ,167,146,87.43
20,922,GLAND,EQ,130708,65027,49.75
20,923,GLAXO,EQ,265243,181392,68.39
20,924,GLENMARK,EQ,382446,215222,56.28
20,925,GLOBAL,EQ,50621,33051,65.29
20,926,GLOBALPET,SM,7500,4500,60.00
20,927,GLOBE,EQ,2021724,1298825,64.24
20,928,GLOBUSSPR,EQ,375446,110419,29.41
20,929,GLOSTERLTD,EQ,988,545,55.16
20,930,GMBREW,EQ,22028,8947,40.62
20,931,GMDCLTD,EQ,3441716,569779,16.56
20,932,GMMPFAUDLR,EQ,44403,26020,58.60
20,933,GMRAIRPORT,EQ,14887641,8876354,59.62
20,934,GMRP&UI,EQ,1379791,519622,37.66
20,935,GNA,EQ,62881,37278,59.28
20,936,GNFC,EQ,504180,202710,40.21
20,937,GOACARBON,EQ,43825,11583,26.43
20,938,GOCLCORP,EQ,17354,9447,54.44
20,939,GOCOLORS,EQ,33820,15386,45.49
20,940,GODAVARIB,EQ,55263,22556,40.82
20,941,GODFRYPHLP,EQ,31156,9625,30.89
20,942,GODIGIT,EQ,390433,82712,21.18
20,943,GODREJAGRO,EQ,159730,80131,50.17
20,944,GODREJCP,EQ,2349882,1586012,67.49
20,945,GODREJIND,EQ,67312,24399,36.25
20,946,GODREJPROP,EQ,614832,340718,55.42
20,947,GOKEX,EQ,79750,45465,57.01
20,948,GOKULAGRO,EQ,141417,70342,49.74
20,949,GOLD1,EQ,625138,399521,63.91
20,950,GOLDBEES,EQ,15636205,11026751,70.52
20,951,GOLDCASE,EQ,2000784,1803752,90.15
20,952,GOLDETF,EQ,235088,190282,80.94
20,953,GOLDETFADD,EQ,43311,34231,79.04
20,954,GOLDIAM,EQ,1104154,266594,24.14
20,955,GOLDIETF,EQ,7458408,5671836,76.05
20,956,GOLDSHARE,EQ,238053,192610,80.91
20,957,GOLDSTAR,SM,112500,90000,80.00
20,958,GOODLUCK,EQ,36168,17584,48.62
20,959,GOPAL,EQ,83976,33013,39.31
20,960,GOYALALUM,EQ,108787,72708,66.84
20,961,GOYALSALT,SM,6600,6000,90.91
20,962,GPECO,ST,63000,61800,98.10
20,963,GPIL,EQ,742969,332837,44.80
20,964,GPPL,EQ,1337517,644438,48.18
20,965,GPTHEALTH,EQ,48305,29574,61.22
20,966,GPTINFRA,EQ,128186,63269,49.36
20,967,GRANULES,EQ,929277,312777,33.66
20,968,GRAPHISAD,ST,6000,6000,100.00
20,969,GRAPHITE,EQ,221558,63651,28.73
20,970,GRASIM,EQ,431982,172253,39.88
20,971,GRAVITA,EQ,203441,54458,26.77
20,972,GRCL,SM,1250,1250,100.00
20,973,GREAVESCOT,EQ,2922633,623479,21.33
20,974,GREENCHEF,SM,24800,23200,93.55
20,975,GREENLAM,EQ,66148,12966,19.60
20,976,GREENPANEL,EQ,43140,24826,57.55
20,977,GREENPLY,EQ,74081,32276,43.57
20,978,GREENPOWER,EQ,4469294,2490864,55.73
20,979,GRETEX,ST,74250,74250,100.00
20,980,GRINDWELL,EQ,33823,20427,60.39
20,981,GRINFRA,EQ,37134,18321,49.34
20,982,GRMOVER,EQ,1305319,392752,30.09
20,983,GROBTEA,EQ,243,228,93.83
20,984,GROWWDEFNC,EQ,241897,142465,58.89
20,985,GROWWEV,EQ,313597,220998,70.47
20,986,GROWWGOLD,EQ,251771,82334,32.70
20,987,GROWWLIQID,EQ,26621,24388,91.61
20,988,GRPLTD,EQ,2343,1873,79.94
20,989,GRSE,EQ,2120516,344548,16.25
20,990,GRWRHITECH,EQ,66824,23275,34.83
20,991,GSEC10IETF,EQ,798,796,99.75
20,992,GSEC10YEAR,EQ,2203,1614,73.26
20,993,GSEC5IETF,EQ,4367,2508,57.43
20,994,GSFC,EQ,971850,363536,37.41
20,995,GSLSU,EQ,61035,25491,41.76
20,996,GSMFOILS,ST,6000,6000,100.00
20,997,GSPL,EQ,402556,143402,35.62
20,998,GSS,EQ,51225,33481,65.36
20,999,GSTL,ST,9000,8000,88.89
20,1000,GTL,EQ,390286,175239,44.90
20,1001,GTLINFRA,EQ,38424824,16021174,41.69
20,1002,GTPL,EQ,18451,8722,47.27
20,1003,GUFICBIO,EQ,97257,30775,31.64
20,1004,GUJALKALI,EQ,33981,12334,36.30
20,1005,GUJAPOLLO,EQ,16830,13173,78.27
20,1006,GUJGASLTD,EQ,244754,69037,28.21
20,1007,GULFOILLUB,EQ,25364,8388,33.07
20,1008,GULFPETRO,EQ,324526,216738,66.79
20,1009,GULPOLY,EQ,2046445,495040,24.19
20,1010,GVPTECH,EQ,43039,36818,85.55
20,1011,GVT&D,EQ,428529,336970,78.63
20,1012,HAL,EQ,1976237,672178,34.01
20,1013,HAPPSTMNDS,EQ,289670,170080,58.72
20,1014,HAPPYFORGE,EQ,19675,12858,65.35
20,1015,HARIOMPIPE,EQ,48779,18233,37.38
20,1016,HARRMALAYA,EQ,11887,5733,48.23
20,1017,HARSHA,EQ,42808,19706,46.03
20,1018,HATHWAY,EQ,3264583,1294952,39.67
20,1019,HATSUN,EQ,10905,5522,50.64
20,1020,HAVELLS,EQ,632351,269865,42.68
20,1021,HAVISHA,EQ,22966,14837,64.60
20,1022,HBLENGINE,EQ,2533892,587938,23.20
20,1023,HBSL,EQ,8088,5394,66.69
20,1024,HCC,EQ,18323291,6246673,34.09
20,1025,HCG,EQ,104468,59749,57.19
20,1026,HCL-INSYS,EQ,129460,102536,79.20
20,1027,HCLTECH,EQ,2033832,1358376,66.79
20,1028,HDFCAMC,EQ,359119,206864,57.60
20,1029,HDFCBANK,EQ,7910843,5543535,70.08
20,1030,HDFCBSE500,EQ,35937,15373,42.78
20,1031,HDFCGOLD,EQ,3876551,2827191,72.93
20,1032,HDFCGROWTH,EQ,2376,1684,70.88
20,1033,HDFCLIFE,EQ,1012392,465662,46.00
20,1034,HDFCLIQUID,EQ,5151,4423,85.87
20,1035,HDFCLOWVOL,EQ,13619,8150,59.84
20,1036,HDFCMID150,EQ,487730,403603,82.75
20,1037,HDFCMOMENT,EQ,166117,121155,72.93
20,1038,HDFCNEXT50,EQ,57273,42837,74.79
20,1039,HDFCNIF100,EQ,66425,56404,84.91
20,1040,HDFCNIFBAN,EQ,50153,42673,85.09
20,1041,HDFCNIFIT,EQ,9331,5536,59.33
20,1042,HDFCNIFTY,EQ,265883,229045,86.15
20,1043,HDFCPSUBK,EQ,19532,11704,59.92
20,1044,HDFCPVTBAN,EQ,148758,136505,91.76
20,1045,HDFCQUAL,EQ,5020,3585,71.41
20,1046,HDFCSENSEX,EQ,25765,20842,80.89
20,1047,HDFCSILVER,EQ,365569,255597,69.92
20,1048,HDFCSML250,EQ,722913,451962,62.52
20,1049,HDFCVALUE,EQ,41789,32929,78.80
20,1050,HEADSUP,EQ,356249,282045,79.17
20,1051,HEALTHADD,EQ,37759,35359,93.64
20,1052,HEALTHIETF,EQ,166197,54227,32.63
20,1053,HEALTHY,EQ,119843,84306,70.35
20,1054,HEG,EQ,539499,238322,44.17
20,1055,HEIDELBERG,EQ,225749,102213,45.28
20,1056,HEMIPROP,EQ,386385,173133,44.81
20,1057,HERANBA,EQ,85910,41811,48.67
20,1058,HERITGFOOD,EQ,231586,111417,48.11
20,1059,HEROMOTOCO,EQ,1056018,557782,52.82
20,1060,HESTERBIO,EQ,15239,11938,78.34
20,1061,HEUBACHIND,EQ,48044,34460,71.73
20,1062,HEXATRADEX,EQ,56967,31665,55.58
20,1063,HFCL,EQ,9769666,2354614,24.10
20,1064,HGINFRA,EQ,56373,18467,32.76
20,1065,HGS,EQ,12082,6961,57.61
20,1066,HIGREEN,ST,4800,4800,100.00
20,1067,HIKAL,EQ,127436,49959,39.20
20,1068,HIL,EQ,20584,15108,73.40
20,1069,HILTON,EQ,116308,64435,55.40
20,1070,HIMATSEIDE,EQ,629592,204243,32.44
20,1071,HINDALCO,EQ,3750965,1805629,48.14
20,1072,HINDCOMPOS,EQ,26735,13999,52.36
20,1073,HINDCOPPER,EQ,4683771,1319843,28.18
20,1074,HINDMOTORS,EQ,693487,289563,41.75
20,1075,HINDOILEXP,EQ,513514,234933,45.75
20,1076,HINDPETRO,EQ,2019592,783405,38.79
20,1077,HINDUNILVR,EQ,2116148,1368505,64.67
20,1078,HINDWAREAP,EQ,108069,63703,58.95
20,1079,HINDZINC,EQ,1051297,582467,55.40
20,1080,HIRECT,EQ,17573,8857,50.40
20,1081,HISARMETAL,EQ,7448,5162,69.31
20,1082,HITECH,EQ,384141,160639,41.82
20,1083,HITECHCORP,EQ,15251,9495,62.26
20,1084,HLEGLAS,EQ,108532,20440,18.83
20,1085,HLVLTD,EQ,1320888,790942,59.88
20,1086,HMAAGRO,EQ,184565,113816,61.67
20,1087,HMVL,EQ,19628,9681,49.32
20,1088,HNDFDS,EQ,47788,25126,52.58
20,1089,HNGSNGBEES,EQ,307513,206342,67.10
20,1090,HOACFOODS,ST,6000,6000,100.00
20,1091,HOLMARC,ST,6000,6000,100.00
20,1092,HOMEFIRST,EQ,335479,164836,49.13
20,1093,HONASA,EQ,2567726,1006040,39.18
20,1094,HONAUT,EQ,5913,754,12.75
20,1095,HONDAPOWER,EQ,13325,4182,31.38
20,1096,HOVS,EQ,10215,5230,51.20
20,1097,HPAL,EQ,106048,59728,56.32
20,1098,HPIL,EQ,2333,1587,68.02
20,1099,HPL,EQ,134147,52668,39.26
20,1100,HRHNEXT,ST,10500,10500,100.00
20,1101,HSCL,EQ,433475,202858,46.80
20,1102,HTMEDIA,EQ,129278,65150,50.40
20,1103,HUBTOWN,EQ,101957,73868,72.45
20,1104,HUDCO,EQ,14177239,4320261,30.47
20,1105,HUHTAMAKI,EQ,71283,32236,45.22
20,1106,HVAX,ST,1800,1800,100.00
20,1107,HYUNDAI,EQ,638701,435196,68.14
20,1108,IBLFL,ST,6000,6000,100.00
20,1109,ICEMAKE,EQ,24753,11791,47.63
20,1110,ICICIB22,EQ,583190,315267,54.06
20,1111,ICICIBANK,EQ,10195417,7197902,70.60
20,1112,ICICIGI,EQ,524180,345822,65.97
20,1113,ICICIPRULI,EQ,536251,254771,47.51
20,1114,ICIL,EQ,276503,120992,43.76
20,1115,ICRA,EQ,1357,668,49.23
20,1116,IDBI,EQ,5506279,1823384,33.11
20,1117,IDEA,EQ,336820197,102689111,30.49
20,1118,IDEAFORGE,EQ,144687,68403,47.28
20,1119,IDEALTECHO,SM,18000,18000,100.00
20,1120,IDENTICAL,ST,18000,18000,100.00
20,1121,IDFCFIRSTB,EQ,36326174,18882496,51.98
20,1122,IDFNIFTYET,EQ,344,311,90.41
20,1123,IEML,SM,10000,10000,100.00
20,1124,IEX,EQ,4274131,1696158,39.68
20,1125,IFBAGRO,EQ,10677,5603,52.48
20,1126,IFBIND,EQ,266161,90631,34.05
20,1127,IFCI,EQ,7903863,2420782,30.63
20,1128,IFGLEXPOR,EQ,8058,5808,72.08
20,1129,IGARASHI,EQ,21771,11280,51.81
20,1130,IGIL,EQ,1577718,734493,46.55
20,1131,IGL,EQ,5892285,1489731,25.28
20,1132,IGPL,EQ,24348,10577,43.44
20,1133,IHFL261224,N1,65,65,100.00
20,1134,IIFL,EQ,722155,288537,39.95
20,1135,IIFLCAPS,EQ,271512,180881,66.62
20,1136,IIFLZC25,ND,20,20,100.00
20,1137,IIFLZC25B,NW,51,51,100.00
20,1138,IIFLZC26,NN,40,0,0.00
20,1139,IIFLZC28,NG,250,250,100.00
20,1140,IIFLZC28A,NU,344,331,96.22
20,1141,IKIO,EQ,38755,16748,43.22
20,1142,IKS,EQ,118847,57955,48.76
20,1143,IMAGICAA,EQ,393556,143428,36.44
20,1144,IMFA,EQ,139224,63789,45.82
20,1145,IMPAL,EQ,1802,1234,68.48
20,1146,INCREDIBLE,EQ,4563,3376,73.99
20,1147,INDBANK,EQ,79609,40737,51.17
20,1148,INDGN,EQ,475616,262164,55.12
20,1149,INDHOTEL,EQ,2505181,1812718,72.36
20,1150,INDIACEM,EQ,882553,218509,24.76
20,1151,INDIAGLYCO,EQ,43623,15968,36.60
20,1152,INDIAMART,EQ,347027,229647,66.18
20,1153,INDIANB,EQ,1745735,818699,46.90
20,1154,INDIANHUME,EQ,20369,9036,44.36
20,1155,INDIASHLTR,EQ,35764,18539,51.84
20,1156,INDIGO,EQ,519645,327624,63.05
20,1157,INDIGOPNTS,EQ,23208,13104,56.46
20,1158,INDIGRID,IV,206559,184246,89.20
20,1159,INDNIPPON,EQ,6224,4130,66.36
20,1160,INDOAMIN,EQ,174189,80805,46.39
20,1161,INDOBORAX,EQ,43498,15305,35.19
20,1162,INDOCO,EQ,80368,38330,47.69
20,1163,INDOFARM,EQ,816553,160438,19.65
20,1164,INDORAMA,EQ,110047,62893,57.15
20,1165,INDOSTAR,EQ,43306,27666,63.88
20,1166,INDOWIND,EQ,481901,220469,45.75
20,1167,INDRAMEDCO,EQ,137303,58332,42.48
20,1168,INDTERRAIN,EQ,198253,28385,14.32
20,1169,INDUSINDBK,EQ,5365839,2408729,44.89
20,1170,INDUSINVIT,IV,143446,134624,93.85
20,1171,INDUSTOWER,EQ,6499334,3561392,54.80
20,1172,INFIBEAM,EQ,3750076,1251546,33.37
20,1173,INFINIUM,SM,4500,4500,100.00
20,1174,INFOBEAN,EQ,15859,7967,50.24
20,1175,INFOLLION,ST,10800,10400,96.30
20,1176,INFOMEDIA,EQ,14638,10122,69.15
20,1177,INFRABEES,EQ,23589,12687,53.78
20,1178,INFRAIETF,EQ,229953,154587,67.23
20,1179,INFY,EQ,5820470,4133792,71.02
20,1180,INGERRAND,EQ,9334,3944,42.25
20,1181,INM,SM,600,600,100.00
20,1182,INNOMET,SM,2400,2400,100.00
20,1183,INNOVACAP,EQ,34631,13885,40.09
20,1184,INNOVANA,EQ,3496,1202,34.38
20,1185,INOXGREEN,EQ,1243683,299411,24.07
20,1186,INOXINDIA,EQ,222970,135010,60.55
20,1187,INOXWIND,EQ,22138939,4798410,21.67
20,1188,INSECTICID,EQ,37494,22047,58.80
20,1189,INSPIRE,SM,34000,30000,88.24
20,1190,INSPIRISYS,EQ,10941,5465,49.95
20,1191,INTELLECT,EQ,1463534,179354,12.25
20,1192,INTENTECH,EQ,49757,32155,64.62
20,1193,INTERARCH,EQ,140475,42485,30.24
20,1194,INTLCONV,EQ,43327,20927,48.30
20,1195,INVENTURE,EQ,1933375,1043152,53.95
20,1196,IOB,EQ,5921321,1523715,25.73
20,1197,IOC,EQ,9686000,5068350,52.33
20,1198,IOLCP,EQ,243980,93268,38.23
20,1199,IONEXCHANG,EQ,237896,82302,34.60
20,1200,IPCALAB,EQ,295083,152070,51.53
20,1201,IPHL,ST,39600,37200,93.94
20,1202,IPL,EQ,370545,210134,56.71
20,1203,IPSL,ST,1000,1000,100.00
20,1204,IRB,EQ,39972302,12685300,31.74
20,1205,IRBINVIT,IV,148069,128270,86.63
20,1206,IRCON,EQ,31011752,4212776,13.58
20,1207,IRCTC,EQ,3111982,1063889,34.19
20,1208,IREDA,EQ,12036962,2732182,22.70
20,1209,IRFC,EQ,50647026,12469653,24.62
20,1210,IRISDOREME,EQ,110662,44387,40.11
20,1211,IRMENERGY,EQ,59046,37837,64.08
20,1212,ISEC,EQ,102748,49336,48.02
20,1213,ISFT,EQ,31717,17444,55.00
20,1214,ISGEC,EQ,58688,24039,40.96
20,1215,ISHAN,SM,1584000,1008000,63.64
20,1216,IT,EQ,4214928,4195129,99.53
20,1217,ITBEES,EQ,19237360,17645187,91.72
20,1218,ITC,EQ,13546181,9567680,70.63
20,1219,ITDC,EQ,247356,41299,16.70
20,1220,ITDCEM,EQ,633567,425995,67.24
20,1221,ITETF,EQ,23293,14628,62.80
20,1222,ITETFADD,EQ,3945,3693,93.61
20,1223,ITIETF,EQ,581883,309997,53.27
20,1224,IVC,EQ,112233,74731,66.59
20,1225,IVP,EQ,4810,3423,71.16
20,1226,IVZINGOLD,EQ,291,182,62.54
20,1227,IVZINNIFTY,EQ,19,12,63.16
20,1228,IWEL,EQ,10539,7063,67.02
20,1229,IXIGO,EQ,1074623,443131,41.24
20,1230,JAGRAN,EQ,126529,83846,66.27
20,1231,JAGSNPHARM,EQ,273425,53506,19.57
20,1232,JAIBALAJI,EQ,231634,123723,53.41
20,1233,JAICORPLTD,EQ,534453,306723,57.39
20,1234,JAIPURKURT,EQ,174864,100556,57.51
20,1235,JALAN,ST,15000,15000,100.00
20,1236,JAMNAAUTO,EQ,521635,235735,45.19
20,1237,JASH,EQ,107416,52406,48.79
20,1238,JAYAGROGN,EQ,3540,1772,50.06
20,1239,JAYBARMARU,EQ,43288,18913,43.69
20,1240,JAYBEE,ST,16000,16000,100.00
20,1241,JAYNECOIND,EQ,169529,91794,54.15
20,1242,JAYSREETEA,EQ,61248,30822,50.32
20,1243,JBCHEPHARM,EQ,23557,11895,50.49
20,1244,JBMA,EQ,622876,98598,15.83
20,1245,JCHAC,EQ,35192,28677,81.49
20,1246,JEYYAM,SM,38000,22000,57.89
20,1247,JFLLIFE,ST,24000,24000,100.00
20,1248,JGCHEM,EQ,376347,88270,23.45
20,1249,JHS,EQ,155366,98971,63.70
20,1250,JINDALPHOT,EQ,5043,2517,49.91
20,1251,JINDALPOLY,EQ,56837,25621,45.08
20,1252,JINDALSAW,EQ,771726,329564,42.70
20,1253,JINDALSTEL,EQ,22676494,7222322,31.85
20,1254,JINDRILL,EQ,1355891,378428,27.91
20,1255,JINDWORLD,EQ,325738,66207,20.33
20,1256,JIOFIN,EQ,31130589,17122451,55.00
20,1257,JISLDVREQS,EQ,15657,5771,36.86
20,1258,JISLJALEQS,EQ,2588091,978822,37.82
20,1259,JITFINFRA,EQ,191432,91347,47.72
20,1260,JIWANRAM,ST,24000,24000,100.00
20,1261,J&KBANK,EQ,3314548,977318,29.49
20,1262,JKCEMENT,EQ,87487,27302,31.21
20,1263,JKIL,EQ,122092,39696,32.51
20,1264,JKLAKSHMI,EQ,58168,29498,50.71
20,1265,JKPAPER,EQ,344406,125166,36.34
20,1266,JKTYRE,EQ,425158,202196,47.56
20,1267,JLHL,EQ,34613,17412,50.30
20,1268,JMA,EQ,4015,3227,80.37
20,1269,JMFINANCIL,EQ,3457856,1148828,33.22
20,1270,JNKINDIA,EQ,22274,12635,56.73
20,1271,JOCIL,EQ,2331,1430,61.35
20,1272,JPOLYINVST,EQ,4530,2163,47.75
20,1273,JPPOWER,EQ,26114840,9372385,35.89
20,1274,JSFB,EQ,392114,104904,26.75
20,1275,JSL,EQ,1327550,875569,65.95
20,1276,JSLL,SM,17910,10800,60.30
20,1277,JSWENERGY,EQ,3358679,917092,27.31
20,1278,JSWINFRA,EQ,1226218,639968,52.19
20,1279,JSWSTEEL,EQ,2037829,1065281,52.28
20,1280,JTEKTINDIA,EQ,67340,31777,47.19
20,1281,JTLIND,EQ,1570879,783158,49.85
20,1282,JUBLFOOD,EQ,1323333,307948,23.27
20,1283,JUBLINGREA,EQ,262790,106427,40.50
20,1284,JUBLPHARMA,EQ,696212,112728,16.19
20,1285,JUNIORBEES,EQ,354916,154914,43.65
20,1286,JUNIPER,EQ,360205,286784,79.62
20,1287,JUSTDIAL,EQ,100881,37534,37.21
20,1288,JWL,EQ,56251354,3297978,5.86
20,1289,JYOTHYLAB,EQ,1373913,257698,18.76
20,1290,JYOTICNC,EQ,267369,59502,22.25
20,1291,JYOTISTRUC,EQ,6713960,3229582,48.10
20,1292,K2INFRA,ST,4200,4200,100.00
20,1293,KABRAEXTRU,EQ,36280,18686,51.50
20,1294,KAJARIACER,EQ,145788,67667,46.41
20,1295,KAKATCEM,EQ,3214,2286,71.13
20,1296,KALAMANDIR,EQ,172691,70489,40.82
20,1297,KALANA,SM,16000,8000,50.00
20,1298,KALYANKJIL,EQ,76184680,9960576,13.07
20,1299,KAMATHOTEL,EQ,95778,82921,86.58
20,1300,KAMDHENU,EQ,507266,170157,33.54
20,1301,KANANIIND,EQ,146885,120197,81.83
20,1302,KANDARP,ST,44000,40000,90.91
20,1303,KANORICHEM,EQ,12466,6377,51.16
20,1304,KANPRPLA,EQ,11503,7714,67.06
20,1305,KANSAINER,EQ,503239,346176,68.79
20,1306,KAPSTON,EQ,1859,1406,75.63
20,1307,KARMAENG,EQ,8224,4142,50.36
20,1308,KARNIKA,ST,2000,2000,100.00
20,1309,KARURVYSYA,EQ,2289320,1316998,57.53
20,1310,KATARIA,ST,21600,19200,88.89
20,1311,KAUSHALYA,EQ,523,181,34.61
20,1312,KAYNES,EQ,1158231,163952,14.16
20,1313,KCEIL,ST,51500,45000,87.38
20,1314,KCK,ST,15000,15000,100.00
20,1315,KCP,EQ,121848,50635,41.56
20,1316,KCPSUGIND,EQ,143882,83612,58.11
20,1317,KDDL,EQ,6063,3366,55.52
20,1318,KDL,ST,36300,34650,95.45
20,1319,KEC,EQ,664583,307623,46.29
20,1320,KECL,EQ,116142,52252,44.99
20,1321,KEI,EQ,139970,50480,36.06
20,1322,KEL,SM,4800,3600,75.00
20,1323,KELLTONTEC,EQ,821364,237932,28.97
20,1324,KESORAMIND,EQ,169690,93826,55.29
20,1325,KEYFINSERV,EQ,3581,2143,59.84
20,1326,KFINTECH,EQ,370117,135508,36.61
20,1327,KHADIM,EQ,76734,43673,56.91
20,1328,KHAICHEM,EQ,111903,50540,45.16
20,1329,KHAITANLTD,EQ,1965,768,39.08
20,1330,KHANDSE,EQ,4804,1004,20.90
20,1331,KHFM,SM,13950,13950,100.00
20,1332,KICL,EQ,5911,3413,57.74
20,1333,KILITCH,EQ,5486,3529,64.33
20,1334,KIMS,EQ,143001,74423,52.04
20,1335,KINGFA,EQ,10648,6097,57.26
20,1336,KIOCL,EQ,112193,36474,32.51
20,1337,KIRIINDUS,EQ,3212026,993081,30.92
20,1338,KIRLOSBROS,EQ,63955,14627,22.87
20,1339,KIRLOSENG,EQ,94620,46686,49.34
20,1340,KIRLOSIND,EQ,2303,1590,69.04
20,1341,KIRLPNU,EQ,84264,35204,41.78
20,1342,KKCL,EQ,36411,17980,49.38
20,1343,KKJEWELS,ST,142000,128000,90.14
20,1344,KKVAPOW,SM,156,156,100.00
20,1345,KLL,SM,8000,5600,70.00
20,1346,KMEW,EQ,6298,3637,57.75
20,1347,KMSUGAR,EQ,126118,66613,52.82
20,1348,KNAGRI,SM,32000,28000,87.50
20,1349,KNRCON,EQ,1352662,607840,44.94
20,1350,KODYTECH,SM,6500,4600,70.77
20,1351,KOHINOOR,EQ,123442,35435,28.71
20,1352,KOKUYOCMLN,EQ,24246,14462,59.65
20,1353,KOLTEPATIL,EQ,180735,69527,38.47
20,1354,KONSTELEC,ST,6000,6000,100.00
20,1355,KONTOR,SM,3600,3600,100.00
20,1356,KORE,ST,3250,3250,100.00
20,1357,KOTAKBANK,EQ,2333229,1682092,72.09
20,1358,KOTARISUG,EQ,45312,27035,59.66
20,1359,KOTHARIPET,EQ,30406,15471,50.88
20,1360,KOTYARK,ST,18700,17200,91.98
20,1361,KPEL,EQ,88353,83746,94.79
20,1362,KPIGREEN,EQ,38860,38860,100.00
20,1363,KPIL,EQ,108247,52521,48.52
20,1364,KPITTECH,EQ,1618605,740453,45.75
20,1365,KPRMILL,EQ,115936,43879,37.85
20,1366,KRBL,EQ,203325,80833,39.76
20,1367,KRISHANA,EQ,33423,23046,68.95
20,1368,KRISHCA,SM,26000,22000,84.62
20,1369,KRISHNADEF,SM,44500,25000,56.18
20,1370,KRITI,EQ,23018,14007,60.85
20,1371,KRITINUT,EQ,26589,13583,51.09
20,1372,KRN,EQ,858050,171397,19.98
20,1373,KRONOX,EQ,63164,28534,45.17
20,1374,KROSS,EQ,111184,62198,55.94
20,1375,KRSNAA,EQ,85260,53369,62.60
20,1376,KRYSTAL,EQ,28198,15526,55.06
20,1377,KSB,EQ,30613,11910,38.91
20,1378,KSCL,EQ,301723,246347,81.65
20,1379,KSL,EQ,32733,14850,45.37
20,1380,KSOLVES,EQ,20504,11437,55.78
20,1381,KTKBANK,EQ,1131248,531095,46.95
20,1382,KTL,ST,6000,6000,100.00
20,1383,KUANTUM,EQ,47090,30869,65.55
20,1384,LAGNAM,EQ,23465,5912,25.19
20,1385,LAKSHYA,SM,56800,32000,56.34
20,1386,LALPATHLAB,EQ,232662,100470,43.18
20,1387,LAMOSAIC,ST,3000,3000,100.00
20,1388,LANCORHOL,EQ,53276,28307,53.13
20,1389,LANDMARK,EQ,61959,46191,74.55
20,1390,LAOPALA,EQ,149874,93104,62.12
20,1391,LASA,EQ,34683,12733,36.71
20,1392,LATENTVIEW,EQ,128751,62046,48.19
20,1393,LAURUSLABS,EQ,2815318,591487,21.01
20,1394,LAWSIKHO,SM,8500,7500,88.24
20,1395,LAXMICOT,EQ,33835,14010,41.41
20,1396,LAXMIDENTL,EQ,1108795,118665,10.70
20,1397,LEMERITE,ST,16000,16000,100.00
20,1398,LEMONTREE,EQ,1313120,495144,37.71
20,1399,LEXUS,EQ,37904,20010,52.79
20,1400,LFIC,EQ,11796,6206,52.61
20,1401,LGBBROSLTD,EQ,79593,50631,63.61
20,1402,LIBAS,EQ,136283,86978,63.82
20,1403,LIBERTSHOE,EQ,13118,6800,51.84
20,1404,LICHSGFIN,EQ,3086180,1257609,40.75
20,1405,LICI,EQ,885919,328135,37.04
20,1406,LICMFGOLD,EQ,604,337,55.79
20,1407,LICNETFGSC,EQ,4101,2085,50.84
20,1408,LICNETFN50,EQ,521,520,99.81
20,1409,LICNETFSEN,EQ,53,42,79.25
20,1410,LICNFNHGP,EQ,531,433,81.54
20,1411,LICNMID100,EQ,6193,4588,74.08
20,1412,LIKHITHA,EQ,52198,23200,44.45
20,1413,LINC,EQ,26127,13799,52.82
20,1414,LINCOLN,EQ,19082,10166,53.28
20,1415,LINDEINDIA,EQ,36441,15245,41.83
20,1416,LIQUID,EQ,170530,94062,55.16
20,1417,LIQUID1,EQ,165289,146531,88.65
20,1418,LIQUIDADD,EQ,479303,325017,67.81
20,1419,LIQUIDBEES,EQ,2913028,1888114,64.82
20,1420,LIQUIDBETF,EQ,23177,21120,91.12
20,1421,LIQUIDCASE,EQ,6487463,4776564,73.63
20,1422,LIQUIDETF,EQ,198513,132795,66.89
20,1423,LIQUIDIETF,EQ,442023,271399,61.40
20,1424,LIQUIDPLUS,EQ,1727,1651,95.60
20,1425,LIQUIDSBI,EQ,967,574,59.36
20,1426,LIQUIDSHRI,EQ,1780,1470,82.58
20,1427,LLOYDSENGG,EQ,2563797,858150,33.47
20,1428,LLOYDSENT,EQ,948193,457810,48.28
20,1429,LLOYDSME,EQ,373999,161207,43.10
20,1430,LMW,EQ,2016,1021,50.64
20,1431,LODHA,EQ,3559155,1651591,46.40
20,1432,LOKESHMACH,EQ,36399,24287,66.72
20,1433,LOTUSEYE,EQ,6848,5049,73.73
20,1434,LOVABLE,EQ,12637,6969,55.15
20,1435,LOWVOL,EQ,2909,2700,92.82
20,1436,LOWVOL1,EQ,39875,28389,71.19
20,1437,LOWVOLIETF,EQ,2802305,2020187,72.09
20,1438,LRRPL,ST,4500,4500,100.00
20,1439,LT,EQ,3995513,1686791,42.22
20,1440,LTF,EQ,2405356,857121,35.63
20,1441,LTFOODS,EQ,562633,259120,46.05
20,1442,LTGILTBEES,EQ,1158461,1044921,90.20
20,1443,LTIM,EQ,225354,113271,50.26
20,1444,LTTS,EQ,96898,37318,38.51
20,1445,LUMAXIND,EQ,1731,1234,71.29
20,1446,LUMAXTECH,EQ,78003,29241,37.49
20,1447,LUPIN,EQ,882870,534736,60.57
20,1448,LUXIND,EQ,40562,20107,49.57
20,1449,LXCHEM,EQ,564928,243166,43.04
20,1450,LYKALABS,EQ,50717,25272,49.83
20,1451,LYPSAGEMS,EQ,42271,25961,61.42
20,1452,MACPOWER,EQ,10121,5209,51.47
20,1453,MADHAV,EQ,6157,1551,25.19
20,1454,MADHAVBAUG,SM,1600,1200,75.00
20,1455,MADHUCON,EQ,143482,119387,83.21
20,1456,MADHUSUDAN,SM,4000,3000,75.00
20,1457,MADRASFERT,EQ,261553,96458,36.88
20,1458,MAFANG,EQ,451320,250946,55.60
20,1459,MAGADSUGAR,EQ,8192,5336,65.14
20,1460,MAGNUM,EQ,64040,41639,65.02
20,1461,MAGSON,SM,82000,28000,34.15
20,1462,MAHABANK,EQ,11601194,4614020,39.77
20,1463,MAHAPEXLTD,EQ,18002,6689,37.16
20,1464,MAHESHWARI,EQ,29440,10496,35.65
20,1465,MAHICKRA,SM,750,750,100.00
20,1466,MAHKTECH,EQ,1875826,1400569,74.66
20,1467,MAHLIFE,EQ,83034,37168,44.76
20,1468,MAHLOG,EQ,103288,49213,47.65
20,1469,MAHSCOOTER,EQ,6392,5576,87.23
20,1470,MAHSEAMLES,EQ,168534,70614,41.90
20,1471,MAITHANALL,EQ,17069,8919,52.25
20,1472,MAITREYA,ST,14000,11600,82.86
20,1473,MAKEINDIA,EQ,13231,9888,74.73
20,1474,MAKS,SM,3000,3000,100.00
20,1475,MAL,SM,11200,11200,100.00
20,1476,MALLCOM,EQ,3416,1602,46.90
20,1477,MALUPAPER,EQ,13038,6743,51.72
20,1478,MAMATA,EQ,239321,65584,27.40
20,1479,MANAKALUCO,EQ,16785,6172,36.77
20,1480,MANAKSIA,EQ,20005,12298,61.47
20,1481,MANAKSTEEL,EQ,54477,20790,38.16
20,1482,MANALIPETC,EQ,161678,70282,43.47
20,1483,MANAPPURAM,EQ,4757247,1335112,28.06
20,1484,MANAV,SM,8000,8000,100.00
20,1485,MANBA,EQ,110889,63897,57.62
20,1486,MANCREDIT,EQ,27855,14402,51.70
20,1487,MANDEEP,SM,8000,8000,100.00
20,1488,MANGALAM,EQ,23320,12455,53.41
20,1489,MANGCHEFER,EQ,111642,52733,47.23
20,1490,MANGLMCEM,EQ,56251,38174,67.86
20,1491,MANINDS,EQ,97606,56579,57.97
20,1492,MANINFRA,EQ,798899,319580,40.00
20,1493,MANKIND,EQ,582938,358746,61.54
20,1494,MANOMAY,EQ,8328,4836,58.07
20,1495,MANORAMA,EQ,24179,12790,52.90
20,1496,MANORG,EQ,1936,1686,87.09
20,1497,MANUGRAPH,EQ,18510,14109,76.22
20,1498,MANYAVAR,EQ,767303,267852,34.91
20,1499,MAPMYINDIA,EQ,101253,51525,50.89
20,1500,MARALOVER,EQ,12009,5498,45.78
20,1501,MARATHON,EQ,141955,80432,56.66
20,1502,MARCO,SM,7500,4500,60.00
20,1503,MARICO,EQ,3690369,1083476,29.36
20,1504,MARINETRAN,ST,4000,4000,100.00
20,1505,MARKSANS,EQ,651972,247588,37.98
20,1506,MARUTI,EQ,709009,370247,52.22
20,1507,MASFIN,EQ,117319,49097,41.85
20,1508,MASON,ST,23000,23000,100.00
20,1509,MASPTOP50,EQ,500868,254967,50.91
20,1510,MASTEK,EQ,84983,31430,36.98
20,1511,MASTERTR,EQ,41843,24333,58.15
20,1512,MATRIMONY,EQ,3708,2485,67.02
20,1513,MAWANASUG,EQ,32996,18340,55.58
20,1514,MAXESTATES,EQ,64386,34674,53.85
20,1515,MAXHEALTH,EQ,2955047,1999488,67.66
20,1516,MAXIND,EQ,15418,7326,47.52
20,1517,MAXPOSURE,SM,28000,25000,89.29
20,1518,MAYURUNIQ,EQ,157398,68904,43.78
20,1519,MAZDOCK,EQ,5589552,1331369,23.82
20,1520,MBAPL,EQ,61824,33511,54.20
20,1521,MBLINFRA,EQ,124209,42099,33.89
20,1522,MCON,ST,1000,1000,100.00
20,1523,MCX,EQ,277503,82401,29.69
20,1524,MEDANTA,EQ,833232,705753,84.70
20,1525,MEDIASSIST,EQ,73126,33047,45.19
20,1526,MEDICAMEQ,EQ,7278,3762,51.69
20,1527,MEDICO,EQ,1419023,420066,29.60
20,1528,MEDIORG,SM,36000,28000,77.78
20,1529,MEDPLUS,EQ,129803,67066,51.67
20,1530,MEGAFLEX,SM,18000,18000,100.00
20,1531,MEGASTAR,EQ,5723,3000,52.42
20,1532,MEGATHERM,SM,15200,9200,60.53
20,1533,MENONBE,EQ,9979,5628,56.40
20,1534,METAL,EQ,91254,49911,54.69
20,1535,METALIETF,EQ,2264964,1481108,65.39
20,1536,METROBRAND,EQ,58313,32869,56.37
20,1537,METROPOLIS,EQ,74571,29891,40.08
20,1538,MFSL,EQ,331730,181963,54.85
20,1539,MGEL,EQ,199963,111107,55.56
20,1540,MGL,EQ,1596163,427597,26.79
20,1541,MHHL,ST,12000,10500,87.50
20,1542,MHRIL,EQ,1448941,180097,12.43
20,1543,MICEL,EQ,365636,213462,58.38
20,1544,MICROPRO,SM,9600,8000,83.33
20,1545,MID150BEES,EQ,2200072,2048478,93.11
20,1546,MID150CASE,EQ,1138733,643866,56.54
20,1547,MIDCAP,EQ,28569,10863,38.02
20,1548,MIDCAPETF,EQ,1977737,1248977,63.15
20,1549,MIDCAPIETF,EQ,660299,262452,39.75
20,1550,MIDHANI,EQ,325510,127138,39.06
20,1551,MIDQ50ADD,EQ,965,814,84.35
20,1552,MIDSELIETF,EQ,163701,96331,58.85
20,1553,MIDSMALL,EQ,256788,213447,83.12
20,1554,MIEL,ST,28000,28000,100.00
20,1555,MINDACORP,EQ,1662977,328579,19.76
20,1556,MINDSPACE,RR,86973,83033,95.47
20,1557,MINDTECK,EQ,15101,6783,44.92
20,1558,MIRCELECTR,EQ,663893,374811,56.46
20,1559,MIRZAINT,EQ,245909,108018,43.93
20,1560,MITCON,EQ,13039,6801,52.16
20,1561,MITCONPP,E1,6425,5205,81.01
20,1562,MITTAL,EQ,2771338,1828004,65.96
20,1563,MKPL,EQ,421416,232805,55.24
20,1564,M&M,EQ,2412370,1378942,57.16
20,1565,M&MFIN,EQ,1341406,435434,32.46
20,1566,M&MFIN,N3,4,4,100.00
20,1567,MMFL,EQ,21551,9963,46.23
20,1568,MMP,EQ,13285,7283,54.82
20,1569,MMTC,EQ,1449856,334042,23.04
20,1570,MNC,EQ,17751,10987,61.90
20,1571,MOBIKWIK,EQ,10866760,600572,5.53
20,1572,MODEFENCE,EQ,1103936,552094,50.01
20,1573,MODIRUBBER,EQ,1129,724,64.13
20,1574,MODISONLTD,EQ,28524,13608,47.71
20,1575,MOGSEC,EQ,10972,10298,93.86
20,1576,MOHEALTH,EQ,288871,232176,80.37
20,1577,MOIL,EQ,1029425,396861,38.55
20,1578,MOKSH,EQ,793420,576183,72.62
20,1579,MOL,EQ,424079,244114,57.56
20,1580,MOLDTECH,EQ,43765,30414,69.49
20,1581,MOLDTKPAC,EQ,31768,16209,51.02
20,1582,MOLOWVOL,EQ,5316101,5306077,99.81
20,1583,MOM100,EQ,438568,184121,41.98
20,1584,MOM30IETF,EQ,1287792,972508,75.52
20,1585,MOM50,EQ,1452,1329,91.53
20,1586,MOMENTUM,EQ,5921762,5839836,98.62
20,1587,MOMENTUM50,EQ,394540,321658,81.53
20,1588,MOMOMENTUM,EQ,160683,143997,89.62
20,1589,MON100,EQ,679250,438922,64.62
20,1590,MONARCH,EQ,189183,75431,39.87
20,1591,MONIFTY500,EQ,115160,95067,82.55
20,1592,MONOPHARMA,SM,8000,8000,100.00
20,1593,MONQ50,EQ,94069,69918,74.33
20,1594,MONTECARLO,EQ,7637,4009,52.49
20,1595,MOQUALITY,EQ,4020,2188,54.43
20,1596,MOREALTY,EQ,284132,162613,57.23
20,1597,MOREPENLAB,EQ,2936106,1037696,35.34
20,1598,MOSMALL250,EQ,867501,681497,78.56
20,1599,MOTHERSON,EQ,7633185,4360414,57.12
20,1600,MOTILALOFS,EQ,3163381,927805,29.33
20,1601,MOTISONS,EQ,2896737,1621659,55.98
20,1602,MOTOGENFIN,EQ,24995,21886,87.56
20,1603,MOVALUE,EQ,756562,715856,94.62
20,1604,MOXSH,SM,3200,3200,100.00
20,1605,MPHASIS,EQ,434230,240544,55.40
20,1606,MPSLTD,EQ,95417,40104,42.03
20,1607,MRF,EQ,6999,2953,42.19
20,1608,MRO-TEK,EQ,11448,6482,56.62
20,1609,MRPL,EQ,1449847,487148,33.60
20,1610,MSPL,EQ,342397,213062,62.23
20,1611,MSTCLTD,EQ,134127,48866,36.43
20,1612,MSUMI,EQ,2437611,1359747,55.78
20,1613,MTARTECH,EQ,110869,42084,37.96
20,1614,MTNL,EQ,2407215,661761,27.49
20,1615,MUFIN,EQ,85623,43718,51.06
20,1616,MUFTI,EQ,126008,75192,59.67
20,1617,MUKANDLTD,EQ,54974,30173,54.89
20,1618,MUKKA,EQ,292681,127568,43.59
20,1619,MUKTAARTS,EQ,17966,11920,66.35
20,1620,MULTICAP,EQ,229680,143481,62.47
20,1621,MUNJALAU,EQ,69939,36276,51.87
20,1622,MUNJALSHOW,EQ,56358,39870,70.74
20,1623,MURUDCERA,EQ,21020,14492,68.94
20,1624,MUTHOOTCAP,EQ,24323,17591,72.32
20,1625,MUTHOOTFIN,EQ,509537,244367,47.96
20,1626,MUTHOOTMF,EQ,142184,68163,47.94
20,1627,MVGJL,EQ,612611,111072,18.13
20,1628,MVKAGRO,SM,27600,25200,91.30
20,1629,MWL,SM,12000,9600,80.00
20,1630,MYMUDRA,ST,22800,21600,94.74
20,1631,NACLIND,EQ,466054,257150,55.18
20,1632,NAGAFERT,EQ,713915,449072,62.90
20,1633,NAGREEKEXP,EQ,22516,9324,41.41
20,1634,NAHARCAP,EQ,4778,2393,50.08
20,1635,NAHARINDUS,EQ,17425,11788,67.65
20,1636,NAHARPOLY,EQ,16186,8196,50.64
20,1637,NAHARSPING,EQ,39665,21958,55.36
20,1638,NAMAN,ST,45600,45600,100.00
20,1639,NAM-INDIA,EQ,879552,555722,63.18
20,1640,NAMOEWASTE,ST,32000,28800,90.00
20,1641,NATCOPHARM,EQ,453704,251785,55.50
20,1642,NATHBIOGEN,EQ,30589,21922,71.67
20,1643,NATIONALUM,EQ,8008609,3374503,42.14
20,1644,NAUKRI,EQ,287398,184787,64.30
20,1645,NAVA,EQ,287403,123810,43.08
20,1646,NAVINFLUOR,EQ,2487440,417312,16.78
20,1647,NAVKARCORP,EQ,657943,288582,43.86
20,1648,NAVNETEDUL,EQ,73933,46508,62.91
20,1649,NAZARA,EQ,182760,52231,28.58
20,1650,NBCC,EQ,26392481,9084408,34.42
20,1651,NCC,EQ,3939083,1301715,33.05
20,1652,NCLIND,EQ,64486,41453,64.28
20,1653,NDL,EQ,2981375,1722032,57.76
20,1654,NDLVENTURE,EQ,13700,4764,34.77
20,1655,NDRAUTO,EQ,14659,6851,46.74
20,1656,NDTV,EQ,89429,32559,36.41
20,1657,NECCLTD,EQ,123514,55496,44.93
20,1658,NEELAM,ST,30000,24000,80.00
20,1659,NELCAST,EQ,97014,56662,58.41
20,1660,NELCO,EQ,45760,13652,29.83
20,1661,NEOGEN,EQ,22953,7375,32.13
20,1662,NEPHROCARE,SM,37200,33200,89.25
20,1663,NESCO,EQ,119947,38131,31.79
20,1664,NESTLEIND,EQ,3139887,1410816,44.93
20,1665,NETF,EQ,1705,1074,62.99
20,1666,NETWEB,EQ,511201,254816,49.85
20,1667,NETWORK18,EQ,2503623,1089623,43.52
20,1668,NEULANDLAB,EQ,19952,13952,69.93
20,1669,NEWGEN,EQ,306429,167634,54.71
20,1670,NEWJAISA,SM,6000,6000,100.00
20,1671,NEXT50,EQ,12275,10637,86.66
20,1672,NEXT50IETF,EQ,763386,364990,47.81
20,1673,NFL,EQ,2319203,626532,27.01
20,1674,NGIL,EQ,83961,3222,3.84
20,1675,NGILPP1,E1,304,304,100.00
20,1676,NGLFINE,EQ,3961,2179,55.01
20,1677,NH,EQ,422712,201968,47.78
20,1678,NHPC,EQ,22770528,7832586,34.40
20,1679,NIACL,EQ,755405,151099,20.00
20,1680,NIDAN,SM,5000,5000,100.00
20,1681,NIF100BEES,EQ,48406,43304,89.46
20,1682,NIF100IETF,EQ,189813,114555,60.35
20,1683,NIF10GETF,EQ,1096,592,54.01
20,1684,NIF5GETF,EQ,979,645,65.88
20,1685,NIFITETF,EQ,136,130,95.59
20,1686,NIFMID150,EQ,831,683,82.19
20,1687,NIFTY1,EQ,334154,230281,68.91
20,1688,NIFTY50ADD,EQ,18177,12687,69.80
20,1689,NIFTYBEES,EQ,5527550,3358259,60.75
20,1690,NIFTYBETF,EQ,6963,6663,95.69
20,1691,NIFTYETF,EQ,73456,58522,79.67
20,1692,NIFTYIETF,EQ,453700,298805,65.86
20,1693,NIFTYQLITY,EQ,9254949,9241464,99.85
20,1694,NIITLTD,EQ,645178,200150,31.02
20,1695,NIITMTS,EQ,101194,61245,60.52
20,1696,NILAINFRA,EQ,571988,244363,42.72
20,1697,NILKAMAL,EQ,1876,1344,71.64
20,1698,NINSYS,EQ,10036,7104,70.79
20,1699,NIPPOBATRY,EQ,14238,8627,60.59
20,1700,NIRAJ,EQ,29442,14711,49.97
20,1701,NIRMAN,SM,33000,15000,45.45
20,1702,NITINSPIN,EQ,145503,93577,64.31
20,1703,NITIRAJ,EQ,3559,1629,45.77
20,1704,NIVABUPA,EQ,1372738,403034,29.36
20,1705,NLCINDIA,EQ,1077412,398264,36.96
20,1706,NMDC,EQ,15982195,4827438,30.21
20,1707,NMSTEEL,ST,73600,56000,76.09
20,1708,NOCIL,EQ,167767,72918,43.46
20,1709,NORTHARC,EQ,230152,118865,51.65
20,1710,NOVAAGRI,EQ,633723,286734,45.25
20,1711,NPBET,EQ,885,632,71.41
20,1712,NPST,SM,10550,7150,67.77
20,1713,NRAIL,EQ,3677,2773,75.41
20,1714,NRBBEARING,EQ,75501,37966,50.29
20,1715,NRL,EQ,66302,37321,56.29
20,1716,NSIL,EQ,3454,1897,54.92
20,1717,NSLNISP,EQ,3101040,1040926,33.57
20,1718,NTPC,EQ,13195557,9105464,69.00
20,1719,NTPCGREEN,EQ,7810396,2849103,36.48
20,1720,NUCLEUS,EQ,32621,17044,52.25
20,1721,NUVAMA,EQ,87340,33616,38.49
20,1722,NUVOCO,EQ,73888,19705,26.67
20,1723,NV20,EQ,12095,7055,58.33
20,1724,NV20BEES,EQ,19372,14708,75.92
20,1725,NV20IETF,EQ,526035,344992,65.58
20,1726,NXST,RR,53324,50721,95.12
20,1727,NYKAA,EQ,2793542,987163,35.34
20,1728,OAL,EQ,25426,19202,75.52
20,1729,OBCL,EQ,52547,38695,73.64
20,1730,OBEROIRLTY,EQ,1399801,678498,48.47
20,1731,OBSCP,ST,240000,228000,95.00
20,1732,OCCL,EQ,7410,4782,64.53
20,1733,OCCLLTD,EQ,137501,72618,52.81
20,1734,OFSS,EQ,155215,62341,40.16
20,1735,OIL,EQ,2624269,1192421,45.44
20,1736,OILIETF,EQ,926089,440638,47.58
20,1737,OLAELEC,EQ,116622091,16677807,14.30
20,1738,OLECTRA,EQ,1981977,170992,8.63
20,1739,OLIL,SM,21600,21600,100.00
20,1740,OMAXAUTO,EQ,21310,13380,62.79
20,1741,OMAXE,EQ,54184,26519,48.94
20,1742,OMFURN,ST,2400,2400,100.00
20,1743,OMINFRAL,EQ,87969,43060,48.95
20,1744,ONDOOR,ST,600,600,100.00
20,1745,ONELIFECAP,EQ,5986,4213,70.38
20,1746,ONEPOINT,EQ,475932,236697,49.73
20,1747,ONGC,EQ,8850307,4414583,49.88
20,1748,ONMOBILE,EQ,379377,112175,29.57
20,1749,ONWARDTEC,EQ,66846,32454,48.55
20,1750,ONYX,ST,16000,16000,100.00
20,1751,OPTIEMUS,EQ,130533,61609,47.20
20,1752,ORCHPHARMA,EQ,35171,16856,47.93
20,1753,ORIANA,SM,46725,31050,66.45
20,1754,ORICONENT,EQ,204322,127223,62.27
20,1755,ORIENTALTL,EQ,119215,40440,33.92
20,1756,ORIENTBELL,EQ,6747,4003,59.33
20,1757,ORIENTCEM,EQ,549632,347260,63.18
20,1758,ORIENTCER,EQ,24492,10874,44.40
20,1759,ORIENTELEC,EQ,110939,63085,56.86
20,1760,ORIENTHOT,EQ,241945,103782,42.89
20,1761,ORIENTPPR,EQ,377475,132515,35.11
20,1762,ORIENTTECH,EQ,1648985,500263,30.34
20,1763,ORISSAMINE,EQ,6894,2876,41.72
20,1764,ORTINGLOBE,EQ,4547,3025,66.53
20,1765,OSELDEVICE,ST,11200,11200,100.00
20,1766,OSWALAGRO,EQ,104778,43377,41.40
20,1767,OSWALGREEN,EQ,243266,93331,38.37
20,1768,OWAIS,SM,29100,24800,85.22
20,1769,PAGEIND,EQ,27976,15333,54.81
20,1770,PAISALO,EQ,826288,406382,49.18
20,1771,PAKKA,EQ,89188,50945,57.12
20,1772,PALASHSECU,EQ,251336,20910,8.32
20,1773,PANACEABIO,EQ,393309,228323,58.05
20,1774,PANAMAPET,EQ,257476,84673,32.89
20,1775,PANSARI,EQ,1162,522,44.92
20,1776,PARACABLES,EQ,859930,487626,56.71
20,1777,PARADEEP,EQ,5629371,1466557,26.05
20,1778,PARAGMILK,EQ,707372,170917,24.16
20,1779,PARAGON,ST,15600,13200,84.62
20,1780,PARAMATRIX,SM,4800,4800,100.00
20,1781,PARAMOUNT,SM,4800,4800,100.00
20,1782,PARAS,EQ,386619,152364,39.41
20,1783,PARASPETRO,EQ,134719,115803,85.96
20,1784,PARIN,ST,10000,6500,65.00
20,1785,PARKHOTELS,EQ,145390,69861,48.05
20,1786,PARTYCRUS,SM,7000,7000,100.00
20,1787,PASHUPATI,ST,1400,1200,85.71
20,1788,PATANJALI,EQ,722474,424616,58.77
20,1789,PATELENG,EQ,2798398,1304008,46.60
20,1790,PATINTLOG,EQ,385452,206519,53.58
20,1791,PAVNAIND,EQ,5354,3097,57.84
20,1792,PAYTM,EQ,4375081,1099602,25.13
20,1793,PCBL,EQ,1661104,726755,43.75
20,1794,PCCL,SM,28400,19200,67.61
20,1795,PCJEWELLER,EQ,8791932,4904276,55.78
20,1796,PDMJEPAPER,EQ,146466,73592,50.25
20,1797,PDSL,EQ,68677,44130,64.26
20,1798,PEARLPOLY,EQ,27281,11977,43.90
20,1799,PEL,EQ,573717,157592,27.47
20,1800,PELATRO,ST,1200,1200,100.00
20,1801,PENIND,EQ,368666,172776,46.87
20,1802,PENINLAND,EQ,548472,352648,64.30
20,1803,PENTAGON,SM,40000,20000,50.00
20,1804,PERFECT,ST,15000,15000,100.00
20,1805,PERSISTENT,EQ,354309,166194,46.91
20,1806,PETRONET,EQ,1722127,719868,41.80
20,1807,PFC,EQ,7617498,3737295,49.06
20,1808,PFIZER,EQ,13735,6399,46.59
20,1809,PFOCUS,EQ,25970,14726,56.70
20,1810,PFS,EQ,891327,310356,34.82
20,1811,PGEL,EQ,1967729,587179,29.84
20,1812,PGHH,EQ,1657,901,54.38
20,1813,PGHL,EQ,9133,6760,74.02
20,1814,PGIL,EQ,77207,30552,39.57
20,1815,PGINVIT,IV,440829,401569,91.09
20,1816,PHANTOMFX,ST,18900,18600,98.41
20,1817,PHARMABEES,EQ,1992294,1312384,65.87
20,1818,PHOENIXLTD,EQ,917562,564292,61.50
20,1819,PHOGLOBAL,ST,18000,18000,100.00
20,1820,PIDILITIND,EQ,313741,180773,57.62
20,1821,PIIND,EQ,342427,195543,57.11
20,1822,PILANIINVS,EQ,1989,1167,58.67
20,1823,PILITA,EQ,175272,97558,55.66
20,1824,PITTIENG,EQ,46295,28846,62.31
20,1825,PIXTRANS,EQ,32000,14697,45.93
20,1826,PLASTIBLEN,EQ,6100,4413,72.34
20,1827,PLATIND,EQ,188542,94382,50.06
20,1828,PLAZACABLE,EQ,28503,18749,65.78
20,1829,PNB,EQ,57911997,16474008,28.45
20,1830,PNBGILTS,EQ,378848,109454,28.89
20,1831,PNBHOUSING,EQ,581299,330120,56.79
20,1832,PNC,EQ,30981,18624,60.11
20,1833,PNCINFRA,EQ,391710,172711,44.09
20,1834,PNGJL,EQ,456401,94164,20.63
20,1835,POCL,EQ,89507,45300,50.61
20,1836,PODDARMENT,EQ,1483,1191,80.31
20,1837,POKARNA,EQ,483486,147531,30.51
20,1838,POLICYBZR,EQ,3194484,1404560,43.97
20,1839,POLYCAB,EQ,680372,279178,41.03
20,1840,POLYMED,EQ,60883,20862,34.27
20,1841,POLYPLEX,EQ,40774,20269,49.71
20,1842,POLYSIL,SM,2000,2000,100.00
20,1843,PONNIERODE,EQ,8222,5202,63.27
20,1844,POONAWALLA,EQ,1851313,443286,23.94
20,1845,POSITRON,SM,17100,9900,57.89
20,1846,POWERGRID,EQ,14141459,9599526,67.88
20,1847,POWERINDIA,EQ,649915,154663,23.80
20,1848,POWERMECH,EQ,129484,33794,26.10
20,1849,PPAP,EQ,3660,2455,67.08
20,1850,PPL,EQ,69520,32125,46.21
20,1851,PPLPHARMA,EQ,2773955,609362,21.97
20,1852,PRAENG,EQ,40709,28227,69.34
20,1853,PRAJIND,EQ,3807617,1293254,33.96
20,1854,PRAKASH,EQ,185116,77827,42.04
20,1855,PRAKASHSTL,EQ,293419,159168,54.25
20,1856,PRAMARA,SM,10000,10000,100.00
20,1857,PRANIK,SM,38400,19200,50.00
20,1858,PRATHAM,ST,28000,27600,98.57
20,1859,PRECAM,EQ,112241,36745,32.74
20,1860,PRECISION,ST,10000,10000,100.00
20,1861,PRECWIRE,EQ,188524,76087,40.36
20,1862,PREMEXPLN,EQ,93980,39427,41.95
20,1863,PREMIERENE,EQ,5257280,843767,16.05
20,1864,PREMIUM,SM,3000,3000,100.00
20,1865,PRESSTONIC,ST,4000,4000,100.00
20,1866,PRESTIGE,EQ,1513344,555112,36.68
20,1867,PRICOLLTD,EQ,291353,121102,41.57
20,1868,PRIMESECU,EQ,50639,21482,42.42
20,1869,PRINCEPIPE,EQ,132439,53094,40.09
20,1870,PRITI,EQ,14514,7618,52.49
20,1871,PRITIKA,ST,10000,7000,70.00
20,1872,PRITIKAUTO,EQ,192374,94674,49.21
20,1873,PRIVISCL,EQ,21122,11609,54.96
20,1874,PRIZOR,ST,14400,14400,100.00
20,1875,PRLIND,SM,14000,10000,71.43
20,1876,PROPEQUITY,SM,1200,1200,100.00
20,1877,PROV,SM,4720,3600,76.27
20,1878,PRSMJOHNSN,EQ,256818,73635,28.67
20,1879,PRUDENT,EQ,66549,42847,64.38
20,1880,PSB,EQ,933935,285017,30.52
20,1881,PSFL,SM,18000,8000,44.44
20,1882,PSPPROJECT,EQ,47426,28136,59.33
20,1883,PSUBANK,EQ,33145,18635,56.22
20,1884,PSUBANKADD,EQ,9220,7280,78.96
20,1885,PSUBNKBEES,EQ,6351422,4990786,78.58
20,1886,PSUBNKIETF,EQ,80249,36496,45.48
20,1887,PTC,EQ,1029293,518902,50.41
20,1888,PTCIL,EQ,12431,8019,64.51
20,1889,PTL,EQ,33963,24023,70.73
20,1890,PULZ,ST,26000,26000,100.00
20,1891,PUNJABCHEM,EQ,18926,12999,68.68
20,1892,PURPLEUTED,SM,46000,38000,82.61
20,1893,PURVA,EQ,95151,54765,57.56
20,1894,PURVFLEXI,SM,16800,15200,90.48
20,1895,PVP,EQ,301713,232569,77.08
20,1896,PVRINOX,EQ,425538,165979,39.00
20,1897,PVSL,EQ,25051,16587,66.21
20,1898,PVTBANIETF,EQ,2607419,1947652,74.70
20,1899,PVTBANKADD,EQ,14630949,14603108,99.81
20,1900,PYRAMID,EQ,60168,30027,49.91
20,1901,QGOLDHALF,EQ,89518,80477,89.90
20,1902,QMSMEDI,SM,11000,11000,100.00
20,1903,QNIFTY,EQ,209,158,75.60
20,1904,QUADFUTURE,EQ,2061084,275740,13.38
20,1905,QUADPRO,SM,24000,24000,100.00
20,1906,QUAL30IETF,EQ,325607,112662,34.60
20,1907,QUESS,EQ,181126,68261,37.69
20,1908,QUESTLAB,ST,19200,19200,100.00
20,1909,QUICKHEAL,EQ,97903,28856,29.47
20,1910,QUICKTOUCH,ST,6000,5500,91.67
20,1911,QVCEL,ST,27200,27200,100.00
20,1912,RACE,EQ,2796,2101,75.14
20,1913,RACLGEAR,EQ,16178,11707,72.36
20,1914,RADHIKAJWE,EQ,431596,174515,40.43
20,1915,RADIANTCMS,EQ,110995,79959,72.04
20,1916,RADICO,EQ,102629,48960,47.71
20,1917,RADIOCITY,EQ,158494,93266,58.85
20,1918,RADIOCITY,P1,186,186,100.00
20,1919,RADIOWALLA,SM,8000,4800,60.00
20,1920,RAILTEL,EQ,4697648,808306,17.21
20,1921,RAIN,EQ,976150,485707,49.76
20,1922,RAINBOW,EQ,82119,48223,58.72
20,1923,RAJESHEXPO,EQ,771417,302729,39.24
20,1924,RAJINDLTD,SM,27000,13500,50.00
20,1925,RAJMET,EQ,509699,314619,61.73
20,1926,RAJPUTANA,SM,21000,9000,42.86
20,1927,RAJRATAN,EQ,18311,7850,42.87
20,1928,RAJSREESUG,EQ,55298,27894,50.44
20,1929,RALLIS,EQ,1265306,926089,73.19
20,1930,RAMANEWS,EQ,491499,360184,73.28
20,1931,RAMAPHO,EQ,167382,83896,50.12
20,1932,RAMASTEEL,EQ,7149228,1806244,25.26
20,1933,RAMCOCEM,EQ,225454,87602,38.86
20,1934,RAMCOIND,EQ,79199,60830,76.81
20,1935,RAMCOSYS,EQ,44229,22440,50.74
20,1936,RAMKY,EQ,46174,23270,50.40
20,1937,RAMRAT,EQ,8517,4906,57.60
20,1938,RANASUG,EQ,141806,80261,56.60
20,1939,RANEENGINE,EQ,8207,4594,55.98
20,1940,RANEHOLDIN,EQ,6985,4378,62.68
20,1941,RAPPID,ST,7800,7800,100.00
20,1942,RATEGAIN,EQ,147908,83869,56.70
20,1943,RATNAMANI,EQ,19786,8645,43.69
20,1944,RATNAVEER,EQ,200084,97926,48.94
20,1945,RAYMOND,EQ,240257,38837,16.16
20,1946,RAYMONDLSL,EQ,555257,220044,39.63
20,1947,RBA,EQ,1784689,1046510,58.64
20,1948,RBL,EQ,9578,6164,64.36
20,1949,RBLBANK,EQ,8742032,2199956,25.17
20,1950,RBMINFRA,SM,640800,282000,44.01
20,1951,RBS,ST,19200,16000,83.33
20,1952,RBZJEWEL,EQ,210583,91537,43.47
20,1953,RCDL,SM,3000,3000,100.00
20,1954,RCF,EQ,3784887,715880,18.91
20,1955,RECLTD,EQ,7224298,3552969,49.18
20,1956,REDINGTON,EQ,1615470,497259,30.78
20,1957,REDTAPE,EQ,109550,62826,57.35
20,1958,REFRACTORY,ST,1000,1000,100.00
20,1959,RELAXO,EQ,76936,32649,42.44
20,1960,RELCHEMQ,EQ,23774,20548,86.43
20,1961,RELIABLE,EQ,2875,2100,73.04
20,1962,RELIANCE,EQ,6584612,3946480,59.93
20,1963,RELIGARE,EQ,1469322,1083515,73.74
20,1964,RELINFRA,EQ,1473454,682020,46.29
20,1965,RELTD,EQ,59281,34938,58.94
20,1966,REMSONSIND,EQ,35168,18145,51.60
20,1967,REMUS,SM,3750,2850,76.00
20,1968,RENUKA,EQ,3035710,985617,32.47
20,1969,REPCOHOME,EQ,209155,97640,46.68
20,1970,REPRO,EQ,3674,1952,53.13
20,1971,RESPONIND,EQ,30217,10366,34.31
20,1972,RETAIL,EQ,5996,5207,86.84
20,1973,REXPIPES,SM,14000,14000,100.00
20,1974,REXPRO,ST,13000,13000,100.00
20,1975,RGL,EQ,578028,281441,48.69
20,1976,RHIM,EQ,44051,18977,43.08
20,1977,RICHA,SM,1000,1000,100.00
20,1978,RICOAUTO,EQ,246348,67843,27.54
20,1979,RIIL,EQ,114444,23175,20.25
20,1980,RILINFRA,SM,63300,53900,85.15
20,1981,RISHABH,EQ,27091,13273,48.99
20,1982,RITCO,EQ,66574,38358,57.62
20,1983,RITES,EQ,2642625,1110294,42.01
20,1984,RITEZONE,SM,1600,1600,100.00
20,1985,RKDL,EQ,15911,12669,79.62
20,1986,RKEC,EQ,53825,41337,76.80
20,1987,RKFORGE,EQ,302763,93730,30.96
20,1988,RKSWAMY,EQ,14614,6540,44.75
20,1989,RMDRIP,ST,11000,11000,100.00
20,1990,RML,EQ,8727,5470,62.68
20,1991,RNFI,ST,4800,4800,100.00
20,1992,ROCKINGDCE,SM,8750,6000,68.57
20,1993,ROHLTD,EQ,23429,14921,63.69
20,1994,ROLEXRINGS,EQ,3864,1648,42.65
20,1995,ROML,EQ,4212,2601,61.75
20,1996,ROSSARI,EQ,27205,13484,49.56
20,1997,ROSSTECH,EQ,19029,14432,75.84
20,1998,ROTO,EQ,56303,19045,33.83
20,1999,ROUTE,EQ,58988,36691,62.20
20,2000,ROXHITECH,ST,49600,40000,80.65
20,2001,RPEL,EQ,36540,22744,62.24
20,2002,RPGLIFE,EQ,32285,12103,37.49
20,2003,RPOWER,EQ,12689576,5857373,46.16
20,2004,RPPL,EQ,113959,74116,65.04
20,2005,RPSGVENT,EQ,23296,11259,48.33
20,2006,RPTECH,EQ,88603,31972,36.08
20,2007,RRKABEL,EQ,141874,64337,45.35
20,2008,RSWM,EQ,30470,16479,54.08
20,2009,RSYSTEMS,EQ,75023,42021,56.01
20,2010,RTNINDIA,EQ,1498709,625536,41.74
20,2011,RTNPOWER,EQ,17216632,10074213,58.51
20,2012,RUBFILA,EQ,15676,10213,65.15
20,2013,RUBYMILLS,EQ,14395,9288,64.52
20,2014,RUCHINFRA,EQ,79413,43850,55.22
20,2015,RUCHIRA,EQ,11111,5504,49.54
20,2016,RULKA,ST,3900,3600,92.31
20,2017,RUPA,EQ,58088,30219,52.02
20,2018,RUSHIL,EQ,468754,243832,52.02
20,2019,RUSTOMJEE,EQ,18783,11123,59.22
20,2020,RVNL,EQ,23858116,5410152,22.68
20,2021,SAAKSHI,SM,10800,7200,66.67
20,2022,SABAR,ST,45000,45000,100.00
20,2023,SADBHIN,EQ,106300,81311,76.49
20,2024,SADHAV,SM,7800,6000,76.92
20,2025,SADHNANIQ,EQ,586017,387762,66.17
20,2026,SAFARI,EQ,12894,6490,50.33
20,2027,SAGARDEEP,EQ,58628,36521,62.29
20,2028,SAGCEM,EQ,80968,31472,38.87
20,2029,SAHAJSOLAR,SM,15800,8800,55.70
20,2030,SAHANA,ST,3375,3125,92.59
20,2031,SAHASRA,SM,48400,32000,66.12
20,2032,SAHYADRI,EQ,1867,1171,62.72
20,2033,SAIFL,SM,56000,47200,84.29
20,2034,SAIL,EQ,15726923,4833557,30.73
20,2035,SAILIFE,EQ,211915,151394,71.44
20,2036,SAJHOTELS,ST,6000,6000,100.00
20,2037,SAKAR,EQ,23581,11921,50.55
20,2038,SAKHTISUG,EQ,111972,56819,50.74
20,2039,SAKSOFT,EQ,55101,25212,45.76
20,2040,SALASAR,EQ,2901020,1141381,39.34
20,2041,SALONA,EQ,223,134,60.09
20,2042,SALSTEEL,EQ,21751,14495,66.64
20,2043,SALZERELEC,EQ,191803,60055,31.31
20,2044,SAMHI,EQ,2045508,1017886,49.76
20,2045,SAMMAANCAP,EQ,5808661,2852476,49.11
20,2046,SANATHAN,EQ,119923,69700,58.12
20,2047,SANDESH,EQ,546,333,60.99
20,2048,SANDHAR,EQ,44904,20708,46.12
20,2049,SANDUMA,EQ,87356,37576,43.01
20,2050,SANGAMIND,EQ,14786,6863,46.42
20,2051,SANGANI,ST,6000,6000,100.00
20,2052,SANGHIIND,EQ,238178,100557,42.22
20,2053,SANGHVIMOV,EQ,341457,189111,55.38
20,2054,SANGINITA,EQ,20663,13866,67.11
20,2055,SANOFI,EQ,6197,3103,50.07
20,2056,SANOFICONR,EQ,19380,17873,92.22
20,2057,SANSERA,EQ,47873,25737,53.76
20,2058,SANSTAR,EQ,197657,92717,46.91
20,2059,SAPPHIRE,EQ,545170,316316,58.02
20,2060,SARDAEN,EQ,479835,298364,62.18
20,2061,SAREGAMA,EQ,289747,88346,30.49
20,2062,SAROJA,SM,1600,1600,100.00
20,2063,SARTELE,SM,38500,27000,70.13
20,2064,SARVESHWAR,EQ,1543115,885661,57.39
20,2065,SASKEN,EQ,98149,12092,12.32
20,2066,SASTASUNDR,EQ,12212,5330,43.65
20,2067,SATECH,ST,42000,39000,92.86
20,2068,SATIA,EQ,144999,76643,52.86
20,2069,SATIN,EQ,253669,173773,68.50
20,2070,SATINDLTD,EQ,298399,155621,52.15
20,2071,SATIPOLY,SM,1500,1500,100.00
20,2072,SATKARTAR,SM,43200,36800,85.19
20,2073,SAURASHCEM,EQ,16504,7827,47.42
20,2074,SBC,EQ,3200327,1482705,46.33
20,2075,SBCL,EQ,77971,49769,63.83
20,2076,SBFC,EQ,985743,578584,58.70
20,2077,SBGLP,EQ,774966,446497,57.62
20,2078,SBICARD,EQ,1248306,659002,52.79
20,2079,SBIETFCON,EQ,2695,2108,78.22
20,2080,SBIETFIT,EQ,1702,996,58.52
20,2081,SBIETFPB,EQ,18243,17273,94.68
20,2082,SBIETFQLTY,EQ,6399,4861,75.96
20,2083,SBILIFE,EQ,892312,532734,59.70
20,2084,SBIN,EQ,10083763,4603516,45.65
20,2085,SBINEQWETF,EQ,11220,7243,64.55
20,2086,SBISILVER,EQ,105674,84853,80.30
20,2087,SCHAEFFLER,EQ,68237,36082,52.88
20,2088,SCHAND,EQ,34087,22121,64.90
20,2089,SCHNEIDER,EQ,194812,69768,35.81
20,2090,SCI,EQ,2584893,948722,36.70
20,2091,SCILAL,EQ,958111,505971,52.81
20,2092,SCL25924A,N1,81,81,100.00
20,2093,SCLZC25,YN,20,20,100.00
20,2094,SCML,SM,6000,5000,83.33
20,2095,SCPL,EQ,3461,2152,62.18
20,2096,SDBL,EQ,486366,209432,43.06
20,2097,SDL26BEES,EQ,2453,1174,47.86
20,2098,SDREAMS,SM,5000,4000,80.00
20,2099,SEAMECLTD,EQ,23744,15621,65.79
20,2100,SECMARK,EQ,3147,1990,63.23
20,2101,SECURKLOUD,EQ,16340,11053,67.64
20,2102,SEJALLTD,EQ,20268,16659,82.19
20,2103,SEL,ST,1800,1800,100.00
20,2104,SELAN,EQ,51766,21299,41.14
20,2105,SELMC,EQ,21770,13758,63.20
20,2106,SENCO,EQ,440330,232690,52.84
20,2107,SENORES,EQ,521331,172912,33.17
20,2108,SENSEXADD,EQ,3154,2357,74.73
20,2109,SENSEXETF,EQ,8809,5637,63.99
20,2110,SENSEXIETF,EQ,3971,1987,50.04
20,2111,SEPC,EQ,6504042,2409125,37.04
20,2112,SEQUENT,EQ,295147,166123,56.28
20,2113,SERVICE,SM,8000,8000,100.00
20,2114,SERVOTECH,EQ,381896,205723,53.87
20,2115,SESHAPAPER,EQ,5706,3625,63.53
20,2116,SETF10GILT,EQ,14707,7936,53.96
20,2117,SETFGOLD,EQ,1749318,1483931,84.83
20,2118,SETFNIF50,EQ,685350,542408,79.14
20,2119,SETFNIFBK,EQ,27731,12990,46.84
20,2120,SETFNN50,EQ,66698,31065,46.58
20,2121,SFL,EQ,42141,19934,47.30
20,2122,SFML,SM,25600,19200,75.00
20,2123,SGBAPR28I,GB,156,96,61.54
20,2124,SGBAUG27,GB,91,74,81.32
20,2125,SGBAUG28V,GB,2112,1547,73.25
20,2126,SGBAUG29V,GB,210,176,83.81
20,2127,SGBAUG30,GB,477,361,75.68
20,2128,SGBD29VIII,GB,341,188,55.13
20,2129,SGBDC27VII,GB,43,43,100.00
20,2130,SGBDE30III,GB,591,514,86.97
20,2131,SGBDE31III,GB,1739,1473,84.70
20,2132,SGBDEC25,GB,1,1,100.00
20,2133,SGBDEC2513,GB,12,12,100.00
20,2134,SGBDEC25XI,GB,5,5,100.00
20,2135,SGBDEC26,GB,3,3,100.00
20,2136,SGBFEB27,GB,4,4,100.00
20,2137,SGBFEB28IX,GB,19,19,100.00
20,2138,SGBFEB29XI,GB,41,21,51.22
20,2139,SGBFEB32IV,GB,1576,1183,75.06
20,2140,SGBJ28VIII,GB,108,59,54.63
20,2141,SGBJAN27,GB,98,70,71.43
20,2142,SGBJAN29IX,GB,412,342,83.01
20,2143,SGBJAN29X,GB,159,97,61.01
20,2144,SGBJAN30IX,GB,129,103,79.84
20,2145,SGBJU29III,GB,391,380,97.19
20,2146,SGBJUL25,GB,100,81,81.00
20,2147,SGBJUL27,GB,76,76,100.00
20,2148,SGBJUL28IV,GB,1426,877,61.50
20,2149,SGBJUL29IV,GB,252,184,73.02
20,2150,SGBJUN27,GB,15,15,100.00
20,2151,SGBJUN28,GB,205,188,91.71
20,2152,SGBJUN29II,GB,56,53,94.64
20,2153,SGBJUN30,GB,108,90,83.33
20,2154,SGBJUN31I,GB,607,435,71.66
20,2155,SGBMAR25,GB,79,47,59.49
20,2156,SGBMAR28X,GB,16,16,100.00
20,2157,SGBMAR30X,GB,26,22,84.62
20,2158,SGBMAR31IV,GB,402,355,88.31
20,2159,SGBMAY25,GB,193,161,83.42
20,2160,SGBMAY26,GB,48,48,100.00
20,2161,SGBMAY28,GB,501,498,99.40
20,2162,SGBMAY29I,GB,1660,1386,83.49
20,2163,SGBMR29XII,GB,186,171,91.94
20,2164,SGBN28VIII,GB,191,143,74.87
20,2165,SGBNOV25IX,GB,7,7,100.00
20,2166,SGBNOV25VI,GB,56,56,100.00
20,2167,SGBNOV26,GB,15,13,86.67
20,2168,SGBNV29VII,GB,293,220,75.09
20,2169,SGBOC28VII,GB,423,351,82.98
20,2170,SGBOCT25,GB,39,27,69.23
20,2171,SGBOCT25IV,GB,53,53,100.00
20,2172,SGBOCT25V,GB,2,2,100.00
20,2173,SGBOCT26,GB,2,2,100.00
20,2174,SGBOCT27,GB,48,48,100.00
20,2175,SGBSEP27,GB,9,8,88.89
20,2176,SGBSEP28VI,GB,114,79,69.30
20,2177,SGBSEP29VI,GB,334,234,70.06
20,2178,SGBSEP31II,GB,986,696,70.59
20,2179,SGL,EQ,11577,5767,49.81
20,2180,SGLTL,EQ,1202981,318211,26.45
20,2181,SHAH,EQ,927900,510550,55.02
20,2182,SHALBY,EQ,59517,32819,55.14
20,2183,SHALPAINTS,EQ,286141,155665,54.40
20,2184,SHANKARA,EQ,25847,17636,68.23
20,2185,SHANTI,EQ,114170,15883,13.91
20,2186,SHANTIGEAR,EQ,319409,58196,18.22
20,2187,SHARDACROP,EQ,187135,84678,45.25
20,2188,SHARDAMOTR,EQ,8911,4628,51.94
20,2189,SHAREINDIA,EQ,611314,223226,36.52
20,2190,SHARIABEES,EQ,4252,3008,70.74
20,2191,SHEETAL,SM,162000,70000,43.21
20,2192,SHEMAROO,EQ,11514,7677,66.68
20,2193,SHERA,SM,38000,29000,76.32
20,2194,SHIGAN,SM,10500,9000,85.71
20,2195,SHILPAMED,EQ,177964,89364,50.21
20,2196,SHIVALIK,EQ,67487,33698,49.93
20,2197,SHIVAMAUTO,EQ,159173,78629,49.40
20,2198,SHIVAMILLS,EQ,17877,3115,17.42
20,2199,SHIVATEX,EQ,22640,11898,52.55
20,2200,SHK,EQ,213015,140852,66.12
20,2201,SHOPERSTOP,EQ,75617,27860,36.84
20,2202,SHREDIGCEM,EQ,273157,153885,56.34
20,2203,SHREECEM,EQ,48056,15791,32.86
20,2204,SHREEKARNI,ST,3300,2850,86.36
20,2205,SHREEPUSHK,EQ,18832,11390,60.48
20,2206,SHRENIK,EQ,982877,560765,57.05
20,2207,SHREYANIND,EQ,19024,13491,70.92
20,2208,SHRIPISTON,EQ,20001,10415,52.07
20,2209,SHRIRAMFIN,EQ,4058608,1994276,49.14
20,2210,SHRIRAMPPS,EQ,1100308,629933,57.25
20,2211,SHRITECH,SM,16000,10000,62.50
20,2212,SHUBHLAXMI,ST,1000,1000,100.00
20,2213,SHUBHSHREE,ST,20400,20400,100.00
20,2214,SHYAMCENT,EQ,143091,87972,61.48
20,2215,SHYAMMETL,EQ,720522,395433,54.88
20,2216,SIEMENS,EQ,409813,239766,58.51
20,2217,SIGACHI,EQ,1232624,530020,43.00
20,2218,SIGIND,EQ,14959,10031,67.06
20,2219,SIGMA,EQ,21679,1436,6.62
20,2220,SIGNATURE,EQ,535982,83446,15.57
20,2221,SIGNORIA,ST,1000,1000,100.00
20,2222,SIKKO,EQ,21843,11540,52.83
20,2223,SIL,EQ,22270,17058,76.60
20,2224,SILGO,EQ,256250,159886,62.39
20,2225,SILINV,EQ,5618,3365,59.90
20,2226,SILKFLEX,SM,8000,6000,75.00
20,2227,SILLYMONKS,EQ,2113,855,40.46
20,2228,SILVER,EQ,155598,94864,60.97
20,2229,SILVER1,EQ,77796,67240,86.43
20,2230,SILVERADD,EQ,62759,58147,92.65
20,2231,SILVERBEES,EQ,7846647,6319801,80.54
20,2232,SILVERETF,EQ,295679,202913,68.63
20,2233,SILVERIETF,EQ,3077720,2702452,87.81
20,2234,SILVERTUC,EQ,17572,7505,42.71
20,2235,SILVRETF,EQ,53482,42136,78.79
20,2236,SINCLAIR,EQ,323809,187954,58.04
20,2237,SINDHUTRAD,EQ,3933205,1368520,34.79
20,2238,SINTERCOM,EQ,3269,942,28.82
20,2239,SIRCA,EQ,45410,27451,60.45
20,2240,SIS,EQ,120736,75445,62.49
20,2241,SIYSIL,EQ,134269,52563,39.15
20,2242,SJLOGISTIC,SM,27250,14500,53.21
20,2243,SJS,EQ,224428,77548,34.55
20,2244,SJVN,EQ,6967787,1811674,26.00
20,2245,SKFINDIA,EQ,61203,46724,76.34
20,2246,SKIPPER,EQ,471889,118128,25.03
20,2247,SKMEGGPROD,EQ,27726,11262,40.62
20,2248,SKP,SM,12500,7500,60.00
20,2249,SKYGOLD,EQ,1211528,890997,73.54
20,2250,SMALLCAP,EQ,1036042,794198,76.66
20,2251,SMCGLOBAL,EQ,147765,85079,57.58
20,2252,SMLISUZU,EQ,8388,4926,58.73
20,2253,SMLT,EQ,76363,12428,16.27
20,2254,SMSPHARMA,EQ,67529,34226,50.68
20,2255,SMVD,SM,36360,36360,100.00
20,2256,SNOWMAN,EQ,127690,59800,46.83
20,2257,SOBHA,EQ,310768,68228,21.95
20,2258,SOLARA,EQ,103423,59537,57.57
20,2259,SOLARAPP,E1,17341,16306,94.03
20,2260,SOLARINDS,EQ,315162,228286,72.43
20,2261,SOLEX,ST,23000,21250,92.39
20,2262,SOMANYCERA,EQ,17034,11196,65.73
20,2263,SOMICONVEY,EQ,5675,2770,48.81
20,2264,SONACOMS,EQ,2151141,1493964,69.45
20,2265,SONAMAC,ST,17000,17000,100.00
20,2266,SONATSOFTW,EQ,912185,539618,59.16
20,2267,SONUINFRA,ST,42000,42000,100.00
20,2268,SOTL,EQ,18711,10010,53.50
20,2269,SOUTHBANK,EQ,11195955,4719443,42.15
20,2270,SOUTHWEST,EQ,15570,9659,62.04
20,2271,SPAL,EQ,35351,9652,27.30
20,2272,SPANDANA,EQ,562328,255319,45.40
20,2273,SPARC,EQ,413976,206534,49.89
20,2274,SPCL,ST,35400,33000,93.22
20,2275,SPECIALITY,EQ,17191,11353,66.04
20,2276,SPECTRUM,SM,7500,5375,71.67
20,2277,SPECTSTM,ST,1600,1600,100.00
20,2278,SPENCERS,EQ,126133,69827,55.36
20,2279,SPIC,EQ,355965,167274,46.99
20,2280,SPLIL,EQ,30904,14845,48.04
20,2281,SPLPETRO,EQ,30388,18943,62.34
20,2282,SPORTKING,EQ,103902,54197,52.16
20,2283,SPPPOLY,ST,4000,4000,100.00
20,2284,SREEL,EQ,10283,4521,43.97
20,2285,SRF,EQ,1649633,644753,39.08
20,2286,SRGHFL,EQ,36371,21809,59.96
20,2287,SRHHYPOLTD,EQ,16424,8683,52.87
20,2288,SRIVASAVI,SM,4000,4000,100.00
20,2289,SSDL,EQ,30416,14844,48.80
20,2290,SSEGL,SM,30800,24200,78.57
20,2291,SSFL,SM,12500,11000,88.00
20,2292,S&SPOWER,EQ,9134,6939,75.97
20,2293,SSWL,EQ,86608,40418,46.67
20,2294,STANLEY,EQ,42110,25143,59.71
20,2295,STAR,EQ,1459910,488431,33.46
20,2296,STARCEMENT,EQ,431782,256953,59.51
20,2297,STARHEALTH,EQ,956270,604648,63.23
20,2298,STARPAPER,EQ,21332,12844,60.21
20,2299,STARTECK,EQ,11269,1570,13.93
20,2300,STCINDIA,EQ,101914,32528,31.92
20,2301,STEELCAS,EQ,10199,7285,71.43
20,2302,STEELCITY,EQ,70465,26263,37.27
20,2303,STEELXIND,EQ,955051,546442,57.22
20,2304,STEL,EQ,3373,2479,73.50
20,2305,STERTOOLS,EQ,75811,29054,38.32
20,2306,STLTECH,EQ,663640,337752,50.89
20,2307,STOVEKRAFT,EQ,46010,19818,43.07
20,2308,STYLAMIND,EQ,19631,8930,45.49
20,2309,STYLEBAAZA,EQ,208396,109701,52.64
20,2310,STYRENIX,EQ,88248,55465,62.85
20,2311,SUBEXLTD,EQ,2879665,1223913,42.50
20,2312,SUBROS,EQ,61040,28361,46.46
20,2313,SUDARSCHEM,EQ,271801,143024,52.62
20,2314,SUKHJITS,EQ,3664,2427,66.24
20,2315,SULA,EQ,223404,120304,53.85
20,2316,SUMICHEM,EQ,213184,85835,40.26
20,2317,SUMMITSEC,EQ,14803,6057,40.92
20,2318,SUNCLAY,EQ,23413,6460,27.59
20,2319,SUNDARAM,EQ,697224,624506,89.57
20,2320,SUNDARMFIN,EQ,201975,68480,33.91
20,2321,SUNDARMHLD,EQ,51753,31645,61.15
20,2322,SUNDRMFAST,EQ,52354,21696,41.44
20,2323,SUNLITE,SM,6000,6000,100.00
20,2324,SUNPHARMA,EQ,4275269,2394358,56.00
20,2325,SUNREST,SM,6400,3200,50.00
20,2326,SUNTECK,EQ,151993,51043,33.58
20,2327,SUNTV,EQ,421450,126247,29.96
20,2328,SUPERHOUSE,EQ,4268,2856,66.92
20,2329,SUPRAJIT,EQ,48153,27376,56.85
20,2330,SUPREMEIND,EQ,284772,141015,49.52
20,2331,SUPREMEPWR,ST,119000,108500,91.18
20,2332,SUPRIYA,EQ,215857,63552,29.44
20,2333,SURAJEST,EQ,131545,78816,59.92
20,2334,SURAKSHA,EQ,85991,42299,49.19
20,2335,SURANASOL,EQ,124439,72955,58.63
20,2336,SURANAT&P,EQ,107893,57690,53.47
20,2337,SURANI,ST,1200,1200,100.00
20,2338,SURYALAXMI,EQ,6948,4932,70.98
20,2339,SURYAROSNI,EQ,177085,70043,39.55
20,2340,SURYODAY,EQ,162197,77115,47.54
20,2341,SUTLEJTEX,EQ,41523,17773,42.80
20,2342,SUVEN,EQ,3195202,699099,21.88
20,2343,SUVENPHAR,EQ,239787,184544,76.96
20,2344,SUVIDHAA,EQ,351145,188406,53.65
20,2345,SUYOG,EQ,13679,7492,54.77
20,2346,SUZLON,EQ,111500110,60435321,54.20
20,2347,SWANENERGY,EQ,1765948,480260,27.20
20,2348,SWARAJ,SM,40000,39000,97.50
20,2349,SWARAJENG,EQ,39783,21649,54.42
20,2350,SWASTIK,SM,25200,15600,61.90
20,2351,SWELECTES,EQ,24973,8548,34.23
20,2352,SWIGGY,EQ,5141139,1333924,25.95
20,2353,SWSOLAR,EQ,1812534,787070,43.42
20,2354,SYLVANPLY,SM,20000,14000,70.00
20,2355,SYMPHONY,EQ,104289,46581,44.67
20,2356,SYNCOMF,EQ,1481783,843181,56.90
20,2357,SYNGENE,EQ,665562,320069,48.09
20,2358,SYNOPTICS,SM,7200,6000,83.33
20,2359,SYRMA,EQ,1822694,428114,23.49
20,2360,SYSTANGO,SM,7200,4400,61.11
20,2361,TAC,ST,1400,1400,100.00
20,2362,TAINWALCHM,EQ,19599,6935,35.38
20,2363,TAJGVK,EQ,168375,71610,42.53
20,2364,TALBROAUTO,EQ,41522,22752,54.80
20,2365,TANLA,EQ,1151796,395825,34.37
20,2366,TAPIFRUIT,SM,3750,3750,100.00
20,2367,TARC,EQ,1549361,738253,47.65
20,2368,TARMAT,EQ,33272,17847,53.64
20,2369,TARSONS,EQ,20526,9296,45.29
20,2370,TASTYBITE,EQ,1785,880,49.30
20,2371,TATACHEM,EQ,570528,208825,36.60
20,2372,TATACOMM,EQ,253718,119990,47.29
20,2373,TATACONSUM,EQ,5028986,1474247,29.31
20,2374,TATAELXSI,EQ,122121,39902,32.67
20,2375,TATAGOLD,EQ,18229411,16303859,89.44
20,2376,TATAINVEST,EQ,16250,5635,34.68
20,2377,TATAMOTORS,EQ,19157717,5998967,31.31
20,2378,TATAPOWER,EQ,7026507,3047944,43.38
20,2379,TATASTEEL,EQ,26689228,9455216,35.43
20,2380,TATATECH,EQ,562277,303579,53.99
20,2381,TATSILV,EQ,1334893,1106914,82.92
20,2382,TATVA,EQ,36831,22800,61.90
20,2383,TBI,SM,22800,18000,78.95
20,2384,TBOTEK,EQ,207930,182228,87.64
20,2385,TBZ,EQ,107233,62676,58.45
20,2386,TCHF30,NB,1013,913,90.13
20,2387,TCI,EQ,28292,14611,51.64
20,2388,TCIEXP,EQ,20290,12194,60.10
20,2389,TCL,SM,12000,10400,86.67
20,2390,TCLCONS,EQ,59931,29114,48.58
20,2391,TCPLPACK,EQ,3238,1946,60.10
20,2392,TCS,EQ,1492943,1042620,69.84
20,2393,TDPOWERSYS,EQ,959461,337748,35.20
20,2394,TEAMLEASE,EQ,34549,15158,43.87
20,2395,TECH,EQ,3594,2239,62.30
20,2396,TECHERA,ST,59200,59200,100.00
20,2397,TECHLABS,ST,12000,10750,89.58
20,2398,TECHM,EQ,1065425,664848,62.40
20,2399,TECHNOE,EQ,195512,89051,45.55
20,2400,TECILCHEM,EQ,1768,1287,72.79
20,2401,TEGA,EQ,53880,44905,83.34
20,2402,TEJASNET,EQ,1471986,317710,21.58
20,2403,TEXINFRA,EQ,3388439,1417057,41.82
20,2404,TEXMOPIPES,EQ,17007,11646,68.48
20,2405,TEXRAIL,EQ,6689587,1649163,24.65
20,2406,TFCILTD,EQ,1011699,701835,69.37
20,2407,TGBHOTELS,EQ,21671,12187,56.24
20,2408,TGL,ST,65000,59000,90.77
20,2409,THANGAMAYL,EQ,20158,6634,32.91
20,2410,THEINVEST,EQ,6937,4322,62.30
20,2411,THEJO,EQ,2192,1188,54.20
20,2412,THEMISMED,EQ,47494,26379,55.54
20,2413,THERMAX,EQ,91627,31575,34.46
20,2414,THESL,ST,6000,6000,100.00
20,2415,THOMASCOOK,EQ,443097,236921,53.47
20,2416,THYROCARE,EQ,24927,9558,38.34
20,2417,TI,EQ,533281,219641,41.19
20,2418,TIIL,EQ,9086,4929,54.25
20,2419,TIINDIA,EQ,239709,152112,63.46
20,2420,TIL,EQ,6519,4910,75.32
20,2421,TIMETECHNO,EQ,1032135,322938,31.29
20,2422,TIMKEN,EQ,41830,28853,68.98
20,2423,TIPSMUSIC,EQ,257794,115769,44.91
20,2424,TIRUMALCHM,EQ,260355,156734,60.20
20,2425,TIRUPATI,SM,12250,12250,100.00
20,2426,TITAGARH,EQ,2498293,534318,21.39
20,2427,TITAN,EQ,1212261,518649,42.78
20,2428,TMB,EQ,149373,75455,50.51
20,2429,TNIDETF,EQ,59626,53492,89.71
20,2430,TNPETRO,EQ,74905,47195,63.01
20,2431,TNPL,EQ,189318,87687,46.32
20,2432,TOKYOPLAST,EQ,10904,4736,43.43
20,2433,TOLINS,EQ,128677,56194,43.67
20,2434,TOP100CASE,EQ,631364,370799,58.73
20,2435,TOP10ADD,EQ,2644361,2622478,99.17
20,2436,TORNTPHARM,EQ,450908,230348,51.09
20,2437,TORNTPOWER,EQ,432765,233636,53.99
20,2438,TOTAL,EQ,14786,3648,24.67
20,2439,TOUCHWOOD,EQ,3488,1425,40.85
20,2440,TPLPLASTEH,EQ,157746,28801,18.26
20,2441,TRACXN,EQ,122243,55997,45.81
20,2442,TRANSRAILL,EQ,877242,227455,25.93
20,2443,TRANSTEEL,ST,20000,20000,100.00
20,2444,TRANSWORLD,EQ,30489,17168,56.31
20,2445,TREJHARA,EQ,9851,4818,48.91
20,2446,TREL,EQ,229485,100694,43.88
20,2447,TRENT,EQ,1029356,252307,24.51
20,2448,TRF,EQ,50496,32575,64.51
20,2449,TRIDENT,EQ,4606418,1325422,28.77
20,2450,TRIGYN,EQ,61819,25971,42.01
20,2451,TRITURBINE,EQ,1045600,597071,57.10
20,2452,TRIVENI,EQ,277845,115397,41.53
20,2453,TROM,SM,10800,7800,72.22
20,2454,TRUST,ST,33000,28800,87.27
20,2455,TTKHLTCARE,EQ,3267,2273,69.57
20,2456,TTKPRESTIG,EQ,27995,12194,43.56
20,2457,TTML,EQ,2652560,634248,23.91
20,2458,TUNWAL,SM,64000,34000,53.13
20,2459,TVSELECT,EQ,36524,11558,31.64
20,2460,TVSHLTD,EQ,6153,2968,48.24
20,2461,TVSMOTOR,EQ,681021,368895,54.17
20,2462,TVSSCS,EQ,1283939,659842,51.39
20,2463,TVSSRICHAK,EQ,1709,1052,61.56
20,2464,TVTODAY,EQ,184572,107170,58.06
20,2465,UBL,EQ,234243,55953,23.89
20,2466,UCOBANK,EQ,4932718,1484859,30.10
20,2467,UDAICEMENT,EQ,122103,64659,52.95
20,2468,UDS,EQ,181766,79717,43.86
20,2469,UFLEX,EQ,31852,17371,54.54
20,2470,UFO,EQ,649347,252375,38.87
20,2471,UGARSUGAR,EQ,303415,105840,34.88
20,2472,UGROCAP,EQ,194072,120691,62.19
20,2473,UHTL,ST,104000,84000,80.77
20,2474,UJJIVANSFB,EQ,9687900,4626113,47.75
20,2475,ULTRACEMCO,EQ,361656,243995,67.47
20,2476,UMAEXPORTS,EQ,60725,36486,60.08
20,2477,UMESLTD,EQ,23511,17911,76.18
20,2478,UNICHEMLAB,EQ,13903,6198,44.58
20,2479,UNIDT,EQ,51030,39734,77.86
20,2480,UNIECOM,EQ,341370,131739,38.59
20,2481,UNIENTER,EQ,15203,7783,51.19
20,2482,UNIHEALTH,SM,3000,3000,100.00
20,2483,UNIINFO,EQ,4304,2455,57.04
20,2484,UNIMECH,EQ,109312,35612,32.58
20,2485,UNIONBANK,EQ,12849018,5804167,45.17
20,2486,UNIPARTS,EQ,50603,27338,54.02
20,2487,UNITDSPR,EQ,664221,435557,65.57
20,2488,UNITEDTEA,EQ,3490,2090,59.89
20,2489,UNIVCABLES,EQ,11894,6194,52.08
20,2490,UNOMINDA,EQ,433132,192985,44.56
20,2491,UPL,EQ,8663742,1686320,19.46
20,2492,URAVIDEF,EQ,4158,3355,80.69
20,2493,URBAN,ST,27600,24800,89.86
20,2494,USASEEDS,SM,600,600,100.00
20,2495,USHAFIN,SM,6400,5600,87.50
20,2496,USHAMART,EQ,2545800,938608,36.87
20,2497,USK,EQ,51358,26347,51.30
20,2498,UTIAMC,EQ,188239,75823,40.28
20,2499,UTIBANKETF,EQ,69470,60576,87.20
20,2500,UTINEXT50,EQ,478576,414660,86.64
20,2501,UTINIFTETF,EQ,223031,200336,89.82
20,2502,UTISENSETF,EQ,1040,597,57.40
20,2503,UTISXN50,EQ,1111,966,86.95
20,2504,UTKARSHBNK,EQ,1792535,836182,46.65
20,2505,UTSSAV,ST,102600,89400,87.13
20,2506,UTTAMSUGAR,EQ,64135,23468,36.59
20,2507,UYFINCORP,EQ,40622,22050,54.28
20,2508,VADILALIND,EQ,14867,5721,38.48
20,2509,VAIBHAVGBL,EQ,570504,272040,47.68
20,2510,VAISHALI,EQ,1604289,723978,45.13
20,2511,VAKRANGEE,EQ,26031550,12223718,46.96
20,2512,VAL30IETF,EQ,96534,66133,68.51
20,2513,VALIANTLAB,EQ,308349,291938,94.68
20,2514,VALIANTORG,EQ,31416,21903,69.72
20,2515,VARDHACRLC,EQ,19459,13015,66.88
20,2516,VARROC,EQ,87244,39611,45.40
20,2517,VASA,ST,4000,4000,100.00
20,2518,VASCONEQ,EQ,591994,288202,48.68
20,2519,VASWANI,EQ,49272,29423,59.72
20,2520,VBL,EQ,3544551,2519569,71.08
20,2521,VCL,EQ,223389,135315,60.57
20,2522,VDEAL,SM,2400,1200,50.00
20,2523,VEDL,EQ,11277319,3562305,31.59
20,2524,VEEDOL,EQ,9592,6129,63.90
20,2525,VELS,SM,13200,12000,90.91
20,2526,VENKEYS,EQ,33979,13212,38.88
20,2527,VENTIVE,EQ,254994,197162,77.32
20,2528,VENUSPIPES,EQ,107293,39828,37.12
20,2529,VENUSREM,EQ,9615,5821,60.54
20,2530,VERANDA,EQ,153886,101360,65.87
20,2531,VERTEXPLUS,SM,600,600,100.00
20,2532,VESUVIUS,EQ,9197,4649,50.55
20,2533,VETO,EQ,49694,30251,60.87
20,2534,VGUARD,EQ,333473,121303,36.38
20,2535,VHL,EQ,787,404,51.33
20,2536,VIAZ,SM,2000,2000,100.00
20,2537,VIDHIING,EQ,42676,22194,52.01
20,2538,VIESL,SM,33600,22400,66.67
20,2539,VIJAYA,EQ,231501,49878,21.55
20,2540,VIKASECO,EQ,2931518,1609209,54.89
20,2541,VIKASLIFE,EQ,1915111,1022814,53.41
20,2542,VILAS,ST,17000,14750,86.76
20,2543,VILINBIO,SM,4000,4000,100.00
20,2544,VIMTALABS,EQ,176602,66736,37.79
20,2545,VINATIORGA,EQ,52052,18559,35.65
20,2546,VINCOFE,EQ,581956,275210,47.29
20,2547,VINDHYATEL,EQ,15716,12181,77.51
20,2548,VINEETLAB,EQ,9040,6603,73.04
20,2549,VINYAS,ST,4400,4200,95.45
20,2550,VINYLINDIA,EQ,16155,8861,54.85
20,2551,VIPCLOTHNG,EQ,182181,67676,37.15
20,2552,VIPIND,EQ,826439,659097,79.75
20,2553,VIRINCHI,EQ,132505,72429,54.66
20,2554,VISAKAIND,EQ,306293,72811,23.77
20,2555,VISHNU,EQ,252334,132814,52.63
20,2556,VISHNUINFR,SM,13000,10500,80.77
20,2557,VISHWARAJ,EQ,577628,239607,41.48
20,2558,VISHWAS,SM,1600,1600,100.00
20,2559,VITAL,SM,3600,3600,100.00
20,2560,VIVIANA,ST,3125,2500,80.00
20,2561,VIVIDHA,EQ,375063,282118,75.22
20,2562,VLEGOV,EQ,1193985,785468,65.79
20,2563,VLINFRA,ST,7500,7500,100.00
20,2564,VLSFINANCE,EQ,21405,10813,50.52
20,2565,VMARCIND,ST,8750,8250,94.29
20,2566,VMART,EQ,10135,4774,47.10
20,2567,VMM,EQ,8519465,4101795,48.15
20,2568,VOLTAMP,EQ,98467,29729,30.19
20,2569,VOLTAS,EQ,5032200,2083071,41.39
20,2570,VPRPL,EQ,342674,132745,38.74
20,2571,VR,ST,1200,1200,100.00
20,2572,VRAJ,EQ,31065,14842,47.78
20,2573,VRLLOG,EQ,80750,45878,56.81
20,2574,VSSL,EQ,133990,83787,62.53
20,2575,VSTIND,EQ,101195,50775,50.18
20,2576,VSTL,EQ,16421,12965,78.95
20,2577,VSTTILLERS,EQ,2047,1285,62.77
20,2578,VTL,EQ,155995,60063,38.50
20,2579,WAAREEENER,EQ,7082312,922176,13.02
20,2580,WABAG,EQ,518552,196616,37.92
20,2581,WALCHANNAG,EQ,504406,231243,45.84
20,2582,WANBURY,EQ,152031,103989,68.40
20,2583,WCIL,EQ,1459790,209593,14.36
20,2584,WEALTH,EQ,13721,8539,62.23
20,2585,WEIZMANIND,EQ,9079,3090,34.03
20,2586,WEL,EQ,716987,260732,36.36
20,2587,WELCORP,EQ,163916,61344,37.42
20,2588,WELENT,EQ,198608,78350,39.45
20,2589,WELINV,EQ,519,213,41.04
20,2590,WELSPUNLIV,EQ,2988318,1260225,42.17
20,2591,WENDT,EQ,282,132,46.81
20,2592,WESTLIFE,EQ,33884,12616,37.23
20,2593,WEWIN,EQ,1417,739,52.15
20,2594,WHEELS,EQ,23460,12610,53.75
20,2595,WHIRLPOOL,EQ,3056261,1274325,41.70
20,2596,WILLAMAGOR,EQ,9195,4484,48.77
20,2597,WINDLAS,EQ,33770,14869,44.03
20,2598,WINDMACHIN,EQ,89133,59263,66.49
20,2599,WINSOL,SM,18400,13600,73.91
20,2600,WIPRO,EQ,15597644,9696037,62.16
20,2601,WOCKPHARMA,EQ,1764814,864914,49.01
20,2602,WOL3D,SM,2000,2000,100.00
20,2603,WOMANCART,ST,1600,1600,100.00
20,2604,WONDERLA,EQ,99604,51057,51.26
20,2605,WORTH,EQ,80712,28332,35.10
20,2606,WSI,EQ,70505,37956,53.83
20,2607,WSTCSTPAPR,EQ,110451,61305,55.50
20,2608,WTICAB,ST,24000,24000,100.00
20,2609,XCHANGING,EQ,843564,192930,22.87
20,2610,XELPMOC,EQ,20654,10532,50.99
20,2611,XPROINDIA,EQ,74750,23196,31.03
20,2612,XTGLOBAL,EQ,12566,7373,58.67
20,2613,YASHO,EQ,6423,3665,57.06
20,2614,YASHOPTICS,SM,30400,24000,78.95
20,2615,YATHARTH,EQ,630559,361625,57.35
20,2616,YATRA,EQ,124018,76448,61.64
20,2617,YCCL,SM,12000,12000,100.00
20,2618,YESBANK,EQ,86433511,29902171,34.60
20,2619,YUDIZ,SM,800,800,100.00
20,2620,YUKEN,EQ,24194,15885,65.66
20,2621,ZAGGLE,EQ,761548,458799,60.25
20,2622,ZEAL,SM,16200,12000,74.07
20,2623,ZEEL,EQ,9399765,4151541,44.17
20,2624,ZEELEARN,EQ,636238,432564,67.99
20,2625,ZEEMEDIA,EQ,1242322,614759,49.48
20,2626,ZENITHDRUG,ST,24800,24800,100.00
20,2627,ZENITHEXPO,EQ,994,405,40.74
20,2628,ZENITHSTL,EQ,394388,280444,71.11
20,2629,ZENSARTECH,EQ,1498890,284541,18.98
20,2630,ZENTEC,EQ,638227,239794,37.57
20,2631,ZFCVINDIA,EQ,42186,33073,78.40
20,2632,ZIMLAB,EQ,54792,31375,57.26
20,2633,ZODIAC,EQ,43203,19187,44.41
20,2634,ZODIACLOTH,EQ,7063,2509,35.52
20,2635,ZOMATO,EQ,33200044,16029897,48.28
20,2636,ZOTA,EQ,24833,9526,38.36
20,2637,ZTECH,ST,54000,51600,95.56
20,2638,ZUARI,EQ,138004,60520,43.85
20,2639,ZUARIIND,EQ,27445,12747,46.45
20,2640,ZYDUSLIFE,EQ,1134883,749688,66.06
20,2641,ZYDUSWELL,EQ,15201,7425,48.85
