Security Wise Delivery Position - Compulsory Rolling Settlement
10,MTO,17012025,1025353641,0002627
Trade Date <17-JAN-2025>,Settlement Type <N>
Record Type,Sr No,Name of Security,Quantity Traded,Deliverable Quantity(gross across client level),% of Deliverable Quantity to Traded Quantity
20,1,1003IIFL29,NC,200,200,100.00
20,2,1003ISFL28,N4,185,160,86.49
20,3,1003SCL30A,NV,72,72,100.00
20,4,1015ECL29,NR,405,305,75.31
20,5,1015UCL26,N1,25,25,100.00
20,6,1018GS2026,GS,5000,5000,100.00
20,7,1025NFL25,N5,122,122,100.00
20,8,1025SCL34,Z8,47,47,100.00
20,9,1025SFIL26,NT,14,10,71.43
20,10,1030SFIL28,NM,73,70,95.89
20,11,1035UCL26,NA,54,54,100.00
20,12,1049DLS25A,Y5,27,27,100.00
20,13,1050ISFL28,N5,60,60,100.00
20,14,1050NFL26,N7,67,67,100.00
20,15,1050UCL25,N7,155,155,100.00
20,16,105IIFL29,N7,200,200,100.00
20,17,105UCL2026,NB,20,20,100.00
20,18,1060ECL29,NS,315,315,100.00
20,19,1075SCL33A,N2,5,5,100.00
20,20,1075UCL25,N9,1,1,100.00
20,21,10CAGL27,N5,5,5,100.00
20,22,10IIFL28,N4,43,43,100.00
20,23,10IIFL28A,NE,26,26,100.00
20,24,10IIFL29,N6,58,58,100.00
20,25,10ISFL26,N3,20,20,100.00
20,26,10NIDO26,N6,98,98,100.00
20,27,11UCL26,NC,151,140,92.72
20,28,182D030725,TB,100,100,100.00
20,29,182D100725,TB,500,500,100.00
20,30,182D170425,TB,100,100,100.00
20,31,182D190625,TB,200,100,50.00
20,32,182D240425,TB,100,100,100.00
20,33,182D270625,TB,100,100,100.00
20,34,20MICRONS,EQ,64017,36960,57.73
20,35,360ONE,EQ,368046,153251,41.64
20,36,364D010126,TB,100,100,100.00
20,37,364D020525,TB,1600,1100,68.75
20,38,364D040925,TB,100,100,100.00
20,39,364D080126,TB,500,500,100.00
20,40,364D110425,TB,900,500,55.56
20,41,364D111225,TB,1100,1100,100.00
20,42,364D120625,TB,500,500,100.00
20,43,364D230125,TB,30200,30200,100.00
20,44,364D260625,TB,500,500,100.00
20,45,364D261225,TB,100,100,100.00
20,46,364D290525,TB,500,500,100.00
20,47,3IINFOLTD,EQ,331053,146866,44.36
20,48,3MINDIA,EQ,4865,1655,34.02
20,49,563GS2026,GS,1,1,100.00
20,50,574GS2026,GS,197036,197034,100.00
20,51,577GS2030,GS,53,53,100.00
20,52,5PAISA,EQ,41787,16280,38.96
20,53,622GS2035,GS,260,260,100.00
20,54,63MOONS,EQ,110495,54247,49.09
20,55,654GS2032,GS,3799,3799,100.00
20,56,664GS2027,GS,1500,1500,100.00
20,57,667GS2035,GS,1000,1000,100.00
20,58,675GS2029,GS,100,100,100.00
20,59,695GS2061,GS,3786,3786,100.00
20,60,698GR2054,GS,10,10,100.00
20,61,699GS2026,GS,11650,8650,74.25
20,62,699GS2051,GS,204,204,100.00
20,63,702GS2031,GS,29181,25836,88.54
20,64,704GS2029,GS,200,200,100.00
20,65,704IRFC28,N6,1,1,100.00
20,66,706GS2028,GS,1500,1500,100.00
20,67,709GS2074,GS,100,100,100.00
20,68,710GS2029,GS,19679,19678,99.99
20,69,716GS2050,GS,20006,20006,100.00
20,70,717GS2028,GS,390,390,100.00
20,71,718GS2037,GS,1101,1100,99.91
20,72,719GS2060,GS,595,595,100.00
20,73,71GS2034,GS,500,500,100.00
20,74,723GJ27,SG,1000,1000,100.00
20,75,725GS2063,GS,11362,11362,100.00
20,76,728IRFC30,NG,1000,1000,100.00
20,77,732GS2030,GS,200,200,100.00
20,78,732IRFC25,NI,10,10,100.00
20,79,733GS2026,GS,50,50,100.00
20,80,734GS2064,GS,1719,1719,100.00
20,81,734IRFC28,N4,92,92,100.00
20,82,736GS2052,GS,11,9,81.82
20,83,737GS2028,GS,1600,1600,100.00
20,84,737NTPC35C,NA,64,60,93.75
20,85,738GS2027,GS,15531,15531,100.00
20,86,739NHAI26,N8,105,105,100.00
20,87,73GS2053,GS,1300,1300,100.00
20,88,741AP30,SG,500,500,100.00
20,89,741GS2036,GS,10800,10800,100.00
20,90,743REC35,NH,43,43,100.00
20,91,746GS2073,GS,2069,2069,100.00
20,92,74GS2062,GS,4,3,75.00
20,93,751HUDCO28,N5,2246,2246,100.00
20,94,753IRFC30,NJ,1,1,100.00
20,95,754GS2036,GS,217444,215384,99.05
20,96,757GS2033,GS,2300,2300,100.00
20,97,75HR30,SG,3000,3000,100.00
20,98,762NTPC35F,ND,116,68,58.62
20,99,764HUDCO31,N8,50,50,100.00
20,100,764IRFC31,NO,10,5,50.00
20,101,764NABAR31,N2,358,349,97.49
20,102,769HUDCO31,N9,3540,3289,92.91
20,103,769NHAI31,NE,145,145,100.00
20,104,76IGT26,ND,9,9,100.00
20,105,76NHAI31,NA,1674,1501,89.67
20,106,783RJ50,SG,100,100,100.00
20,107,78ABFL33,N4,1,1,100.00
20,108,794TN32,SG,200,200,100.00
20,109,797IGT31,NL,300,300,100.00
20,110,79NHIT35,N1,1232,1132,91.88
20,111,79NHIT47,N3,279,277,99.28
20,112,810IRFC27,N2,660,550,83.33
20,113,812REC27,NI,104,104,100.00
20,114,824GS2027,GS,500,500,100.00
20,115,828GS2032,GS,1000,1000,100.00
20,116,82HUDCO27,N2,300,300,100.00
20,117,82IGT31,NJ,350,350,100.00
20,118,830NHAI27,N2,207,207,100.00
20,119,830PFCL27,N5,45,45,100.00
20,120,835IFL25,NV,445,445,100.00
20,121,837REC33,N7,8,4,50.00
20,122,842IIFL26,NL,1953,1700,87.05
20,123,849NTPC25,N7,751045,362768,48.30
20,124,84CIFCL28,NA,25,25,100.00
20,125,862REC33,NA,62,62,100.00
20,126,863REC29,NC,1,1,100.00
20,127,865IFL28,NZ,659,659,100.00
20,128,865IIFL28,NS,10,10,100.00
20,129,865IRFC29,NA,1,1,100.00
20,130,865LTF26,NN,171,160,93.57
20,131,865TCAPS27,N8,1,1,100.00
20,132,871REC28,N9,1015,600,59.11
20,133,872MMFSL26,N1,249,176,70.68
20,134,875IIFL26,NM,21,21,100.00
20,135,875NHAI29,N6,935,935,100.00
20,136,875PCHFL26,N8,200,200,100.00
20,137,876HUDCO28,ND,53,53,100.00
20,138,880IREDA29,N5,201,201,100.00
20,139,880IREDA34,N6,1,1,100.00
20,140,885IHL26,N1,10,10,100.00
20,141,888ERFL28,N5,103,103,100.00
20,142,888IHFL25F,NC,70,70,100.00
20,143,888IRFC29,NE,981,981,100.00
20,144,888REC29,NF,402,200,49.75
20,145,891IIFCL34,N4,157,157,100.00
20,146,892NHPC33,N6,202,202,100.00
20,147,892PFCL33,N8,136,126,92.65
20,148,894SCL25,Z3,15,15,100.00
20,149,897GS2030,GS,100,100,100.00
20,150,897MOFSL29,N4,1153,1147,99.48
20,151,901HUDCO34,NE,181,80,44.20
20,152,901NHB34,N6,805,435,54.04
20,153,905PEL26,N1,1,1,100.00
20,154,905SC24B,Z9,26,26,100.00
20,155,91D060225,TB,100,100,100.00
20,156,91D130325,TB,100,100,100.00
20,157,920PEL28,N2,75,75,100.00
20,158,921ISFL25,N0,15,15,100.00
20,159,925SCL25A,NH,10,10,100.00
20,160,925SCL25B,Y3,20,10,50.00
20,161,925SCL25C,AR,25,25,100.00
20,162,925SCL26F,N1,100,100,100.00
20,163,92GS2030,GS,1,1,100.00
20,164,932AEL27,N3,10,10,100.00
20,165,935TSI30,N0,3,1,33.33
20,166,935TSI31,N0,2,0,0.00
20,167,93MOFSL34,N6,740,610,82.43
20,168,943ECL28,NJ,251,201,80.08
20,169,945IFSL25,N4,12,12,100.00
20,170,948SCL26A,NN,30,30,100.00
20,171,948SCL26B,Y8,1000,500,50.00
20,172,948SCL26D,AI,26,25,96.15
20,173,950SCL23A,AP,10,10,100.00
20,174,956AEL29,N6,100,100,100.00
20,175,957NIDO26,N5,26,26,100.00
20,176,960ISFL25,N1,512,512,100.00
20,177,965SCL25B,Y1,8,8,100.00
20,178,965SCL26,YO,10,10,100.00
20,179,965SCL26F,N1,10,10,100.00
20,180,96IIFL28,N5,60,60,100.00
20,181,96IIFL28A,NF,143,143,100.00
20,182,96SFIL24A,NB,1,1,100.00
20,183,970CAGL28,ND,156,156,100.00
20,184,971SCL28,AN,500,500,100.00
20,185,971SCL29A,ZN,47,47,100.00
20,186,97SFL28,YS,350,350,100.00
20,187,97SFL29,YZ,30,30,100.00
20,188,985ECL28,NK,280,280,100.00
20,189,985IIFL22,NC,6,6,100.00
20,190,990SCFL26,AJ,40,20,50.00
20,191,9IIFL28,Y0,20,20,100.00
20,192,9IIFL28A,NT,63,63,100.00
20,193,9PCHFL31A,NA,13,11,84.62
20,194,9SCL25,YM,11,11,100.00
20,195,9SCL26BA,NA,1,1,100.00
20,196,AAATECH,EQ,7894,4754,60.22
20,197,AADHARHFC,EQ,2300423,686818,29.86
20,198,AAKASH,EQ,389748,321477,82.48
20,199,AARON,EQ,8181,1923,23.51
20,200,AARTIDRUGS,EQ,117261,55483,47.32
20,201,AARTIIND,EQ,1304832,500869,38.39
20,202,AARTIPHARM,EQ,165349,79576,48.13
20,203,AARTISURF,EQ,3822,2011,52.62
20,204,AARVI,EQ,3403,1972,57.95
20,205,AAVAS,EQ,130662,106206,81.28
20,206,ABAN,EQ,32324,18747,58.00
20,207,ABB,EQ,385172,184507,47.90
20,208,ABBOTINDIA,EQ,15194,5572,36.67
20,209,ABCAPITAL,EQ,1632162,693167,42.47
20,210,ABCOTS,ST,9500,7000,73.68
20,211,ABDL,EQ,307750,148610,48.29
20,212,ABFRL,EQ,2592495,1403349,54.13
20,213,ABGSEC,EQ,11,11,100.00
20,214,ABHAPOWER,ST,28800,24000,83.33
20,215,ABINFRA,EQ,101008,51100,50.59
20,216,ABREL,EQ,92984,41467,44.60
20,217,ABSLAMC,EQ,112853,47306,41.92
20,218,ABSLBANETF,EQ,40896,38433,93.98
20,219,ABSLLIQUID,EQ,138329,137786,99.61
20,220,ABSLNN50ET,EQ,12136,9162,75.49
20,221,ABSLPSE,EQ,195967,149187,76.13
20,222,ABSMARINE,SM,68000,52500,77.21
20,223,ACC,EQ,247679,155708,62.87
20,224,ACCELYA,EQ,5534,3287,59.40
20,225,ACCENTMIC,SM,6000,4500,75.00
20,226,ACCORD,SM,2000,2000,100.00
20,227,ACCURACY,EQ,154153,73600,47.74
20,228,ACE,EQ,108393,34448,31.78
20,229,ACEINTEG,EQ,5742,3999,69.64
20,230,ACI,EQ,98708,61436,62.24
20,231,ACL,EQ,10945,6347,57.99
20,232,ACLGATI,EQ,206167,102752,49.84
20,233,ACMESOLAR,EQ,829761,543505,65.50
20,234,ADANIENSOL,EQ,2391368,794030,33.20
20,235,ADANIENT,EQ,1122205,266304,23.73
20,236,ADANIGREEN,EQ,3486290,605846,17.38
20,237,ADANIPORTS,EQ,2464355,737800,29.94
20,238,ADANIPOWER,EQ,10290018,1444642,14.04
20,239,ADFFOODS,EQ,113384,42729,37.69
20,240,ADL,EQ,1105,815,73.76
20,241,ADORWELD,EQ,6356,2778,43.71
20,242,ADSL,EQ,1512617,376523,24.89
20,243,ADVANIHOTR,EQ,18462,10295,55.76
20,244,ADVENZYMES,EQ,67591,38959,57.64
20,245,AEGISLOG,EQ,1060023,153149,14.45
20,246,AEL120924,N2,25,25,100.00
20,247,AEROFLEX,EQ,28335894,3828576,13.51
20,248,AERON,SM,4000,4000,100.00
20,249,AESTHETIK,SM,34000,24000,70.59
20,250,AETHER,EQ,666476,145775,21.87
20,251,AFCONS,EQ,468499,175824,37.53
20,252,AFFLE,EQ,222154,105957,47.70
20,253,AFFORDABLE,EQ,7489,5288,70.61
20,254,AFIL,EQ,977883,499013,51.03
20,255,AGARIND,EQ,7697,3961,51.46
20,256,AGARWALFT,SM,1500,1500,100.00
20,257,AGARWALTUF,SM,67200,55200,82.14
20,258,AGI,EQ,78681,41748,53.06
20,259,AGIIL,EQ,4527,3895,86.04
20,260,AGNI,SM,27500,17500,63.64
20,261,AGRITECH,EQ,7926,4894,61.75
20,262,AGROPHOS,EQ,48098,23711,49.30
20,263,AGSTRA,EQ,579848,353309,60.93
20,264,AHIMSA,ST,3000,3000,100.00
20,265,AHL,EQ,117038,73771,63.03
20,266,AHLADA,EQ,16640,9097,54.67
20,267,AHLEAST,EQ,5373,3623,67.43
20,268,AHLUCONT,EQ,28005,14224,50.79
20,269,AIAENG,EQ,24593,9901,40.26
20,270,AIIL,EQ,171928,89698,52.17
20,271,AIMTRON,ST,35200,30800,87.50
20,272,AIRAN,EQ,173487,91533,52.76
20,273,AIROLAM,EQ,3475,1056,30.39
20,274,AIRTELPP,E1,309782,181338,58.54
20,275,AJANTPHARM,EQ,86751,49346,56.88
20,276,AJMERA,EQ,49768,22040,44.29
20,277,AJOONI,EQ,552306,312529,56.59
20,278,AKANKSHA,ST,59000,57000,96.61
20,279,AKASH,EQ,7571,3642,48.10
20,280,AKG,EQ,17209,9601,55.79
20,281,AKIKO,SM,16000,16000,100.00
20,282,AKSHARCHEM,EQ,4177,1930,46.21
20,283,AKUMS,EQ,81850,33782,41.27
20,284,AKZOINDIA,EQ,57667,24019,41.65
20,285,ALANKIT,EQ,328262,124395,37.90
20,286,ALBERTDAVD,EQ,8521,4527,53.13
20,287,ALEMBICLTD,EQ,256690,109783,42.77
20,288,ALICON,EQ,14975,8587,57.34
20,289,ALKALI,EQ,22761,6787,29.82
20,290,ALKEM,EQ,74860,38235,51.08
20,291,ALKYLAMINE,EQ,23550,10029,42.59
20,292,ALLCARGO,EQ,1991820,608866,30.57
20,293,ALLDIGI,EQ,13229,6179,46.71
20,294,ALLETEC,ST,10000,9200,92.00
20,295,ALOKINDS,EQ,8282310,2451804,29.60
20,296,ALPA,EQ,32922,21545,65.44
20,297,ALPEXSOLAR,SM,40600,34800,85.71
20,298,ALPHA,EQ,961666,566977,58.96
20,299,ALPHAETF,EQ,423849,299276,70.61
20,300,ALPHAGEO,EQ,15255,7048,46.20
20,301,ALPL30IETF,EQ,1348278,879944,65.26
20,302,ALUWIND,SM,33000,27000,81.82
20,303,AMBANIORGO,ST,1000,1000,100.00
20,304,AMBER,EQ,344375,53305,15.48
20,305,AMBEY,SM,50000,42000,84.00
20,306,AMBICAAGAR,EQ,7411,1040,14.03
20,307,AMBIKCO,EQ,4662,2313,49.61
20,308,AMBUJACEM,EQ,964325,339478,35.20
20,309,AMDIND,EQ,9349,4325,46.26
20,310,AMEYA,ST,2000,2000,100.00
20,311,AMIABLE,SM,3200,3200,100.00
20,312,AMIORG,EQ,154063,57422,37.27
20,313,AMJLAND,EQ,56221,26446,47.04
20,314,AMNPLST,EQ,18520,8788,47.45
20,315,AMRUTANJAN,EQ,14576,9453,64.85
20,316,ANANDRATHI,EQ,26699,10479,39.25
20,317,ANANTRAJ,EQ,1359901,328255,24.14
20,318,ANDHRAPAP,EQ,84603,41028,48.49
20,319,ANDHRSUGAR,EQ,84709,46756,55.20
20,320,ANGELONE,EQ,685877,116252,16.95
20,321,ANLON,SM,4000,4000,100.00
20,322,ANMOL,EQ,53415,34327,64.26
20,323,ANNAPURNA,SM,12500,10250,82.00
20,324,ANTGRAPHIC,EQ,361208,286818,79.41
20,325,ANUHPHR,EQ,23265,12457,53.54
20,326,ANUP,EQ,21984,7512,34.17
20,327,ANURAS,EQ,92721,39253,42.33
20,328,ANYA,SM,3100000,1910000,61.61
20,329,APARINDS,EQ,40798,13332,32.68
20,330,APCL,EQ,10530,8367,79.46
20,331,APCOTEXIND,EQ,9402,6427,68.36
20,332,APEX,EQ,42906,19247,44.86
20,333,APEXECO,SM,224000,108800,48.57
20,334,APLAPOLLO,EQ,447420,116950,26.14
20,335,APLLTD,EQ,175983,45666,25.95
20,336,APOLLO,EQ,8155643,2123129,26.03
20,337,APOLLOHOSP,EQ,166710,91486,54.88
20,338,APOLLOPIPE,EQ,55640,34060,61.21
20,339,APOLLOTYRE,EQ,674210,159254,23.62
20,340,APOLSINHOT,EQ,3548,2722,76.72
20,341,APS,SM,22000,16000,72.73
20,342,APTECHT,EQ,115655,58224,50.34
20,343,APTUS,EQ,695414,467505,67.23
20,344,ARABIAN,SM,4000,4000,100.00
20,345,ARCHIDPLY,EQ,14170,8655,61.08
20,346,ARCHIES,EQ,6643,5345,80.46
20,347,ARE&M,EQ,313520,135191,43.12
20,348,ARHAM,SM,6000,6000,100.00
20,349,ARIHANTACA,ST,1600,1600,100.00
20,350,ARIHANTCAP,EQ,123295,60675,49.21
20,351,ARIHANTSUP,EQ,105164,74253,70.61
20,352,ARKADE,EQ,902756,258789,28.67
20,353,ARMANFIN,EQ,37672,26690,70.85
20,354,AROGRANITE,EQ,14414,5267,36.54
20,355,ARROWGREEN,EQ,20017,13059,65.24
20,356,ARTEMISMED,EQ,85998,42605,49.54
20,357,ARVEE,EQ,378,187,49.47
20,358,ARVIND,EQ,215607,92648,42.97
20,359,ARVINDFASN,EQ,101832,53714,52.75
20,360,ARVINDPORT,ST,9000,7500,83.33
20,361,ARVSMART,EQ,17513,9654,55.12
20,362,ASAHIINDIA,EQ,42991,18423,42.85
20,363,ASAHISONG,EQ,11780,8120,68.93
20,364,ASAL,EQ,11267,6669,59.19
20,365,ASALCBR,EQ,27933,10985,39.33
20,366,ASHALOG,ST,17000,14000,82.35
20,367,ASHAPURMIN,EQ,1494640,751285,50.27
20,368,ASHIANA,EQ,61470,24513,39.88
20,369,ASHOKA,EQ,2184478,842588,38.57
20,370,ASHOKLEY,EQ,3251656,1360111,41.83
20,371,ASIANENE,EQ,87469,49689,56.81
20,372,ASIANPAINT,EQ,878871,444813,50.61
20,373,ASIANTILES,EQ,174098,95925,55.10
20,374,ASKAUTOLTD,EQ,78794,43354,55.02
20,375,ASLIND,SM,8000,8000,100.00
20,376,ASMS,EQ,1409109,934083,66.29
20,377,ASPINWALL,EQ,37596,30224,80.39
20,378,ASPIRE,ST,8000,8000,100.00
20,379,ASTEC,EQ,10581,5934,56.08
20,380,ASTERDM,EQ,346988,187423,54.01
20,381,ASTRAL,EQ,443671,296824,66.90
20,382,ASTRAMICRO,EQ,175255,102197,58.31
20,383,ASTRAZEN,EQ,30298,4664,15.39
20,384,ASTRON,EQ,32692,17044,52.14
20,385,ATAM,EQ,35609,28259,79.36
20,386,ATFL,EQ,22679,12829,56.57
20,387,ATGL,EQ,890190,189666,21.31
20,388,ATL,EQ,309199,138384,44.76
20,389,ATMASTCO,ST,40400,40400,100.00
20,390,ATUL,EQ,26895,16896,62.82
20,391,ATULAUTO,EQ,26693,16708,62.59
20,392,AUBANK,EQ,2053876,1211779,59.00
20,393,AURDIS,ST,1250,1250,100.00
20,394,AURIONPRO,EQ,67215,21294,31.68
20,395,AUROIMPEX,SM,8000,6400,80.00
20,396,AUROPHARMA,EQ,656989,308496,46.96
20,397,AURUM,EQ,60754,43055,70.87
20,398,AURUMPP1,E1,7433,6475,87.11
20,399,AUSL,SM,4000,2000,50.00
20,400,AUTOAXLES,EQ,2655,1690,63.65
20,401,AUTOBEES,EQ,81183,47580,58.61
20,402,AUTOIETF,EQ,173277,103598,59.79
20,403,AUTOIND,EQ,20910,10750,51.41
20,404,AVADHSUGAR,EQ,161894,92249,56.98
20,405,AVALON,EQ,644073,199226,30.93
20,406,AVANTEL,EQ,702981,329975,46.94
20,407,AVANTIFEED,EQ,482154,131245,27.22
20,408,AVIANSH,ST,18000,18000,100.00
20,409,AVL,EQ,36865,11233,30.47
20,410,AVPINFRA,ST,43200,43200,100.00
20,411,AVTNPL,EQ,49513,34119,68.91
20,412,AWFIS,EQ,282248,149068,52.81
20,413,AWHCL,EQ,59624,31836,53.39
20,414,AWL,EQ,3066191,1503708,49.04
20,415,AXISBANK,EQ,33831617,21114886,62.41
20,416,AXISBNKETF,EQ,3559,3554,99.86
20,417,AXISBPSETF,EQ,93478,90205,96.50
20,418,AXISCETF,EQ,54532,36767,67.42
20,419,AXISGOLD,EQ,178042,120526,67.70
20,420,AXISHCETF,EQ,1269,960,75.65
20,421,AXISILVER,EQ,24229,21488,88.69
20,422,AXISNIFTY,EQ,7478,7160,95.75
20,423,AXISTECETF,EQ,1661,1602,96.45
20,424,AXITA,EQ,5166552,680544,13.17
20,425,AXSENSEX,EQ,2755,2496,90.60
20,426,AYMSYNTEX,EQ,46921,33297,70.96
20,427,AZAD,EQ,158929,41182,25.91
20,428,BABAFP,SM,3200,3200,100.00
20,429,BAHETI,ST,7125,6375,89.47
20,430,BAIDFIN,EQ,172656,123810,71.71
20,431,BAJAJ-AUTO,EQ,183057,62760,34.28
20,432,BAJAJCON,EQ,200401,131518,65.63
20,433,BAJAJELEC,EQ,30488,17144,56.23
20,434,BAJAJFINSV,EQ,905680,578124,63.83
20,435,BAJAJHCARE,EQ,3968197,718814,18.11
20,436,BAJAJHFL,EQ,13610730,7213640,53.00
20,437,BAJAJHIND,EQ,6038129,2110575,34.95
20,438,BAJAJHLDNG,EQ,15135,6108,40.36
20,439,BAJEL,EQ,204869,79851,38.98
20,440,BAJFINANCE,EQ,665274,370444,55.68
20,441,BALAJEE,EQ,74836,37675,50.34
20,442,BALAMINES,EQ,28131,13341,47.42
20,443,BALAXI,EQ,7961,5262,66.10
20,444,BALCO,ST,1200,1200,100.00
20,445,BALKRISHNA,EQ,36678,20325,55.41
20,446,BALKRISIND,EQ,125847,51441,40.88
20,447,BALMLAWRIE,EQ,199281,98390,49.37
20,448,BALPHARMA,EQ,11142,3104,27.86
20,449,BALRAMCHIN,EQ,379894,148344,39.05
20,450,BALUFORGE,EQ,236722,108206,45.71
20,451,BANARISUG,EQ,930,536,57.63
20,452,BANCOINDIA,EQ,105645,41482,39.27
20,453,BANDHANBNK,EQ,3519854,999252,28.39
20,454,BANKA,EQ,3217,2051,63.76
20,455,BANKBARODA,EQ,6060015,2843949,46.93
20,456,BANKBEES,EQ,1647008,864421,52.48
20,457,BANKBETF,EQ,17057,12825,75.19
20,458,BANKETF,EQ,3315,2994,90.32
20,459,BANKETFADD,EQ,7211,5210,72.25
20,460,BANKIETF,EQ,9235261,8186208,88.64
20,461,BANKINDIA,EQ,5277338,1969639,37.32
20,462,BANKNIFTY1,EQ,1054243,819185,77.70
20,463,BANKPSU,EQ,3170,2610,82.33
20,464,BANSALWIRE,EQ,43621,19366,44.40
20,465,BANSWRAS,EQ,17322,10333,59.65
20,466,BARBEQUE,EQ,112085,45757,40.82
20,467,BASF,EQ,15047,6001,39.88
20,468,BASILIC,ST,18900,17700,93.65
20,469,BASML,EQ,27717,17541,63.29
20,470,BATAINDIA,EQ,93613,33699,36.00
20,471,BAWEJA,SM,5600,4000,71.43
20,472,BAYERCROP,EQ,8044,4408,54.80
20,473,BBETF0432,EQ,1914,1280,66.88
20,474,BBL,EQ,19749,13463,68.17
20,475,BBNPNBETF,EQ,782,669,85.55
20,476,BBNPPGOLD,EQ,665,425,63.91
20,477,BBOX,EQ,132226,64770,48.98
20,478,BBTC,EQ,25554,8783,34.37
20,479,BBTCL,EQ,2548,1648,64.68
20,480,BCLIND,EQ,797114,357436,44.84
20,481,BCONCEPTS,EQ,181277,30148,16.63
20,482,BDL,EQ,3192555,743130,23.28
20,483,BEACON,SM,25000,20000,80.00
20,484,BEARDSELL,EQ,21405,13885,64.87
20,485,BECTORFOOD,EQ,172979,129437,74.83
20,486,BEDMUTHA,EQ,7814,5289,67.69
20,487,BEL,EQ,12741720,4432853,34.79
20,488,BEML,EQ,296002,100800,34.05
20,489,BEPL,EQ,385414,190216,49.35
20,490,BERGEPAINT,EQ,418850,198088,47.29
20,491,BESTAGRO,EQ,10617,5859,55.19
20,492,BETA,SM,1500,800,53.33
20,493,BEWLTD,ST,14500,14000,96.55
20,494,BFINVEST,EQ,16814,6964,41.42
20,495,BFSI,EQ,101304,92674,91.48
20,496,BHAGCHEM,EQ,111342,61021,54.81
20,497,BHAGERIA,EQ,7994,6440,80.56
20,498,BHAGYANGR,EQ,166803,44503,26.68
20,499,BHANDARI,EQ,395809,205493,51.92
20,500,BHARATFORG,EQ,745195,475896,63.86
20,501,BHARATGEAR,EQ,11381,7150,62.82
20,502,BHARATRAS,EQ,3313,2220,67.01
20,503,BHARATWIRE,EQ,60697,29886,49.24
20,504,BHARTIARTL,EQ,2678801,1650782,61.62
20,505,BHARTIHEXA,EQ,186722,98631,52.82
20,506,BHEL,EQ,11603310,4391574,37.85
20,507,BHINVIT,IV,71952,61767,85.84
20,508,BIGBLOC,EQ,86091,39874,46.32
20,509,BIKAJI,EQ,149974,84271,56.19
20,510,BIKEWO,SM,4000,4000,100.00
20,511,BINANIIND,EQ,24157,20357,84.27
20,512,BIOCON,EQ,6070039,1860445,30.65
20,513,BIOFILCHEM,EQ,110324,26500,24.02
20,514,BIRET,RR,475617,430912,90.60
20,515,BIRLACABLE,EQ,14794,8911,60.23
20,516,BIRLACORPN,EQ,28590,15703,54.92
20,517,BLACKBUCK,EQ,50922,22540,44.26
20,518,BLAL,EQ,30125,15842,52.59
20,519,BLBLIMITED,EQ,17795,12704,71.39
20,520,BLISSGVS,EQ,377123,106267,28.18
20,521,BLKASHYAP,EQ,232989,111809,47.99
20,522,BLS,EQ,38308975,2300073,6.00
20,523,BLSE,EQ,805525,367292,45.60
20,524,BLUEDART,EQ,15760,1915,12.15
20,525,BLUEJET,EQ,267152,159635,59.75
20,526,BLUEPEBBLE,SM,18400,12000,65.22
20,527,BLUESTARCO,EQ,169498,88879,52.44
20,528,BMETRICS,SM,4800,4000,83.33
20,529,BODALCHEM,EQ,134604,58477,43.44
20,530,BOMDYEING,EQ,870505,306364,35.19
20,531,BOROLTD,EQ,55490,25456,45.87
20,532,BOROSCI,EQ,290025,60688,20.93
20,533,BOSCHLTD,EQ,14832,6629,44.69
20,534,BOSS,ST,24000,24000,100.00
20,535,BPCL,EQ,9300647,2888763,31.06
20,536,BPL,EQ,67673,33961,50.18
20,537,BRACEPORT,ST,8000,8000,100.00
20,538,BRIGADE,EQ,81095,38944,48.02
20,539,BRITANNIA,EQ,492847,345165,70.03
20,540,BRNL,EQ,103846,50000,48.15
20,541,BSE,EQ,1199163,286778,23.91
20,542,BSE500IETF,EQ,253430,138430,54.62
20,543,BSHSL,EQ,5413,2430,44.89
20,544,BSL,EQ,14759,5726,38.80
20,545,BSLGOLDETF,EQ,30686,21585,70.34
20,546,BSLNIFTY,EQ,196142,143821,73.32
20,547,BSLSENETFG,EQ,2464,1445,58.64
20,548,BSOFT,EQ,1297405,501612,38.66
20,549,BTML,EQ,329605,190497,57.80
20,550,BULKCORP,SM,43200,37200,86.11
20,551,BURNPUR,EQ,50212,33472,66.66
20,552,BUTTERFLY,EQ,3337,1535,46.00
20,553,BVCL,EQ,12523,6969,55.65
20,554,C2C,SM,87600,48600,55.48
20,555,CADSYS,ST,9000,9000,100.00
20,556,CAGL28,NE,40,20,50.00
20,557,CALSOFT,EQ,200860,113130,56.32
20,558,CAMLINFINE,EQ,1171370,437665,37.36
20,559,CAMPUS,EQ,635038,239919,37.78
20,560,CAMS,EQ,253420,61075,24.10
20,561,CANARYS,SM,24000,16000,66.67
20,562,CANBK,EQ,15548712,5269744,33.89
20,563,CANFINHOME,EQ,1041143,371036,35.64
20,564,CANTABIL,EQ,106498,42699,40.09
20,565,CAPACITE,EQ,334239,134509,40.24
20,566,CAPINVIT,IV,4810839,4230343,87.93
20,567,CAPITALSFB,EQ,18326,11904,64.96
20,568,CAPLIPOINT,EQ,107646,33845,31.44
20,569,CARBORUNIV,EQ,82851,42338,51.10
20,570,CAREERP,EQ,9092,6572,72.28
20,571,CARERATING,EQ,37413,22115,59.11
20,572,CARRARO,EQ,173359,53111,30.64
20,573,CARTRADE,EQ,350433,176217,50.29
20,574,CARYSIL,EQ,42411,15838,37.34
20,575,CASTROLIND,EQ,2034064,713770,35.09
20,576,CBAZAAR,SM,16000,16000,100.00
20,577,CCHHL,EQ,50613,33928,67.03
20,578,CCL,EQ,190002,80346,42.29
20,579,CDSL,EQ,1738737,563101,32.39
20,580,CEATLTD,EQ,83369,7689,9.22
20,581,CEIGALL,EQ,47102,25753,54.67
20,582,CELEBRITY,EQ,33957,25599,75.39
20,583,CELLECOR,SM,837000,648000,77.42
20,584,CELLO,EQ,155151,83090,53.55
20,585,CELLPOINT,SM,27600,21600,78.26
20,586,CENTENKA,EQ,34723,15753,45.37
20,587,CENTEXT,EQ,47476,34997,73.72
20,588,CENTRALBK,EQ,4202397,1159877,27.60
20,589,CENTRUM,EQ,130584,64793,49.62
20,590,CENTUM,EQ,4448,1939,43.59
20,591,CENTURYPLY,EQ,610786,327418,53.61
20,592,CERA,EQ,11534,4353,37.74
20,593,CESC,EQ,7692289,3657971,47.55
20,594,CEWATER,EQ,546651,103064,18.85
20,595,CGCL,EQ,216084,59929,27.73
20,596,CGPOWER,EQ,3742975,1948387,52.05
20,597,CGRAPHICS,SM,54400,36000,66.18
20,598,CHALET,EQ,154335,57957,37.55
20,599,CHAMBLFERT,EQ,942421,314882,33.41
20,600,CHAVDA,SM,29000,19000,65.52
20,601,CHEMBOND,EQ,4637,2800,60.38
20,602,CHEMCON,EQ,17438,7516,43.10
20,603,CHEMFAB,EQ,4206,2548,60.58
20,604,CHEMPLASTS,EQ,38476,17889,46.49
20,605,CHENNPETRO,EQ,927885,335211,36.13
20,606,CHETANA,SM,38400,19200,50.00
20,607,CHEVIOT,EQ,2253,1270,56.37
20,608,CHOICEIN,EQ,332908,53585,16.10
20,609,CHOLAFIN,EQ,1594817,908190,56.95
20,610,CHOLAHLDNG,EQ,173408,108483,62.56
20,611,CIEINDIA,EQ,102109,76439,74.86
20,612,CIFC26A,N9,15,15,100.00
20,613,CIGNITITEC,EQ,53320,16266,30.51
20,614,CINEVISTA,EQ,32623,23823,73.03
20,615,CIPLA,EQ,658778,340007,51.61
20,616,CLEAN,EQ,77219,29677,38.43
20,617,CLEDUCATE,EQ,99778,56775,56.90
20,618,CLOUD,SZ,81000,77000,95.06
20,619,CLSEL,EQ,29286,9382,32.04
20,620,CLSL,SM,10000,8000,80.00
20,621,CMMIPL,SZ,3000,3000,100.00
20,622,CMNL,ST,1500,1500,100.00
20,623,CMRSL,SM,800,800,100.00
20,624,CMSINFO,EQ,387572,227165,58.61
20,625,COALINDIA,EQ,8380692,4343549,51.83
20,626,COASTCORP,EQ,5460,3198,58.57
20,627,COCHINSHIP,EQ,586525,275567,46.98
20,628,COFORGE,EQ,307805,150155,48.78
20,629,COLPAL,EQ,360893,179855,49.84
20,630,COMMITTED,ST,83200,80000,96.15
20,631,COMMOIETF,EQ,28316,16066,56.74
20,632,COMPUSOFT,EQ,31655,21530,68.01
20,633,CONCOR,EQ,2259976,1472739,65.17
20,634,CONCORDBIO,EQ,47326,20925,44.21
20,635,CONFIPET,EQ,978591,331788,33.90
20,636,CONS,EQ,1065,893,83.85
20,637,CONSOFINVT,EQ,2486,1611,64.80
20,638,CONSUMBEES,EQ,51246,27123,52.93
20,639,CONSUMER,EQ,409789,236649,57.75
20,640,CONSUMIETF,EQ,15106,10403,68.87
20,641,CONTI,ST,6666,6666,100.00
20,642,CONTROLPR,EQ,6920,4277,61.81
20,643,COOLCAPS,ST,11000,8500,77.27
20,644,CORALFINAC,EQ,6653,5083,76.40
20,645,CORDSCABLE,EQ,37662,17640,46.84
20,646,COROMANDEL,EQ,322965,197613,61.19
20,647,COSMOFIRST,EQ,105352,45655,43.34
20,648,COUNCODOS,EQ,249233,218059,87.49
20,649,CPS,ST,3000,3000,100.00
20,650,CPSEETF,EQ,1405774,754832,53.70
20,651,CRAFTSMAN,EQ,17063,7335,42.99
20,652,CRAYONS,SM,7000,5000,71.43
20,653,CREATIVE,EQ,4131,2466,59.69
20,654,CREDITACC,EQ,290993,72423,24.89
20,655,CREST,EQ,3210,1952,60.81
20,656,CRISIL,EQ,31894,12830,40.23
20,657,CROMPTON,EQ,1186492,563212,47.47
20,658,CROWN,EQ,45599,36683,80.45
20,659,CSBBANK,EQ,116186,53875,46.37
20,660,CSLFINANCE,EQ,26638,17439,65.47
20,661,CTE,EQ,13658,8686,63.60
20,662,CUB,EQ,702406,259440,36.94
20,663,CUBEINVIT,IV,125000,125000,100.00
20,664,CUBEXTUB,EQ,209313,95465,45.61
20,665,CUMMINSIND,EQ,226368,117673,51.98
20,666,CUPID,EQ,262555,121131,46.14
20,667,CYBERMEDIA,EQ,12691,8972,70.70
20,668,CYIENT,EQ,485549,146313,30.13
20,669,CYIENTDLM,EQ,75096,37143,49.46
20,670,DABUR,EQ,2943339,1436788,48.81
20,671,DALBHARAT,EQ,219504,98619,44.93
20,672,DALMIASUG,EQ,79064,31837,40.27
20,673,DAMCAPITAL,EQ,982567,289020,29.41
20,674,DAMODARIND,EQ,4040,2605,64.48
20,675,DANGEE,EQ,46322,35624,76.91
20,676,DANISH,SM,45600,28200,61.84
20,677,DATAMATICS,EQ,65468,33525,51.21
20,678,DATAPATTNS,EQ,167575,30812,18.39
20,679,DAVANGERE,EQ,1415904,700316,49.46
20,680,DBCORP,EQ,131627,39029,29.65
20,681,DBEIL,EQ,97795,40764,41.68
20,682,DBL,EQ,97851,31085,31.77
20,683,DBOL,EQ,56725,32521,57.33
20,684,DBREALTY,EQ,1232179,542996,44.07
20,685,DBSTOCKBRO,EQ,12648,4597,36.35
20,686,DCAL,EQ,397482,211549,53.22
20,687,DCBBANK,EQ,533483,250940,47.04
20,688,DCG,SM,8400,4800,57.14
20,689,DCI,EQ,5311,2659,50.07
20,690,DCM,EQ,69818,21894,31.36
20,691,DCMNVL,EQ,108214,92693,85.66
20,692,DCMSHRIRAM,EQ,45969,26224,57.05
20,693,DCMSRIND,EQ,56772,35315,62.20
20,694,DCW,EQ,1215576,564148,46.41
20,695,DCXINDIA,EQ,427499,197833,46.28
20,696,DDEVPLSTIK,EQ,123360,70761,57.36
20,697,DECCANCE,EQ,7234,3987,55.11
20,698,DECCANTRAN,ST,2400,2400,100.00
20,699,DEEDEV,EQ,57072,25027,43.85
20,700,DEEM,SM,4000,4000,100.00
20,701,DEEPAKFERT,EQ,1245761,513630,41.23
20,702,DEEPAKNTR,EQ,83299,23045,27.67
20,703,DEEPINDS,EQ,299411,105611,35.27
20,704,DELAPLEX,SM,13800,10200,73.91
20,705,DELHIVERY,EQ,1620514,717306,44.26
20,706,DELTACORP,EQ,1151807,385848,33.50
20,707,DELTAMAGNT,EQ,11053,7067,63.94
20,708,DELTIC,ST,313000,291000,92.97
20,709,DEN,EQ,943413,361074,38.27
20,710,DENEERS,ST,1800,1800,100.00
20,711,DENORA,EQ,4770,2481,52.01
20,712,DENTALKART,SM,6500,5250,80.77
20,713,DEVIT,EQ,87619,39700,45.31
20,714,DEVYANI,EQ,1949952,448769,23.01
20,715,DHAMPURSUG,EQ,281824,64391,22.85
20,716,DHANI,EQ,2486071,936683,37.68
20,717,DHANLAXMI,ST,40000,38000,95.00
20,718,DHANUKA,EQ,13736,6374,46.40
20,719,DHARIWAL,SM,12000,12000,100.00
20,720,DHARMAJ,EQ,47313,30089,63.60
20,721,DHRUV,EQ,16287,10142,62.27
20,722,DHUNINV,EQ,741,472,63.70
20,723,DIACABS,EQ,88143,73818,83.75
20,724,DIAMINESQ,EQ,2330,1404,60.26
20,725,DIAMONDYD,EQ,33236,20356,61.25
20,726,DICIND,EQ,1755,1440,82.05
20,727,DIFFNKG,EQ,43531,19098,43.87
20,728,DIGIDRIVE,EQ,97148,48596,50.02
20,729,DIGIKORE,ST,2600,2600,100.00
20,730,DIGISPICE,EQ,55693,31110,55.86
20,731,DISHTV,EQ,6482981,2026374,31.26
20,732,DIVGIITTS,EQ,10281,6515,63.37
20,733,DIVISLAB,EQ,177031,103581,58.51
20,734,DIVOPPBEES,EQ,34661,17436,50.30
20,735,DIVYADHAN,SM,6000,6000,100.00
20,736,DIXON,EQ,393040,186849,47.54
20,737,DLF,EQ,2084685,988703,47.43
20,738,DLINKINDIA,EQ,37298,20394,54.68
20,739,DMART,EQ,244753,83754,34.22
20,740,DNAMEDIA,EQ,211782,129293,61.05
20,741,DODLA,EQ,71259,38959,54.67
20,742,DOLATALGO,EQ,434236,151148,34.81
20,743,DOLLAR,EQ,31369,17056,54.37
20,744,DOLLEX,SM,16000,12000,75.00
20,745,DOMS,EQ,111391,57283,51.43
20,746,DONEAR,EQ,72351,32730,45.24
20,747,DPABHUSHAN,EQ,36751,15074,41.02
20,748,DPEL,ST,16500,16500,100.00
20,749,DPSCLTD,EQ,99699,64448,64.64
20,750,DPWIRES,EQ,11009,8238,74.83
20,751,DRCSYSTEMS,EQ,58570,33029,56.39
20,752,DREAMFOLKS,EQ,75434,49139,65.14
20,753,DREDGECORP,EQ,21872,12062,55.15
20,754,DRONE,ST,17500,17500,100.00
20,755,DRREDDY,EQ,1432206,624940,43.63
20,756,DSSL,EQ,25729,11628,45.19
20,757,DTIL,EQ,11547,1601,13.87
20,758,DTL,SM,3600,3600,100.00
20,759,DUCOL,SM,2400,2400,100.00
20,760,DUCON,EQ,492490,333858,67.79
20,761,DUGLOBAL,SM,92500,90000,97.30
20,762,DURLAX,SM,50000,36000,72.00
20,763,DVL,EQ,9452,4640,49.09
20,764,DWARKESH,EQ,471552,184941,39.22
20,765,DYCL,EQ,38643,23672,61.26
20,766,DYNAMATECH,EQ,5926,1889,31.88
20,767,DYNAMIC,ST,16500,13500,81.82
20,768,DYNPRO,EQ,11980,7713,64.38
20,769,EASEMYTRIP,EQ,16829309,5007787,29.76
20,770,EBANKNIFTY,EQ,3023,3022,99.97
20,771,EBBETF0425,EQ,4097,2927,71.44
20,772,EBBETF0430,EQ,3880,3275,84.41
20,773,EBBETF0431,EQ,1699,1114,65.57
20,774,EBBETF0433,EQ,8002,5552,69.38
20,775,ECAPINSURE,EQ,6478,4697,72.51
20,776,ECLERX,EQ,30454,12740,41.83
20,777,ECOSMOBLTY,EQ,54938,24355,44.33
20,778,EDELWEISS,EQ,1271061,625602,49.22
20,779,EFACTOR,ST,3200,3200,100.00
20,780,EFFWA,ST,60400,59600,98.68
20,781,EFORCE,SM,30000,25200,84.00
20,782,EGOLD,EQ,112075,109444,97.65
20,783,EICHERMOT,EQ,197564,85502,43.28
20,784,EIDPARRY,EQ,107712,36073,33.49
20,785,EIEL,EQ,1954650,493232,25.23
20,786,EIFFL,EQ,18554,9903,53.37
20,787,EIHAHOTELS,EQ,14756,7319,49.60
20,788,EIHOTEL,EQ,191587,89855,46.90
20,789,EIMCOELECO,EQ,3870,2587,66.85
20,790,EKC,EQ,434006,171470,39.51
20,791,ELDEHSG,EQ,56,33,58.93
20,792,ELECON,EQ,173429,69789,40.24
20,793,ELECTCAST,EQ,1413914,680718,48.14
20,794,ELGIEQUIP,EQ,75202,36795,48.93
20,795,ELIN,EQ,58000,27292,47.06
20,796,EMAMILTD,EQ,270828,112421,41.51
20,797,EMAMIPAP,EQ,12000,5804,48.37
20,798,EMBASSY,RR,418615,395181,94.40
20,799,EMBDL,EQ,20050358,6467560,32.26
20,800,EMCURE,EQ,12126,6011,49.57
20,801,EMIL,EQ,509232,340487,66.86
20,802,EMKAYTOOLS,SM,5100,3150,61.76
20,803,EMMBI,EQ,67070,24463,36.47
20,804,EMMIL,ST,20000,19500,97.50
20,805,EMSLIMITED,EQ,315989,85298,26.99
20,806,EMUDHRA,EQ,169690,45813,27.00
20,807,EMULTIMQ,EQ,65072,58966,90.62
20,808,ENDURANCE,EQ,58629,24053,41.03
20,809,ENFUSE,ST,1200,1200,100.00
20,810,ENGINERSIN,EQ,3119676,957445,30.69
20,811,ENIL,EQ,66651,34151,51.24
20,812,ENSER,ST,14000,14000,100.00
20,813,ENTERO,EQ,316346,259846,82.14
20,814,ENVIRO,SM,66000,48000,72.73
20,815,EPACK,EQ,293900,137218,46.69
20,816,EPIGRAL,EQ,36716,9483,25.83
20,817,EPL,EQ,501896,295749,58.93
20,818,EQUAL50ADD,EQ,4520,2766,61.19
20,819,EQUITASBNK,EQ,6008113,2515041,41.86
20,820,ERIS,EQ,43094,27880,64.70
20,821,ESABINDIA,EQ,1309,444,33.92
20,822,ESAFSFB,EQ,534214,254041,47.55
20,823,ESCONET,ST,14400,13600,94.44
20,824,ESCORTS,EQ,178487,68752,38.52
20,825,ESFL,SM,226080,150840,66.72
20,826,ESG,EQ,5130,3508,68.38
20,827,ESILVER,EQ,168668,165239,97.97
20,828,ESPRIT,ST,49600,41600,83.87
20,829,ESTER,EQ,101283,46191,45.61
20,830,ETHOSLTD,EQ,18377,8498,46.24
20,831,ETML,SM,120000,91200,76.00
20,832,EUREKAFORB,EQ,124810,83681,67.05
20,833,EUROBOND,SM,1000,1000,100.00
20,834,EVEREADY,EQ,23718,8280,34.91
20,835,EVERESTIND,EQ,28104,16353,58.19
20,836,EVINDIA,EQ,207203,155863,75.22
20,837,EXCELINDUS,EQ,7396,3723,50.34
20,838,EXCELLENT,SM,1600,1600,100.00
20,839,EXICOM,EQ,723369,340322,47.05
20,840,EXIDEIND,EQ,1058356,365856,34.57
20,841,EXPLEOSOL,EQ,4473,2929,65.48
20,842,EXXARO,EQ,931121,434424,46.66
20,843,FACT,EQ,5306683,219802,4.14
20,844,FAIRCHEMOR,EQ,26263,7816,29.76
20,845,FALCONTECH,SM,2400,2400,100.00
20,846,FAZE3Q,EQ,5639,3970,70.40
20,847,FCL,EQ,1268443,244050,19.24
20,848,FCSSOFT,EQ,2459830,987736,40.15
20,849,FDC,EQ,26408,11760,44.53
20,850,FEDERALBNK,EQ,8047952,4059200,50.44
20,851,FEDFINA,EQ,407403,193020,47.38
20,852,FELIX,ST,29500,29500,100.00
20,853,FIBERWEB,EQ,156588,79712,50.91
20,854,FICRF3GP,MF,800,800,100.00
20,855,FIDEL,ST,2000,2000,100.00
20,856,FIEMIND,EQ,23162,12367,53.39
20,857,FILATEX,EQ,675932,240537,35.59
20,858,FINCABLES,EQ,553173,83930,15.17
20,859,FINEORG,EQ,33886,23617,69.70
20,860,FINIETF,EQ,97983,56995,58.17
20,861,FINOPB,EQ,156318,104314,66.73
20,862,FINPIPE,EQ,793868,427650,53.87
20,863,FIRSTCRY,EQ,326081,199832,61.28
20,864,FIVESTAR,EQ,311769,109866,35.24
20,865,FLAIR,EQ,35520,15510,43.67
20,866,FLUOROCHEM,EQ,28848,12997,45.05
20,867,FMCGIETF,EQ,720325,394238,54.73
20,868,FMGOETZE,EQ,21571,12917,59.88
20,869,FOCE,ST,5000,5000,100.00
20,870,FOCUS,EQ,91065,54219,59.54
20,871,FONEBOX,SM,1000,1000,100.00
20,872,FOODSIN,EQ,94929,50776,53.49
20,873,FORCAS,ST,9600,9600,100.00
20,874,FORCEMOT,EQ,21506,10041,46.69
20,875,FORGEAUTO,SM,1200,1200,100.00
20,876,FORTIS,EQ,1017844,585363,57.51
20,877,FOSECOIND,EQ,497,320,64.39
20,878,FRESHARA,ST,12000,12000,100.00
20,879,FROG,SM,40800,29600,72.55
20,880,FSL,EQ,1686596,448464,26.59
20,881,FUSION,EQ,1308990,992089,75.79
20,882,GABRIEL,EQ,119992,64575,53.82
20,883,GAEL,EQ,411168,136239,33.13
20,884,GAIL,EQ,5519645,2492027,45.15
20,885,GAJANAND,ST,15000,15000,100.00
20,886,GALAPREC,EQ,67929,25693,37.82
20,887,GALAXYSURF,EQ,9355,5523,59.04
20,888,GALLANTT,EQ,19233,13780,71.65
20,889,GANDHAR,EQ,148737,78013,52.45
20,890,GANDHITUBE,EQ,5784,2793,48.29
20,891,GANECOS,EQ,42622,15299,35.89
20,892,GANESHBE,EQ,40286,20237,50.23
20,893,GANESHHOUC,EQ,1658475,251846,15.19
20,894,GANESHIN,SM,115200,75200,65.28
20,895,GANGAFORGE,EQ,109608,73169,66.76
20,896,GANGESSECU,EQ,3491,2689,77.03
20,897,GARFIBRES,EQ,75503,37837,50.11
20,898,GARUDA,EQ,2631097,761175,28.93
20,899,GATEWAY,EQ,464342,171209,36.87
20,900,GEECEE,EQ,2796,1341,47.96
20,901,GEEKAYWIRE,EQ,68261,44365,64.99
20,902,GENCON,EQ,200473,166644,83.13
20,903,GENESYS,EQ,392363,120038,30.59
20,904,GENSOL,EQ,71373,33334,46.70
20,905,GENUSPAPER,EQ,227069,127009,55.93
20,906,GENUSPOWER,EQ,210820,97710,46.35
20,907,GEOJITFSL,EQ,371247,136065,36.65
20,908,GEPIL,EQ,121412,47414,39.05
20,909,GESHIP,EQ,582939,210548,36.12
20,910,GFLLIMITED,EQ,31336,14561,46.47
20,911,GGBL,SM,61800,36900,59.71
20,912,GHCL,EQ,741222,202724,27.35
20,913,GHCLTEXTIL,EQ,151345,73599,48.63
20,914,GICHSGFIN,EQ,122887,52967,43.10
20,915,GICL,ST,120000,120000,100.00
20,916,GICRE,EQ,1244210,249982,20.09
20,917,GILLETTE,EQ,3998,1405,35.14
20,918,GILT5YBEES,EQ,467340,412062,88.17
20,919,GINNIFILA,EQ,50838,28619,56.29
20,920,GIPCL,EQ,229542,78488,34.19
20,921,GIRIRAJ,ST,500,500,100.00
20,922,GKWLIMITED,EQ,381,200,52.49
20,923,GLAND,EQ,117007,55865,47.75
20,924,GLAXO,EQ,102985,66715,64.78
20,925,GLENMARK,EQ,413777,190225,45.97
20,926,GLOBAL,EQ,63206,28975,45.84
20,927,GLOBE,EQ,3946986,2746521,69.59
20,928,GLOBUSSPR,EQ,35043,17980,51.31
20,929,GLOSTERLTD,EQ,8449,3575,42.31
20,930,GLS,EQ,130938,92509,70.65
20,931,GMBREW,EQ,39344,16273,41.36
20,932,GMDCLTD,EQ,6382198,441502,6.92
20,933,GMMPFAUDLR,EQ,31247,14890,47.65
20,934,GMRAIRPORT,EQ,8571378,4100704,47.84
20,935,GMRP&UI,EQ,3957957,1946845,49.19
20,936,GNA,EQ,14298,7555,52.84
20,937,GNFC,EQ,594518,193220,32.50
20,938,GOACARBON,EQ,12415,5144,41.43
20,939,GOCLCORP,EQ,10506,4599,43.77
20,940,GOCOLORS,EQ,14068,6953,49.42
20,941,GODAVARIB,EQ,361804,214641,59.33
20,942,GODFRYPHLP,EQ,35935,13911,38.71
20,943,GODIGIT,EQ,7758486,4156259,53.57
20,944,GODREJAGRO,EQ,40829,19226,47.09
20,945,GODREJCP,EQ,2774043,1795443,64.72
20,946,GODREJIND,EQ,69042,26444,38.30
20,947,GODREJPROP,EQ,505095,239837,47.48
20,948,GOKEX,EQ,49220,16277,33.07
20,949,GOKULAGRO,EQ,83058,44728,53.85
20,950,GOLD1,EQ,546395,395731,72.43
20,951,GOLDBEES,EQ,9517063,6151325,64.63
20,952,GOLDCASE,EQ,868313,737712,84.96
20,953,GOLDETF,EQ,138806,111271,80.16
20,954,GOLDETFADD,EQ,23941,15930,66.54
20,955,GOLDIAM,EQ,994037,196512,19.77
20,956,GOLDIETF,EQ,1051959,862502,81.99
20,957,GOLDSHARE,EQ,278675,178861,64.18
20,958,GOLDSTAR,SM,135000,101250,75.00
20,959,GOODLUCK,EQ,72692,40564,55.80
20,960,GOPAL,EQ,293493,177626,60.52
20,961,GOYALALUM,EQ,69139,49122,71.05
20,962,GOYALSALT,SM,10800,9600,88.89
20,963,GPECO,ST,10800,9600,88.89
20,964,GPIL,EQ,679526,260499,38.34
20,965,GPPL,EQ,538578,280890,52.15
20,966,GPTHEALTH,EQ,46057,20395,44.28
20,967,GPTINFRA,EQ,62791,37746,60.11
20,968,GRANULES,EQ,621515,210989,33.95
20,969,GRAPHISAD,ST,1200,1200,100.00
20,970,GRAPHITE,EQ,248425,75095,30.23
20,971,GRASIM,EQ,443089,264140,59.61
20,972,GRAVITA,EQ,132559,54365,41.01
20,973,GREAVESCOT,EQ,2283465,533231,23.35
20,974,GREENCHEF,SM,12000,9600,80.00
20,975,GREENLAM,EQ,3644,1765,48.44
20,976,GREENPANEL,EQ,56088,23873,42.56
20,977,GREENPLY,EQ,46664,22016,47.18
20,978,GREENPOWER,EQ,2322552,1039072,44.74
20,979,GRETEX,ST,750,750,100.00
20,980,GRINDWELL,EQ,15818,8561,54.12
20,981,GRINFRA,EQ,7795,3016,38.69
20,982,GRMOVER,EQ,198539,63212,31.84
20,983,GROBTEA,EQ,70,34,48.57
20,984,GROWWDEFNC,EQ,126375,83497,66.07
20,985,GROWWEV,EQ,253228,163273,64.48
20,986,GROWWGOLD,EQ,128410,62800,48.91
20,987,GROWWLIQID,EQ,65466,49724,75.95
20,988,GRPLTD,EQ,436,240,55.05
20,989,GRSE,EQ,1080745,146336,13.54
20,990,GRWRHITECH,EQ,58622,16615,28.34
20,991,GSEC10IETF,EQ,1910,1308,68.48
20,992,GSEC10YEAR,EQ,46,46,100.00
20,993,GSEC5IETF,EQ,1122,1055,94.03
20,994,GSFC,EQ,13143585,2300520,17.50
20,995,GSLSU,EQ,967161,292983,30.29
20,996,GSMFOILS,ST,142000,136000,95.77
20,997,GSPL,EQ,19967461,1796448,9.00
20,998,GSS,EQ,31073,11762,37.85
20,999,GSTL,ST,25000,21000,84.00
20,1000,GTL,EQ,489393,217287,44.40
20,1001,GTLINFRA,EQ,40941617,13950692,34.07
20,1002,GTPL,EQ,84999,64881,76.33
20,1003,GUFICBIO,EQ,28781,14645,50.88
20,1004,GUJALKALI,EQ,22869,9254,40.47
20,1005,GUJAPOLLO,EQ,399920,133892,33.48
20,1006,GUJGASLTD,EQ,1516376,770540,50.81
20,1007,GULFOILLUB,EQ,57515,21505,37.39
20,1008,GULFPETRO,EQ,80930,56247,69.50
20,1009,GULPOLY,EQ,150149,61627,41.04
20,1010,GVPTECH,EQ,80470,52497,65.24
20,1011,HAL,EQ,2907534,768126,26.42
20,1012,HAPPSTMNDS,EQ,740829,625936,84.49
20,1013,HAPPYFORGE,EQ,9288,6438,69.32
20,1014,HARIOMPIPE,EQ,33994,17636,51.88
20,1015,HARRMALAYA,EQ,253773,71954,28.35
20,1016,HARSHA,EQ,46229,22434,48.53
20,1017,HATHWAY,EQ,3667433,1528936,41.69
20,1018,HATSUN,EQ,165337,39829,24.09
20,1019,HAVELLS,EQ,4102106,913243,22.26
20,1020,HAVISHA,EQ,61268,49531,80.84
20,1021,HBLENGINE,EQ,1056779,389091,36.82
20,1022,HBSL,EQ,16285,8850,54.34
20,1023,HCC,EQ,23464975,5972316,25.45
20,1024,HCG,EQ,77086,44516,57.75
20,1025,HCL-INSYS,EQ,117023,78394,66.99
20,1026,HCLTECH,EQ,2424374,1290597,53.23
20,1027,HDFCAMC,EQ,297514,168918,56.78
20,1028,HDFCBANK,EQ,11556038,8358047,72.33
20,1029,HDFCBSE500,EQ,21360,17332,81.14
20,1030,HDFCGOLD,EQ,1149454,737402,64.15
20,1031,HDFCGROWTH,EQ,3090,2741,88.71
20,1032,HDFCLIFE,EQ,3671715,1139072,31.02
20,1033,HDFCLIQUID,EQ,4945,4319,87.34
20,1034,HDFCLOWVOL,EQ,6678,5944,89.01
20,1035,HDFCMID150,EQ,361374,296370,82.01
20,1036,HDFCMOMENT,EQ,352236,203733,57.84
20,1037,HDFCNEXT50,EQ,110293,100203,90.85
20,1038,HDFCNIF100,EQ,118264,116063,98.14
20,1039,HDFCNIFBAN,EQ,46720,25170,53.87
20,1040,HDFCNIFIT,EQ,36516,22773,62.36
20,1041,HDFCNIFTY,EQ,278791,267588,95.98
20,1042,HDFCPSUBK,EQ,12767,6817,53.40
20,1043,HDFCPVTBAN,EQ,201073,178445,88.75
20,1044,HDFCQUAL,EQ,6284,4772,75.94
20,1045,HDFCSENSEX,EQ,17315,12690,73.29
20,1046,HDFCSILVER,EQ,258617,175244,67.76
20,1047,HDFCSML250,EQ,394398,244302,61.94
20,1048,HDFCVALUE,EQ,7678,7347,95.69
20,1049,HEADSUP,EQ,35182,24030,68.30
20,1050,HEALTHADD,EQ,5302,5182,97.74
20,1051,HEALTHIETF,EQ,32737,21771,66.50
20,1052,HEALTHY,EQ,120131,80076,66.66
20,1053,HEG,EQ,410812,146642,35.70
20,1054,HEIDELBERG,EQ,46183,23452,50.78
20,1055,HEMIPROP,EQ,352326,171452,48.66
20,1056,HERANBA,EQ,29010,15706,54.14
20,1057,HERITGFOOD,EQ,396939,188195,47.41
20,1058,HEROMOTOCO,EQ,211342,88411,41.83
20,1059,HESTERBIO,EQ,2732,1542,56.44
20,1060,HEUBACHIND,EQ,8103,5020,61.95
20,1061,HEXATRADEX,EQ,2066,932,45.11
20,1062,HFCL,EQ,36537842,5172214,14.16
20,1063,HGINFRA,EQ,30991,10409,33.59
20,1064,HGS,EQ,12217,6489,53.11
20,1065,HIGREEN,ST,17600,17600,100.00
20,1066,HIKAL,EQ,102932,49200,47.80
20,1067,HIL,EQ,9222,6985,75.74
20,1068,HILTON,EQ,77937,40561,52.04
20,1069,HIMATSEIDE,EQ,607632,215675,35.49
20,1070,HINDALCO,EQ,6414327,3306850,51.55
20,1071,HINDCOMPOS,EQ,7065,2963,41.94
20,1072,HINDCOPPER,EQ,11483471,2286323,19.91
20,1073,HINDMOTORS,EQ,13560806,2758867,20.34
20,1074,HINDOILEXP,EQ,385433,188667,48.95
20,1075,HINDPETRO,EQ,3122954,1104782,35.38
20,1076,HINDUNILVR,EQ,1333005,989627,74.24
20,1077,HINDWAREAP,EQ,78921,50592,64.10
20,1078,HINDZINC,EQ,631209,286822,45.44
20,1079,HIRECT,EQ,29186,14211,48.69
20,1080,HISARMETAL,EQ,8325,5955,71.53
20,1081,HITECH,EQ,477381,271490,56.87
20,1082,HITECHCORP,EQ,2596,1786,68.80
20,1083,HLEGLAS,EQ,51245,9775,19.08
20,1084,HLVLTD,EQ,1042282,396965,38.09
20,1085,HMAAGRO,EQ,173618,107882,62.14
20,1086,HMVL,EQ,35153,20960,59.63
20,1087,HNDFDS,EQ,23466,9548,40.69
20,1088,HNGSNGBEES,EQ,52641,34408,65.36
20,1089,HOACFOODS,ST,2250,1500,66.67
20,1090,HOLMARC,ST,12000,12000,100.00
20,1091,HOMEFIRST,EQ,495930,302940,61.09
20,1092,HONASA,EQ,268653,137820,51.30
20,1093,HONAUT,EQ,976,412,42.21
20,1094,HONDAPOWER,EQ,2000,905,45.25
20,1095,HOVS,EQ,4975,3530,70.95
20,1096,HPAL,EQ,112761,68249,60.53
20,1097,HPIL,EQ,6049,3286,54.32
20,1098,HPL,EQ,92335,29017,31.43
20,1099,HSCL,EQ,381826,151964,39.80
20,1100,HTMEDIA,EQ,99607,57812,58.04
20,1101,HUDCO,EQ,7359131,1646863,22.38
20,1102,HUHTAMAKI,EQ,57035,40359,70.76
20,1103,HVAX,ST,5100,5100,100.00
20,1104,HYUNDAI,EQ,2441970,1751978,71.74
20,1105,IBLFL,ST,2000,2000,100.00
20,1106,ICEMAKE,EQ,17184,10061,58.55
20,1107,ICICIB22,EQ,357980,247705,69.20
20,1108,ICICIBANK,EQ,9790533,6522583,66.62
20,1109,ICICIGI,EQ,830712,405147,48.77
20,1110,ICICIPRULI,EQ,1602885,947634,59.12
20,1111,ICIL,EQ,481882,116467,24.17
20,1112,ICRA,EQ,1558,549,35.24
20,1113,IDBI,EQ,31597849,6748439,21.36
20,1114,IDEA,EQ,485924287,115855979,23.84
20,1115,IDEAFORGE,EQ,57798,28384,49.11
20,1116,IDEALTECHO,SM,17000,15000,88.24
20,1117,IDENTICAL,SM,130000,78000,60.00
20,1118,IDFCFIRSTB,EQ,15118299,5441701,35.99
20,1119,IDFNIFTYET,EQ,312,270,86.54
20,1120,IEML,SM,8500,6500,76.47
20,1121,IEX,EQ,2523552,637004,25.24
20,1122,IFBAGRO,EQ,3726,2011,53.97
20,1123,IFBIND,EQ,79131,39325,49.70
20,1124,IFCI,EQ,16747144,3862347,23.06
20,1125,IFCIZC25,NM,168,168,100.00
20,1126,IFGLEXPOR,EQ,9145,5007,54.75
20,1127,IGARASHI,EQ,16264,6644,40.85
20,1128,IGIL,EQ,3774660,2145006,56.83
20,1129,IGL,EQ,2906979,960425,33.04
20,1130,IGPL,EQ,28539,18859,66.08
20,1131,IIFL,EQ,797333,294509,36.94
20,1132,IIFLCAPS,EQ,101439,52102,51.36
20,1133,IIFLZC25,ND,8,8,100.00
20,1134,IIFLZC26,NN,10,10,100.00
20,1135,IIFLZC28,NG,2,2,100.00
20,1136,IKIO,EQ,32496,17553,54.02
20,1137,IKS,EQ,150659,69725,46.28
20,1138,IMAGICAA,EQ,444669,175466,39.46
20,1139,IMC1,N0,41,41,100.00
20,1140,IMC1,N2,10,10,100.00
20,1141,IMFA,EQ,91500,44652,48.80
20,1142,IMPAL,EQ,392,310,79.08
20,1143,INCREDIBLE,EQ,22272,17389,78.08
20,1144,INDBANK,EQ,64594,39103,60.54
20,1145,INDGN,EQ,470801,224065,47.59
20,1146,INDHOTEL,EQ,2381426,1018765,42.78
20,1147,INDIACEM,EQ,850049,625495,73.58
20,1148,INDIAGLYCO,EQ,253032,96486,38.13
20,1149,INDIAMART,EQ,249982,119088,47.64
20,1150,INDIANB,EQ,886514,284992,32.15
20,1151,INDIANHUME,EQ,14043,4663,33.21
20,1152,INDIASHLTR,EQ,94168,65910,69.99
20,1153,INDIFRA,SM,8000,6000,75.00
20,1154,INDIGO,EQ,302579,150856,49.86
20,1155,INDIGOPNTS,EQ,97710,47503,48.62
20,1156,INDIGRID,IV,398638,339461,85.16
20,1157,INDNIPPON,EQ,3548,1973,55.61
20,1158,INDOAMIN,EQ,83437,35839,42.95
20,1159,INDOBORAX,EQ,120342,43415,36.08
20,1160,INDOCO,EQ,54852,20095,36.63
20,1161,INDOFARM,EQ,615211,221224,35.96
20,1162,INDORAMA,EQ,161023,73872,45.88
20,1163,INDOSTAR,EQ,142459,73687,51.73
20,1164,INDOWIND,EQ,240211,99385,41.37
20,1165,INDRAMEDCO,EQ,136491,56410,41.33
20,1166,INDTERRAIN,EQ,39125,26420,67.53
20,1167,INDUSINDBK,EQ,3066978,1477810,48.18
20,1168,INDUSTOWER,EQ,14711286,8176252,55.58
20,1169,INFIBEAM,EQ,7719451,3241591,41.99
20,1170,INFINIUM,SM,1500,1000,66.67
20,1171,INFOBEAN,EQ,5526,2275,41.17
20,1172,INFOLLION,ST,10800,7600,70.37
20,1173,INFOMEDIA,EQ,13425,8720,64.95
20,1174,INFRABEES,EQ,21578,16557,76.73
20,1175,INFRAIETF,EQ,36904,21415,58.03
20,1176,INFY,EQ,16409953,9959925,60.69
20,1177,INGERRAND,EQ,8713,4393,50.42
20,1178,INM,SM,600,600,100.00
20,1179,INNOMET,SM,3600,2400,66.67
20,1180,INNOVACAP,EQ,40633,15861,39.03
20,1181,INNOVANA,EQ,2281,1447,63.44
20,1182,INOXGREEN,EQ,399385,166676,41.73
20,1183,INOXINDIA,EQ,51428,27026,52.55
20,1184,INOXWIND,EQ,4000235,1608958,40.22
20,1185,INSECTICID,EQ,31325,23585,75.29
20,1186,INSPIRE,SM,12000,10000,83.33
20,1187,INSPIRISYS,EQ,16845,13202,78.37
20,1188,INTELLECT,EQ,347165,79299,22.84
20,1189,INTENTECH,EQ,17428,8036,46.11
20,1190,INTERARCH,EQ,100434,38403,38.24
20,1191,INTLCONV,EQ,57033,25628,44.94
20,1192,INVENTURE,EQ,1187682,726318,61.15
20,1193,IOB,EQ,6231707,1096481,17.60
20,1194,IOC,EQ,24617689,15806888,64.21
20,1195,IOLCP,EQ,126935,50569,39.84
20,1196,IONEXCHANG,EQ,72266,26014,36.00
20,1197,IPCALAB,EQ,175258,72290,41.25
20,1198,IPHL,ST,18000,18000,100.00
20,1199,IPL,EQ,102167,50718,49.64
20,1200,IRB,EQ,20429068,4961386,24.29
20,1201,IRBINVIT,IV,132894,128892,96.99
20,1202,IRCON,EQ,25248405,2371816,9.39
20,1203,IRCTC,EQ,1489997,648174,43.50
20,1204,IREDA,EQ,15014491,2668817,17.77
20,1205,IRFC,EQ,30934225,5434193,17.57
20,1206,IRISDOREME,EQ,83073,24659,29.68
20,1207,IRMENERGY,EQ,22774,15019,65.95
20,1208,ISEC,EQ,86226,45664,52.96
20,1209,ISFT,EQ,15121,6214,41.10
20,1210,ISGEC,EQ,47834,23550,49.23
20,1211,ISHAN,SM,192000,144000,75.00
20,1212,IT,EQ,38902,27636,71.04
20,1213,ITALIANE,SM,2000,2000,100.00
20,1214,ITBEES,EQ,11386103,7583535,66.60
20,1215,ITC,EQ,11270061,7348281,65.20
20,1216,ITDC,EQ,57076,22324,39.11
20,1217,ITDCEM,EQ,389275,246890,63.42
20,1218,ITETF,EQ,169755,141258,83.21
20,1219,ITETFADD,EQ,32280,19974,61.88
20,1220,ITIETF,EQ,7975478,6170481,77.37
20,1221,IVC,EQ,124307,83255,66.98
20,1222,IVP,EQ,1853,956,51.59
20,1223,IVZINGOLD,EQ,287,179,62.37
20,1224,IVZINNIFTY,EQ,36,36,100.00
20,1225,IWEL,EQ,4242,1946,45.87
20,1226,IXIGO,EQ,641890,253949,39.56
20,1227,JAGRAN,EQ,89706,52596,58.63
20,1228,JAGSNPHARM,EQ,104598,39679,37.93
20,1229,JAIBALAJI,EQ,330998,142636,43.09
20,1230,JAICORPLTD,EQ,1344353,719993,53.56
20,1231,JAINAM,ST,2000,2000,100.00
20,1232,JAIPURKURT,EQ,145062,80833,55.72
20,1233,JALAN,ST,168000,165000,98.21
20,1234,JAMNAAUTO,EQ,620089,309147,49.86
20,1235,JASH,EQ,115073,48267,41.94
20,1236,JAYAGROGN,EQ,11275,8193,72.67
20,1237,JAYBARMARU,EQ,45196,26097,57.74
20,1238,JAYBEE,ST,14000,14000,100.00
20,1239,JAYNECOIND,EQ,108655,60173,55.38
20,1240,JAYSREETEA,EQ,161110,50140,31.12
20,1241,JBCHEPHARM,EQ,130990,102081,77.93
20,1242,JBMA,EQ,56207,20636,36.71
20,1243,JCHAC,EQ,31585,25183,79.73
20,1244,JEYYAM,SM,24000,16000,66.67
20,1245,JFLLIFE,ST,6000,6000,100.00
20,1246,JGCHEM,EQ,123658,57700,46.66
20,1247,JHS,EQ,184988,153830,83.16
20,1248,JINDALPHOT,EQ,15227,4028,26.45
20,1249,JINDALPOLY,EQ,24703,12728,51.52
20,1250,JINDALSAW,EQ,910751,440259,48.34
20,1251,JINDALSTEL,EQ,1374068,690413,50.25
20,1252,JINDRILL,EQ,48238,23931,49.61
20,1253,JINDWORLD,EQ,327316,126976,38.79
20,1254,JIOFIN,EQ,12895002,5541750,42.98
20,1255,JISLDVREQS,EQ,101919,44431,43.59
20,1256,JISLJALEQS,EQ,7485264,2610089,34.87
20,1257,JITFINFRA,EQ,28180,12637,44.84
20,1258,JIWANRAM,SM,42000,42000,100.00
20,1259,J&KBANK,EQ,1875198,724238,38.62
20,1260,JKCEMENT,EQ,89366,36140,40.44
20,1261,JKIL,EQ,92279,55271,59.90
20,1262,JKLAKSHMI,EQ,19133,7644,39.95
20,1263,JKPAPER,EQ,325911,139036,42.66
20,1264,JKTYRE,EQ,214982,125490,58.37
20,1265,JLHL,EQ,23058,11868,51.47
20,1266,JMA,EQ,6091,4264,70.00
20,1267,JMFINANCIL,EQ,1499072,573122,38.23
20,1268,JNKINDIA,EQ,19610,12928,65.93
20,1269,JOCIL,EQ,2089,1154,55.24
20,1270,JPOLYINVST,EQ,5075,2215,43.65
20,1271,JPPOWER,EQ,19400595,5640459,29.07
20,1272,JSFB,EQ,178874,112332,62.80
20,1273,JSL,EQ,390412,188124,48.19
20,1274,JSLL,SM,28080,22860,81.41
20,1275,JSWENERGY,EQ,1431717,532479,37.19
20,1276,JSWINFRA,EQ,616784,254862,41.32
20,1277,JSWSTEEL,EQ,911260,285996,31.38
20,1278,JTEKTINDIA,EQ,66563,27038,40.62
20,1279,JTLIND,EQ,5250364,2405981,45.83
20,1280,JUBLFOOD,EQ,1887110,1090193,57.77
20,1281,JUBLINGREA,EQ,98115,31642,32.25
20,1282,JUBLPHARMA,EQ,563722,172424,30.59
20,1283,JUNIORBEES,EQ,230618,94889,41.15
20,1284,JUNIPER,EQ,115587,57579,49.81
20,1285,JUSTDIAL,EQ,299470,112419,37.54
20,1286,JWL,EQ,4786265,479639,10.02
20,1287,JYOTHYLAB,EQ,222599,85944,38.61
20,1288,JYOTICNC,EQ,141589,61363,43.34
20,1289,JYOTISTRUC,EQ,6999837,3874683,55.35
20,1290,K2INFRA,ST,49800,49200,98.80
20,1291,KABRAEXTRU,EQ,60777,26850,44.18
20,1292,KAJARIACER,EQ,52937,18036,34.07
20,1293,KAKATCEM,EQ,6697,2367,35.34
20,1294,KALAMANDIR,EQ,400564,265546,66.29
20,1295,KALANA,SM,34000,22000,64.71
20,1296,KALYANKJIL,EQ,29250914,6814427,23.30
20,1297,KAMATHOTEL,EQ,22879,9849,43.05
20,1298,KAMDHENU,EQ,2531100,1644834,64.98
20,1299,KANANIIND,EQ,205315,141377,68.86
20,1300,KANDARP,ST,44000,44000,100.00
20,1301,KANORICHEM,EQ,10015,5746,57.37
20,1302,KANPRPLA,EQ,11162,7392,66.22
20,1303,KANSAINER,EQ,140184,64783,46.21
20,1304,KAPSTON,EQ,1074,684,63.69
20,1305,KARMAENG,EQ,4089,2430,59.43
20,1306,KARNIKA,ST,2800,2800,100.00
20,1307,KARURVYSYA,EQ,2098845,1017607,48.48
20,1308,KATARIA,ST,22200,20400,91.89
20,1309,KAUSHALYA,EQ,266,151,56.77
20,1310,KAYNES,EQ,425207,85965,20.22
20,1311,KBCGLOBAL,EQ,25107729,9164526,36.50
20,1312,KCEIL,ST,80500,71000,88.20
20,1313,KCP,EQ,101415,42763,42.17
20,1314,KCPSUGIND,EQ,272298,144617,53.11
20,1315,KDDL,EQ,6023,3181,52.81
20,1316,KDL,ST,7350,7200,97.96
20,1317,KEC,EQ,227223,103743,45.66
20,1318,KECL,EQ,61150,32594,53.30
20,1319,KEI,EQ,76025,31134,40.95
20,1320,KEL,SM,2400,2400,100.00
20,1321,KELLTONTEC,EQ,1088916,304886,28.00
20,1322,KESORAMIND,EQ,369557,165138,44.69
20,1323,KEYFINSERV,EQ,25783,9134,35.43
20,1324,KFINTECH,EQ,614185,372359,60.63
20,1325,KHADIM,EQ,2196,1259,57.33
20,1326,KHAICHEM,EQ,1064352,213780,20.09
20,1327,KHAITANLTD,EQ,10157,3515,34.61
20,1328,KHANDSE,EQ,39772,17731,44.58
20,1329,KHFM,SM,1550,1550,100.00
20,1330,KICL,EQ,2874,1609,55.98
20,1331,KILITCH,EQ,3336,2131,63.88
20,1332,KIMS,EQ,308847,175676,56.88
20,1333,KINGFA,EQ,14121,7124,50.45
20,1334,KIOCL,EQ,104201,30679,29.44
20,1335,KIRIINDUS,EQ,184808,98344,53.21
20,1336,KIRLOSBROS,EQ,68089,21208,31.15
20,1337,KIRLOSENG,EQ,123621,62814,50.81
20,1338,KIRLOSIND,EQ,1328,817,61.52
20,1339,KIRLPNU,EQ,62669,30359,48.44
20,1340,KKCL,EQ,38348,23579,61.49
20,1341,KLL,SM,21600,16800,77.78
20,1342,KMEW,EQ,2258,1158,51.28
20,1343,KMSUGAR,EQ,115384,34205,29.64
20,1344,KNAGRI,ST,16800,16400,97.62
20,1345,KNRCON,EQ,619528,290166,46.84
20,1346,KODYTECH,SM,6000,3000,50.00
20,1347,KOHINOOR,EQ,163852,28177,17.20
20,1348,KOKUYOCMLN,EQ,21422,10619,49.57
20,1349,KOLTEPATIL,EQ,337316,96984,28.75
20,1350,KONSTELEC,ST,10000,8000,80.00
20,1351,KONTOR,SM,4200,4200,100.00
20,1352,KORE,ST,1250,1250,100.00
20,1353,KOTAKBANK,EQ,3521728,2348861,66.70
20,1354,KOTARISUG,EQ,44940,21351,47.51
20,1355,KOTHARIPET,EQ,43581,23679,54.33
20,1356,KOTYARK,SM,11300,8400,74.34
20,1357,KPEL,EQ,216912,77178,35.58
20,1358,KPIGREEN,EQ,497383,298327,59.98
20,1359,KPIL,EQ,85261,43228,50.70
20,1360,KPITTECH,EQ,1228331,621551,50.60
20,1361,KPRMILL,EQ,141365,47412,33.54
20,1362,KRBL,EQ,131620,46798,35.56
20,1363,KRISHANA,EQ,144025,94881,65.88
20,1364,KRISHCA,SM,8000,5500,68.75
20,1365,KRISHNADEF,SM,33500,23000,68.66
20,1366,KRITINUT,EQ,18299,8488,46.39
20,1367,KRN,EQ,947745,202040,21.32
20,1368,KRONOX,EQ,70423,33525,47.61
20,1369,KROSS,EQ,139822,54553,39.02
20,1370,KRSNAA,EQ,23350,11204,47.98
20,1371,KRYSTAL,EQ,54848,19632,35.79
20,1372,KSB,EQ,47936,26362,54.99
20,1373,KSCL,EQ,55926,35479,63.44
20,1374,KSL,EQ,16212,5902,36.41
20,1375,KSOLVES,EQ,13455,6436,47.83
20,1376,KTKBANK,EQ,1223878,837256,68.41
20,1377,KTL,ST,3000,3000,100.00
20,1378,KUANTUM,EQ,23713,13413,56.56
20,1379,LAGNAM,EQ,20544,12161,59.19
20,1380,LAKSHYA,SM,62400,44800,71.79
20,1381,LALPATHLAB,EQ,50900,26162,51.40
20,1382,LAMOSAIC,ST,7200,7200,100.00
20,1383,LANCORHOL,EQ,212461,66967,31.52
20,1384,LANDMARK,EQ,195516,78493,40.15
20,1385,LAOPALA,EQ,26013,14526,55.84
20,1386,LASA,EQ,23543,5248,22.29
20,1387,LATENTVIEW,EQ,118216,62312,52.71
20,1388,LAURUSLABS,EQ,1251413,510833,40.82
20,1389,LAWSIKHO,SM,31500,26500,84.13
20,1390,LAXMICOT,EQ,15806,12934,81.83
20,1391,LEMERITE,ST,12800,8800,68.75
20,1392,LEMONTREE,EQ,2137729,694609,32.49
20,1393,LEXUS,EQ,12293,6834,55.59
20,1394,LFIC,EQ,3491,2169,62.13
20,1395,LGBBROSLTD,EQ,11102,6684,60.21
20,1396,LIBAS,EQ,49134,18192,37.03
20,1397,LIBERTSHOE,EQ,5596,3235,57.81
20,1398,LICHSGFIN,EQ,807523,439317,54.40
20,1399,LICI,EQ,772593,287042,37.15
20,1400,LICMFGOLD,EQ,907,673,74.20
20,1401,LICNETFGSC,EQ,18421,16692,90.61
20,1402,LICNETFN50,EQ,567,437,77.07
20,1403,LICNETFSEN,EQ,86,58,67.44
20,1404,LICNFNHGP,EQ,1487,1340,90.11
20,1405,LICNMID100,EQ,2044,1187,58.07
20,1406,LIKHITHA,EQ,42347,17535,41.41
20,1407,LINC,EQ,31453,15115,48.06
20,1408,LINCOLN,EQ,34863,16968,48.67
20,1409,LINDEINDIA,EQ,94204,47307,50.22
20,1410,LIQUID,EQ,299660,81049,27.05
20,1411,LIQUID1,EQ,100577,86467,85.97
20,1412,LIQUIDADD,EQ,896796,637814,71.12
20,1413,LIQUIDBEES,EQ,3153956,2629040,83.36
20,1414,LIQUIDBETF,EQ,16943,13884,81.95
20,1415,LIQUIDCASE,EQ,4833274,4528116,93.69
20,1416,LIQUIDETF,EQ,104361,58671,56.22
20,1417,LIQUIDIETF,EQ,669379,327310,48.90
20,1418,LIQUIDPLUS,EQ,333300,310019,93.02
20,1419,LIQUIDSBI,EQ,5202,3749,72.07
20,1420,LIQUIDSHRI,EQ,5131,5107,99.53
20,1421,LLOYDS,SM,2000,2000,100.00
20,1422,LLOYDSENGG,EQ,4587849,1481186,32.28
20,1423,LLOYDSENT,EQ,2682853,913217,34.04
20,1424,LLOYDSME,EQ,229944,69987,30.44
20,1425,LMW,EQ,4584,1507,32.88
20,1426,LODHA,EQ,4892113,1499799,30.66
20,1427,LOKESHMACH,EQ,22095,14129,63.95
20,1428,LOTUSEYE,EQ,24054,14557,60.52
20,1429,LOVABLE,EQ,11631,5074,43.62
20,1430,LOWVOL,EQ,367,267,72.75
20,1431,LOWVOL1,EQ,10385,5675,54.65
20,1432,LOWVOLIETF,EQ,469047,310135,66.12
20,1433,LRRPL,ST,6000,4500,75.00
20,1434,LT,EQ,1600246,948080,59.25
20,1435,LTF,EQ,2655923,1065659,40.12
20,1436,LTFOODS,EQ,141783,63357,44.69
20,1437,LTGILTBEES,EQ,2892969,2169615,75.00
20,1438,LTIM,EQ,766633,286967,37.43
20,1439,LTTS,EQ,524096,105564,20.14
20,1440,LUMAXIND,EQ,4095,3171,77.44
20,1441,LUMAXTECH,EQ,122650,53541,43.65
20,1442,LUPIN,EQ,289281,102701,35.50
20,1443,LUXIND,EQ,42227,13493,31.95
20,1444,LXCHEM,EQ,572948,247520,43.20
20,1445,LYKALABS,EQ,48331,21192,43.85
20,1446,LYPSAGEMS,EQ,21284,8802,41.36
20,1447,MACOBSTECH,SM,8800,8000,90.91
20,1448,MACPOWER,EQ,5373,3130,58.25
20,1449,MADHAV,EQ,15450,5507,35.64
20,1450,MADHAVBAUG,SM,6000,5200,86.67
20,1451,MADHUCON,EQ,33327,22308,66.94
20,1452,MADHUSUDAN,SM,3000,2000,66.67
20,1453,MADRASFERT,EQ,390281,90057,23.07
20,1454,MAFANG,EQ,298161,227767,76.39
20,1455,MAGADSUGAR,EQ,6196,3736,60.30
20,1456,MAGNUM,EQ,114307,93401,81.71
20,1457,MAGSON,SM,28000,8000,28.57
20,1458,MAHABANK,EQ,12195190,3867779,31.72
20,1459,MAHAPEXLTD,EQ,6301,2761,43.82
20,1460,MAHEPC,EQ,4684770,751891,16.05
20,1461,MAHESHWARI,EQ,36687,27249,74.27
20,1462,MAHICKRA,SM,29250,29250,100.00
20,1463,MAHKTECH,EQ,694386,572466,82.44
20,1464,MAHLIFE,EQ,46941,19850,42.29
20,1465,MAHLOG,EQ,46243,23763,51.39
20,1466,MAHSCOOTER,EQ,4810,1396,29.02
20,1467,MAHSEAMLES,EQ,140304,61511,43.84
20,1468,MAITHANALL,EQ,15611,8715,55.83
20,1469,MAITREYA,ST,2000,2000,100.00
20,1470,MAKEINDIA,EQ,8995,5960,66.26
20,1471,MAKS,SM,21000,21000,100.00
20,1472,MAL,SM,11200,11200,100.00
20,1473,MALLCOM,EQ,1742,753,43.23
20,1474,MALUPAPER,EQ,23589,17883,75.81
20,1475,MAMATA,EQ,1710325,306796,17.94
20,1476,MANAKALUCO,EQ,14778,9262,62.67
20,1477,MANAKSIA,EQ,29577,14808,50.07
20,1478,MANAKSTEEL,EQ,65779,17417,26.48
20,1479,MANALIPETC,EQ,279099,112124,40.17
20,1480,MANAPPURAM,EQ,13882949,6530122,47.04
20,1481,MANBA,EQ,194135,99706,51.36
20,1482,MANCREDIT,EQ,34686,18002,51.90
20,1483,MANDEEP,SM,4000,4000,100.00
20,1484,MANGALAM,EQ,20068,10288,51.27
20,1485,MANGCHEFER,EQ,467030,242080,51.83
20,1486,MANGLMCEM,EQ,36471,16692,45.77
20,1487,MANINDS,EQ,230989,109391,47.36
20,1488,MANINFRA,EQ,1716528,440835,25.68
20,1489,MANKIND,EQ,323334,189081,58.48
20,1490,MANOMAY,EQ,73363,59411,80.98
20,1491,MANORAMA,EQ,28542,21521,75.40
20,1492,MANORG,EQ,4538,3607,79.48
20,1493,MANUGRAPH,EQ,6207,5141,82.83
20,1494,MANYAVAR,EQ,72275,41555,57.50
20,1495,MAPMYINDIA,EQ,236117,80794,34.22
20,1496,MARALOVER,EQ,10550,5352,50.73
20,1497,MARATHON,EQ,347491,203505,58.56
20,1498,MARCO,SM,9000,4500,50.00
20,1499,MARICO,EQ,2338569,1475918,63.11
20,1500,MARINETRAN,ST,4000,4000,100.00
20,1501,MARKSANS,EQ,510596,173963,34.07
20,1502,MARUTI,EQ,285370,138311,48.47
20,1503,MASFIN,EQ,116934,77122,65.95
20,1504,MASON,ST,8000,8000,100.00
20,1505,MASPTOP50,EQ,230590,159359,69.11
20,1506,MASTEK,EQ,172417,53548,31.06
20,1507,MASTER,SM,2500,2000,80.00
20,1508,MASTERTR,EQ,15542,10811,69.56
20,1509,MATRIMONY,EQ,6604,5072,76.80
20,1510,MAWANASUG,EQ,23123,13984,60.48
20,1511,MAXESTATES,EQ,49361,27457,55.62
20,1512,MAXHEALTH,EQ,2750545,1723700,62.67
20,1513,MAXIND,EQ,23503,11194,47.63
20,1514,MAXPOSURE,SM,17000,15000,88.24
20,1515,MAYURUNIQ,EQ,25926,12914,49.81
20,1516,MAZDA,EQ,82500,13547,16.42
20,1517,MAZDOCK,EQ,2714853,436240,16.07
20,1518,MBAPL,EQ,69124,44382,64.21
20,1519,MBLINFRA,EQ,126933,72147,56.84
20,1520,MCON,ST,12000,11000,91.67
20,1521,MCX,EQ,236653,73202,30.93
20,1522,MDL,SM,2000,2000,100.00
20,1523,MEDANTA,EQ,222463,171010,76.87
20,1524,MEDIASSIST,EQ,52833,28511,53.96
20,1525,MEDICAMEQ,EQ,16956,9618,56.72
20,1526,MEDICO,EQ,1434408,657221,45.82
20,1527,MEDIORG,ST,62000,56000,90.32
20,1528,MEDPLUS,EQ,61243,33382,54.51
20,1529,MEGAFLEX,SM,3000,3000,100.00
20,1530,MEGASTAR,EQ,4580,2027,44.26
20,1531,MEGATHERM,SM,10400,6400,61.54
20,1532,MENONBE,EQ,17302,9928,57.38
20,1533,METAL,EQ,207741,151708,73.03
20,1534,METALIETF,EQ,1754774,954944,54.42
20,1535,METROBRAND,EQ,121859,41767,34.27
20,1536,METROPOLIS,EQ,37807,14052,37.17
20,1537,MFSL,EQ,926404,382955,41.34
20,1538,MGEL,EQ,344343,219669,63.79
20,1539,MGL,EQ,761011,270572,35.55
20,1540,MHHL,SM,64500,42000,65.12
20,1541,MHRIL,EQ,97821,59048,60.36
20,1542,MICEL,EQ,161271,87064,53.99
20,1543,MICROPRO,SM,3200,3200,100.00
20,1544,MID150BEES,EQ,329002,220546,67.03
20,1545,MID150CASE,EQ,1177016,948791,80.61
20,1546,MIDCAP,EQ,26627,15338,57.60
20,1547,MIDCAPETF,EQ,695243,547642,78.77
20,1548,MIDCAPIETF,EQ,676423,358349,52.98
20,1549,MIDHANI,EQ,557089,187803,33.71
20,1550,MIDQ50ADD,EQ,2257,1680,74.44
20,1551,MIDSELIETF,EQ,481196,351766,73.10
20,1552,MIDSMALL,EQ,87686,58550,66.77
20,1553,MIEL,ST,16000,14000,87.50
20,1554,MINDACORP,EQ,815349,399804,49.03
20,1555,MINDSPACE,RR,54188,43664,80.58
20,1556,MINDTECK,EQ,32157,18719,58.21
20,1557,MIRCELECTR,EQ,317109,147831,46.62
20,1558,MIRZAINT,EQ,55176,30903,56.01
20,1559,MITCON,EQ,13991,7693,54.99
20,1560,MITCONPP,E1,1657,844,50.94
20,1561,MITTAL,EQ,3318071,1575182,47.47
20,1562,M&M,EQ,2002830,1114894,55.67
20,1563,M&MFIN,EQ,1147484,563504,49.11
20,1564,MMFL,EQ,212142,88297,41.62
20,1565,MMP,EQ,9214,5369,58.27
20,1566,MMTC,EQ,3565991,588920,16.51
20,1567,MNC,EQ,24211,18636,76.97
20,1568,MOBIKWIK,EQ,17567583,777617,4.43
20,1569,MODEFENCE,EQ,472410,286509,60.65
20,1570,MODIRUBBER,EQ,2364,1460,61.76
20,1571,MODISONLTD,EQ,17838,10779,60.43
20,1572,MOGSEC,EQ,1270,457,35.98
20,1573,MOHEALTH,EQ,33572,29138,86.79
20,1574,MOIL,EQ,1993510,563749,28.28
20,1575,MOKSH,EQ,95121,63818,67.09
20,1576,MOL,EQ,456327,159818,35.02
20,1577,MOLDTECH,EQ,30703,19859,64.68
20,1578,MOLDTKPAC,EQ,72645,44407,61.13
20,1579,MOLOWVOL,EQ,2794774,2793914,99.97
20,1580,MOM100,EQ,228232,126594,55.47
20,1581,MOM30IETF,EQ,892674,608490,68.16
20,1582,MOM50,EQ,5392,5094,94.47
20,1583,MOMENTUM,EQ,70976,60323,84.99
20,1584,MOMENTUM50,EQ,247614,218499,88.24
20,1585,MOMOMENTUM,EQ,104355,76401,73.21
20,1586,MON100,EQ,563490,318636,56.55
20,1587,MONARCH,EQ,170743,47393,27.76
20,1588,MONIFTY500,EQ,125289,95895,76.54
20,1589,MONOPHARMA,SM,4000,2000,50.00
20,1590,MONQ50,EQ,98869,59681,60.36
20,1591,MONTECARLO,EQ,30860,13538,43.87
20,1592,MOQUALITY,EQ,1004,769,76.59
20,1593,MOREALTY,EQ,107765,82490,76.55
20,1594,MOREPENLAB,EQ,3208683,1060906,33.06
20,1595,MOS,ST,73600,73600,100.00
20,1596,MOSMALL250,EQ,344144,229603,66.72
20,1597,MOTHERSON,EQ,4790737,1592317,33.24
20,1598,MOTILALOFS,EQ,3517519,951871,27.06
20,1599,MOTISONS,EQ,699932,376871,53.84
20,1600,MOTOGENFIN,EQ,9582,6652,69.42
20,1601,MOVALUE,EQ,825667,811562,98.29
20,1602,MPHASIS,EQ,294222,179558,61.03
20,1603,MPSLTD,EQ,4504,2612,57.99
20,1604,MRF,EQ,3965,1122,28.30
20,1605,MRO-TEK,EQ,21139,11244,53.19
20,1606,MRPL,EQ,3412519,808835,23.70
20,1607,MSPL,EQ,509664,363937,71.41
20,1608,MSTCLTD,EQ,122673,38959,31.76
20,1609,MSUMI,EQ,2212158,1037498,46.90
20,1610,MTARTECH,EQ,92545,37151,40.14
20,1611,MTNL,EQ,2808082,794102,28.28
20,1612,MUFIN,EQ,156545,78913,50.41
20,1613,MUFTI,EQ,182758,104721,57.30
20,1614,MUKANDLTD,EQ,137725,64231,46.64
20,1615,MUKKA,EQ,216948,95793,44.15
20,1616,MUKTAARTS,EQ,14394,11182,77.69
20,1617,MULTICAP,EQ,138410,125868,90.94
20,1618,MUNJALAU,EQ,84221,30212,35.87
20,1619,MUNJALSHOW,EQ,22582,16978,75.18
20,1620,MURUDCERA,EQ,25201,13905,55.18
20,1621,MUTHOOTCAP,EQ,16842,12117,71.95
20,1622,MUTHOOTFIN,EQ,164362,74734,45.47
20,1623,MUTHOOTMF,EQ,65266,41988,64.33
20,1624,MVGJL,EQ,200494,83788,41.79
20,1625,MVKAGRO,SM,7200,4800,66.67
20,1626,MWL,SM,6000,6000,100.00
20,1627,MYMUDRA,SM,32400,20400,62.96
20,1628,NACLIND,EQ,85568,40425,47.24
20,1629,NAGAFERT,EQ,688334,381985,55.49
20,1630,NAHARCAP,EQ,8868,3318,37.42
20,1631,NAHARINDUS,EQ,15226,9488,62.31
20,1632,NAHARPOLY,EQ,7265,3186,43.85
20,1633,NAHARSPING,EQ,19618,12009,61.21
20,1634,NAMAN,ST,2400,1600,66.67
20,1635,NAM-INDIA,EQ,504312,245052,48.59
20,1636,NAMOEWASTE,ST,19200,17600,91.67
20,1637,NARMADA,EQ,460235,441940,96.02
20,1638,NATCOPHARM,EQ,236060,124056,52.55
20,1639,NATHBIOGEN,EQ,14196,9669,68.11
20,1640,NATIONALUM,EQ,11588593,2703247,23.33
20,1641,NAUKRI,EQ,252290,123575,48.98
20,1642,NAVA,EQ,262858,151027,57.46
20,1643,NAVINFLUOR,EQ,102757,28355,27.59
20,1644,NAVKARCORP,EQ,547227,184386,33.69
20,1645,NAVKARURB,EQ,2366328,1007049,42.56
20,1646,NAVNETEDUL,EQ,62030,33482,53.98
20,1647,NAZARA,EQ,939176,554058,58.99
20,1648,NBCC,EQ,58881883,7700394,13.08
20,1649,NCC,EQ,4178628,1496000,35.80
20,1650,NCLIND,EQ,50388,25624,50.85
20,1651,NDL,EQ,2995947,2201331,73.48
20,1652,NDLVENTURE,EQ,7279,5260,72.26
20,1653,NDRAUTO,EQ,9545,5263,55.14
20,1654,NDTV,EQ,277915,75524,27.18
20,1655,NECCLTD,EQ,164390,87222,53.06
20,1656,NEELAM,ST,54000,54000,100.00
20,1657,NELCAST,EQ,20269,10396,51.29
20,1658,NELCO,EQ,60801,22296,36.67
20,1659,NEOGEN,EQ,10801,5434,50.31
20,1660,NEPHROCARE,SM,72000,64400,89.44
20,1661,NESCO,EQ,34825,14789,42.47
20,1662,NESTLEIND,EQ,455901,238398,52.29
20,1663,NETF,EQ,1251,985,78.74
20,1664,NETWEB,EQ,268652,135426,50.41
20,1665,NETWORK18,EQ,5253082,2190291,41.70
20,1666,NEULANDLAB,EQ,25567,11457,44.81
20,1667,NEWGEN,EQ,343604,86569,25.19
20,1668,NEWJAISA,SM,31500,22500,71.43
20,1669,NEXT50,EQ,7701,5489,71.28
20,1670,NEXT50IETF,EQ,454470,224457,49.39
20,1671,NFL,EQ,6374740,1728078,27.11
20,1672,NGIL,EQ,81978,2166,2.64
20,1673,NGILPP1,E1,21795,21778,99.92
20,1674,NGLFINE,EQ,995,474,47.64
20,1675,NH,EQ,140473,81665,58.14
20,1676,NHIT,IV,100000,100000,100.00
20,1677,NHPC,EQ,15592475,6850646,43.94
20,1678,NIACL,EQ,682820,147671,21.63
20,1679,NIF100BEES,EQ,18640,13636,73.15
20,1680,NIF100IETF,EQ,76114,42455,55.78
20,1681,NIF10GETF,EQ,567,452,79.72
20,1682,NIFITETF,EQ,146,145,99.32
20,1683,NIFMID150,EQ,977,451,46.16
20,1684,NIFTY1,EQ,148726,126047,84.75
20,1685,NIFTY50ADD,EQ,12733,8424,66.16
20,1686,NIFTYBEES,EQ,3351166,2226668,66.44
20,1687,NIFTYBETF,EQ,1395,947,67.89
20,1688,NIFTYETF,EQ,195781,165750,84.66
20,1689,NIFTYIETF,EQ,624123,500277,80.16
20,1690,NIFTYQLITY,EQ,116122,64191,55.28
20,1691,NIITLTD,EQ,653355,198087,30.32
20,1692,NIITMTS,EQ,16569,9019,54.43
20,1693,NILAINFRA,EQ,795960,262704,33.00
20,1694,NILKAMAL,EQ,1072,669,62.41
20,1695,NINSYS,EQ,5200,2788,53.62
20,1696,NIPPOBATRY,EQ,3563,2357,66.15
20,1697,NIRAJISPAT,EQ,50,50,100.00
20,1698,NIRMAN,SM,49800,36600,73.49
20,1699,NITINSPIN,EQ,44634,18595,41.66
20,1700,NITIRAJ,EQ,76892,17269,22.46
20,1701,NIVABUPA,EQ,874489,374263,42.80
20,1702,NLCINDIA,EQ,914551,355235,38.84
20,1703,NMDC,EQ,26506821,11553152,43.59
20,1704,NMSTEEL,SM,96000,65600,68.33
20,1705,NOCIL,EQ,180332,87492,48.52
20,1706,NORTHARC,EQ,132168,70052,53.00
20,1707,NOVAAGRI,EQ,267281,147814,55.30
20,1708,NPBET,EQ,6745,4056,60.13
20,1709,NPST,SM,7150,5200,72.73
20,1710,NRAIL,EQ,3431,2097,61.12
20,1711,NRBBEARING,EQ,54402,29778,54.74
20,1712,NSIL,EQ,6974,3529,50.60
20,1713,NSLNISP,EQ,2410032,975161,40.46
20,1714,NTPC,EQ,7129232,3565886,50.02
20,1715,NTPCGREEN,EQ,4466102,1837397,41.14
20,1716,NUCLEUS,EQ,12029,6161,51.22
20,1717,NURECA,EQ,293909,88511,30.12
20,1718,NUVAMA,EQ,106410,51279,48.19
20,1719,NUVOCO,EQ,71371,40014,56.06
20,1720,NV20,EQ,41685,21249,50.98
20,1721,NV20BEES,EQ,14381,12918,89.83
20,1722,NV20IETF,EQ,819748,536553,65.45
20,1723,NXST,RR,573145,527471,92.03
20,1724,NYKAA,EQ,3549636,1687547,47.54
20,1725,OAL,EQ,5532,2996,54.16
20,1726,OBCL,EQ,13076,5585,42.71
20,1727,OBEROIRLTY,EQ,573104,276236,48.20
20,1728,OCCL,EQ,8270,5353,64.73
20,1729,OCCLLTD,EQ,279840,147391,52.67
20,1730,OFSS,EQ,191124,53115,27.79
20,1731,OIL,EQ,1688995,688744,40.78
20,1732,OILIETF,EQ,929978,583483,62.74
20,1733,OLAELEC,EQ,13403086,2900168,21.64
20,1734,OLECTRA,EQ,259374,79244,30.55
20,1735,OLIL,SM,51600,34800,67.44
20,1736,OMAXAUTO,EQ,15745,4494,28.54
20,1737,OMAXE,EQ,101627,52612,51.77
20,1738,OMFURN,ST,19200,16800,87.50
20,1739,OMINFRAL,EQ,267438,229141,85.68
20,1740,ONDOOR,ST,600,600,100.00
20,1741,ONELIFECAP,EQ,3423,3057,89.31
20,1742,ONEPOINT,EQ,2193829,976765,44.52
20,1743,ONGC,EQ,12148143,5754762,47.37
20,1744,ONMOBILE,EQ,205661,76008,36.96
20,1745,ONWARDTEC,EQ,29108,18152,62.36
20,1746,ONYX,ST,2000,2000,100.00
20,1747,OPTIEMUS,EQ,66615,31984,48.01
20,1748,ORCHPHARMA,EQ,61997,32350,52.18
20,1749,ORIANA,SM,69075,35175,50.92
20,1750,ORICONENT,EQ,471850,384483,81.48
20,1751,ORIENTALTL,EQ,147431,45582,30.92
20,1752,ORIENTBELL,EQ,5897,4061,68.87
20,1753,ORIENTCEM,EQ,233790,165112,70.62
20,1754,ORIENTCER,EQ,40605,27763,68.37
20,1755,ORIENTELEC,EQ,125991,43617,34.62
20,1756,ORIENTHOT,EQ,95247,40287,42.30
20,1757,ORIENTPPR,EQ,667192,267262,40.06
20,1758,ORIENTTECH,EQ,589623,236361,40.09
20,1759,ORISSAMINE,EQ,5850,2611,44.63
20,1760,ORTINGLOBE,EQ,9558,7946,83.13
20,1761,OSELDEVICE,ST,24800,22400,90.32
20,1762,OSWALAGRO,EQ,12092,6247,51.66
20,1763,OSWALGREEN,EQ,920472,337704,36.69
20,1764,OWAIS,SM,8200,5800,70.73
20,1765,PAGEIND,EQ,22562,10057,44.57
20,1766,PAISALO,EQ,2279499,933456,40.95
20,1767,PAKKA,EQ,79140,36984,46.73
20,1768,PALASHSECU,EQ,2444,1169,47.83
20,1769,PANACEABIO,EQ,40013,19083,47.69
20,1770,PANAMAPET,EQ,20375,14394,70.65
20,1771,PANSARI,EQ,751,410,54.59
20,1772,PARACABLES,EQ,655960,237706,36.24
20,1773,PARADEEP,EQ,6896436,2002040,29.03
20,1774,PARAGMILK,EQ,274102,145984,53.26
20,1775,PARAGON,ST,6000,6000,100.00
20,1776,PARAMATRIX,SM,7200,7200,100.00
20,1777,PARAMOUNT,SM,4800,2400,50.00
20,1778,PARAS,EQ,235793,60120,25.50
20,1779,PARASPETRO,EQ,214992,150526,70.01
20,1780,PARIN,ST,3000,1000,33.33
20,1781,PARKHOTELS,EQ,340294,171602,50.43
20,1782,PARTYCRUS,SM,9000,9000,100.00
20,1783,PASHUPATI,ST,37000,36800,99.46
20,1784,PATANJALI,EQ,557429,235106,42.18
20,1785,PATELENG,EQ,3122544,1368900,43.84
20,1786,PATINTLOG,EQ,123607,50491,40.85
20,1787,PAYTM,EQ,4570257,1156495,25.30
20,1788,PCBL,EQ,1876885,685287,36.51
20,1789,PCCL,SM,18800,15600,82.98
20,1790,PCJEWELLER,EQ,7865048,4672271,59.41
20,1791,PDMJEPAPER,EQ,164920,83507,50.63
20,1792,PDSL,EQ,27287,12112,44.39
20,1793,PEARLPOLY,EQ,35132,15824,45.04
20,1794,PEL,EQ,273081,87103,31.90
20,1795,PELATRO,ST,1800,1800,100.00
20,1796,PENIND,EQ,263182,136711,51.95
20,1797,PENINLAND,EQ,267929,118965,44.40
20,1798,PENTAGON,SM,20000,19000,95.00
20,1799,PERFECT,ST,12000,12000,100.00
20,1800,PERSISTENT,EQ,281302,134576,47.84
20,1801,PETRONET,EQ,1688229,898574,53.23
20,1802,PFC,EQ,5109364,1993567,39.02
20,1803,PFIZER,EQ,8842,4536,51.30
20,1804,PFOCUS,EQ,801655,757314,94.47
20,1805,PFS,EQ,528542,247167,46.76
20,1806,PGEL,EQ,773294,351336,45.43
20,1807,PGHH,EQ,2241,1093,48.77
20,1808,PGHL,EQ,4194,2023,48.24
20,1809,PGIL,EQ,91516,45264,49.46
20,1810,PGINVIT,IV,868617,721708,83.09
20,1811,PHANTOMFX,ST,24000,23400,97.50
20,1812,PHARMABEES,EQ,1644894,871062,52.96
20,1813,PHOENIXLTD,EQ,321049,151894,47.31
20,1814,PHOGLOBAL,ST,20000,20000,100.00
20,1815,PIDILITIND,EQ,233341,101540,43.52
20,1816,PIIND,EQ,187757,102902,54.81
20,1817,PILANIINVS,EQ,7768,4539,58.43
20,1818,PILITA,EQ,459719,272351,59.24
20,1819,PITTIENG,EQ,35199,20288,57.64
20,1820,PIXTRANS,EQ,13498,5406,40.05
20,1821,PLASTIBLEN,EQ,42506,20188,47.49
20,1822,PLATIND,EQ,178722,81657,45.69
20,1823,PLAZACABLE,EQ,25749,15524,60.29
20,1824,PNB,EQ,16236187,4460765,27.47
20,1825,PNBGILTS,EQ,311669,103515,33.21
20,1826,PNBHOUSING,EQ,574185,187276,32.62
20,1827,PNC,EQ,8185,4018,49.09
20,1828,PNCINFRA,EQ,262670,95113,36.21
20,1829,PNGJL,EQ,402006,189435,47.12
20,1830,POCL,EQ,45149,25419,56.30
20,1831,PODDARMENT,EQ,1929,910,47.17
20,1832,POKARNA,EQ,82672,56484,68.32
20,1833,POLICYBZR,EQ,2732621,1575761,57.66
20,1834,POLYCAB,EQ,358371,144472,40.31
20,1835,POLYMED,EQ,187505,139544,74.42
20,1836,POLYPLEX,EQ,43973,18573,42.24
20,1837,PONNIERODE,EQ,49294,19859,40.29
20,1838,POONAWALLA,EQ,889751,370860,41.68
20,1839,POSITRON,ST,7800,6300,80.77
20,1840,POWERGRID,EQ,7593230,4309510,56.75
20,1841,POWERINDIA,EQ,36438,8601,23.60
20,1842,POWERMECH,EQ,28340,14289,50.42
20,1843,PPAP,EQ,5640,3060,54.26
20,1844,PPL,EQ,26289,11587,44.08
20,1845,PPLPHARMA,EQ,1840302,727364,39.52
20,1846,PPSL,SM,18000,15000,83.33
20,1847,PRAENG,EQ,26547,16500,62.15
20,1848,PRAJIND,EQ,1165232,382143,32.80
20,1849,PRAKASH,EQ,577208,274171,47.50
20,1850,PRAKASHSTL,EQ,304242,242654,79.76
20,1851,PRAMARA,SM,2000,2000,100.00
20,1852,PRANIK,SM,16000,14400,90.00
20,1853,PRATHAM,ST,800,800,100.00
20,1854,PRECAM,EQ,467453,109680,23.46
20,1855,PRECISION,ST,6000,6000,100.00
20,1856,PRECWIRE,EQ,295012,106766,36.19
20,1857,PREMEXPLN,EQ,49912,21009,42.09
20,1858,PREMIERENE,EQ,655244,157938,24.10
20,1859,PRESSTONIC,ST,8800,8800,100.00
20,1860,PRESTIGE,EQ,570227,241756,42.40
20,1861,PRICOLLTD,EQ,237107,117719,49.65
20,1862,PRIMESECU,EQ,60213,29768,49.44
20,1863,PRINCEPIPE,EQ,102840,56590,55.03
20,1864,PRITI,EQ,9591,5650,58.91
20,1865,PRITIKA,ST,6000,4000,66.67
20,1866,PRITIKAUTO,EQ,151865,91608,60.32
20,1867,PRIVISCL,EQ,25273,16626,65.79
20,1868,PRIZOR,ST,44800,43200,96.43
20,1869,PRLIND,SM,51000,29000,56.86
20,1870,PROLIFE,SM,4500,3000,66.67
20,1871,PROPEQUITY,SM,600,600,100.00
20,1872,PRSMJOHNSN,EQ,597972,216749,36.25
20,1873,PRUDENT,EQ,16481,8964,54.39
20,1874,PSB,EQ,1837297,272972,14.86
20,1875,PSFL,SM,184000,90000,48.91
20,1876,PSPPROJECT,EQ,34147,18115,53.05
20,1877,PSUBANK,EQ,15263,7639,50.05
20,1878,PSUBANKADD,EQ,5052,2256,44.66
20,1879,PSUBNKBEES,EQ,914616,365984,40.02
20,1880,PSUBNKIETF,EQ,63008,29086,46.16
20,1881,PTC,EQ,1962919,1021354,52.03
20,1882,PTCIL,EQ,16359,8393,51.31
20,1883,PTL,EQ,60686,37819,62.32
20,1884,PULZ,ST,2000,2000,100.00
20,1885,PUNJABCHEM,EQ,6401,5467,85.41
20,1886,PURPLEUTED,SM,129000,92000,71.32
20,1887,PURVA,EQ,64705,17285,26.71
20,1888,PURVFLEXI,SM,3200,2400,75.00
20,1889,PVP,EQ,187192,108845,58.15
20,1890,PVRINOX,EQ,460597,142285,30.89
20,1891,PVSL,EQ,60125,41219,68.56
20,1892,PVTBANIETF,EQ,6178614,4744762,76.79
20,1893,PVTBANKADD,EQ,151058,135249,89.53
20,1894,PYRAMID,EQ,24060,11976,49.78
20,1895,QGOLDHALF,EQ,46004,38473,83.63
20,1896,QMSMEDI,SM,5000,4000,80.00
20,1897,QNIFTY,EQ,922,702,76.14
20,1898,QUADFUTURE,EQ,15303686,1205671,7.88
20,1899,QUADPRO,SM,108000,96000,88.89
20,1900,QUAL30IETF,EQ,110083,54721,49.71
20,1901,QUESS,EQ,191128,56062,29.33
20,1902,QUESTLAB,ST,39600,37200,93.94
20,1903,QUICKHEAL,EQ,36230,13121,36.22
20,1904,QUICKTOUCH,ST,3000,3000,100.00
20,1905,QVCEL,ST,6400,6400,100.00
20,1906,RACE,EQ,3590,2252,62.73
20,1907,RACLGEAR,EQ,1384,979,70.74
20,1908,RADHIKAJWE,EQ,245283,245283,100.00
20,1909,RADIANTCMS,EQ,59094,29055,49.17
20,1910,RADICO,EQ,193945,88134,45.44
20,1911,RADIOCITY,EQ,63930,34186,53.47
20,1912,RADIOCITY,P1,2428,2120,87.31
20,1913,RADIOWALLA,SM,6400,6400,100.00
20,1914,RAILTEL,EQ,4060820,577657,14.23
20,1915,RAIN,EQ,673687,285514,42.38
20,1916,RAINBOW,EQ,69466,31211,44.93
20,1917,RAJESHEXPO,EQ,348857,151197,43.34
20,1918,RAJINDLTD,SM,15000,13500,90.00
20,1919,RAJMET,EQ,629258,280785,44.62
20,1920,RAJPUTANA,SM,78000,32000,41.03
20,1921,RAJRATAN,EQ,33844,13005,38.43
20,1922,RAJSREESUG,EQ,141429,78990,55.85
20,1923,RALLIS,EQ,335681,133151,39.67
20,1924,RAMANEWS,EQ,53823,26140,48.57
20,1925,RAMAPHO,EQ,22748,10268,45.14
20,1926,RAMASTEEL,EQ,5662675,1850776,32.68
20,1927,RAMCOCEM,EQ,301814,115279,38.20
20,1928,RAMCOIND,EQ,39464,21787,55.21
20,1929,RAMCOSYS,EQ,28279,14627,51.72
20,1930,RAMKY,EQ,32024,21078,65.82
20,1931,RAMRAT,EQ,15960,8126,50.91
20,1932,RANASUG,EQ,213239,65942,30.92
20,1933,RANEENGINE,EQ,1432,1055,73.67
20,1934,RANEHOLDIN,EQ,4405,2567,58.27
20,1935,RAPPID,ST,26400,24000,90.91
20,1936,RATEGAIN,EQ,90267,44578,49.38
20,1937,RATNAMANI,EQ,85374,77732,91.05
20,1938,RATNAVEER,EQ,188455,113438,60.19
20,1939,RAYMOND,EQ,223102,44860,20.11
20,1940,RAYMONDLSL,EQ,58099,24172,41.60
20,1941,RBA,EQ,1738226,648960,37.33
20,1942,RBL,EQ,7219,5083,70.41
20,1943,RBLBANK,EQ,6470639,2760600,42.66
20,1944,RBMINFRA,SM,33800,20800,61.54
20,1945,RBS,ST,17600,16000,90.91
20,1946,RBZJEWEL,EQ,144691,95799,66.21
20,1947,RCDL,SM,24000,18000,75.00
20,1948,RCF,EQ,7364019,910117,12.36
20,1949,RECLTD,EQ,4195700,1870521,44.58
20,1950,REDINGTON,EQ,2516317,926281,36.81
20,1951,REDTAPE,EQ,22979,12341,53.71
20,1952,REFEX,EQ,157244,82129,52.23
20,1953,REFRACTORY,ST,5000,5000,100.00
20,1954,RELAXO,EQ,78267,21219,27.11
20,1955,RELCHEMQ,EQ,3093,1674,54.12
20,1956,RELIABLE,EQ,9119,6064,66.50
20,1957,RELIANCE,EQ,29366277,15634926,53.24
20,1958,RELIGARE,EQ,599043,323638,54.03
20,1959,RELINFRA,EQ,1980765,1139683,57.54
20,1960,RELTD,EQ,73947,37071,50.13
20,1961,REMSONSIND,EQ,33957,12498,36.81
20,1962,REMUS,SM,200,200,100.00
20,1963,RENUKA,EQ,4201717,1186654,28.24
20,1964,REPCOHOME,EQ,84802,57799,68.16
20,1965,REPRO,EQ,3916,2813,71.83
20,1966,RESPONIND,EQ,98606,64012,64.92
20,1967,RETAIL,EQ,14106,13306,94.33
20,1968,REXPIPES,SM,2000,2000,100.00
20,1969,RGL,EQ,484514,154012,31.79
20,1970,RHIM,EQ,55160,26645,48.30
20,1971,RICOAUTO,EQ,1524013,299173,19.63
20,1972,RIIL,EQ,132713,29303,22.08
20,1973,RILINFRA,SM,168900,122900,72.76
20,1974,RISHABH,EQ,17095,11044,64.60
20,1975,RITCO,EQ,164632,64982,39.47
20,1976,RITES,EQ,1779246,477907,26.86
20,1977,RKEC,EQ,22475,14403,64.08
20,1978,RKFORGE,EQ,929403,267097,28.74
20,1979,RKSWAMY,EQ,37039,20968,56.61
20,1980,RML,EQ,70461,65261,92.62
20,1981,RNFI,ST,60000,55200,92.00
20,1982,ROCKINGDCE,SM,15000,11500,76.67
20,1983,ROHLTD,EQ,29440,11361,38.59
20,1984,ROLEXRINGS,EQ,5472,2776,50.73
20,1985,ROML,EQ,18156,10235,56.37
20,1986,ROSSARI,EQ,22253,8657,38.90
20,1987,ROSSTECH,EQ,14345,9449,65.87
20,1988,ROTO,EQ,58191,29676,51.00
20,1989,ROUTE,EQ,27289,15236,55.83
20,1990,ROXHITECH,SM,83200,67200,80.77
20,1991,RPEL,EQ,67982,35514,52.24
20,1992,RPGLIFE,EQ,4720,2178,46.14
20,1993,RPOWER,EQ,20349975,9160066,45.01
20,1994,RPPL,EQ,128468,62776,48.87
20,1995,RPSGVENT,EQ,23647,12800,54.13
20,1996,RPTECH,EQ,117047,48386,41.34
20,1997,RRKABEL,EQ,56236,27839,49.50
20,1998,RSWM,EQ,15354,10274,66.91
20,1999,RSYSTEMS,EQ,48868,26154,53.52
20,2000,RTNINDIA,EQ,1292687,486065,37.60
20,2001,RTNPOWER,EQ,8614431,4622580,53.66
20,2002,RUBFILA,EQ,32589,22069,67.72
20,2003,RUBYMILLS,EQ,23467,10613,45.23
20,2004,RUCHINFRA,EQ,104294,52638,50.47
20,2005,RUCHIRA,EQ,9270,6441,69.48
20,2006,RULKA,SM,8100,7200,88.89
20,2007,RUPA,EQ,56528,29435,52.07
20,2008,RUSHIL,EQ,240551,127099,52.84
20,2009,RUSTOMJEE,EQ,9688,5817,60.04
20,2010,RVNL,EQ,24210278,2754268,11.38
20,2011,SAAKSHI,SM,9000,6000,66.67
20,2012,SABAR,ST,460000,380000,82.61
20,2013,SADBHAV,EQ,1294431,774422,59.83
20,2014,SADBHIN,EQ,250637,134219,53.55
20,2015,SADHAV,SM,6000,4200,70.00
20,2016,SADHNANIQ,EQ,198285,102293,51.59
20,2017,SAFARI,EQ,202926,189616,93.44
20,2018,SAGARDEEP,EQ,166259,111355,66.98
20,2019,SAGCEM,EQ,22990,14015,60.96
20,2020,SAHAJSOLAR,SM,17000,12200,71.76
20,2021,SAHANA,ST,12625,12375,98.02
20,2022,SAHASRA,SM,31200,20400,65.38
20,2023,SAHYADRI,EQ,7239,4584,63.32
20,2024,SAIFL,SM,2400,1600,66.67
20,2025,SAIL,EQ,9191948,2361294,25.69
20,2026,SAILIFE,EQ,219219,104902,47.85
20,2027,SAJHOTELS,SM,284000,204000,71.83
20,2028,SAKAR,EQ,6551,4668,71.26
20,2029,SAKHTISUG,EQ,84227,41132,48.83
20,2030,SAKSOFT,EQ,62252,25270,40.59
20,2031,SALASAR,EQ,4224816,1267744,30.01
20,2032,SALONA,EQ,277,170,61.37
20,2033,SALSTEEL,EQ,27479,12500,45.49
20,2034,SALZERELEC,EQ,69628,22773,32.71
20,2035,SAMHI,EQ,945055,474263,50.18
20,2036,SAMMAANCAP,EQ,7723327,2914238,37.73
20,2037,SANATHAN,EQ,383026,174290,45.50
20,2038,SANDESH,EQ,236,122,51.69
20,2039,SANDHAR,EQ,53287,28352,53.21
20,2040,SANDUMA,EQ,70293,40189,57.17
20,2041,SANGAMIND,EQ,45463,23362,51.39
20,2042,SANGANI,ST,9000,9000,100.00
20,2043,SANGHIIND,EQ,245963,113194,46.02
20,2044,SANGHVIMOV,EQ,332243,177102,53.30
20,2045,SANGINITA,EQ,19048,9883,51.88
20,2046,SANOFI,EQ,15674,9631,61.45
20,2047,SANOFICONR,EQ,43353,42491,98.01
20,2048,SANSERA,EQ,43507,24185,55.59
20,2049,SANSTAR,EQ,195483,76364,39.06
20,2050,SAPPHIRE,EQ,183261,78018,42.57
20,2051,SARDAEN,EQ,160161,63979,39.95
20,2052,SAREGAMA,EQ,631526,202644,32.09
20,2053,SARTELE,SM,47000,33000,70.21
20,2054,SARVESHWAR,EQ,1993722,940601,47.18
20,2055,SASKEN,EQ,7083,3727,52.62
20,2056,SASTASUNDR,EQ,13973,9318,66.69
20,2057,SATECH,ST,21000,20000,95.24
20,2058,SATIA,EQ,103705,36063,34.77
20,2059,SATIN,EQ,134878,73496,54.49
20,2060,SATINDLTD,EQ,3309181,766764,23.17
20,2061,SATIPOLY,SM,6500,4000,61.54
20,2062,SATKARTAR,ST,2441600,2440000,99.93
20,2063,SAURASHCEM,EQ,46554,22141,47.56
20,2064,SBC,EQ,2701989,1054860,39.04
20,2065,SBCL,EQ,66386,30322,45.68
20,2066,SBFC,EQ,1328394,554566,41.75
20,2067,SBGLP,EQ,187370,81295,43.39
20,2068,SBICARD,EQ,1588789,363700,22.89
20,2069,SBIETFCON,EQ,6300,3271,51.92
20,2070,SBIETFIT,EQ,5211,4113,78.93
20,2071,SBIETFPB,EQ,13476,11652,86.46
20,2072,SBIETFQLTY,EQ,507,491,96.84
20,2073,SBILIFE,EQ,2603818,1022409,39.27
20,2074,SBIN,EQ,5766573,2234513,38.75
20,2075,SBINEQWETF,EQ,15503,11381,73.41
20,2076,SBISILVER,EQ,51744,47891,92.55
20,2077,SCHAEFFLER,EQ,15107,6688,44.27
20,2078,SCHAND,EQ,24551,15785,64.29
20,2079,SCHNEIDER,EQ,103171,41310,40.04
20,2080,SCI,EQ,1628796,464093,28.49
20,2081,SCILAL,EQ,650728,230442,35.41
20,2082,SCLZC25,YN,2,2,100.00
20,2083,SCLZC25F,Y5,2,1,50.00
20,2084,SCML,SM,7000,6000,85.71
20,2085,SCPL,EQ,6569,4901,74.61
20,2086,SDBL,EQ,323893,208327,64.32
20,2087,SDL26BEES,EQ,1444,779,53.95
20,2088,SDREAMS,SM,8000,6000,75.00
20,2089,SEAMECLTD,EQ,4490,1890,42.09
20,2090,SECMARK,EQ,176,126,71.59
20,2091,SECURKLOUD,EQ,11760,8763,74.52
20,2092,SEL,ST,2400,2200,91.67
20,2093,SELAN,EQ,32099,15819,49.28
20,2094,SELMC,EQ,27566,21131,76.66
20,2095,SENCO,EQ,293990,217700,74.05
20,2096,SENORES,EQ,610889,207483,33.96
20,2097,SENSEXADD,EQ,1441,1391,96.53
20,2098,SENSEXETF,EQ,9318,8917,95.70
20,2099,SENSEXIETF,EQ,4961,2590,52.21
20,2100,SEPC,EQ,6478526,2555709,39.45
20,2101,SEQUENT,EQ,248299,153002,61.62
20,2102,SERVICE,SM,8000,8000,100.00
20,2103,SERVOTECH,EQ,358906,167592,46.70
20,2104,SESHAPAPER,EQ,18096,9593,53.01
20,2105,SETF10GILT,EQ,10849,7099,65.43
20,2106,SETFGOLD,EQ,1870198,1653935,88.44
20,2107,SETFNIF50,EQ,500073,360261,72.04
20,2108,SETFNIFBK,EQ,1165884,1040529,89.25
20,2109,SETFNN50,EQ,28538,22387,78.45
20,2110,SFL,EQ,86976,61190,70.35
20,2111,SFLZC26A,ZC,280,280,100.00
20,2112,SFML,SM,68800,54400,79.07
20,2113,SGBAPR28I,GB,115,110,95.65
20,2114,SGBAUG27,GB,1,1,100.00
20,2115,SGBAUG28V,GB,1274,1178,92.46
20,2116,SGBAUG29V,GB,19,19,100.00
20,2117,SGBAUG30,GB,325,263,80.92
20,2118,SGBD29VIII,GB,66,64,96.97
20,2119,SGBDC27VII,GB,164,159,96.95
20,2120,SGBDE30III,GB,231,170,73.59
20,2121,SGBDE31III,GB,875,721,82.40
20,2122,SGBDEC2513,GB,1,1,100.00
20,2123,SGBDEC26,GB,71,64,90.14
20,2124,SGBFEB28IX,GB,28,28,100.00
20,2125,SGBFEB29XI,GB,46,45,97.83
20,2126,SGBFEB32IV,GB,1529,1192,77.96
20,2127,SGBJAN27,GB,98,81,82.65
20,2128,SGBJAN29IX,GB,526,514,97.72
20,2129,SGBJAN29X,GB,404,272,67.33
20,2130,SGBJAN30IX,GB,140,129,92.14
20,2131,SGBJU29III,GB,13,11,84.62
20,2132,SGBJUL25,GB,15,12,80.00
20,2133,SGBJUL27,GB,1,1,100.00
20,2134,SGBJUL28IV,GB,511,401,78.47
20,2135,SGBJUL29IV,GB,344,228,66.28
20,2136,SGBJUN27,GB,48,31,64.58
20,2137,SGBJUN28,GB,42,42,100.00
20,2138,SGBJUN29II,GB,329,298,90.58
20,2139,SGBJUN30,GB,34,28,82.35
20,2140,SGBJUN31I,GB,668,533,79.79
20,2141,SGBMAR25,GB,54,50,92.59
20,2142,SGBMAR28X,GB,24,22,91.67
20,2143,SGBMAR30X,GB,45,40,88.89
20,2144,SGBMAR31IV,GB,135,93,68.89
20,2145,SGBMAY25,GB,101,88,87.13
20,2146,SGBMAY28,GB,533,493,92.50
20,2147,SGBMAY29I,GB,170,154,90.59
20,2148,SGBMR29XII,GB,152,115,75.66
20,2149,SGBN28VIII,GB,355,338,95.21
20,2150,SGBNOV25,GB,2,2,100.00
20,2151,SGBNOV258,GB,1,1,100.00
20,2152,SGBNOV25IX,GB,22,22,100.00
20,2153,SGBNOV26,GB,2,2,100.00
20,2154,SGBNV29VII,GB,60,45,75.00
20,2155,SGBOC28VII,GB,131,111,84.73
20,2156,SGBOCT26,GB,4,4,100.00
20,2157,SGBOCT27,GB,10,7,70.00
20,2158,SGBSEP27,GB,54,35,64.81
20,2159,SGBSEP28VI,GB,246,223,90.65
20,2160,SGBSEP29VI,GB,94,87,92.55
20,2161,SGBSEP31II,GB,631,565,89.54
20,2162,SGL,EQ,34238,22766,66.49
20,2163,SGLTL,EQ,12398644,1974921,15.93
20,2164,SHAH,EQ,568779,377946,66.45
20,2165,SHAKTIPUMP,EQ,738627,456928,61.86
20,2166,SHALBY,EQ,45475,25736,56.59
20,2167,SHALPAINTS,EQ,681036,190127,27.92
20,2168,SHANKARA,EQ,15455,8713,56.38
20,2169,SHANTI,EQ,281948,92577,32.83
20,2170,SHANTIGEAR,EQ,10016,5115,51.07
20,2171,SHARDACROP,EQ,79860,33399,41.82
20,2172,SHARDAMOTR,EQ,14683,8812,60.01
20,2173,SHAREINDIA,EQ,935727,161783,17.29
20,2174,SHARIABEES,EQ,2528,1542,61.00
20,2175,SHEETAL,SM,96000,78000,81.25
20,2176,SHEMAROO,EQ,19434,11182,57.54
20,2177,SHERA,SM,40000,31000,77.50
20,2178,SHIGAN,SM,1500,1500,100.00
20,2179,SHILPAMED,EQ,151153,55955,37.02
20,2180,SHIVALIK,EQ,156047,63327,40.58
20,2181,SHIVAMAUTO,EQ,126973,53406,42.06
20,2182,SHIVAMILLS,EQ,14792,4613,31.19
20,2183,SHIVATEX,EQ,7953,3125,39.29
20,2184,SHK,EQ,102319,44882,43.86
20,2185,SHOPERSTOP,EQ,100268,42862,42.75
20,2186,SHREDIGCEM,EQ,182352,85205,46.73
20,2187,SHREECEM,EQ,21618,11178,51.71
20,2188,SHREEKARNI,SM,27450,20250,73.77
20,2189,SHREEOSFM,SM,8000,6000,75.00
20,2190,SHREEPUSHK,EQ,44536,23462,52.68
20,2191,SHRENIK,EQ,728404,604763,83.03
20,2192,SHREYANIND,EQ,2776,1950,70.24
20,2193,SHRIPISTON,EQ,11426,6015,52.64
20,2194,SHRIRAMFIN,EQ,5347916,3331878,62.30
20,2195,SHRIRAMPPS,EQ,419329,204645,48.80
20,2196,SHRITECH,SM,8000,8000,100.00
20,2197,SHUBHLAXMI,ST,15000,15000,100.00
20,2198,SHUBHSHREE,ST,2400,2400,100.00
20,2199,SHYAMCENT,EQ,531534,455129,85.63
20,2200,SHYAMMETL,EQ,89957,29023,32.26
20,2201,SIDDHIKA,ST,3000,3000,100.00
20,2202,SIEMENS,EQ,359311,156334,43.51
20,2203,SIGACHI,EQ,2346034,766045,32.65
20,2204,SIGIND,EQ,18933,13597,71.82
20,2205,SIGMA,EQ,19522,2320,11.88
20,2206,SIGNATURE,EQ,570010,65329,11.46
20,2207,SIGNORIA,ST,1000,1000,100.00
20,2208,SIKKO,EQ,23080,10022,43.42
20,2209,SIL,EQ,40365,17873,44.28
20,2210,SILGO,EQ,47021,14703,31.27
20,2211,SILKFLEX,SM,2000,2000,100.00
20,2212,SILLYMONKS,EQ,3105,3105,100.00
20,2213,SILVER,EQ,73032,44887,61.46
20,2214,SILVER1,EQ,33566,25004,74.49
20,2215,SILVERADD,EQ,30262,22418,74.08
20,2216,SILVERBEES,EQ,5113613,4218883,82.50
20,2217,SILVERETF,EQ,69388,44051,63.49
20,2218,SILVERIETF,EQ,1241514,1028949,82.88
20,2219,SILVERTUC,EQ,20639,9140,44.29
20,2220,SILVRETF,EQ,4496,3633,80.81
20,2221,SINCLAIR,EQ,78947,43968,55.69
20,2222,SINDHUTRAD,EQ,909784,412050,45.29
20,2223,SINTERCOM,EQ,102336,97664,95.43
20,2224,SIRCA,EQ,190637,94891,49.78
20,2225,SIS,EQ,38938,25369,65.15
20,2226,SIYSIL,EQ,516104,147785,28.63
20,2227,SJLOGISTIC,SM,23500,14500,61.70
20,2228,SJS,EQ,81362,59585,73.23
20,2229,SJVN,EQ,10420509,2528686,24.27
20,2230,SKFINDIA,EQ,14222,10509,73.89
20,2231,SKIPPER,EQ,720313,288112,40.00
20,2232,SKMEGGPROD,EQ,48743,17434,35.77
20,2233,SKP,SM,10500,7000,66.67
20,2234,SLONE,ST,3200,3200,100.00
20,2235,SMALLCAP,EQ,456883,294320,64.42
20,2236,SMCGLOBAL,EQ,45585,24706,54.20
20,2237,SMLISUZU,EQ,19484,11957,61.37
20,2238,SMLT,EQ,23341,8940,38.30
20,2239,SMSPHARMA,EQ,44175,23912,54.13
20,2240,SMVD,SM,4040,4040,100.00
20,2241,SNOWMAN,EQ,203681,102066,50.11
20,2242,SOBHA,EQ,223885,119592,53.42
20,2243,SOLARA,EQ,32082,16853,52.53
20,2244,SOLARAPP,E1,175,170,97.14
20,2245,SOLARINDS,EQ,95797,61627,64.33
20,2246,SOLEX,SM,4250,3250,76.47
20,2247,SOMANYCERA,EQ,7308,4619,63.20
20,2248,SOMICONVEY,EQ,4465,3373,75.54
20,2249,SONACOMS,EQ,1546189,904556,58.50
20,2250,SONAMAC,ST,5000,4000,80.00
20,2251,SONATSOFTW,EQ,1242824,949368,76.39
20,2252,SONUINFRA,ST,21000,21000,100.00
20,2253,SOTAC,SM,2400,2400,100.00
20,2254,SOTL,EQ,30317,17123,56.48
20,2255,SOUTHBANK,EQ,10768266,5016549,46.59
20,2256,SOUTHWEST,EQ,34956,24614,70.41
20,2257,SPAL,EQ,11788,4183,35.49
20,2258,SPANDANA,EQ,1069655,566477,52.96
20,2259,SPARC,EQ,355761,147016,41.32
20,2260,SPCL,ST,45000,40800,90.67
20,2261,SPECIALITY,EQ,54075,42636,78.85
20,2262,SPECTRUM,SM,5125,4000,78.05
20,2263,SPECTSTM,ST,6400,6400,100.00
20,2264,SPENCERS,EQ,956300,406969,42.56
20,2265,SPIC,EQ,814841,318440,39.08
20,2266,SPLIL,EQ,9153,4989,54.51
20,2267,SPLPETRO,EQ,33316,15707,47.15
20,2268,SPORTKING,EQ,64351,34715,53.95
20,2269,SPPPOLY,ST,20000,20000,100.00
20,2270,SREEL,EQ,10632,7941,74.69
20,2271,SRF,EQ,543374,180861,33.28
20,2272,SRGHFL,EQ,1590,1104,69.43
20,2273,SRHHYPOLTD,EQ,8172,4072,49.83
20,2274,SRIVASAVI,SM,3000,2000,66.67
20,2275,SSDL,EQ,26514,12376,46.68
20,2276,SSEGL,SM,280600,144400,51.46
20,2277,SSFL,ST,17500,17500,100.00
20,2278,SSWL,EQ,355500,77466,21.79
20,2279,STANLEY,EQ,73653,33080,44.91
20,2280,STAR,EQ,162464,88185,54.28
20,2281,STARCEMENT,EQ,227593,71940,31.61
20,2282,STARHEALTH,EQ,196279,100196,51.05
20,2283,STARPAPER,EQ,9112,4777,52.43
20,2284,STARTECK,EQ,10410,1050,10.09
20,2285,STCINDIA,EQ,134480,30721,22.84
20,2286,STEELCAS,EQ,2167,986,45.50
20,2287,STEELCITY,EQ,52221,28903,55.35
20,2288,STEELXIND,EQ,571212,308599,54.03
20,2289,STEL,EQ,1625,1179,72.55
20,2290,STERTOOLS,EQ,92405,38498,41.66
20,2291,STLTECH,EQ,1633386,440772,26.99
20,2292,STOVEKRAFT,EQ,107663,34668,32.20
20,2293,STYLAMIND,EQ,11515,6146,53.37
20,2294,STYLEBAAZA,EQ,123614,74889,60.58
20,2295,STYRENIX,EQ,20324,11201,55.11
20,2296,SUBEXLTD,EQ,2786493,890971,31.97
20,2297,SUBROS,EQ,16598,8975,54.07
20,2298,SUDARSCHEM,EQ,88723,45748,51.56
20,2299,SUKHJITS,EQ,5182,2770,53.45
20,2300,SULA,EQ,344798,156833,45.49
20,2301,SUMICHEM,EQ,686264,462320,67.37
20,2302,SUMMITSEC,EQ,6748,3840,56.91
20,2303,SUNCLAY,EQ,5197,3205,61.67
20,2304,SUNDARAM,EQ,1296888,942287,72.66
20,2305,SUNDARMFIN,EQ,106768,26839,25.14
20,2306,SUNDARMHLD,EQ,112110,51539,45.97
20,2307,SUNDRMFAST,EQ,33804,18344,54.27
20,2308,SUNLITE,SM,4800,4800,100.00
20,2309,SUNPHARMA,EQ,1163986,773806,66.48
20,2310,SUNTECK,EQ,846392,221951,26.22
20,2311,SUNTV,EQ,108772,28457,26.16
20,2312,SUPERHOUSE,EQ,2313,736,31.82
20,2313,SUPRAJIT,EQ,99817,59751,59.86
20,2314,SUPREMEIND,EQ,145192,72331,49.82
20,2315,SUPREMEPWR,ST,81500,80000,98.16
20,2316,SUPRIYA,EQ,187168,73810,39.44
20,2317,SURAJEST,EQ,39545,22365,56.56
20,2318,SURAKSHA,EQ,127166,81425,64.03
20,2319,SURANASOL,EQ,165147,55330,33.50
20,2320,SURANAT&P,EQ,1457639,457561,31.39
20,2321,SURANI,ST,6000,5800,96.67
20,2322,SURYALAXMI,EQ,17476,9315,53.30
20,2323,SURYAROSNI,EQ,397488,110831,27.88
20,2324,SURYODAY,EQ,158502,88070,55.56
20,2325,SUTLEJTEX,EQ,74707,20524,27.47
20,2326,SUVEN,EQ,316605,193324,61.06
20,2327,SUVENPHAR,EQ,216883,122448,56.46
20,2328,SUVIDHAA,EQ,553521,209871,37.92
20,2329,SUYOG,EQ,13413,7762,57.87
20,2330,SUZLON,EQ,41806502,22479876,53.77
20,2331,SWANENERGY,EQ,4963286,1157827,23.33
20,2332,SWARAJ,ST,6500,5500,84.62
20,2333,SWARAJENG,EQ,86755,13140,15.15
20,2334,SWASTIK,SM,7200,6000,83.33
20,2335,SWELECTES,EQ,11794,3801,32.23
20,2336,SWIGGY,EQ,6245233,2018958,32.33
20,2337,SWSOLAR,EQ,7913498,3278807,41.43
20,2338,SYLVANPLY,SM,4000,4000,100.00
20,2339,SYMPHONY,EQ,55427,23324,42.08
20,2340,SYNCOMF,EQ,2069794,927737,44.82
20,2341,SYNGENE,EQ,181997,85464,46.96
20,2342,SYNOPTICS,SM,7800,6000,76.92
20,2343,SYRMA,EQ,632671,184150,29.11
20,2344,SYSTANGO,SM,16800,10000,59.52
20,2345,TAC,ST,3000,3000,100.00
20,2346,TAINWALCHM,EQ,33100,13887,41.95
20,2347,TAJGVK,EQ,486925,188783,38.77
20,2348,TAKE,EQ,349324,227367,65.09
20,2349,TALBROAUTO,EQ,36062,19019,52.74
20,2350,TANLA,EQ,277699,102512,36.91
20,2351,TARC,EQ,415248,251228,60.50
20,2352,TARMAT,EQ,6402,4100,64.04
20,2353,TARSONS,EQ,17990,10052,55.88
20,2354,TASTYBITE,EQ,3756,1572,41.85
20,2355,TATACHEM,EQ,1214761,464961,38.28
20,2356,TATACOMM,EQ,72086,31012,43.02
20,2357,TATACONSUM,EQ,677451,263348,38.87
20,2358,TATAELXSI,EQ,131996,52185,39.54
20,2359,TATAGOLD,EQ,5103939,3736934,73.22
20,2360,TATAINVEST,EQ,17916,5935,33.13
20,2361,TATAMOTORS,EQ,7007239,2739348,39.09
20,2362,TATAPOWER,EQ,5504954,1649297,29.96
20,2363,TATASTEEL,EQ,27421959,9540696,34.79
20,2364,TATATECH,EQ,576384,289790,50.28
20,2365,TATSILV,EQ,767868,586815,76.42
20,2366,TATVA,EQ,15585,9016,57.85
20,2367,TBI,SM,40200,39600,98.51
20,2368,TBOTEK,EQ,70627,31066,43.99
20,2369,TBZ,EQ,155160,59843,38.57
20,2370,TCHF30,NB,100,100,100.00
20,2371,TCI,EQ,13282,5151,38.78
20,2372,TCIEXP,EQ,38523,15927,41.34
20,2373,TCL,SM,43200,32000,74.07
20,2374,TCLCONS,EQ,144052,99713,69.22
20,2375,TCPLPACK,EQ,40761,12411,30.45
20,2376,TCS,EQ,1761466,1115204,63.31
20,2377,TDPOWERSYS,EQ,317635,148974,46.90
20,2378,TEAMLEASE,EQ,15261,10726,70.28
20,2379,TECH,EQ,13714,9821,71.61
20,2380,TECHERA,ST,20800,20800,100.00
20,2381,TECHLABS,ST,29250,26875,91.88
20,2382,TECHM,EQ,2502285,1198332,47.89
20,2383,TECHNOE,EQ,93169,45038,48.34
20,2384,TECILCHEM,EQ,625,474,75.84
20,2385,TEGA,EQ,14729,6969,47.31
20,2386,TEJASNET,EQ,597148,230453,38.59
20,2387,TEXINFRA,EQ,594633,279280,46.97
20,2388,TEXMOPIPES,EQ,17975,10568,58.79
20,2389,TEXRAIL,EQ,3687309,796562,21.60
20,2390,TFCILTD,EQ,253273,143266,56.57
20,2391,TGBHOTELS,EQ,117106,69327,59.20
20,2392,TGL,ST,35400,33000,93.22
20,2393,THANGAMAYL,EQ,18383,8671,47.17
20,2394,THEINVEST,EQ,20743,17016,82.03
20,2395,THEJO,EQ,5290,3167,59.87
20,2396,THEMISMED,EQ,222158,156959,70.65
20,2397,THERMAX,EQ,255614,94812,37.09
20,2398,THESL,ST,3000,3000,100.00
20,2399,THOMASCOOK,EQ,742657,323089,43.50
20,2400,THYROCARE,EQ,99981,49528,49.54
20,2401,TI,EQ,1349498,879918,65.20
20,2402,TIIL,EQ,8795,5467,62.16
20,2403,TIINDIA,EQ,216890,121676,56.10
20,2404,TIL,EQ,10737,9113,84.87
20,2405,TIMETECHNO,EQ,667244,168639,25.27
20,2406,TIMKEN,EQ,59122,37096,62.74
20,2407,TIPSMUSIC,EQ,239396,92160,38.50
20,2408,TIRUMALCHM,EQ,112690,59024,52.38
20,2409,TITAGARH,EQ,3048476,459452,15.07
20,2410,TITAN,EQ,559153,275359,49.25
20,2411,TMB,EQ,59953,34079,56.84
20,2412,TNIDETF,EQ,26935,23784,88.30
20,2413,TNPETRO,EQ,134283,56143,41.81
20,2414,TNPL,EQ,278445,83198,29.88
20,2415,TOKYOPLAST,EQ,2093,1332,63.64
20,2416,TOLINS,EQ,71391,36560,51.21
20,2417,TOP100CASE,EQ,1289490,1241564,96.28
20,2418,TOP10ADD,EQ,282254,264692,93.78
20,2419,TORNTPHARM,EQ,222575,144838,65.07
20,2420,TORNTPOWER,EQ,333687,117371,35.17
20,2421,TOTAL,EQ,9286,3928,42.30
20,2422,TOUCHWOOD,EQ,1312,1035,78.89
20,2423,TPLPLASTEH,EQ,169779,31523,18.57
20,2424,TRACXN,EQ,156915,71426,45.52
20,2425,TRANSRAILL,EQ,2545132,518339,20.37
20,2426,TRANSTEEL,ST,40000,40000,100.00
20,2427,TRANSWORLD,EQ,38120,21583,56.62
20,2428,TREJHARA,EQ,32606,30296,92.92
20,2429,TREL,EQ,198054,109311,55.19
20,2430,TRENT,EQ,770051,270050,35.07
20,2431,TRF,EQ,11914,4230,35.50
20,2432,TRIDENT,EQ,4052000,936359,23.11
20,2433,TRIDHYA,SM,3000,3000,100.00
20,2434,TRIGYN,EQ,59212,29469,49.77
20,2435,TRITURBINE,EQ,298675,132661,44.42
20,2436,TRIVENI,EQ,380767,149993,39.39
20,2437,TROM,SM,23400,19200,82.05
20,2438,TRUST,SM,73200,42000,57.38
20,2439,TTKHLTCARE,EQ,1038,889,85.65
20,2440,TTKPRESTIG,EQ,14488,5563,38.40
20,2441,TTML,EQ,2289609,574845,25.11
20,2442,TUNWAL,SM,72000,46000,63.89
20,2443,TVSELECT,EQ,16542,8677,52.45
20,2444,TVSHLTD,EQ,4738,2628,55.47
20,2445,TVSMOTOR,EQ,569486,375518,65.94
20,2446,TVSSCS,EQ,263974,136205,51.60
20,2447,TVSSRICHAK,EQ,1093,719,65.78
20,2448,TVTODAY,EQ,471389,365105,77.45
20,2449,UBL,EQ,117060,45440,38.82
20,2450,UCL,SM,8000,8000,100.00
20,2451,UCOBANK,EQ,4663324,1024254,21.96
20,2452,UDAICEMENT,EQ,708139,597701,84.40
20,2453,UDS,EQ,70530,37753,53.53
20,2454,UFLEX,EQ,25251,12474,49.40
20,2455,UFO,EQ,82695,47935,57.97
20,2456,UGARSUGAR,EQ,240695,96728,40.19
20,2457,UGROCAP,EQ,129607,87550,67.55
20,2458,UHTL,ST,42000,34000,80.95
20,2459,UJJIVANSFB,EQ,4102793,1876214,45.73
20,2460,ULTRACEMCO,EQ,297759,179932,60.43
20,2461,UMA,SM,40000,28000,70.00
20,2462,UMAEXPORTS,EQ,48512,15238,31.41
20,2463,UMESLTD,EQ,17798,8238,46.29
20,2464,UNICHEMLAB,EQ,10122,5954,58.82
20,2465,UNIDT,EQ,10966,5810,52.98
20,2466,UNIECOM,EQ,191548,76354,39.86
20,2467,UNIENTER,EQ,4698,2856,60.79
20,2468,UNIHEALTH,SM,1000,1000,100.00
20,2469,UNIINFO,EQ,43723,23231,53.13
20,2470,UNILEX,SM,1600,1600,100.00
20,2471,UNIMECH,EQ,373659,69226,18.53
20,2472,UNIONBANK,EQ,6345591,1909966,30.10
20,2473,UNIPARTS,EQ,46884,33332,71.09
20,2474,UNITDSPR,EQ,696620,372050,53.41
20,2475,UNITEDTEA,EQ,3312,1746,52.72
20,2476,UNIVASTU,EQ,33705,16844,49.97
20,2477,UNIVCABLES,EQ,10732,6573,61.25
20,2478,UNOMINDA,EQ,433779,224164,51.68
20,2479,UPL,EQ,1461267,603576,41.30
20,2480,UPLPP,E1,532750,351065,65.90
20,2481,URAVIDEF,EQ,6844,3649,53.32
20,2482,URBAN,ST,3200,3200,100.00
20,2483,USHAFIN,SM,10400,8800,84.62
20,2484,USHAMART,EQ,378051,196668,52.02
20,2485,USK,EQ,56340,25618,45.47
20,2486,UTIAMC,EQ,120984,46308,38.28
20,2487,UTIBANKETF,EQ,6624786,6551145,98.89
20,2488,UTINEXT50,EQ,66011,46160,69.93
20,2489,UTINIFTETF,EQ,137464,137171,99.79
20,2490,UTISENSETF,EQ,1326,1093,82.43
20,2491,UTISXN50,EQ,7834,7043,89.90
20,2492,UTKARSHBNK,EQ,1687121,1004108,59.52
20,2493,UTSSAV,ST,33000,33000,100.00
20,2494,UTTAMSUGAR,EQ,38173,14464,37.89
20,2495,UYFINCORP,EQ,25371,18379,72.44
20,2496,VADILALIND,EQ,1915,1175,61.36
20,2497,VAIBHAVGBL,EQ,208490,79044,37.91
20,2498,VAKRANGEE,EQ,8177842,3018188,36.91
20,2499,VAL30IETF,EQ,42929,25118,58.51
20,2500,VALIANTLAB,EQ,118066,104797,88.76
20,2501,VALIANTORG,EQ,16082,9335,58.05
20,2502,VARDHACRLC,EQ,35956,30238,84.10
20,2503,VARROC,EQ,234846,126311,53.78
20,2504,VASCONEQ,EQ,488409,236563,48.44
20,2505,VASWANI,EQ,62156,33111,53.27
20,2506,VBL,EQ,9710175,4940852,50.88
20,2507,VDEAL,SM,12000,8400,70.00
20,2508,VEDL,EQ,5594080,1666008,29.78
20,2509,VEEDOL,EQ,5814,3504,60.27
20,2510,VENKEYS,EQ,11374,4310,37.89
20,2511,VENTIVE,EQ,271409,147746,54.44
20,2512,VENUSPIPES,EQ,48647,18487,38.00
20,2513,VENUSREM,EQ,6616,4621,69.85
20,2514,VERA,ST,10500,10500,100.00
20,2515,VERANDA,EQ,120901,82785,68.47
20,2516,VERITAAS,SM,1200,1200,100.00
20,2517,VERTEXPLUS,SM,196800,196800,100.00
20,2518,VERTOZ,EQ,5172438,4778428,92.38
20,2519,VESUVIUS,EQ,7479,3648,48.78
20,2520,VGUARD,EQ,386724,173071,44.75
20,2521,VHL,EQ,413,194,46.97
20,2522,VIAZ,SM,2000,2000,100.00
20,2523,VIDHIING,EQ,23162,13983,60.37
20,2524,VIESL,SM,177600,66400,37.39
20,2525,VIJAYA,EQ,234713,110949,47.27
20,2526,VIKASECO,EQ,2314064,1305577,56.42
20,2527,VIKASLIFE,EQ,3209929,1763341,54.93
20,2528,VILAS,ST,13500,13000,96.30
20,2529,VIMTALABS,EQ,116390,48418,41.60
20,2530,VINATIORGA,EQ,22559,9028,40.02
20,2531,VINCOFE,EQ,71188,39684,55.75
20,2532,VINDHYATEL,EQ,5999,3048,50.81
20,2533,VINEETLAB,EQ,17890,12179,68.08
20,2534,VINSYS,SM,97000,96000,98.97
20,2535,VINYAS,ST,2600,2600,100.00
20,2536,VINYLINDIA,EQ,45932,13609,29.63
20,2537,VIPCLOTHNG,EQ,137861,69033,50.07
20,2538,VIPIND,EQ,218602,88864,40.65
20,2539,VIRINCHI,EQ,102239,64389,62.98
20,2540,VISAKAIND,EQ,213071,62999,29.57
20,2541,VISAMAN,SM,9000,9000,100.00
20,2542,VISHNU,EQ,101540,56930,56.07
20,2543,VISHNUINFR,SM,5000,4500,90.00
20,2544,VISHWARAJ,EQ,1061460,373643,35.20
20,2545,VISHWAS,SM,4800,4800,100.00
20,2546,VIVIANA,ST,9125,7625,83.56
20,2547,VIVIDHA,EQ,598218,398263,66.57
20,2548,VIVO,SM,1600,1600,100.00
20,2549,VLEGOV,EQ,1240930,807467,65.07
20,2550,VLINFRA,ST,61500,60000,97.56
20,2551,VLSFINANCE,EQ,29277,13062,44.62
20,2552,VMARCIND,ST,7250,7000,96.55
20,2553,VMART,EQ,6741,2949,43.75
20,2554,VMM,EQ,21152139,10405074,49.19
20,2555,VOLTAMP,EQ,36512,16677,45.68
20,2556,VOLTAS,EQ,1005199,624813,62.16
20,2557,VPRPL,EQ,474858,143368,30.19
20,2558,VRAJ,EQ,46698,19966,42.76
20,2559,VRLLOG,EQ,245319,222667,90.77
20,2560,VSCL,ST,3000,3000,100.00
20,2561,VSSL,EQ,35567,22373,62.90
20,2562,VSTIND,EQ,85663,55338,64.60
20,2563,VSTL,EQ,4944,3374,68.24
20,2564,VSTTILLERS,EQ,1981,1438,72.59
20,2565,VTL,EQ,176065,76484,43.44
20,2566,WAAREEENER,EQ,421725,122033,28.94
20,2567,WABAG,EQ,190529,78191,41.04
20,2568,WALCHANNAG,EQ,137910,63276,45.88
20,2569,WALPAR,SM,8000,6000,75.00
20,2570,WCIL,EQ,173219,87357,50.43
20,2571,WEIZMANIND,EQ,2364,1712,72.42
20,2572,WEL,EQ,1016782,354397,34.85
20,2573,WELCORP,EQ,271873,123595,45.46
20,2574,WELENT,EQ,92128,41598,45.15
20,2575,WELINV,EQ,872,483,55.39
20,2576,WELSPUNLIV,EQ,1608642,475410,29.55
20,2577,WENDT,EQ,97,39,40.21
20,2578,WESTLIFE,EQ,147964,118629,80.17
20,2579,WEWIN,EQ,4289,2395,55.84
20,2580,WHEELS,EQ,9390,6801,72.43
20,2581,WHIRLPOOL,EQ,59491,34801,58.50
20,2582,WILLAMAGOR,EQ,6753,3323,49.21
20,2583,WINDLAS,EQ,45812,10908,23.81
20,2584,WINDMACHIN,EQ,41333,24322,58.84
20,2585,WINNY,ST,500,500,100.00
20,2586,WINSOL,SM,28000,21600,77.14
20,2587,WIPRO,EQ,9358955,3407322,36.41
20,2588,WOCKPHARMA,EQ,256303,117601,45.88
20,2589,WOL3D,SM,2000,2000,100.00
20,2590,WOMANCART,ST,1200,1200,100.00
20,2591,WONDERLA,EQ,35359,11624,32.87
20,2592,WORTH,EQ,31871,14566,45.70
20,2593,WSI,EQ,37109,20359,54.86
20,2594,WSTCSTPAPR,EQ,51029,19115,37.46
20,2595,WTICAB,ST,8500,7500,88.24
20,2596,XCHANGING,EQ,78576,41400,52.69
20,2597,XELPMOC,EQ,11188,5840,52.20
20,2598,XPROINDIA,EQ,51822,18094,34.92
20,2599,XTGLOBAL,EQ,21445,10377,48.39
20,2600,YASHO,EQ,12163,10281,84.53
20,2601,YASHOPTICS,SM,32000,25600,80.00
20,2602,YATHARTH,EQ,1929056,1021017,52.93
20,2603,YATRA,EQ,126936,59537,46.90
20,2604,YESBANK,EQ,61440794,15441202,25.13
20,2605,YUDIZ,SM,1600,1600,100.00
20,2606,YUKEN,EQ,3156,1809,57.32
20,2607,ZAGGLE,EQ,262464,138011,52.58
20,2608,ZEAL,SM,4800,3600,75.00
20,2609,ZEEL,EQ,6462601,2911662,45.05
20,2610,ZEELEARN,EQ,809759,333052,41.13
20,2611,ZEEMEDIA,EQ,2114094,1650768,78.08
20,2612,ZENITHDRUG,ST,9600,8800,91.67
20,2613,ZENITHEXPO,EQ,247,128,51.82
20,2614,ZENITHSTL,EQ,323870,265796,82.07
20,2615,ZENSARTECH,EQ,235584,100444,42.64
20,2616,ZENTEC,EQ,234074,122170,52.19
20,2617,ZFCVINDIA,EQ,3553,2068,58.20
20,2618,ZIMLAB,EQ,77750,45684,58.76
20,2619,ZODIAC,EQ,22124,13872,62.70
20,2620,ZODIACLOTH,EQ,4419,3016,68.25
20,2621,ZOMATO,EQ,40007808,13419329,33.54
20,2622,ZOTA,EQ,319628,38318,11.99
20,2623,ZTECH,ST,48000,47700,99.38
20,2624,ZUARI,EQ,189903,86957,45.79
20,2625,ZUARIIND,EQ,65897,36810,55.86
20,2626,ZYDUSLIFE,EQ,880216,492964,56.00
20,2627,ZYDUSWELL,EQ,7266,3976,54.72
