Security Wise Delivery Position - Compulsory Rolling Settlement
10,MTO,20022025,1018679946,0002633
Trade Date <20-FEB-2025>,Settlement Type <N>
Record Type,Sr No,Name of Security,Quantity Traded,Deliverable Quantity(gross across client level),% of Deliverable Quantity to Traded Quantity
20,1,1003IIFL29,NC,101,101,100.00
20,2,1003ISFL28,N4,25,25,100.00
20,3,1025SCL34Z,N1,21,21,100.00
20,4,1025UCL26A,N1,7,7,100.00
20,5,1035UCL26,NA,37,37,100.00
20,6,105IIFL29,N7,100,100,100.00
20,7,105UCL2026,NB,200,200,100.00
20,8,1060ECL29,NS,940,940,100.00
20,9,1065NFL27,NC,445,445,100.00
20,10,10CAGL27,N5,2228,2174,97.58
20,11,10IIFL28,N4,430,320,74.42
20,12,10IIFL28A,NE,246,246,100.00
20,13,10IIFL29,N6,10,10,100.00
20,14,10ISFL26,N3,270,270,100.00
20,15,10NFL25,N9,18,11,61.11
20,16,1119NFL27,ND,15,15,100.00
20,17,182D240725,TB,100,100,100.00
20,18,20MICRONS,EQ,95561,44396,46.46
20,19,360ONE,EQ,864634,332168,38.42
20,20,364D030425,TB,1000,1000,100.00
20,21,364D061125,TB,7000,7000,100.00
20,22,364D131125,TB,7100,7100,100.00
20,23,364D220126,TB,100,100,100.00
20,24,364D270225,TB,300,200,66.67
20,25,364D271125,TB,100,100,100.00
20,26,364D280825,TB,1500,1500,100.00
20,27,3IINFOLTD,EQ,431919,183915,42.58
20,28,3MINDIA,EQ,2401,1019,42.44
20,29,574GS2026,GS,16,16,100.00
20,30,585GS2030,GS,1,1,100.00
20,31,5PAISA,EQ,25281,10688,42.28
20,32,63MOONS,EQ,8705,8705,100.00
20,33,654GS2032,GS,109172,109170,100.00
20,34,664GS2027,GS,100,100,100.00
20,35,667GS2050,GS,8355,6302,75.43
20,36,676GS2061,GS,1,1,100.00
20,37,679GS2034A,GS,140,140,100.00
20,38,699GS2051,GS,1,1,100.00
20,39,702GS2031,GS,299,294,98.33
20,40,704GS2029,GS,3800,3800,100.00
20,41,707IRFC25,NF,9,9,100.00
20,42,709GS2054,GS,296,296,100.00
20,43,710GS2029,GS,2781,2696,96.94
20,44,716GS2050,GS,9,9,100.00
20,45,718GS2033,GS,13500,12001,88.90
20,46,718GS2037,GS,146499,146499,100.00
20,47,71GS2034,GS,400,400,100.00
20,48,725GS2063,GS,201,200,99.50
20,49,726GS2029,GS,24,24,100.00
20,50,726GS2032,GS,100112,100001,99.89
20,51,729IRFC26,NN,100,100,100.00
20,52,732GS2030,GS,100,100,100.00
20,53,734GS2064,GS,11600,11590,99.91
20,54,734IRFC28,N4,1000,1000,100.00
20,55,736GS2052,GS,100,100,100.00
20,56,737GS2028,GS,4817,4816,99.98
20,57,737NTPC35C,NA,35,35,100.00
20,58,738CG32,SG,500,500,100.00
20,59,738GS2027,GS,69530,68630,98.71
20,60,738REC27TF,N2,101,101,100.00
20,61,739NHAI26,N8,763,741,97.12
20,62,73GS2053,GS,9600,9400,97.92
20,63,741GS2036,GS,4822,3709,76.92
20,64,743REC35,NH,263,263,100.00
20,65,746GS2073,GS,60100,60000,99.83
20,66,74GS2062,GS,400,200,50.00
20,67,751HUDCO28,N5,2620,1597,60.95
20,68,753IRFC30,NJ,1593,1593,100.00
20,69,754GS2036,GS,280699,277780,98.96
20,70,764HUDCO31,N8,500,500,100.00
20,71,764IRFC31,NO,300,300,100.00
20,72,764NABAR31,N2,457,457,100.00
20,73,769NHAI31,NE,1,1,100.00
20,74,76IGT26,ND,16,16,100.00
20,75,76NHAI31,NA,3115,2350,75.44
20,76,772GS2025,GS,1,1,100.00
20,77,774IREDA31,N7,730,730,100.00
20,78,797IGT31,NL,162,162,100.00
20,79,79NHIT35,N1,239,239,100.00
20,80,79NHIT40,N2,1,1,100.00
20,81,79NHIT47,N3,139,139,100.00
20,82,805ABFL28,N2,1,1,100.00
20,83,810IRFC27,N2,112,112,100.00
20,84,81ABFL33,N5,2,2,100.00
20,85,81TCHF28,N8,114,80,70.18
20,86,820IIFL27,N9,83,83,100.00
20,87,824GS2027,GS,518,518,100.00
20,88,82HUDCO27,N2,110,110,100.00
20,89,830NHAI27,N2,1564,1459,93.29
20,90,835IFL25,NV,110,110,100.00
20,91,840CIFCL28,N4,190,190,100.00
20,92,842IIFL26,NL,106,106,100.00
20,93,849NTPC25,N7,11447,11447,100.00
20,94,85CIFC27,NL,25,25,100.00
20,95,85PFL26A,N7,1,1,100.00
20,96,865IFL28,NZ,45,45,100.00
20,97,865IIFL28,NS,652,652,100.00
20,98,865IRFC29,NA,1,1,100.00
20,99,865LTF26,NN,100,100,100.00
20,100,865TCAPS27,N8,6,6,100.00
20,101,871REC28,N9,1635,1484,90.76
20,102,875IHFL29,ND,1,1,100.00
20,103,875NHAI29,N6,2403,2187,91.01
20,104,875PCHFL26,N8,450,450,100.00
20,105,876HUDCO28,ND,1508,1508,100.00
20,106,87SCL27A,ZK,9,9,100.00
20,107,885IHL26,N1,1,1,100.00
20,108,885TCAPS29,NC,25,25,100.00
20,109,888REC29,NF,1050,1050,100.00
20,110,888SCL25E,N4,10,10,100.00
20,111,890SFIL23A,NZ,10,10,100.00
20,112,891IIFCL34,N4,1,1,100.00
20,113,891NTPC33,N6,12,12,100.00
20,114,892NHPC33,N6,892,892,100.00
20,115,892PFCL33,N8,718,659,91.78
20,116,894SCL25,Z3,44,44,100.00
20,117,897GS2030,GS,2,2,100.00
20,118,89IHFL29,N1,50,50,100.00
20,119,901HUDCO34,NE,401,401,100.00
20,120,901NHB34,N6,41,41,100.00
20,121,903SFL28,YI,100,100,100.00
20,122,905LTF27,NF,224,224,100.00
20,123,905PEL26,N1,1290,1290,100.00
20,124,910TCAP28,NA,240,180,75.00
20,125,915SCL26,NE,61,61,100.00
20,126,916SCL25,ZW,10,10,100.00
20,127,91D030425,TB,300,300,100.00
20,128,91D060325,TB,400,400,100.00
20,129,920PEL28,N2,250,250,100.00
20,130,920SCL23A,AO,278,278,100.00
20,131,921ISFL25,N0,61,61,100.00
20,132,925AEL26,N1,28,28,100.00
20,133,925ERFL28,N6,100,100,100.00
20,134,925IHFL25D,N6,3,2,66.67
20,135,925SCL25A,NH,1,1,100.00
20,136,92GS2030,GS,497,497,100.00
20,137,930SFL28,YP,25,25,100.00
20,138,932AEL27,N3,20,20,100.00
20,139,935LTF29,N5,1,1,100.00
20,140,935PEL33,N3,305,305,100.00
20,141,935TSI34,N0,6,6,100.00
20,142,93MOFSL34,N6,2,2,100.00
20,143,943ECL28,NJ,90,90,100.00
20,144,945IFSL25,N4,10,10,100.00
20,145,948SCL26A,NN,4,4,100.00
20,146,94SFL28,YL,1221,1221,100.00
20,147,956AEL29,N6,1242,1170,94.20
20,148,957NIDO26,N5,56,56,100.00
20,149,960CAGL25,N3,50,50,100.00
20,150,960ISFL25,N1,53,53,100.00
20,151,965AEL27,N4,700,700,100.00
20,152,965IHFL25D,N7,210,200,95.24
20,153,965SCL25,AG,76,60,78.95
20,154,96IIFL28,N5,601,503,83.69
20,155,96IIFL28A,NF,387,360,93.02
20,156,96SFIL24A,NB,50,50,100.00
20,157,970CAGL28,ND,106,106,100.00
20,158,97SFL28,YS,300,175,58.33
20,159,97SFL29,YZ,504,252,50.00
20,160,985ECL28,NK,25,25,100.00
20,161,985SFIL28,NO,315,215,68.25
20,162,990SCL26,N7,121,121,100.00
20,163,990SCL26D,AH,17,17,100.00
20,164,990SCL27,YT,21,21,100.00
20,165,9IIFL28,Y0,210,190,90.48
20,166,9IIFL28A,NT,399,300,75.19
20,167,9PCHFL31A,NA,20,20,100.00
20,168,9SCL26BA,NA,200,100,50.00
20,169,AAATECH,EQ,16608,8142,49.02
20,170,AADHARHFC,EQ,487920,244484,50.11
20,171,AAKASH,EQ,72999,46340,63.48
20,172,AAREYDRUGS,EQ,25471,16411,64.43
20,173,AARON,EQ,4284,1941,45.31
20,174,AARTIDRUGS,EQ,146428,39013,26.64
20,175,AARTIIND,EQ,594697,147123,24.74
20,176,AARTIPHARM,EQ,558204,217206,38.91
20,177,AARTISURF,EQ,8434,4936,58.53
20,178,AARVI,EQ,12915,7660,59.31
20,179,AATMAJ,SM,10000,10000,100.00
20,180,AAVAS,EQ,110449,83176,75.31
20,181,ABB,EQ,757479,292637,38.63
20,182,ABBOTINDIA,EQ,5736,1150,20.05
20,183,ABCAPITAL,EQ,1571866,687285,43.72
20,184,ABCOTS,ST,10000,10000,100.00
20,185,ABDL,EQ,277166,142481,51.41
20,186,ABFRL,EQ,997692,320245,32.10
20,187,ABHAPOWER,ST,22400,20800,92.86
20,188,ABINFRA,EQ,66560,3124,4.69
20,189,ABMINTLLTD,EQ,75,74,98.67
20,190,ABREL,EQ,97953,45048,45.99
20,191,ABSLAMC,EQ,198574,93143,46.91
20,192,ABSLBANETF,EQ,36747,34475,93.82
20,193,ABSLLIQUID,EQ,1424,1093,76.76
20,194,ABSLNN50ET,EQ,5667,3945,69.61
20,195,ABSLPSE,EQ,327509,211609,64.61
20,196,ABSMARINE,ST,50000,45500,91.00
20,197,ACC,EQ,134186,52245,38.93
20,198,ACCELYA,EQ,9381,4918,52.43
20,199,ACCENTMIC,SM,7000,5000,71.43
20,200,ACCURACY,EQ,73172,52479,71.72
20,201,ACE,EQ,392233,84298,21.49
20,202,ACEINTEG,EQ,33583,13620,40.56
20,203,ACI,EQ,5806807,485090,8.35
20,204,ACL,EQ,23008,18157,78.92
20,205,ACLGATI,EQ,380956,164699,43.23
20,206,ACMESOLAR,EQ,1703972,641019,37.62
20,207,ADANIENSOL,EQ,1271876,443692,34.88
20,208,ADANIENT,EQ,1086670,327637,30.15
20,209,ADANIGREEN,EQ,3499937,571176,16.32
20,210,ADANIPORTS,EQ,3714173,1893975,50.99
20,211,ADANIPOWER,EQ,3781087,855247,22.62
20,212,ADFFOODS,EQ,106280,40151,37.78
20,213,ADL,EQ,1851,1509,81.52
20,214,ADORWELD,EQ,14397,6752,46.90
20,215,ADROITINFO,EQ,46753,28101,60.11
20,216,ADSL,EQ,248140,86748,34.96
20,217,ADVANIHOTR,EQ,91144,37275,40.90
20,218,ADVENZYMES,EQ,309994,186924,60.30
20,219,AEGISLOG,EQ,5033683,1134497,22.54
20,220,AEROFLEX,EQ,1098933,360620,32.82
20,221,AERON,SM,78000,67000,85.90
20,222,AESTHETIK,SM,6000,4000,66.67
20,223,AETHER,EQ,25721,13232,51.44
20,224,AFCONS,EQ,1064923,502349,47.17
20,225,AFFLE,EQ,274133,138719,50.60
20,226,AFFORDABLE,EQ,97419,47185,48.44
20,227,AFIL,EQ,572266,263481,46.04
20,228,AGARIND,EQ,25934,17407,67.12
20,229,AGARWALEYE,EQ,574120,163512,28.48
20,230,AGARWALTUF,SM,46800,34800,74.36
20,231,AGI,EQ,240986,115843,48.07
20,232,AGIIL,EQ,18120,9806,54.12
20,233,AGNI,ST,30000,22500,75.00
20,234,AGRITECH,EQ,4810,2088,43.41
20,235,AGROPHOS,EQ,19536,11270,57.69
20,236,AHIMSA,ST,3000,3000,100.00
20,237,AHLADA,EQ,27720,16844,60.76
20,238,AHLEAST,EQ,6708,4801,71.57
20,239,AHLUCONT,EQ,115149,43454,37.74
20,240,AIAENG,EQ,28606,16349,57.15
20,241,AIIL,EQ,155975,123298,79.05
20,242,AILIMITED,ST,1500,1500,100.00
20,243,AIMTRON,SM,27600,20000,72.46
20,244,AIRAN,EQ,138027,84123,60.95
20,245,AIROLAM,EQ,6736,5201,77.21
20,246,AIRTELPP,E1,204456,158061,77.31
20,247,AISL,SM,1200,600,50.00
20,248,AJANTPHARM,EQ,424176,134111,31.62
20,249,AJAXENGG,EQ,773303,248512,32.14
20,250,AJMERA,EQ,32773,16333,49.84
20,251,AJOONI,EQ,558326,386862,69.29
20,252,AKANKSHA,SM,17000,12000,70.59
20,253,AKASH,EQ,2257,2083,92.29
20,254,AKG,EQ,24319,11263,46.31
20,255,AKIKO,SM,48000,30400,63.33
20,256,AKSHARCHEM,EQ,8529,5376,63.03
20,257,AKUMS,EQ,320036,188464,58.89
20,258,AKZOINDIA,EQ,8858,3551,40.09
20,259,ALANKIT,EQ,545538,261994,48.02
20,260,ALBERTDAVD,EQ,4987,3210,64.37
20,261,ALEMBICLTD,EQ,347152,159246,45.87
20,262,ALICON,EQ,10915,7345,67.29
20,263,ALIVUS,EQ,44551,20046,45.00
20,264,ALKALI,EQ,8393,3514,41.87
20,265,ALKEM,EQ,201094,133734,66.50
20,266,ALKYLAMINE,EQ,21144,9140,43.23
20,267,ALLCARGO,EQ,3168862,1203674,37.98
20,268,ALLDIGI,EQ,27634,17727,64.15
20,269,ALLETEC,ST,18800,16800,89.36
20,270,ALMONDZ,EQ,770283,578057,75.04
20,271,ALOKINDS,EQ,2661774,1069318,40.17
20,272,ALPA,EQ,20604,10177,49.39
20,273,ALPEXSOLAR,SM,73800,45800,62.06
20,274,ALPHA,EQ,1796201,1084252,60.36
20,275,ALPHAETF,EQ,569745,364458,63.97
20,276,ALPL30IETF,EQ,2992201,2706813,90.46
20,277,ALUWIND,SM,7500,6000,80.00
20,278,AMBANIORGO,ST,1000,1000,100.00
20,279,AMBER,EQ,817813,108288,13.24
20,280,AMBEY,SM,62000,46000,74.19
20,281,AMBICAAGAR,EQ,11595,7571,65.30
20,282,AMBIKCO,EQ,8485,5851,68.96
20,283,AMBUJACEM,EQ,1676642,898911,53.61
20,284,AMDIND,EQ,22485,13055,58.06
20,285,AMEYA,SM,2000,2000,100.00
20,286,AMIORG,EQ,328019,152910,46.62
20,287,AMJLAND,EQ,29811,13506,45.31
20,288,AMJUMBO,SM,8000,8000,100.00
20,289,AMNPLST,EQ,8836,4371,49.47
20,290,AMRUTANJAN,EQ,17410,12333,70.84
20,291,ANANDRATHI,EQ,254813,161868,63.52
20,292,ANANTRAJ,EQ,1632841,525350,32.17
20,293,ANDHRAPAP,EQ,70263,39203,55.79
20,294,ANDHRSUGAR,EQ,188811,81112,42.96
20,295,ANGELONE,EQ,986218,247913,25.14
20,296,ANIKINDS,EQ,4802,3206,66.76
20,297,ANLON,SM,6000,5200,86.67
20,298,ANMOL,EQ,66012,44010,66.67
20,299,ANNAPURNA,SM,47000,26000,55.32
20,300,ANTGRAPHIC,EQ,239492,227826,95.13
20,301,ANUHPHR,EQ,60672,38440,63.36
20,302,ANUP,EQ,42992,14087,32.77
20,303,ANURAS,EQ,99597,15607,15.67
20,304,ANYA,SM,580000,480000,82.76
20,305,APARINDS,EQ,172497,88674,51.41
20,306,APCL,EQ,12333,9123,73.97
20,307,APCOTEXIND,EQ,29088,15757,54.17
20,308,APEX,EQ,67243,24983,37.15
20,309,APEXECO,SM,24000,12800,53.33
20,310,APLAPOLLO,EQ,1684963,626675,37.19
20,311,APLLTD,EQ,45573,20210,44.35
20,312,APOLLO,EQ,6873141,1538482,22.38
20,313,APOLLOHOSP,EQ,165304,90641,54.83
20,314,APOLLOPIPE,EQ,68918,39756,57.69
20,315,APOLLOTYRE,EQ,663978,279136,42.04
20,316,APOLSINHOT,EQ,3856,3267,84.73
20,317,APRAMEYA,ST,10000,10000,100.00
20,318,APS,SM,54250,33000,60.83
20,319,APTECHT,EQ,108026,39187,36.28
20,320,APTUS,EQ,233843,133220,56.97
20,321,ARABIAN,SM,14000,12000,85.71
20,322,ARCHIDPLY,EQ,102207,63829,62.45
20,323,ARCHIES,EQ,28020,14407,51.42
20,324,ARE&M,EQ,5830859,506328,8.68
20,325,ARHAM,SM,5000,3000,60.00
20,326,ARIHANTACA,ST,2400,2400,100.00
20,327,ARIHANTCAP,EQ,193458,104138,53.83
20,328,ARIHANTSUP,EQ,33719,15969,47.36
20,329,ARKADE,EQ,588230,150672,25.61
20,330,ARMANFIN,EQ,27229,17579,64.56
20,331,AROGRANITE,EQ,12332,9681,78.50
20,332,ARTEMISMED,EQ,42735,23711,55.48
20,333,ARVEE,EQ,677,460,67.95
20,334,ARVIND,EQ,404004,153853,38.08
20,335,ARVINDFASN,EQ,240861,138530,57.51
20,336,ARVSMART,EQ,103794,44521,42.89
20,337,ASAHIINDIA,EQ,365803,168780,46.14
20,338,ASAHISONG,EQ,7661,6525,85.17
20,339,ASAL,EQ,34602,11503,33.24
20,340,ASALCBR,EQ,94781,52582,55.48
20,341,ASHALOG,SM,12000,12000,100.00
20,342,ASHAPURMIN,EQ,213080,103468,48.56
20,343,ASHIANA,EQ,74136,38323,51.69
20,344,ASHIMASYN,EQ,583104,327934,56.24
20,345,ASHOKA,EQ,1528673,629450,41.18
20,346,ASHOKAMET,EQ,49317,30153,61.14
20,347,ASHOKLEY,EQ,6374635,3207382,50.31
20,348,ASIANENE,EQ,72881,48417,66.43
20,349,ASIANPAINT,EQ,637444,397695,62.39
20,350,ASIANTILES,EQ,569866,337243,59.18
20,351,ASKAUTOLTD,EQ,126889,59352,46.77
20,352,ASLIND,SM,4000,4000,100.00
20,353,ASMS,EQ,456039,308319,67.61
20,354,ASPINWALL,EQ,21899,10367,47.34
20,355,ASPIRE,ST,4000,4000,100.00
20,356,ASTEC,EQ,13840,6527,47.16
20,357,ASTERDM,EQ,1649831,1243709,75.38
20,358,ASTRAL,EQ,275571,138428,50.23
20,359,ASTRAMICRO,EQ,150137,75479,50.27
20,360,ASTRAZEN,EQ,7673,2317,30.20
20,361,ASTRON,EQ,181640,114534,63.06
20,362,ATAM,EQ,23517,15253,64.86
20,363,ATFL,EQ,37207,19507,52.43
20,364,ATGL,EQ,577250,114718,19.87
20,365,ATL,EQ,544631,279514,51.32
20,366,ATMASTCO,ST,28800,28000,97.22
20,367,ATUL,EQ,58025,37667,64.92
20,368,ATULAUTO,EQ,37849,17585,46.46
20,369,AUBANK,EQ,1068810,316536,29.62
20,370,AURIONPRO,EQ,72205,56642,78.45
20,371,AUROPHARMA,EQ,726288,257450,35.45
20,372,AURUM,EQ,49655,34568,69.62
20,373,AURUMPP1,E1,1070,950,88.79
20,374,AUSL,SM,2000,2000,100.00
20,375,AUSOMENT,EQ,8800,7287,82.81
20,376,AUTOAXLES,EQ,2811,1718,61.12
20,377,AUTOBEES,EQ,731036,657620,89.96
20,378,AUTOIETF,EQ,434270,190579,43.88
20,379,AUTOIND,EQ,55669,34453,61.89
20,380,AVADHSUGAR,EQ,80543,39567,49.13
20,381,AVALON,EQ,273420,118779,43.44
20,382,AVANTEL,EQ,6465359,850528,13.16
20,383,AVANTIFEED,EQ,990394,200993,20.29
20,384,AVIANSH,ST,6000,6000,100.00
20,385,AVL,EQ,94935,67540,71.14
20,386,AVPINFRA,ST,24000,22400,93.33
20,387,AVROIND,EQ,28825,16238,56.33
20,388,AVTNPL,EQ,121694,65624,53.93
20,389,AWFIS,EQ,143626,54983,38.28
20,390,AWHCL,EQ,88270,43414,49.18
20,391,AWL,EQ,1676625,670612,40.00
20,392,AXISBANK,EQ,5011212,3729496,74.42
20,393,AXISBNKETF,EQ,1537,1537,100.00
20,394,AXISBPSETF,EQ,1027987,1018248,99.05
20,395,AXISCETF,EQ,474,464,97.89
20,396,AXISGOLD,EQ,515143,362222,70.31
20,397,AXISHCETF,EQ,1310,993,75.80
20,398,AXISILVER,EQ,16766,11952,71.29
20,399,AXISNIFTY,EQ,3957,3845,97.17
20,400,AXISTECETF,EQ,38099,37529,98.50
20,401,AXITA,EQ,1509851,465664,30.84
20,402,AXSENSEX,EQ,409,404,98.78
20,403,AYMSYNTEX,EQ,37664,21688,57.58
20,404,AZAD,EQ,321856,87192,27.09
20,405,BABAFP,SM,3200,3200,100.00
20,406,BAHETI,SM,29625,7875,26.58
20,407,BAIDFIN,EQ,84459,44683,52.90
20,408,BAJAJ-AUTO,EQ,188845,81971,43.41
20,409,BAJAJCON,EQ,279297,178705,63.98
20,410,BAJAJELEC,EQ,30064,15679,52.15
20,411,BAJAJFINSV,EQ,1012144,522378,51.61
20,412,BAJAJHCARE,EQ,232043,88332,38.07
20,413,BAJAJHFL,EQ,11736909,3930578,33.49
20,414,BAJAJHIND,EQ,11311652,4851740,42.89
20,415,BAJAJHLDNG,EQ,118067,26095,22.10
20,416,BAJEL,EQ,412569,216084,52.38
20,417,BAJFINANCE,EQ,790070,488973,61.89
20,418,BALAJEE,EQ,54348,31373,57.73
20,419,BALAMINES,EQ,41047,13801,33.62
20,420,BALAXI,EQ,26408,18346,69.47
20,421,BALKRISHNA,EQ,33358,9074,27.20
20,422,BALKRISIND,EQ,163987,49039,29.90
20,423,BALMLAWRIE,EQ,902918,444903,49.27
20,424,BALPHARMA,EQ,20043,11341,56.58
20,425,BALRAMCHIN,EQ,974363,232075,23.82
20,426,BALUFORGE,EQ,636580,224214,35.22
20,427,BANARISUG,EQ,163,74,45.40
20,428,BANCOINDIA,EQ,192989,81704,42.34
20,429,BANDHANBNK,EQ,5585864,2351675,42.10
20,430,BANKA,EQ,13613,3837,28.19
20,431,BANKBARODA,EQ,5212633,2438244,46.78
20,432,BANKBEES,EQ,325573,177595,54.55
20,433,BANKBETF,EQ,2242,1614,71.99
20,434,BANKETF,EQ,2971,2969,99.93
20,435,BANKETFADD,EQ,967,966,99.90
20,436,BANKIETF,EQ,1141783,1020802,89.40
20,437,BANKINDIA,EQ,12657368,3934931,31.09
20,438,BANKNIFTY1,EQ,7887,5237,66.40
20,439,BANKPSU,EQ,5142,4493,87.38
20,440,BANSALWIRE,EQ,248071,175452,70.73
20,441,BANSWRAS,EQ,31242,17103,54.74
20,442,BARBEQUE,EQ,573523,236751,41.28
20,443,BARFLEX,SM,120000,110000,91.67
20,444,BASF,EQ,16077,5097,31.70
20,445,BASILIC,ST,98700,98100,99.39
20,446,BASML,EQ,132648,98870,74.54
20,447,BATAINDIA,EQ,129345,37732,29.17
20,448,BAWEJA,SM,7200,6400,88.89
20,449,BAYERCROP,EQ,20436,11082,54.23
20,450,BBETF0432,EQ,6722,6621,98.50
20,451,BBL,EQ,46938,21247,45.27
20,452,BBNPNBETF,EQ,298,233,78.19
20,453,BBNPPGOLD,EQ,1094,725,66.27
20,454,BBOX,EQ,237661,165023,69.44
20,455,BBTC,EQ,33433,10711,32.04
20,456,BBTCL,EQ,3765,1185,31.47
20,457,BCLIND,EQ,4290447,1124788,26.22
20,458,BCONCEPTS,EQ,16851,9467,56.18
20,459,BDL,EQ,733736,206846,28.19
20,460,BEACON,SM,27000,21000,77.78
20,461,BEARDSELL,EQ,21234,13218,62.25
20,462,BECTORFOOD,EQ,57407,35287,61.47
20,463,BEDMUTHA,EQ,19322,15106,78.18
20,464,BEL,EQ,18922988,7960663,42.07
20,465,BEML,EQ,513806,242589,47.21
20,466,BEPL,EQ,503645,249376,49.51
20,467,BERGEPAINT,EQ,306930,121755,39.67
20,468,BESTAGRO,EQ,247520,125376,50.65
20,469,BETA,SM,2000,1300,65.00
20,470,BEWLTD,ST,14000,13000,92.86
20,471,BFINVEST,EQ,15865,8924,56.25
20,472,BFSI,EQ,205554,175160,85.21
20,473,BFUTILITIE,EQ,78139,30819,39.44
20,474,BHAGCHEM,EQ,62188,35042,56.35
20,475,BHAGERIA,EQ,23348,11277,48.30
20,476,BHAGYANGR,EQ,27768,14811,53.34
20,477,BHANDARI,EQ,411638,160746,39.05
20,478,BHARATFORG,EQ,1894343,842861,44.49
20,479,BHARATGEAR,EQ,12178,7982,65.54
20,480,BHARATRAS,EQ,1058,548,51.80
20,481,BHARATWIRE,EQ,93093,41600,44.69
20,482,BHARTIARTL,EQ,5524503,4086101,73.96
20,483,BHARTIHEXA,EQ,265734,207111,77.94
20,484,BHEL,EQ,14019550,4930268,35.17
20,485,BIGBLOC,EQ,940808,206636,21.96
20,486,BIKAJI,EQ,2123391,427737,20.14
20,487,BIKEWO,SM,22000,16000,72.73
20,488,BINANIIND,EQ,17419,11235,64.50
20,489,BIOCON,EQ,3698825,1475942,39.90
20,490,BIOFILCHEM,EQ,8766,6517,74.34
20,491,BIRDYS,SM,1200,1200,100.00
20,492,BIRET,RR,181094,143795,79.40
20,493,BIRLACABLE,EQ,47943,22583,47.10
20,494,BIRLACORPN,EQ,262511,99828,38.03
20,495,BLACKBUCK,EQ,96703,57221,59.17
20,496,BLAL,EQ,45829,25347,55.31
20,497,BLBLIMITED,EQ,31660,16013,50.58
20,498,BLISSGVS,EQ,382616,119769,31.30
20,499,BLKASHYAP,EQ,1209652,618701,51.15
20,500,BLS,EQ,2099254,518766,24.71
20,501,BLSE,EQ,125968,44909,35.65
20,502,BLUEDART,EQ,7284,2398,32.92
20,503,BLUEJET,EQ,508245,295500,58.14
20,504,BLUEPEBBLE,SM,16400,12000,73.17
20,505,BLUESTARCO,EQ,521041,287047,55.09
20,506,BMETRICS,SM,3200,3200,100.00
20,507,BODALCHEM,EQ,197762,103299,52.23
20,508,BOMDYEING,EQ,717486,240311,33.49
20,509,BOROLTD,EQ,205776,73251,35.60
20,510,BOROSCI,EQ,49760,33424,67.17
20,511,BOSCHLTD,EQ,17645,9658,54.74
20,512,BPCL,EQ,8155780,5317190,65.20
20,513,BPL,EQ,329085,115846,35.20
20,514,BRACEPORT,ST,9600,9600,100.00
20,515,BRIGADE,EQ,201857,146017,72.34
20,516,BRITANNIA,EQ,319761,208997,65.36
20,517,BRNL,EQ,40524,19799,48.86
20,518,BROOKS,EQ,23736,9676,40.77
20,519,BSE,EQ,4888570,1041667,21.31
20,520,BSE500IETF,EQ,77172,57780,74.87
20,521,BSHSL,EQ,12196,8065,66.13
20,522,BSLGOLDETF,EQ,505725,425550,84.15
20,523,BSLNIFTY,EQ,92941,61397,66.06
20,524,BSLSENETFG,EQ,1463,1361,93.03
20,525,BSOFT,EQ,1323905,410917,31.04
20,526,BULKCORP,SM,2400,2400,100.00
20,527,BUTTERFLY,EQ,13090,9855,75.29
20,528,BVCL,EQ,103918,31841,30.64
20,529,C2C,ST,3600,3600,100.00
20,530,CADSYS,ST,2000,2000,100.00
20,531,CAGL27A,N6,66,66,100.00
20,532,CAMLINFINE,EQ,1686705,666852,39.54
20,533,CAMPUS,EQ,853385,269335,31.56
20,534,CAMS,EQ,511643,176250,34.45
20,535,CANARYS,SM,252000,176000,69.84
20,536,CANBK,EQ,26398555,11904030,45.09
20,537,CANFINHOME,EQ,309864,125612,40.54
20,538,CANTABIL,EQ,183141,73815,40.31
20,539,CAPACITE,EQ,547617,225810,41.24
20,540,CAPINVIT,IV,79664,76297,95.77
20,541,CAPITALSFB,EQ,213181,207355,97.27
20,542,CAPLIPOINT,EQ,63836,23216,36.37
20,543,CAPTRUST,EQ,4098,2661,64.93
20,544,CARBORUNIV,EQ,713640,577183,80.88
20,545,CAREERP,EQ,11689,7575,64.80
20,546,CARERATING,EQ,24516,12933,52.75
20,547,CARRARO,EQ,71641,31967,44.62
20,548,CARTRADE,EQ,347637,179288,51.57
20,549,CARYSIL,EQ,64312,42454,66.01
20,550,CASTROLIND,EQ,8971646,3453227,38.49
20,551,CBAZAAR,ST,104000,88000,84.62
20,552,CCHHL,EQ,27314,24666,90.31
20,553,CCL,EQ,72412,40169,55.47
20,554,CDSL,EQ,4737475,982667,20.74
20,555,CEATLTD,EQ,55525,18781,33.82
20,556,CEIGALL,EQ,106869,55882,52.29
20,557,CELEBRITY,EQ,62686,35396,56.47
20,558,CELLECOR,SM,291000,204000,70.10
20,559,CELLO,EQ,144519,67792,46.91
20,560,CELLPOINT,SM,19200,18000,93.75
20,561,CENTENKA,EQ,31626,19417,61.40
20,562,CENTEXT,EQ,40583,24209,59.65
20,563,CENTRALBK,EQ,3189719,926029,29.03
20,564,CENTRUM,EQ,102338,57760,56.44
20,565,CENTUM,EQ,20387,7094,34.80
20,566,CENTURYPLY,EQ,122454,49430,40.37
20,567,CERA,EQ,13787,6597,47.85
20,568,CESC,EQ,6908552,1994050,28.86
20,569,CEWATER,EQ,168299,63131,37.51
20,570,CGCL,EQ,468566,33525,7.15
20,571,CGPOWER,EQ,2044206,878772,42.99
20,572,CGRAPHICS,SM,10400,7200,69.23
20,573,CHALET,EQ,230734,96994,42.04
20,574,CHAMBLFERT,EQ,3030714,737744,24.34
20,575,CHAMUNDA,ST,285000,246000,86.32
20,576,CHANDAN,ST,75200,69600,92.55
20,577,CHAVDA,SM,19000,13000,68.42
20,578,CHEMBOND,EQ,6600,4393,66.56
20,579,CHEMCON,EQ,22979,10764,46.84
20,580,CHEMFAB,EQ,4686,2598,55.44
20,581,CHEMPLASTS,EQ,51314,23420,45.64
20,582,CHENNPETRO,EQ,373375,117910,31.58
20,583,CHETANA,SM,14400,12800,88.89
20,584,CHEVIOT,EQ,2576,2031,78.84
20,585,CHOICEIN,EQ,428860,114283,26.65
20,586,CHOLAFIN,EQ,1137492,573753,50.44
20,587,CHOLAHLDNG,EQ,71305,27159,38.09
20,588,CIEINDIA,EQ,129801,29238,22.53
20,589,CIGNITITEC,EQ,151624,77143,50.88
20,590,CINEVISTA,EQ,7564,5223,69.05
20,591,CIPLA,EQ,1652209,1247129,75.48
20,592,CLEAN,EQ,53865,25743,47.79
20,593,CLEDUCATE,EQ,126777,88750,70.00
20,594,CLSEL,EQ,44349,19493,43.95
20,595,CLSL,SM,4000,2000,50.00
20,596,CMMIPL,SZ,6000,6000,100.00
20,597,CMRSL,SM,800,800,100.00
20,598,CMSINFO,EQ,260069,110094,42.33
20,599,COALINDIA,EQ,4624287,2708558,58.57
20,600,COASTCORP,EQ,12346,6777,54.89
20,601,COCHINSHIP,EQ,757395,233074,30.77
20,602,COFORGE,EQ,585482,333142,56.90
20,603,COLPAL,EQ,281363,145645,51.76
20,604,COMMOIETF,EQ,47877,26972,56.34
20,605,COMPUSOFT,EQ,26631,16349,61.39
20,606,CONCOR,EQ,1124402,681278,60.59
20,607,CONCORDBIO,EQ,92052,23174,25.17
20,608,CONFIPET,EQ,253872,115470,45.48
20,609,CONS,EQ,3396,2659,78.30
20,610,CONSOFINVT,EQ,6757,6251,92.51
20,611,CONSUMBEES,EQ,79593,49898,62.69
20,612,CONSUMER,EQ,41187,36592,88.84
20,613,CONSUMIETF,EQ,6095,4037,66.23
20,614,CONTROLPR,EQ,6815,3890,57.08
20,615,COOLCAPS,ST,13500,13000,96.30
20,616,CORALFINAC,EQ,10437,6846,65.59
20,617,CORDSCABLE,EQ,19431,10658,54.85
20,618,COROMANDEL,EQ,426646,247245,57.95
20,619,COSMOFIRST,EQ,71651,46246,64.54
20,620,COUNCODOS,EQ,51854,27853,53.71
20,621,CPS,ST,12000,9000,75.00
20,622,CPSEETF,EQ,4821557,3789845,78.60
20,623,CRAFTSMAN,EQ,21197,11260,53.12
20,624,CRAYONS,SM,29000,25000,86.21
20,625,CREATIVE,EQ,5281,2914,55.18
20,626,CREATIVEYE,EQ,29837,22770,76.31
20,627,CREDITACC,EQ,2142335,452146,21.11
20,628,CREST,EQ,5197,2550,49.07
20,629,CRISIL,EQ,65230,22203,34.04
20,630,CROMPTON,EQ,4589175,2784735,60.68
20,631,CROWN,EQ,66934,47301,70.67
20,632,CSBBANK,EQ,110840,64395,58.10
20,633,CSLFINANCE,EQ,19684,9681,49.18
20,634,CTE,EQ,15636,8740,55.90
20,635,CUB,EQ,2951180,1787231,60.56
20,636,CUMMINSIND,EQ,438545,202875,46.26
20,637,CUPID,EQ,234016,94142,40.23
20,638,CYBERMEDIA,EQ,71322,21409,30.02
20,639,CYBERTECH,EQ,41754,18729,44.86
20,640,CYIENT,EQ,1630554,405181,24.85
20,641,CYIENTDLM,EQ,220397,85847,38.95
20,642,DABUR,EQ,2052520,1160844,56.56
20,643,DALBHARAT,EQ,45245,9799,21.66
20,644,DALMIASUG,EQ,81241,32949,40.56
20,645,DAMCAPITAL,EQ,981691,416301,42.41
20,646,DAMODARIND,EQ,16028,8366,52.20
20,647,DANGEE,EQ,85272,57281,67.17
20,648,DANISH,SM,55800,30600,54.84
20,649,DATAMATICS,EQ,51027,22753,44.59
20,650,DATAPATTNS,EQ,554844,101088,18.22
20,651,DAVANGERE,EQ,1221848,613432,50.21
20,652,DBCORP,EQ,630385,356921,56.62
20,653,DBEIL,EQ,101276,42477,41.94
20,654,DBL,EQ,228574,94493,41.34
20,655,DBOL,EQ,374254,222613,59.48
20,656,DBREALTY,EQ,2323966,1367494,58.84
20,657,DBSTOCKBRO,EQ,66223,49699,75.05
20,658,DCAL,EQ,203084,96399,47.47
20,659,DCBBANK,EQ,1456364,754677,51.82
20,660,DCG,SM,51600,30000,58.14
20,661,DCI,EQ,12108,5459,45.09
20,662,DCM,EQ,34637,15698,45.32
20,663,DCMFINSERV,EQ,5146,3984,77.42
20,664,DCMNVL,EQ,1764,810,45.92
20,665,DCMSHRIRAM,EQ,14983,6272,41.86
20,666,DCMSRIND,EQ,82130,42150,51.32
20,667,DCW,EQ,850588,211906,24.91
20,668,DCXINDIA,EQ,442060,195607,44.25
20,669,DDEVPLSTIK,EQ,164466,69520,42.27
20,670,DECCANCE,EQ,289535,115336,39.83
20,671,DECCANTRAN,SM,9600,4800,50.00
20,672,DEEDEV,EQ,150363,78397,52.14
20,673,DEEM,SM,12000,12000,100.00
20,674,DEEPAKFERT,EQ,419564,206536,49.23
20,675,DEEPAKNTR,EQ,681458,115214,16.91
20,676,DEEPINDS,EQ,199501,78174,39.18
20,677,DELAPLEX,SM,67200,51000,75.89
20,678,DELHIVERY,EQ,2776766,1648103,59.35
20,679,DELTACORP,EQ,3411555,1178794,34.55
20,680,DELTAMAGNT,EQ,19193,8466,44.11
20,681,DELTIC,ST,26000,26000,100.00
20,682,DEN,EQ,461026,184340,39.98
20,683,DENEERS,ST,13800,10200,73.91
20,684,DENORA,EQ,13562,6415,47.30
20,685,DENTA,EQ,4792715,793595,16.56
20,686,DENTALKART,SM,16250,10750,66.15
20,687,DESTINY,ST,3000,3000,100.00
20,688,DEVIT,EQ,106176,38724,36.47
20,689,DEVYANI,EQ,3876765,743198,19.17
20,690,DHAMPURSUG,EQ,223463,106257,47.55
20,691,DHANI,EQ,3672544,2339280,63.70
20,692,DHANLAXMI,ST,10000,10000,100.00
20,693,DHANUKA,EQ,42874,14964,34.90
20,694,DHARMAJ,EQ,308645,106192,34.41
20,695,DHTL,SM,4800,4800,100.00
20,696,DHUNINV,EQ,919,569,61.92
20,697,DIAMINESQ,EQ,5827,3998,68.61
20,698,DIAMONDYD,EQ,115844,86544,74.71
20,699,DICIND,EQ,297,229,77.10
20,700,DIGIDRIVE,EQ,36257,25945,71.56
20,701,DIGIKORE,ST,6200,6200,100.00
20,702,DIGISPICE,EQ,72591,42481,58.52
20,703,DISHTV,EQ,14698623,5873973,39.96
20,704,DIVGIITTS,EQ,8879,5236,58.97
20,705,DIVISLAB,EQ,292029,178239,61.03
20,706,DIVOPPBEES,EQ,25461,20260,79.57
20,707,DIVYADHAN,ST,2000,2000,100.00
20,708,DIXON,EQ,155381,60996,39.26
20,709,DLF,EQ,1903490,511645,26.88
20,710,DLINKINDIA,EQ,169543,92934,54.81
20,711,DMART,EQ,552762,345302,62.47
20,712,DNAMEDIA,EQ,38966,29375,75.39
20,713,DODLA,EQ,25629,11898,46.42
20,714,DOLATALGO,EQ,254269,136010,53.49
20,715,DOLLAR,EQ,166525,104193,62.57
20,716,DOLPHIN,EQ,30960,17521,56.59
20,717,DOMS,EQ,45930,18823,40.98
20,718,DONEAR,EQ,73214,38764,52.95
20,719,DPABHUSHAN,EQ,12846,7948,61.87
20,720,DPEL,ST,12000,10500,87.50
20,721,DPSCLTD,EQ,154324,101167,65.55
20,722,DPWIRES,EQ,14088,7572,53.75
20,723,DRCSYSTEMS,EQ,134770,77609,57.59
20,724,DREAMFOLKS,EQ,142504,71435,50.13
20,725,DREDGECORP,EQ,84188,51444,61.11
20,726,DRONE,ST,33000,31500,95.45
20,727,DRREDDY,EQ,1579890,1061110,67.16
20,728,DSSL,EQ,17596,8576,48.74
20,729,DTIL,EQ,7775,4095,52.67
20,730,DTL,SM,8400,7200,85.71
20,731,DUCON,EQ,363213,227055,62.51
20,732,DUGLOBAL,SM,57500,22500,39.13
20,733,DURLAX,SM,30000,26000,86.67
20,734,DVL,EQ,38968,22798,58.50
20,735,DWARKESH,EQ,528742,265106,50.14
20,736,DYCL,EQ,61693,41550,67.35
20,737,DYNAMATECH,EQ,5188,1216,23.44
20,738,DYNAMIC,ST,53500,48500,90.65
20,739,DYNPRO,EQ,33381,14962,44.82
20,740,E2E,EQ,57935,29540,50.99
20,741,EASEMYTRIP,EQ,39675875,8360082,21.07
20,742,EBANKNIFTY,EQ,51,48,94.12
20,743,EBBETF0425,EQ,2089,2065,98.85
20,744,EBBETF0430,EQ,2313,2007,86.77
20,745,EBBETF0431,EQ,2573,2383,92.62
20,746,EBBETF0433,EQ,2443,2262,92.59
20,747,ECAPINSURE,EQ,8682,6983,80.43
20,748,ECLERX,EQ,26215,9295,35.46
20,749,ECOSMOBLTY,EQ,311418,136578,43.86
20,750,EDELWEISS,EQ,1333357,724022,54.30
20,751,EFACTOR,SM,23200,22400,96.55
20,752,EFFWA,SM,5600,4800,85.71
20,753,EFORCE,SM,13200,10800,81.82
20,754,EGOLD,EQ,140785,138175,98.15
20,755,EICHERMOT,EQ,277284,145514,52.48
20,756,EIDPARRY,EQ,609749,355746,58.34
20,757,EIEL,EQ,2251781,481380,21.38
20,758,EIFFL,EQ,19575,14443,73.78
20,759,EIHAHOTELS,EQ,44788,17211,38.43
20,760,EIHOTEL,EQ,627750,322960,51.45
20,761,EIMCOELECO,EQ,7272,3782,52.01
20,762,EKC,EQ,427877,192011,44.88
20,763,ELDEHSG,EQ,231,188,81.39
20,764,ELECON,EQ,421403,184411,43.76
20,765,ELECTCAST,EQ,2453123,1358103,55.36
20,766,ELGIEQUIP,EQ,575918,413217,71.75
20,767,ELGNZ,ST,118000,116000,98.31
20,768,ELIN,EQ,148838,77136,51.83
20,769,EMAIN,SM,22000,19000,86.36
20,770,EMAMILTD,EQ,912940,776821,85.09
20,771,EMAMIPAP,EQ,13200,7238,54.83
20,772,EMBASSY,RR,1019607,984330,96.54
20,773,EMBDL,EQ,4829813,1881710,38.96
20,774,EMCURE,EQ,139621,102974,73.75
20,775,EMIL,EQ,568004,260584,45.88
20,776,EMKAYTOOLS,SM,73200,73050,99.80
20,777,EMMBI,EQ,36052,18749,52.01
20,778,EMMIL,ST,12000,11250,93.75
20,779,EMSLIMITED,EQ,319411,121742,38.11
20,780,EMUDHRA,EQ,240487,92443,38.44
20,781,EMULTIMQ,EQ,61246,45426,74.17
20,782,ENDURANCE,EQ,30848,13285,43.07
20,783,ENFUSE,ST,600,600,100.00
20,784,ENGINERSIN,EQ,4259219,1560124,36.63
20,785,ENIL,EQ,22062,15489,70.21
20,786,ENSER,ST,35000,35000,100.00
20,787,ENTERO,EQ,68511,51268,74.83
20,788,ENVIRO,SM,22000,16000,72.73
20,789,EPACK,EQ,478297,258514,54.05
20,790,EPIGRAL,EQ,21057,9171,43.55
20,791,EPL,EQ,476677,221749,46.52
20,792,EQUAL50ADD,EQ,1913,1892,98.90
20,793,EQUITASBNK,EQ,2436784,1212750,49.77
20,794,ERIS,EQ,79363,42182,53.15
20,795,ESABINDIA,EQ,37770,35542,94.10
20,796,ESAFSFB,EQ,836645,331262,39.59
20,797,ESCONET,ST,4000,4000,100.00
20,798,ESCORTS,EQ,101632,19424,19.11
20,799,ESFL,SM,155520,99360,63.89
20,800,ESG,EQ,2915,1584,54.34
20,801,ESILVER,EQ,58103,56344,96.97
20,802,ESPRIT,ST,6400,4800,75.00
20,803,ESSENTIA,EQ,2642457,1403668,53.12
20,804,ESTER,EQ,176371,82253,46.64
20,805,ETHOSLTD,EQ,42015,14843,35.33
20,806,ETML,SM,4800,4800,100.00
20,807,EUREKAFORB,EQ,323928,263750,81.42
20,808,EVEREADY,EQ,255548,199971,78.25
20,809,EVINDIA,EQ,2542341,2158763,84.91
20,810,EXCELINDUS,EQ,11456,7147,62.39
20,811,EXICOM,EQ,650506,265133,40.76
20,812,EXIDEIND,EQ,1880912,518302,27.56
20,813,EXPLEOSOL,EQ,18965,11242,59.28
20,814,EXXARO,EQ,437007,261286,59.79
20,815,FACT,EQ,952597,157640,16.55
20,816,FAIRCHEMOR,EQ,4481,1727,38.54
20,817,FALCONTECH,ST,9600,9600,100.00
20,818,FAZE3Q,EQ,13793,7322,53.08
20,819,FCL,EQ,521580,182230,34.94
20,820,FCSSOFT,EQ,28094473,11126048,39.60
20,821,FDC,EQ,233288,182424,78.20
20,822,FEDERALBNK,EQ,3532472,1864725,52.79
20,823,FEDFINA,EQ,214503,104865,48.89
20,824,FELIX,ST,25000,23500,94.00
20,825,FIBERWEB,EQ,231349,197568,85.40
20,826,FICRF3GP,MF,1000,1000,100.00
20,827,FIDEL,ST,11000,9000,81.82
20,828,FIEMIND,EQ,18057,9511,52.67
20,829,FILATEX,EQ,978518,332803,34.01
20,830,FINCABLES,EQ,292040,73025,25.01
20,831,FINEORG,EQ,12520,5221,41.70
20,832,FINIETF,EQ,106137,53929,50.81
20,833,FINOPB,EQ,291778,179882,61.65
20,834,FINPIPE,EQ,455667,209532,45.98
20,835,FIRSTCRY,EQ,359986,176062,48.91
20,836,FIVESTAR,EQ,242768,88862,36.60
20,837,FLAIR,EQ,64138,27270,42.52
20,838,FLUOROCHEM,EQ,31356,14227,45.37
20,839,FMCGIETF,EQ,816942,535885,65.60
20,840,FMGOETZE,EQ,154241,116197,75.33
20,841,FOCUS,EQ,72590,38394,52.89
20,842,FONEBOX,SM,14000,13000,92.86
20,843,FOODSIN,EQ,172066,115891,67.35
20,844,FORCEMOT,EQ,32284,15285,47.35
20,845,FORGEAUTO,SM,6000,4800,80.00
20,846,FORTIS,EQ,1441873,845565,58.64
20,847,FOSECOIND,EQ,673,373,55.42
20,848,FRESHARA,ST,72000,62400,86.67
20,849,FROG,SM,34800,23200,66.67
20,850,FSL,EQ,1930271,699676,36.25
20,851,FUSION,EQ,208453,110908,53.21
20,852,GABRIEL,EQ,76229,27411,35.96
20,853,GAEL,EQ,335934,159679,47.53
20,854,GAIL,EQ,10110659,5470469,54.11
20,855,GAJANAND,ST,27000,27000,100.00
20,856,GALAPREC,EQ,99432,32782,32.97
20,857,GALAXYSURF,EQ,4226,2449,57.95
20,858,GALLANTT,EQ,12802,8299,64.83
20,859,GANDHAR,EQ,118029,61277,51.92
20,860,GANDHITUBE,EQ,5782,3537,61.17
20,861,GANECOS,EQ,96557,42280,43.79
20,862,GANESHBE,EQ,102932,82738,80.38
20,863,GANESHHOUC,EQ,156394,46712,29.87
20,864,GANESHIN,SM,200000,145600,72.80
20,865,GANGAFORGE,EQ,116258,62287,53.58
20,866,GANGESSECU,EQ,8182,7015,85.74
20,867,GARFIBRES,EQ,69534,35746,51.41
20,868,GARUDA,EQ,595307,144981,24.35
20,869,GATEWAY,EQ,863556,513118,59.42
20,870,GEECEE,EQ,3924,2583,65.83
20,871,GEEKAYWIRE,EQ,146816,66861,45.54
20,872,GENCON,EQ,55172,35712,64.73
20,873,GENESYS,EQ,196232,63147,32.18
20,874,GENSOL,EQ,153128,96383,62.94
20,875,GENUSPAPER,EQ,120506,76573,63.54
20,876,GENUSPOWER,EQ,532126,249921,46.97
20,877,GEOJITFSL,EQ,1082330,302575,27.96
20,878,GEPIL,EQ,670753,177220,26.42
20,879,GESHIP,EQ,253634,98477,38.83
20,880,GFLLIMITED,EQ,78917,56530,71.63
20,881,GGBL,ST,16200,14700,90.74
20,882,GHCL,EQ,117862,52332,44.40
20,883,GHCLTEXTIL,EQ,246222,153667,62.41
20,884,GICHSGFIN,EQ,61610,33880,54.99
20,885,GICRE,EQ,389517,92487,23.74
20,886,GILLETTE,EQ,307024,18285,5.96
20,887,GILT5YBEES,EQ,392151,365309,93.16
20,888,GINNIFILA,EQ,152227,98321,64.59
20,889,GIPCL,EQ,575761,292745,50.84
20,890,GLAND,EQ,115836,64659,55.82
20,891,GLAXO,EQ,592260,94640,15.98
20,892,GLENMARK,EQ,425017,218117,51.32
20,893,GLOBAL,EQ,31406,20287,64.60
20,894,GLOBALPET,SM,21000,15000,71.43
20,895,GLOBE,EQ,10209116,5733221,56.16
20,896,GLOBUSSPR,EQ,49605,20639,41.61
20,897,GLOSTERLTD,EQ,880,706,80.23
20,898,GMBREW,EQ,13246,6209,46.87
20,899,GMDCLTD,EQ,647906,216506,33.42
20,900,GMMPFAUDLR,EQ,23951,11125,46.45
20,901,GMRAIRPORT,EQ,13866438,5894188,42.51
20,902,GMRP&UI,EQ,1626190,705061,43.36
20,903,GNA,EQ,116107,99315,85.54
20,904,GNFC,EQ,303044,75950,25.06
20,905,GOACARBON,EQ,19613,5881,29.99
20,906,GOCLCORP,EQ,56138,36624,65.24
20,907,GOCOLORS,EQ,162080,108105,66.70
20,908,GODFRYPHLP,EQ,682654,109290,16.01
20,909,GODIGIT,EQ,487248,198159,40.67
20,910,GODREJAGRO,EQ,87671,33980,38.76
20,911,GODREJCP,EQ,2578907,1503138,58.29
20,912,GODREJIND,EQ,5621693,655447,11.66
20,913,GODREJPROP,EQ,878591,442397,50.35
20,914,GOKEX,EQ,212282,106699,50.26
20,915,GOKUL,EQ,32379,15681,48.43
20,916,GOKULAGRO,EQ,38504,18775,48.76
20,917,GOLD1,EQ,1192903,1062931,89.10
20,918,GOLDBEES,EQ,12547634,9065297,72.25
20,919,GOLDCASE,EQ,2530790,2201756,87.00
20,920,GOLDETF,EQ,451341,415640,92.09
20,921,GOLDETFADD,EQ,105218,103695,98.55
20,922,GOLDIAM,EQ,1544556,241303,15.62
20,923,GOLDIETF,EQ,3600212,2470967,68.63
20,924,GOLDSHARE,EQ,609802,484186,79.40
20,925,GOLDSTAR,SM,33750,22500,66.67
20,926,GOLDTECH,EQ,70269,35725,50.84
20,927,GOODLUCK,EQ,172708,82188,47.59
20,928,GOPAL,EQ,142415,83174,58.40
20,929,GOYALALUM,EQ,80285,53839,67.06
20,930,GOYALSALT,SM,4800,3000,62.50
20,931,GPECO,ST,8400,8400,100.00
20,932,GPIL,EQ,1449612,725720,50.06
20,933,GPPL,EQ,861492,463805,53.84
20,934,GPTHEALTH,EQ,74827,45768,61.17
20,935,GPTINFRA,EQ,91940,50497,54.92
20,936,GRANULES,EQ,829746,206872,24.93
20,937,GRAPHISAD,SM,10800,10800,100.00
20,938,GRAPHITE,EQ,943677,239144,25.34
20,939,GRASIM,EQ,427274,297516,69.63
20,940,GRAVITA,EQ,179195,78605,43.87
20,941,GRCL,SM,750,500,66.67
20,942,GREAVESCOT,EQ,2771828,704326,25.41
20,943,GREENCHEF,SM,12800,9600,75.00
20,944,GREENLAM,EQ,19477,5992,30.76
20,945,GREENPANEL,EQ,56816,26405,46.47
20,946,GREENPLY,EQ,139929,55336,39.55
20,947,GREENPOWER,EQ,3196092,1409655,44.11
20,948,GRINDWELL,EQ,44873,22862,50.95
20,949,GRINFRA,EQ,65639,31951,48.68
20,950,GRMOVER,EQ,281349,96803,34.41
20,951,GROBTEA,EQ,290,181,62.41
20,952,GROWWDEFNC,EQ,105141,78436,74.60
20,953,GROWWEV,EQ,246389,208652,84.68
20,954,GROWWGOLD,EQ,146732,84902,57.86
20,955,GROWWLIQID,EQ,592734,506463,85.45
20,956,GROWWRAIL,EQ,493839,188311,38.13
20,957,GRPLTD,EQ,906,632,69.76
20,958,GRSE,EQ,934356,109390,11.71
20,959,GRWRHITECH,EQ,85823,35127,40.93
20,960,GSEC10IETF,EQ,5048,5048,100.00
20,961,GSEC10YEAR,EQ,157,110,70.06
20,962,GSEC5IETF,EQ,205,193,94.15
20,963,GSFC,EQ,547417,211951,38.72
20,964,GSLSU,EQ,115232,39467,34.25
20,965,GSMFOILS,ST,10000,10000,100.00
20,966,GSPL,EQ,864997,671844,77.67
20,967,GSS,EQ,554844,199501,35.96
20,968,GSTL,ST,5000,5000,100.00
20,969,GTL,EQ,423455,177728,41.97
20,970,GTLINFRA,EQ,36178355,14791718,40.89
20,971,GTPL,EQ,20162,5653,28.04
20,972,GUFICBIO,EQ,35092,22248,63.40
20,973,GUJALKALI,EQ,61226,49614,81.03
20,974,GUJAPOLLO,EQ,9331,4677,50.12
20,975,GUJGASLTD,EQ,416975,174543,41.86
20,976,GULFOILLUB,EQ,47951,16946,35.34
20,977,GULFPETRO,EQ,195297,108689,55.65
20,978,GULPOLY,EQ,810773,195266,24.08
20,979,GVPTECH,EQ,30481,26587,87.22
20,980,GVT&D,EQ,643066,428206,66.59
20,981,HAL,EQ,1492723,476423,31.92
20,982,HAPPSTMNDS,EQ,282455,90426,32.01
20,983,HAPPYFORGE,EQ,23071,12557,54.43
20,984,HARIOMPIPE,EQ,130930,62552,47.78
20,985,HARRMALAYA,EQ,13744,6729,48.96
20,986,HARSHA,EQ,83947,30021,35.76
20,987,HATHWAY,EQ,2621659,887897,33.87
20,988,HATSUN,EQ,8910,3670,41.19
20,989,HAVELLS,EQ,941417,666174,70.76
20,990,HAVISHA,EQ,49139,37745,76.81
20,991,HBLENGINE,EQ,1175991,274496,23.34
20,992,HBSL,EQ,7954,4916,61.81
20,993,HCC,EQ,19240604,6317797,32.84
20,994,HCG,EQ,157907,76790,48.63
20,995,HCL-INSYS,EQ,229635,146254,63.69
20,996,HCLTECH,EQ,1681532,1064858,63.33
20,997,HDFCAMC,EQ,240299,138662,57.70
20,998,HDFCBANK,EQ,13195255,9394627,71.20
20,999,HDFCBSE500,EQ,10944,7627,69.69
20,1000,HDFCGOLD,EQ,2521531,1817677,72.09
20,1001,HDFCGROWTH,EQ,3214,2504,77.91
20,1002,HDFCLIFE,EQ,2881981,1798480,62.40
20,1003,HDFCLIQUID,EQ,20660,20133,97.45
20,1004,HDFCLOWVOL,EQ,19420,17963,92.50
20,1005,HDFCMID150,EQ,283016,122524,43.29
20,1006,HDFCMOMENT,EQ,324736,197042,60.68
20,1007,HDFCNEXT50,EQ,35335,22502,63.68
20,1008,HDFCNIF100,EQ,14425,14151,98.10
20,1009,HDFCNIFBAN,EQ,51165,29526,57.71
20,1010,HDFCNIFIT,EQ,388109,386977,99.71
20,1011,HDFCNIFTY,EQ,41959,29729,70.85
20,1012,HDFCPSUBK,EQ,12284,11472,93.39
20,1013,HDFCPVTBAN,EQ,11395,9177,80.54
20,1014,HDFCQUAL,EQ,3371,2089,61.97
20,1015,HDFCSENSEX,EQ,10545,9167,86.93
20,1016,HDFCSILVER,EQ,476443,427785,89.79
20,1017,HDFCSML250,EQ,1421573,1161327,81.69
20,1018,HDFCVALUE,EQ,933,799,85.64
20,1019,HEADSUP,EQ,24242,12812,52.85
20,1020,HEALTHADD,EQ,255,255,100.00
20,1021,HEALTHIETF,EQ,24135,12984,53.80
20,1022,HEALTHY,EQ,137804,79630,57.78
20,1023,HECPROJECT,EQ,4610,3052,66.20
20,1024,HEG,EQ,443039,130129,29.37
20,1025,HEIDELBERG,EQ,60469,31576,52.22
20,1026,HEMIPROP,EQ,721526,348522,48.30
20,1027,HERANBA,EQ,93082,44360,47.66
20,1028,HERITGFOOD,EQ,327390,151116,46.16
20,1029,HEROMOTOCO,EQ,438563,257804,58.78
20,1030,HESTERBIO,EQ,4703,2557,54.37
20,1031,HEUBACHIND,EQ,34935,22859,65.43
20,1032,HEXATRADEX,EQ,6726,3620,53.82
20,1033,HEXT,EQ,6156715,1950993,31.69
20,1034,HFCL,EQ,18631853,4980701,26.73
20,1035,HGINFRA,EQ,76314,28088,36.81
20,1036,HGS,EQ,15535,7558,48.65
20,1037,HIGREEN,ST,54400,53600,98.53
20,1038,HIKAL,EQ,102162,38963,38.14
20,1039,HIL,EQ,5418,3214,59.32
20,1040,HILTON,EQ,350785,177615,50.63
20,1041,HIMATSEIDE,EQ,492368,176252,35.80
20,1042,HINDALCO,EQ,6904537,3683053,53.34
20,1043,HINDCOMPOS,EQ,5597,3256,58.17
20,1044,HINDCOPPER,EQ,2810575,945118,33.63
20,1045,HINDMOTORS,EQ,1733833,397745,22.94
20,1046,HINDOILEXP,EQ,432422,174804,40.42
20,1047,HINDPETRO,EQ,1771611,526353,29.71
20,1048,HINDUNILVR,EQ,2206196,1647245,74.66
20,1049,HINDWAREAP,EQ,132689,64187,48.37
20,1050,HINDZINC,EQ,971143,536425,55.24
20,1051,HIRECT,EQ,17917,7591,42.37
20,1052,HISARMETAL,EQ,5962,3490,58.54
20,1053,HITECH,EQ,1152543,418044,36.27
20,1054,HITECHCORP,EQ,10349,5041,48.71
20,1055,HLEGLAS,EQ,50011,25107,50.20
20,1056,HLVLTD,EQ,1262603,576057,45.62
20,1057,HMAAGRO,EQ,164663,81625,49.57
20,1058,HMVL,EQ,52863,38546,72.92
20,1059,HNDFDS,EQ,115120,72071,62.61
20,1060,HNGSNGBEES,EQ,576426,377278,65.45
20,1061,HOACFOODS,ST,4500,4500,100.00
20,1062,HOLMARC,ST,3000,3000,100.00
20,1063,HOMEFIRST,EQ,82683,44040,53.26
20,1064,HOMESFY,SM,4800,3900,81.25
20,1065,HONASA,EQ,315915,100152,31.70
20,1066,HONAUT,EQ,2767,1010,36.50
20,1067,HONDAPOWER,EQ,5819,3536,60.77
20,1068,HOVS,EQ,12494,6667,53.36
20,1069,HPAL,EQ,166880,85004,50.94
20,1070,HPIL,EQ,51036,20860,40.87
20,1071,HPL,EQ,112252,40915,36.45
20,1072,HRHNEXT,ST,1500,1500,100.00
20,1073,HSCL,EQ,697401,209441,30.03
20,1074,HTMEDIA,EQ,71175,39223,55.11
20,1075,HUBTOWN,EQ,216748,124361,57.38
20,1076,HUDCO,EQ,6053713,1887808,31.18
20,1077,HUHTAMAKI,EQ,69582,43204,62.09
20,1078,HYBRIDFIN,EQ,6385,4322,67.69
20,1079,HYUNDAI,EQ,1021304,481385,47.13
20,1080,IBLFL,ST,6000,6000,100.00
20,1081,ICEMAKE,EQ,15676,8302,52.96
20,1082,ICICIB22,EQ,276357,143033,51.76
20,1083,ICICIBANK,EQ,8398849,6174805,73.52
20,1084,ICICIGI,EQ,501605,399239,79.59
20,1085,ICICIPRULI,EQ,1009089,677580,67.15
20,1086,ICIL,EQ,308323,182701,59.26
20,1087,ICRA,EQ,2167,851,39.27
20,1088,IDBI,EQ,3138729,972394,30.98
20,1089,IDEA,EQ,197667113,43620781,22.07
20,1090,IDEAFORGE,EQ,188188,52684,28.00
20,1091,IDEALTECHO,ST,1000,1000,100.00
20,1092,IDENTICAL,ST,206000,206000,100.00
20,1093,IDFCFIRSTB,EQ,13556096,5274663,38.91
20,1094,IDFNIFTYET,EQ,198,189,95.45
20,1095,IEML,ST,28500,28500,100.00
20,1096,IEX,EQ,4748425,1947486,41.01
20,1097,IFBAGRO,EQ,2558,1248,48.79
20,1098,IFBIND,EQ,31740,18221,57.41
20,1099,IFCI,EQ,8961974,3053799,34.08
20,1100,IFGLEXPOR,EQ,11867,7652,64.48
20,1101,IGARASHI,EQ,42650,28827,67.59
20,1102,IGIL,EQ,1453122,680451,46.83
20,1103,IGL,EQ,6177432,1625978,26.32
20,1104,IGPL,EQ,11552,8310,71.94
20,1105,IHFL261224,N1,620,330,53.23
20,1106,IIFL,EQ,1279397,654735,51.18
20,1107,IIFLCAPS,EQ,334235,163865,49.03
20,1108,IIFLZC25,ND,16,16,100.00
20,1109,IIFLZC28A,NU,10,10,100.00
20,1110,IIFLZC28B,Y1,403,358,88.83
20,1111,IKIO,EQ,110882,52406,47.26
20,1112,IKS,EQ,156582,81773,52.22
20,1113,IMAGICAA,EQ,647629,339849,52.48
20,1114,IMC1,N0,66,41,62.12
20,1115,IMC1,N1,41,41,100.00
20,1116,IMC1,N2,112,112,100.00
20,1117,IMC1,N3,62,62,100.00
20,1118,IMFA,EQ,63354,37327,58.92
20,1119,IMPAL,EQ,2788,2475,88.77
20,1120,INCREDIBLE,EQ,2562,1809,70.61
20,1121,INDBANK,EQ,35470,14411,40.63
20,1122,INDGN,EQ,271984,148536,54.61
20,1123,INDHOTEL,EQ,2195581,1247567,56.82
20,1124,INDIACEM,EQ,1296127,601717,46.42
20,1125,INDIAGLYCO,EQ,476317,86635,18.19
20,1126,INDIAMART,EQ,177997,110292,61.96
20,1127,INDIANB,EQ,885281,295779,33.41
20,1128,INDIANHUME,EQ,84437,34938,41.38
20,1129,INDIASHLTR,EQ,73743,43190,58.57
20,1130,INDIFRA,ST,12000,12000,100.00
20,1131,INDIGO,EQ,940390,622815,66.23
20,1132,INDIGOPNTS,EQ,57657,28324,49.12
20,1133,INDIGRID,IV,148544,120016,80.79
20,1134,INDNIPPON,EQ,22260,15202,68.29
20,1135,INDOAMIN,EQ,86511,43306,50.06
20,1136,INDOBORAX,EQ,30569,14273,46.69
20,1137,INDOCO,EQ,93749,55087,58.76
20,1138,INDOFARM,EQ,392044,86239,22.00
20,1139,INDORAMA,EQ,45269,26896,59.41
20,1140,INDOSTAR,EQ,71588,31357,43.80
20,1141,INDOTECH,EQ,11936,7768,65.08
20,1142,INDOWIND,EQ,374445,203143,54.25
20,1143,INDRAMEDCO,EQ,137977,72855,52.80
20,1144,INDSWFTLAB,EQ,123720,71954,58.16
20,1145,INDTERRAIN,EQ,28896,16316,56.46
20,1146,INDUSINDBK,EQ,1819683,1073507,58.99
20,1147,INDUSINVIT,IV,48217,41720,86.53
20,1148,INDUSTOWER,EQ,3324577,1926776,57.96
20,1149,INFIBEAM,EQ,5756418,2292345,39.82
20,1150,INFINIUM,SM,7500,7000,93.33
20,1151,INFOBEAN,EQ,6713,4012,59.76
20,1152,INFOLLION,SM,20800,20000,96.15
20,1153,INFRABEES,EQ,10915,9105,83.42
20,1154,INFRAIETF,EQ,63647,29423,46.23
20,1155,INFY,EQ,2218020,1205878,54.37
20,1156,INGERRAND,EQ,32050,9678,30.20
20,1157,INM,SM,4800,3000,62.50
20,1158,INNOMET,SM,2400,2400,100.00
20,1159,INNOVACAP,EQ,63441,30768,48.50
20,1160,INNOVANA,EQ,854,516,60.42
20,1161,INOXGREEN,EQ,1069581,369181,34.52
20,1162,INOXINDIA,EQ,91277,42005,46.02
20,1163,INOXWIND,EQ,9012827,3742269,41.52
20,1164,INSECTICID,EQ,59015,46340,78.52
20,1165,INSPIRE,SM,8000,6000,75.00
20,1166,INSPIRISYS,EQ,6280,4729,75.30
20,1167,INTELLECT,EQ,447937,102946,22.98
20,1168,INTENTECH,EQ,28803,12337,42.83
20,1169,INTERARCH,EQ,132882,37181,27.98
20,1170,INTLCONV,EQ,68682,42244,61.51
20,1171,INVENTURE,EQ,1610544,678656,42.14
20,1172,IOB,EQ,3364313,1014280,30.15
20,1173,IOC,EQ,9940851,4838303,48.67
20,1174,IOLCP,EQ,148063,52482,35.45
20,1175,IONEXCHANG,EQ,123459,59909,48.53
20,1176,IPCALAB,EQ,251702,129300,51.37
20,1177,IPHL,ST,66000,62400,94.55
20,1178,IPL,EQ,98083,47755,48.69
20,1179,IPSL,SM,3500,3500,100.00
20,1180,IRB,EQ,10696146,3764630,35.20
20,1181,IRBINVIT,IV,147620,126123,85.44
20,1182,IRCON,EQ,6230757,1129530,18.13
20,1183,IRCTC,EQ,811604,271536,33.46
20,1184,IREDA,EQ,10417876,1940654,18.63
20,1185,IRFC,EQ,13856925,3341802,24.12
20,1186,IRISDOREME,EQ,337511,187902,55.67
20,1187,IRMENERGY,EQ,32762,16439,50.18
20,1188,ISEC,EQ,35812,15769,44.03
20,1189,ISFT,EQ,13433,9532,70.96
20,1190,ISGEC,EQ,2629483,1660758,63.16
20,1191,ISHAN,SM,1776000,960000,54.05
20,1192,IT,EQ,403412,382599,94.84
20,1193,ITALIANE,SM,2000,2000,100.00
20,1194,ITBEES,EQ,2208010,1333315,60.39
20,1195,ITC,EQ,15355585,8937485,58.20
20,1196,ITCHOTELS,EQ,11833022,7508261,63.45
20,1197,ITDC,EQ,68583,14544,21.21
20,1198,ITDCEM,EQ,1191979,918839,77.09
20,1199,ITETF,EQ,165751,163345,98.55
20,1200,ITETFADD,EQ,3808,3553,93.30
20,1201,ITIETF,EQ,908226,580076,63.87
20,1202,IVC,EQ,187828,139275,74.15
20,1203,IVP,EQ,7183,4580,63.76
20,1204,IVZINGOLD,EQ,197,108,54.82
20,1205,IVZINNIFTY,EQ,25,24,96.00
20,1206,IWEL,EQ,3800,2017,53.08
20,1207,IXIGO,EQ,636621,395436,62.11
20,1208,JAGRAN,EQ,224579,170360,75.86
20,1209,JAGSNPHARM,EQ,221163,31969,14.45
20,1210,JAIBALAJI,EQ,839090,413650,49.30
20,1211,JAICORPLTD,EQ,979346,328139,33.51
20,1212,JAIPURKURT,EQ,17920,9125,50.92
20,1213,JALAN,ST,21000,21000,100.00
20,1214,JAMNAAUTO,EQ,2434590,1260931,51.79
20,1215,JASH,EQ,140207,73603,52.50
20,1216,JAYAGROGN,EQ,14388,5299,36.83
20,1217,JAYBARMARU,EQ,66659,35868,53.81
20,1218,JAYBEE,ST,74000,65000,87.84
20,1219,JAYNECOIND,EQ,120172,84380,70.22
20,1220,JAYSREETEA,EQ,93144,62451,67.05
20,1221,JBCHEPHARM,EQ,131663,91067,69.17
20,1222,JBMA,EQ,5209221,914330,17.55
20,1223,JCHAC,EQ,46276,26851,58.02
20,1224,JEYYAM,SM,80000,66000,82.50
20,1225,JGCHEM,EQ,68552,31206,45.52
20,1226,JHS,EQ,325515,189803,58.31
20,1227,JINDALPHOT,EQ,9545,4921,51.56
20,1228,JINDALPOLY,EQ,127474,62279,48.86
20,1229,JINDALSAW,EQ,1487810,787687,52.94
20,1230,JINDALSTEL,EQ,1283212,496637,38.70
20,1231,JINDRILL,EQ,384363,125280,32.59
20,1232,JINDWORLD,EQ,696319,89590,12.87
20,1233,JIOFIN,EQ,15681050,6030999,38.46
20,1234,JISLDVREQS,EQ,11360,7693,67.72
20,1235,JISLJALEQS,EQ,1774202,660266,37.21
20,1236,JITFINFRA,EQ,114756,47570,41.45
20,1237,J&KBANK,EQ,3206235,1376418,42.93
20,1238,JKCEMENT,EQ,122337,65920,53.88
20,1239,JKIL,EQ,205219,112460,54.80
20,1240,JKLAKSHMI,EQ,111878,64549,57.70
20,1241,JKPAPER,EQ,672415,295336,43.92
20,1242,JKTYRE,EQ,365943,136784,37.38
20,1243,JLHL,EQ,12335,5708,46.27
20,1244,JMA,EQ,4543,3700,81.44
20,1245,JMFINANCIL,EQ,2161786,675346,31.24
20,1246,JNKINDIA,EQ,101640,65626,64.57
20,1247,JOCIL,EQ,4602,3630,78.88
20,1248,JPOLYINVST,EQ,10866,4158,38.27
20,1249,JPPOWER,EQ,20592176,6890140,33.46
20,1250,JSFB,EQ,136526,72751,53.29
20,1251,JSL,EQ,750166,483685,64.48
20,1252,JSLL,SM,22140,15570,70.33
20,1253,JSWENERGY,EQ,7733476,2190721,28.33
20,1254,JSWINFRA,EQ,2664002,960250,36.05
20,1255,JSWSTEEL,EQ,1474610,774919,52.55
20,1256,JTEKTINDIA,EQ,55050,24552,44.60
20,1257,JTLIND,EQ,871335,397943,45.67
20,1258,JUBLFOOD,EQ,1756107,911520,51.91
20,1259,JUBLINGREA,EQ,153175,47032,30.70
20,1260,JUBLPHARMA,EQ,140010,36165,25.83
20,1261,JUNIORBEES,EQ,286368,122462,42.76
20,1262,JUNIPER,EQ,543583,422770,77.77
20,1263,JUSTDIAL,EQ,2049311,193120,9.42
20,1264,JWL,EQ,3108732,582526,18.74
20,1265,JYOTHYLAB,EQ,927001,426233,45.98
20,1266,JYOTICNC,EQ,351980,151038,42.91
20,1267,JYOTISTRUC,EQ,11691129,5554585,47.51
20,1268,K2INFRA,ST,4800,4800,100.00
20,1269,KABRAEXTRU,EQ,95125,57392,60.33
20,1270,KAJARIACER,EQ,321446,223723,69.60
20,1271,KAKATCEM,EQ,2301,1755,76.27
20,1272,KALAMANDIR,EQ,88987,35245,39.61
20,1273,KALANA,SM,24000,16000,66.67
20,1274,KALYANKJIL,EQ,8615680,1158313,13.44
20,1275,KAMATHOTEL,EQ,458150,127855,27.91
20,1276,KAMDHENU,EQ,1379180,942245,68.32
20,1277,KANANIIND,EQ,101155,68875,68.09
20,1278,KANDARP,SM,36000,36000,100.00
20,1279,KANORICHEM,EQ,21820,13380,61.32
20,1280,KANPRPLA,EQ,10403,6175,59.36
20,1281,KANSAINER,EQ,257857,115278,44.71
20,1282,KAPSTON,EQ,1394,1078,77.33
20,1283,KARMAENG,EQ,6010,3574,59.47
20,1284,KARNIKA,ST,28000,26800,95.71
20,1285,KARURVYSYA,EQ,728871,361823,49.64
20,1286,KATARIA,ST,16800,15600,92.86
20,1287,KAUSHALYA,EQ,471,371,78.77
20,1288,KAYA,EQ,7350,4721,64.23
20,1289,KAYNES,EQ,587195,157201,26.77
20,1290,KCEIL,ST,24000,22500,93.75
20,1291,KCK,ST,15000,15000,100.00
20,1292,KCP,EQ,169206,82629,48.83
20,1293,KCPSUGIND,EQ,153116,63848,41.70
20,1294,KDDL,EQ,38487,21103,54.83
20,1295,KDL,ST,13350,13350,100.00
20,1296,KEC,EQ,390051,124969,32.04
20,1297,KECL,EQ,210374,99484,47.29
20,1298,KEI,EQ,523328,273640,52.29
20,1299,KEL,SM,1200,1200,100.00
20,1300,KELLTONTEC,EQ,573832,175612,30.60
20,1301,KEN,ST,3600,3600,100.00
20,1302,KESORAMIND,EQ,594057,458528,77.19
20,1303,KEYFINSERV,EQ,8375,2725,32.54
20,1304,KFINTECH,EQ,1573235,531507,33.78
20,1305,KHADIM,EQ,13056,3017,23.11
20,1306,KHAICHEM,EQ,121581,40734,33.50
20,1307,KHAITANLTD,EQ,10801,7088,65.62
20,1308,KHANDSE,EQ,27573,12350,44.79
20,1309,KHFM,SM,74400,49600,66.67
20,1310,KICL,EQ,5553,3215,57.90
20,1311,KILITCH,EQ,39770,37008,93.06
20,1312,KIMS,EQ,919118,662406,72.07
20,1313,KINGFA,EQ,4700,1913,40.70
20,1314,KIOCL,EQ,70319,25485,36.24
20,1315,KIRIINDUS,EQ,371065,124133,33.45
20,1316,KIRLOSBROS,EQ,82392,29196,35.44
20,1317,KIRLOSENG,EQ,1032537,674257,65.30
20,1318,KIRLOSIND,EQ,1560,463,29.68
20,1319,KIRLPNU,EQ,50970,21553,42.29
20,1320,KKCL,EQ,51789,33231,64.17
20,1321,KKJEWELS,SM,754000,471000,62.47
20,1322,KLL,SM,8000,4800,60.00
20,1323,KMEW,EQ,8729,3326,38.10
20,1324,KMSUGAR,EQ,75441,37894,50.23
20,1325,KNAGRI,SM,2800,2400,85.71
20,1326,KNRCON,EQ,840708,329043,39.14
20,1327,KODYTECH,SM,10000,7200,72.00
20,1328,KOHINOOR,EQ,166277,65415,39.34
20,1329,KOKUYOCMLN,EQ,104571,57570,55.05
20,1330,KOLTEPATIL,EQ,101777,51953,51.05
20,1331,KONSTELEC,ST,6000,6000,100.00
20,1332,KONTOR,SM,9600,9600,100.00
20,1333,KORE,ST,4000,3750,93.75
20,1334,KOTAKBANK,EQ,4724372,3584238,75.87
20,1335,KOTARISUG,EQ,48687,19566,40.19
20,1336,KOTHARIPET,EQ,187749,53533,28.51
20,1337,KOTYARK,ST,11500,10500,91.30
20,1338,KPEL,EQ,323894,125951,38.89
20,1339,KPIGREEN,EQ,859879,338864,39.41
20,1340,KPIL,EQ,318621,140494,44.09
20,1341,KPITTECH,EQ,385983,186724,48.38
20,1342,KPRMILL,EQ,121372,56665,46.69
20,1343,KRBL,EQ,268448,128716,47.95
20,1344,KRISHANA,EQ,30841,16096,52.19
20,1345,KRISHCA,ST,15500,15000,96.77
20,1346,KRISHIVAL,SM,8000,7500,93.75
20,1347,KRISHNADEF,SM,23000,15250,66.30
20,1348,KRITI,EQ,10908,4630,42.45
20,1349,KRITINUT,EQ,12730,7070,55.54
20,1350,KRN,EQ,3274884,362401,11.07
20,1351,KRONOX,EQ,122237,61471,50.29
20,1352,KROSS,EQ,104470,46478,44.49
20,1353,KRSNAA,EQ,41119,20376,49.55
20,1354,KRYSTAL,EQ,105253,56056,53.26
20,1355,KSB,EQ,103829,35051,33.76
20,1356,KSCL,EQ,121357,52239,43.05
20,1357,KSL,EQ,65175,31448,48.25
20,1358,KSOLVES,EQ,16643,8408,50.52
20,1359,KTKBANK,EQ,860224,530782,61.70
20,1360,KTL,ST,6000,6000,100.00
20,1361,KUANTUM,EQ,266188,114601,43.05
20,1362,LAGNAM,EQ,14791,9068,61.31
20,1363,LAKSHYA,ST,28000,27200,97.14
20,1364,LALPATHLAB,EQ,116127,66009,56.84
20,1365,LAMOSAIC,ST,117600,103200,87.76
20,1366,LANCORHOL,EQ,274490,123693,45.06
20,1367,LANDMARK,EQ,44237,23724,53.63
20,1368,LAOPALA,EQ,301271,188473,62.56
20,1369,LASA,EQ,114836,56715,49.39
20,1370,LATENTVIEW,EQ,111279,50328,45.23
20,1371,LAURUSLABS,EQ,1791125,545558,30.46
20,1372,LAWSIKHO,ST,19500,18000,92.31
20,1373,LAXMICOT,EQ,61537,23025,37.42
20,1374,LAXMIDENTL,EQ,426047,76905,18.05
20,1375,LEMERITE,ST,4800,2400,50.00
20,1376,LEMONTREE,EQ,2758655,871167,31.58
20,1377,LEXUS,EQ,4829,1864,38.60
20,1378,LFIC,EQ,1578,1037,65.72
20,1379,LGBBROSLTD,EQ,7454,3653,49.01
20,1380,LIBAS,EQ,61387,40813,66.48
20,1381,LIBERTSHOE,EQ,25353,8537,33.67
20,1382,LICHSGFIN,EQ,627894,234166,37.29
20,1383,LICI,EQ,1003547,394164,39.28
20,1384,LICMFGOLD,EQ,8152,7932,97.30
20,1385,LICNETFGSC,EQ,14446,12107,83.81
20,1386,LICNETFN50,EQ,805,697,86.58
20,1387,LICNETFSEN,EQ,516,359,69.57
20,1388,LICNFNHGP,EQ,83,51,61.45
20,1389,LICNMID100,EQ,33126,22603,68.23
20,1390,LIKHITHA,EQ,64756,31726,48.99
20,1391,LINC,EQ,52287,30326,58.00
20,1392,LINCOLN,EQ,59904,36122,60.30
20,1393,LINDEINDIA,EQ,703661,45877,6.52
20,1394,LIQUID,EQ,323309,113740,35.18
20,1395,LIQUID1,EQ,292825,275432,94.06
20,1396,LIQUIDADD,EQ,866882,524638,60.52
20,1397,LIQUIDBEES,EQ,2588303,1952150,75.42
20,1398,LIQUIDBETF,EQ,471023,414804,88.06
20,1399,LIQUIDCASE,EQ,5542908,3631230,65.51
20,1400,LIQUIDETF,EQ,276582,233773,84.52
20,1401,LIQUIDIETF,EQ,827670,490409,59.25
20,1402,LIQUIDPLUS,EQ,41452,26005,62.74
20,1403,LIQUIDSBI,EQ,12379,9668,78.10
20,1404,LIQUIDSHRI,EQ,2981,2899,97.25
20,1405,LLOYDS,SM,15000,11000,73.33
20,1406,LLOYDSENGG,EQ,3052415,1206938,39.54
20,1407,LLOYDSENT,EQ,1831992,847041,46.24
20,1408,LLOYDSME,EQ,341203,156839,45.97
20,1409,LMW,EQ,1863,877,47.07
20,1410,LODHA,EQ,498434,242569,48.67
20,1411,LOTUSEYE,EQ,11951,8787,73.53
20,1412,LOVABLE,EQ,20141,6855,34.04
20,1413,LOWVOL,EQ,256,208,81.25
20,1414,LOWVOL1,EQ,30664,25418,82.89
20,1415,LOWVOLIETF,EQ,1629442,1336304,82.01
20,1416,LT,EQ,1236693,735617,59.48
20,1417,LTF,EQ,2608003,847318,32.49
20,1418,LTFOODS,EQ,416005,91257,21.94
20,1419,LTGILTBEES,EQ,1802076,1476808,81.95
20,1420,LTIM,EQ,319665,180865,56.58
20,1421,LTTS,EQ,42440,18289,43.09
20,1422,LUMAXIND,EQ,1144,449,39.25
20,1423,LUMAXTECH,EQ,77542,36659,47.28
20,1424,LUPIN,EQ,465756,234550,50.36
20,1425,LUXIND,EQ,73373,26149,35.64
20,1426,LXCHEM,EQ,385424,189451,49.15
20,1427,LYKALABS,EQ,54595,30250,55.41
20,1428,LYPSAGEMS,EQ,20146,12760,63.34
20,1429,MACOBSTECH,SM,800,800,100.00
20,1430,MACPOWER,EQ,52993,32387,61.12
20,1431,MADHAV,EQ,6637,4371,65.86
20,1432,MADHAVBAUG,SM,2000,1200,60.00
20,1433,MADHUCON,EQ,51010,41884,82.11
20,1434,MADHUSUDAN,SM,24000,21000,87.50
20,1435,MADRASFERT,EQ,127744,54537,42.69
20,1436,MAFANG,EQ,239650,233418,97.40
20,1437,MAGADSUGAR,EQ,8073,5198,64.39
20,1438,MAGNUM,EQ,49381,34393,69.65
20,1439,MAGSON,ST,10000,10000,100.00
20,1440,MAHABANK,EQ,6344543,2278339,35.91
20,1441,MAHAPEXLTD,EQ,11532,5249,45.52
20,1442,MAHESHWARI,EQ,20406,6781,33.23
20,1443,MAHICKRA,SM,13500,13500,100.00
20,1444,MAHKTECH,EQ,5167153,3270791,63.30
20,1445,MAHLIFE,EQ,143678,65486,45.58
20,1446,MAHLOG,EQ,281829,167377,59.39
20,1447,MAHSCOOTER,EQ,5308,4011,75.57
20,1448,MAHSEAMLES,EQ,1811924,290490,16.03
20,1449,MAITHANALL,EQ,24242,14422,59.49
20,1450,MAITREYA,ST,1600,1600,100.00
20,1451,MAKEINDIA,EQ,121046,115873,95.73
20,1452,MAKS,SM,1500,1500,100.00
20,1453,MALLCOM,EQ,1243,797,64.12
20,1454,MALUPAPER,EQ,18672,8580,45.95
20,1455,MAMATA,EQ,187371,33695,17.98
20,1456,MANAKALUCO,EQ,28322,16797,59.31
20,1457,MANAKSIA,EQ,35198,17894,50.84
20,1458,MANAKSTEEL,EQ,34859,9764,28.01
20,1459,MANALIPETC,EQ,127175,70712,55.60
20,1460,MANAPPURAM,EQ,21573205,7076359,32.80
20,1461,MANAV,SM,4000,4000,100.00
20,1462,MANBA,EQ,59247,35220,59.45
20,1463,MANCREDIT,EQ,7754,5116,65.98
20,1464,MANDEEP,SM,12000,8000,66.67
20,1465,MANGALAM,EQ,18768,10484,55.86
20,1466,MANGCHEFER,EQ,225235,98619,43.78
20,1467,MANGLMCEM,EQ,195376,153184,78.40
20,1468,MANINDS,EQ,407689,232105,56.93
20,1469,MANINFRA,EQ,495240,179320,36.21
20,1470,MANKIND,EQ,513237,263392,51.32
20,1471,MANOMAY,EQ,7417,3911,52.73
20,1472,MANORAMA,EQ,49003,36560,74.61
20,1473,MANORG,EQ,13836,12328,89.10
20,1474,MANUGRAPH,EQ,2187,1528,69.87
20,1475,MANYAVAR,EQ,467060,329164,70.48
20,1476,MAPMYINDIA,EQ,40957,10398,25.39
20,1477,MARALOVER,EQ,9081,4709,51.86
20,1478,MARATHON,EQ,29762,15497,52.07
20,1479,MARCO,SM,16500,16500,100.00
20,1480,MARICO,EQ,891876,567218,63.60
20,1481,MARKSANS,EQ,790602,209181,26.46
20,1482,MARUTI,EQ,423739,230019,54.28
20,1483,MASFIN,EQ,62805,28501,45.38
20,1484,MASON,ST,26000,24000,92.31
20,1485,MASPTOP50,EQ,47440,47440,100.00
20,1486,MASTEK,EQ,76555,33535,43.81
20,1487,MASTERTR,EQ,33800,14385,42.56
20,1488,MATRIMONY,EQ,14134,9346,66.12
20,1489,MAWANASUG,EQ,110717,57312,51.76
20,1490,MAXESTATES,EQ,76227,40372,52.96
20,1491,MAXHEALTH,EQ,1900045,1427887,75.15
20,1492,MAXIND,EQ,43827,23400,53.39
20,1493,MAXPOSURE,SM,6000,4000,66.67
20,1494,MAXVOLT,ST,53600,53600,100.00
20,1495,MAYURUNIQ,EQ,58461,35162,60.15
20,1496,MAZDOCK,EQ,2789656,343430,12.31
20,1497,MBAPL,EQ,116713,74559,63.88
20,1498,MBLINFRA,EQ,238397,23133,9.70
20,1499,MCLOUD,EQ,1481938,618139,41.71
20,1500,MCX,EQ,300653,106628,35.47
20,1501,MDL,SM,23000,22000,95.65
20,1502,MEDANTA,EQ,837938,540385,64.49
20,1503,MEDIASSIST,EQ,158897,73941,46.53
20,1504,MEDICAMEQ,EQ,59626,34715,58.22
20,1505,MEDICO,EQ,1786664,675775,37.82
20,1506,MEDIORG,SM,14000,12000,85.71
20,1507,MEDPLUS,EQ,129297,70418,54.46
20,1508,MEGAFLEX,ST,30000,30000,100.00
20,1509,MEGASTAR,EQ,3025,1479,48.89
20,1510,MEGATHERM,SM,38000,21600,56.84
20,1511,MENONBE,EQ,22588,14978,66.31
20,1512,METAL,EQ,302134,169147,55.98
20,1513,METALIETF,EQ,10194289,8512180,83.50
20,1514,METROBRAND,EQ,22755,10379,45.61
20,1515,METROPOLIS,EQ,400764,266699,66.55
20,1516,MFSL,EQ,493626,302018,61.18
20,1517,MGEL,EQ,1109670,714919,64.43
20,1518,MGL,EQ,609148,219451,36.03
20,1519,MHHL,ST,7500,7500,100.00
20,1520,MHRIL,EQ,68587,34897,50.88
20,1521,MICEL,EQ,234345,139366,59.47
20,1522,MICROPRO,SM,27200,25600,94.12
20,1523,MID150BEES,EQ,1258550,863270,68.59
20,1524,MID150CASE,EQ,832536,361973,43.48
20,1525,MIDCAP,EQ,251225,157935,62.87
20,1526,MIDCAPETF,EQ,2191823,1699114,77.52
20,1527,MIDCAPIETF,EQ,2669741,2393594,89.66
20,1528,MIDHANI,EQ,315433,119716,37.95
20,1529,MIDQ50ADD,EQ,810,650,80.25
20,1530,MIDSELIETF,EQ,122904,67872,55.22
20,1531,MIDSMALL,EQ,452032,343461,75.98
20,1532,MIEL,ST,98000,80000,81.63
20,1533,MINDACORP,EQ,360868,91221,25.28
20,1534,MINDSPACE,RR,82232,75386,91.67
20,1535,MINDTECK,EQ,31287,13708,43.81
20,1536,MIRCELECTR,EQ,618351,377425,61.04
20,1537,MIRZAINT,EQ,192046,78755,41.01
20,1538,MITCON,EQ,9319,3450,37.02
20,1539,MITCONPP,E1,77,39,50.65
20,1540,MITTAL,EQ,4572464,2960812,64.75
20,1541,MKPL,EQ,213553,132643,62.11
20,1542,M&M,EQ,3799854,1519892,40.00
20,1543,M&MFIN,EQ,1036036,377460,36.43
20,1544,MMFL,EQ,47069,30234,64.23
20,1545,MMP,EQ,6171,2601,42.15
20,1546,MMTC,EQ,1120907,313232,27.94
20,1547,MNC,EQ,16599,13009,78.37
20,1548,MOBIKWIK,EQ,3536652,315101,8.91
20,1549,MODEFENCE,EQ,528966,195490,36.96
20,1550,MODIRUBBER,EQ,1622,1044,64.36
20,1551,MODISONLTD,EQ,54654,35335,64.65
20,1552,MOGSEC,EQ,42,42,100.00
20,1553,MOHEALTH,EQ,15144,10289,67.94
20,1554,MOIL,EQ,862956,373013,43.23
20,1555,MOKSH,EQ,101516,53562,52.76
20,1556,MOL,EQ,382085,154441,40.42
20,1557,MOLDTECH,EQ,94572,50964,53.89
20,1558,MOLDTKPAC,EQ,16473,10376,62.99
20,1559,MOLOWVOL,EQ,379870,378662,99.68
20,1560,MOM100,EQ,415208,216047,52.03
20,1561,MOM30IETF,EQ,1016600,570848,56.15
20,1562,MOM50,EQ,5565,5121,92.02
20,1563,MOMENTUM,EQ,39943,31347,78.48
20,1564,MOMENTUM50,EQ,411509,248204,60.32
20,1565,MOMOMENTUM,EQ,134232,57379,42.75
20,1566,MON100,EQ,527350,266014,50.44
20,1567,MONARCH,EQ,208996,138859,66.44
20,1568,MONIFTY500,EQ,380403,331749,87.21
20,1569,MONOPHARMA,SM,16000,12000,75.00
20,1570,MONQ50,EQ,55234,53606,97.05
20,1571,MONTECARLO,EQ,10575,4246,40.15
20,1572,MOQUALITY,EQ,561,360,64.17
20,1573,MOREALTY,EQ,69685,42660,61.22
20,1574,MOREPENLAB,EQ,2450575,665788,27.17
20,1575,MOS,ST,34400,33600,97.67
20,1576,MOSCHIP,EQ,232792,110514,47.47
20,1577,MOSMALL250,EQ,740904,553799,74.75
20,1578,MOTHERSON,EQ,15155092,8545052,56.38
20,1579,MOTILALOFS,EQ,2760275,765798,27.74
20,1580,MOTISONS,EQ,1256167,639397,50.90
20,1581,MOTOGENFIN,EQ,15494,9607,62.00
20,1582,MOVALUE,EQ,95680,69267,72.39
20,1583,MOXSH,SM,6400,6400,100.00
20,1584,MPHASIS,EQ,279331,179908,64.41
20,1585,MPSLTD,EQ,37058,9740,26.28
20,1586,MRF,EQ,3751,1704,45.43
20,1587,MRO-TEK,EQ,12142,4564,37.59
20,1588,MRPL,EQ,3857420,570630,14.79
20,1589,MSPL,EQ,688811,414601,60.19
20,1590,MSTCLTD,EQ,195026,80459,41.26
20,1591,MSUMI,EQ,6762208,4735526,70.03
20,1592,MTARTECH,EQ,1606167,153504,9.56
20,1593,MTNL,EQ,2818719,763301,27.08
20,1594,MUFIN,EQ,149452,92824,62.11
20,1595,MUFTI,EQ,114698,72643,63.33
20,1596,MUKANDLTD,EQ,82583,47434,57.44
20,1597,MUKKA,EQ,440374,215713,48.98
20,1598,MUKTAARTS,EQ,3009,1993,66.23
20,1599,MULTICAP,EQ,130121,124300,95.53
20,1600,MUNJALAU,EQ,247208,154498,62.50
20,1601,MUNJALSHOW,EQ,33264,21494,64.62
20,1602,MURUDCERA,EQ,16628,10071,60.57
20,1603,MUTHOOTCAP,EQ,4899,2694,54.99
20,1604,MUTHOOTFIN,EQ,813091,462864,56.93
20,1605,MUTHOOTMF,EQ,172319,101214,58.74
20,1606,MVGJL,EQ,120542,47585,39.48
20,1607,MVKAGRO,SM,21600,16800,77.78
20,1608,MWL,SM,4800,2400,50.00
20,1609,MYMUDRA,ST,8400,7200,85.71
20,1610,NACLIND,EQ,249392,142613,57.18
20,1611,NAGAFERT,EQ,629044,391175,62.19
20,1612,NAGREEKEXP,EQ,4163,2299,55.22
20,1613,NAHARCAP,EQ,6481,3995,61.64
20,1614,NAHARINDUS,EQ,20222,9654,47.74
20,1615,NAHARPOLY,EQ,15086,8127,53.87
20,1616,NAHARSPING,EQ,139501,78008,55.92
20,1617,NAMAN,ST,9600,9600,100.00
20,1618,NAM-INDIA,EQ,666668,299994,45.00
20,1619,NAMOEWASTE,SM,28800,17600,61.11
20,1620,NATCAPSUQ,EQ,1329,967,72.76
20,1621,NATCOPHARM,EQ,1508071,738635,48.98
20,1622,NATHBIOGEN,EQ,8649,5270,60.93
20,1623,NATIONALUM,EQ,7331890,2132634,29.09
20,1624,NAUKRI,EQ,261479,195888,74.92
20,1625,NAVA,EQ,636929,195338,30.67
20,1626,NAVINFLUOR,EQ,144501,75132,51.99
20,1627,NAVKARCORP,EQ,287675,136334,47.39
20,1628,NAVNETEDUL,EQ,63005,34369,54.55
20,1629,NAZARA,EQ,85469,34667,40.56
20,1630,NBCC,EQ,10619188,2965573,27.93
20,1631,NCC,EQ,5913985,1672255,28.28
20,1632,NCLIND,EQ,79926,41462,51.88
20,1633,NDL,EQ,6280913,3727211,59.34
20,1634,NDLVENTURE,EQ,8818,5167,58.60
20,1635,NDRAUTO,EQ,11253,5636,50.08
20,1636,NDTV,EQ,78622,35336,44.94
20,1637,NECCLTD,EQ,113929,62502,54.86
20,1638,NECLIFE,EQ,884510,542751,61.36
20,1639,NEELAM,ST,36000,36000,100.00
20,1640,NELCAST,EQ,31804,23328,73.35
20,1641,NELCO,EQ,88195,27992,31.74
20,1642,NEOGEN,EQ,41373,22004,53.18
20,1643,NEPHROCARE,SM,28000,21600,77.14
20,1644,NESCO,EQ,36323,18685,51.44
20,1645,NESTLEIND,EQ,658467,448929,68.18
20,1646,NETF,EQ,625,519,83.04
20,1647,NETWEB,EQ,1393485,309424,22.21
20,1648,NETWORK18,EQ,2305696,1030540,44.70
20,1649,NEULANDLAB,EQ,34255,13611,39.73
20,1650,NEWGEN,EQ,233903,91494,39.12
20,1651,NEWJAISA,SM,103500,67500,65.22
20,1652,NEXT30ADD,EQ,3534,2560,72.44
20,1653,NEXT50,EQ,24399,21417,87.78
20,1654,NEXT50IETF,EQ,689326,396382,57.50
20,1655,NFL,EQ,1235122,311130,25.19
20,1656,NGIL,EQ,68941,11230,16.29
20,1657,NGILPP1,E1,131,129,98.47
20,1658,NGLFINE,EQ,19504,10726,54.99
20,1659,NH,EQ,499339,264514,52.97
20,1660,NHPC,EQ,50830969,10771641,21.19
20,1661,NIACL,EQ,393602,135042,34.31
20,1662,NIBE,EQ,51027,24394,47.81
20,1663,NIDAN,SM,6000,4000,66.67
20,1664,NIF100BEES,EQ,18833,9883,52.48
20,1665,NIF100IETF,EQ,121391,67939,55.97
20,1666,NIF10GETF,EQ,84,84,100.00
20,1667,NIF5GETF,EQ,233,118,50.64
20,1668,NIFITETF,EQ,266,266,100.00
20,1669,NIFMID150,EQ,724,413,57.04
20,1670,NIFTY1,EQ,41352,22151,53.57
20,1671,NIFTY50ADD,EQ,5917,4808,81.26
20,1672,NIFTYBEES,EQ,4075280,2873020,70.50
20,1673,NIFTYBETF,EQ,2174,1942,89.33
20,1674,NIFTYETF,EQ,108913,102954,94.53
20,1675,NIFTYIETF,EQ,916779,833724,90.94
20,1676,NIFTYQLITY,EQ,24350,15013,61.66
20,1677,NIITLTD,EQ,1058107,460577,43.53
20,1678,NIITMTS,EQ,51284,30035,58.57
20,1679,NILAINFRA,EQ,408262,179834,44.05
20,1680,NILKAMAL,EQ,2121,1368,64.50
20,1681,NINSYS,EQ,4676,2562,54.79
20,1682,NIPPOBATRY,EQ,13621,10971,80.54
20,1683,NIRAJ,EQ,21033,10450,49.68
20,1684,NIRMAN,SM,47100,33600,71.34
20,1685,NITINSPIN,EQ,152105,70266,46.20
20,1686,NITIRAJ,EQ,253940,55619,21.90
20,1687,NIVABUPA,EQ,1261079,804627,63.80
20,1688,NLCINDIA,EQ,4508231,654353,14.51
20,1689,NMDC,EQ,22692394,10880149,47.95
20,1690,NMSTEEL,ST,35200,33600,95.45
20,1691,NOCIL,EQ,320188,153751,48.02
20,1692,NORTHARC,EQ,229455,127261,55.46
20,1693,NOVAAGRI,EQ,140032,78211,55.85
20,1694,NPBET,EQ,474,396,83.54
20,1695,NPST,SM,19450,13100,67.35
20,1696,NRAIL,EQ,84409,82764,98.05
20,1697,NRBBEARING,EQ,60946,35697,58.57
20,1698,NRL,EQ,44574,26441,59.32
20,1699,NSIL,EQ,8206,4067,49.56
20,1700,NSLNISP,EQ,4064727,1942154,47.78
20,1701,NTPC,EQ,22888146,14997332,65.52
20,1702,NTPCGREEN,EQ,3872583,1621872,41.88
20,1703,NUCLEUS,EQ,53062,23910,45.06
20,1704,NUVAMA,EQ,55021,23538,42.78
20,1705,NUVOCO,EQ,36492,21359,58.53
20,1706,NV20,EQ,9342,7382,79.02
20,1707,NV20BEES,EQ,30497,28477,93.38
20,1708,NV20IETF,EQ,397029,231203,58.23
20,1709,NXST,RR,224473,185553,82.66
20,1710,NYKAA,EQ,9461781,5455316,57.66
20,1711,OAL,EQ,36094,18245,50.55
20,1712,OBCL,EQ,30837,11384,36.92
20,1713,OBEROIRLTY,EQ,438467,208963,47.66
20,1714,OBSCP,ST,39600,36000,90.91
20,1715,OCCL,EQ,19377,12024,62.05
20,1716,OCCLLTD,EQ,68630,50446,73.50
20,1717,OFSS,EQ,117119,66760,57.00
20,1718,OIL,EQ,2790526,1045909,37.48
20,1719,OILCOUNTUB,EQ,5689,5689,100.00
20,1720,OILIETF,EQ,776606,600737,77.35
20,1721,OLAELEC,EQ,26475985,6320526,23.87
20,1722,OLECTRA,EQ,526912,134569,25.54
20,1723,OLIL,SM,21600,18000,83.33
20,1724,OMAXAUTO,EQ,55636,26653,47.91
20,1725,OMAXE,EQ,57061,29856,52.32
20,1726,OMFURN,ST,7200,7200,100.00
20,1727,OMINFRAL,EQ,538386,185589,34.47
20,1728,ONDOOR,ST,4800,4500,93.75
20,1729,ONELIFECAP,EQ,18008,12744,70.77
20,1730,ONEPOINT,EQ,1441329,188087,13.05
20,1731,ONESOURCE,EQ,167176,94823,56.72
20,1732,ONGC,EQ,8929816,5713806,63.99
20,1733,ONMOBILE,EQ,311340,108651,34.90
20,1734,ONWARDTEC,EQ,129500,62270,48.08
20,1735,ONYX,ST,6000,6000,100.00
20,1736,OPTIEMUS,EQ,113081,60095,53.14
20,1737,ORCHASP,EQ,4768979,4687486,98.29
20,1738,ORCHPHARMA,EQ,78833,31958,40.54
20,1739,ORIANA,SM,46575,32250,69.24
20,1740,ORICONENT,EQ,163108,94134,57.71
20,1741,ORIENTALTL,EQ,333183,114299,34.31
20,1742,ORIENTBELL,EQ,2317,1328,57.32
20,1743,ORIENTCEM,EQ,309672,233901,75.53
20,1744,ORIENTCER,EQ,43318,26483,61.14
20,1745,ORIENTELEC,EQ,91879,53529,58.26
20,1746,ORIENTHOT,EQ,2174282,487535,22.42
20,1747,ORIENTPPR,EQ,1037164,511841,49.35
20,1748,ORIENTTECH,EQ,366584,228571,62.35
20,1749,ORISSAMINE,EQ,5400,2613,48.39
20,1750,ORTINGLOBE,EQ,12676,7935,62.60
20,1751,OSELDEVICE,ST,39200,39200,100.00
20,1752,OSWALAGRO,EQ,38659,21945,56.77
20,1753,OSWALGREEN,EQ,169430,62316,36.78
20,1754,OWAIS,SM,23700,18300,77.22
20,1755,PAGEIND,EQ,34371,22578,65.69
20,1756,PAISALO,EQ,559935,219098,39.13
20,1757,PAKKA,EQ,101268,59232,58.49
20,1758,PALASHSECU,EQ,2828,1631,57.67
20,1759,PANACEABIO,EQ,180677,101706,56.29
20,1760,PANAMAPET,EQ,268002,53490,19.96
20,1761,PARACABLES,EQ,921954,473422,51.35
20,1762,PARADEEP,EQ,7117258,2809522,39.47
20,1763,PARAGMILK,EQ,249538,131556,52.72
20,1764,PARAGON,ST,38400,32400,84.38
20,1765,PARAMATRIX,SM,6000,3600,60.00
20,1766,PARAMOUNT,SM,28800,27600,95.83
20,1767,PARAS,EQ,121223,35255,29.08
20,1768,PARASPETRO,EQ,193474,141012,72.88
20,1769,PARIN,ST,69000,60000,86.96
20,1770,PARKHOTELS,EQ,354226,166890,47.11
20,1771,PARTYCRUS,SM,3000,3000,100.00
20,1772,PASHUPATI,ST,35800,35600,99.44
20,1773,PASUPTAC,EQ,51955,24645,47.44
20,1774,PATANJALI,EQ,673284,355885,52.86
20,1775,PATELENG,EQ,2007675,985753,49.10
20,1776,PATINTLOG,EQ,73485,37665,51.26
20,1777,PATTECH,SM,3000,3000,100.00
20,1778,PAVNAIND,EQ,1576,811,51.46
20,1779,PAYTM,EQ,3778248,1228085,32.50
20,1780,PCBL,EQ,1542420,578077,37.48
20,1781,PCCL,SM,16000,12000,75.00
20,1782,PCJEWELLER,EQ,11944852,6595960,55.22
20,1783,PDMJEPAPER,EQ,123463,56888,46.08
20,1784,PDSL,EQ,72952,47083,64.54
20,1785,PEARLPOLY,EQ,9071,4758,52.45
20,1786,PEL,EQ,219477,47943,21.84
20,1787,PENIND,EQ,658627,230737,35.03
20,1788,PENINLAND,EQ,886460,503258,56.77
20,1789,PENTAGON,SM,16000,14000,87.50
20,1790,PERFECT,ST,18000,15000,83.33
20,1791,PERSISTENT,EQ,215467,119886,55.64
20,1792,PETRONET,EQ,2279699,1296034,56.85
20,1793,PFC,EQ,8995688,3816852,42.43
20,1794,PFIZER,EQ,203656,192063,94.31
20,1795,PFOCUS,EQ,47618,35490,74.53
20,1796,PFS,EQ,592276,292425,49.37
20,1797,PGEL,EQ,1340040,412912,30.81
20,1798,PGHH,EQ,7059,3519,49.85
20,1799,PGHL,EQ,10907,5192,47.60
20,1800,PGIL,EQ,76509,42817,55.96
20,1801,PGINVIT,IV,1164606,1050281,90.18
20,1802,PHANTOMFX,ST,45900,45600,99.35
20,1803,PHARMABEES,EQ,2298657,1414078,61.52
20,1804,PHOENIXLTD,EQ,306609,157240,51.28
20,1805,PHOGLOBAL,ST,16000,16000,100.00
20,1806,PIDILITIND,EQ,502887,308026,61.25
20,1807,PIIND,EQ,464132,347931,74.96
20,1808,PILANIINVS,EQ,7354,4093,55.66
20,1809,PILITA,EQ,131572,99376,75.53
20,1810,PITTIENG,EQ,84334,53651,63.62
20,1811,PIXTRANS,EQ,24432,14840,60.74
20,1812,PLASTIBLEN,EQ,15226,13277,87.20
20,1813,PLATIND,EQ,123029,51744,42.06
20,1814,PLAZACABLE,EQ,34508,23900,69.26
20,1815,PNB,EQ,21619032,8432142,39.00
20,1816,PNBGILTS,EQ,366322,117979,32.21
20,1817,PNBHOUSING,EQ,320074,107774,33.67
20,1818,PNCINFRA,EQ,963712,535975,55.62
20,1819,PNGJL,EQ,329071,104327,31.70
20,1820,POCL,EQ,43215,18901,43.74
20,1821,PODDARMENT,EQ,4243,3210,75.65
20,1822,POKARNA,EQ,57646,21236,36.84
20,1823,POLICYBZR,EQ,1687900,974933,57.76
20,1824,POLYCAB,EQ,288846,112656,39.00
20,1825,POLYMED,EQ,101318,52056,51.38
20,1826,POLYPLEX,EQ,61202,23926,39.09
20,1827,POLYSIL,SM,8000,0,0.00
20,1828,PONNIERODE,EQ,15807,7139,45.16
20,1829,POONAWALLA,EQ,851069,296515,34.84
20,1830,POSITRON,SM,21300,14400,67.61
20,1831,POWERGRID,EQ,15312926,9914900,64.75
20,1832,POWERINDIA,EQ,142450,34250,24.04
20,1833,POWERMECH,EQ,57975,17290,29.82
20,1834,PPAP,EQ,18238,12725,69.77
20,1835,PPL,EQ,104074,55511,53.34
20,1836,PPLPHARMA,EQ,52563821,3219071,6.12
20,1837,PPSL,SM,6000,6000,100.00
20,1838,PRAENG,EQ,775661,228668,29.48
20,1839,PRAJIND,EQ,1085402,282928,26.07
20,1840,PRAKASH,EQ,386474,176767,45.74
20,1841,PRAKASHSTL,EQ,144409,91612,63.44
20,1842,PRAMARA,SM,26000,10000,38.46
20,1843,PRANIK,SM,3200,3200,100.00
20,1844,PRATHAM,ST,30000,29600,98.67
20,1845,PRECAM,EQ,132675,60730,45.77
20,1846,PRECISION,ST,14000,10000,71.43
20,1847,PRECWIRE,EQ,154595,73453,47.51
20,1848,PREMEXPLN,EQ,160504,93978,58.55
20,1849,PREMIERENE,EQ,870348,209265,24.04
20,1850,PREMIUM,SM,6000,6000,100.00
20,1851,PRESSTONIC,ST,800,800,100.00
20,1852,PRESTIGE,EQ,1265922,736088,58.15
20,1853,PRICOLLTD,EQ,302534,147668,48.81
20,1854,PRIMESECU,EQ,129866,100879,77.68
20,1855,PRINCEPIPE,EQ,299873,113488,37.85
20,1856,PRITI,EQ,12518,3517,28.10
20,1857,PRITIKA,ST,2000,2000,100.00
20,1858,PRITIKAUTO,EQ,163994,73791,45.00
20,1859,PRIVISCL,EQ,55678,46745,83.96
20,1860,PRIZOR,ST,41600,40000,96.15
20,1861,PRLIND,SM,8000,5000,62.50
20,1862,PROLIFE,SM,3500,3000,85.71
20,1863,PROPEQUITY,SM,10200,9000,88.24
20,1864,PROTEAN,EQ,166260,81271,48.88
20,1865,PROV,SM,160,160,100.00
20,1866,PRSMJOHNSN,EQ,243361,83454,34.29
20,1867,PRUDENT,EQ,76166,47409,62.24
20,1868,PSB,EQ,832945,261818,31.43
20,1869,PSFL,SM,26000,26000,100.00
20,1870,PSPPROJECT,EQ,77824,57075,73.34
20,1871,PSRAJ,ST,43000,43000,100.00
20,1872,PSUBANK,EQ,13880,10357,74.62
20,1873,PSUBANKADD,EQ,5738,5156,89.86
20,1874,PSUBNKBEES,EQ,2686289,2144180,79.82
20,1875,PSUBNKIETF,EQ,92397,37215,40.28
20,1876,PTC,EQ,2022166,1240190,61.33
20,1877,PTCIL,EQ,50897,18845,37.03
20,1878,PTL,EQ,48345,34367,71.09
20,1879,PUNJABCHEM,EQ,11308,6983,61.75
20,1880,PURPLEUTED,SM,30000,19000,63.33
20,1881,PURVA,EQ,46686,27859,59.67
20,1882,PURVFLEXI,SM,20000,12000,60.00
20,1883,PVP,EQ,183316,97946,53.43
20,1884,PVRINOX,EQ,482715,147086,30.47
20,1885,PVSL,EQ,39355,18906,48.04
20,1886,PVTBANIETF,EQ,981964,654812,66.68
20,1887,PVTBANKADD,EQ,10009441,10005891,99.96
20,1888,PYRAMID,EQ,22322,11260,50.44
20,1889,QFIL,SM,9000,8000,88.89
20,1890,QGOLDHALF,EQ,31292,21973,70.22
20,1891,QMSMEDI,SM,2000,2000,100.00
20,1892,QNIFTY,EQ,476,342,71.85
20,1893,QUADFUTURE,EQ,2104943,259404,12.32
20,1894,QUAL30IETF,EQ,834867,723244,86.63
20,1895,QUESS,EQ,220704,108854,49.32
20,1896,QUICKHEAL,EQ,98888,48343,48.89
20,1897,QUICKTOUCH,ST,15000,14000,93.33
20,1898,QVCEL,ST,27200,27200,100.00
20,1899,RACE,EQ,42293,24636,58.25
20,1900,RACLGEAR,EQ,1818,862,47.41
20,1901,RADHIKAJWE,EQ,158452,80547,50.83
20,1902,RADIANTCMS,EQ,141109,84101,59.60
20,1903,RADICO,EQ,1202774,353048,29.35
20,1904,RADIOCITY,EQ,304054,228023,74.99
20,1905,RADIOCITY,P1,2,1,50.00
20,1906,RADIOWALLA,SM,4800,3200,66.67
20,1907,RAILTEL,EQ,2155197,372366,17.28
20,1908,RAIN,EQ,1368555,566654,41.41
20,1909,RAINBOW,EQ,273289,188154,68.85
20,1910,RAJESHEXPO,EQ,12167169,777365,6.39
20,1911,RAJINDLTD,SM,4500,3000,66.67
20,1912,RAJMET,EQ,1812871,999570,55.14
20,1913,RAJPUTANA,SM,5000,3000,60.00
20,1914,RAJRATAN,EQ,16715,6283,37.59
20,1915,RAJSREESUG,EQ,43828,21866,49.89
20,1916,RALLIS,EQ,307084,156305,50.90
20,1917,RAMANEWS,EQ,1263696,499002,39.49
20,1918,RAMAPHO,EQ,8854,3684,41.61
20,1919,RAMASTEEL,EQ,5530244,1429856,25.86
20,1920,RAMCOCEM,EQ,119350,39603,33.18
20,1921,RAMCOIND,EQ,48781,19937,40.87
20,1922,RAMCOSYS,EQ,66401,19381,29.19
20,1923,RAMKY,EQ,66441,47904,72.10
20,1924,RAMRAT,EQ,47981,32275,67.27
20,1925,RANASUG,EQ,275893,150376,54.51
20,1926,RANEENGINE,EQ,3182,2151,67.60
20,1927,RANEHOLDIN,EQ,14175,9999,70.54
20,1928,RAPPID,ST,6000,6000,100.00
20,1929,RATEGAIN,EQ,1308420,306253,23.41
20,1930,RATNAMANI,EQ,13392,7466,55.75
20,1931,RATNAVEER,EQ,165639,83083,50.16
20,1932,RAYMOND,EQ,179301,47765,26.64
20,1933,RAYMONDLSL,EQ,188176,111263,59.13
20,1934,RBA,EQ,565563,261144,46.17
20,1935,RBL,EQ,4816,1243,25.81
20,1936,RBLBANK,EQ,3422230,775840,22.67
20,1937,RBMINFRA,ST,71000,70400,99.15
20,1938,RBS,ST,12800,11200,87.50
20,1939,RBZJEWEL,EQ,300695,130891,43.53
20,1940,RCDL,SM,57000,51000,89.47
20,1941,RCF,EQ,1871803,508137,27.15
20,1942,READYMIX,ST,3000,3000,100.00
20,1943,RECLTD,EQ,11040968,5592822,50.66
20,1944,REDINGTON,EQ,7096771,2127418,29.98
20,1945,REDTAPE,EQ,156162,74995,48.02
20,1946,REFEX,EQ,124695,67052,53.77
20,1947,RELAXO,EQ,104751,33412,31.90
20,1948,RELCHEMQ,EQ,2933,1923,65.56
20,1949,RELIABLE,EQ,49530,25590,51.67
20,1950,RELIANCE,EQ,7795582,5439316,69.77
20,1951,RELIGARE,EQ,1718643,1124455,65.43
20,1952,RELINFRA,EQ,1561572,528150,33.82
20,1953,RELTD,EQ,53827,24651,45.80
20,1954,REMSONSIND,EQ,92666,50352,54.34
20,1955,REMUS,SM,1650,1250,75.76
20,1956,RENUKA,EQ,4553705,1480087,32.50
20,1957,REPCOHOME,EQ,149947,92921,61.97
20,1958,REPRO,EQ,10688,5752,53.82
20,1959,RESPONIND,EQ,76521,35739,46.70
20,1960,RETAIL,EQ,3112,1963,63.08
20,1961,REXPIPES,SM,4000,4000,100.00
20,1962,REXPRO,SM,20000,15000,75.00
20,1963,RGL,EQ,725078,391799,54.04
20,1964,RHIM,EQ,76154,35979,47.25
20,1965,RICHA,SM,1000,1000,100.00
20,1966,RICOAUTO,EQ,299349,124023,41.43
20,1967,RIIL,EQ,148294,30205,20.37
20,1968,RILINFRA,SM,5100,4800,94.12
20,1969,RISHABH,EQ,83710,52532,62.75
20,1970,RITCO,EQ,118634,64694,54.53
20,1971,RITES,EQ,8488836,627974,7.40
20,1972,RITEZONE,SM,4800,4800,100.00
20,1973,RKDL,EQ,18259,10160,55.64
20,1974,RKEC,EQ,96002,78211,81.47
20,1975,RKFORGE,EQ,786004,265863,33.82
20,1976,RKSWAMY,EQ,19937,13896,69.70
20,1977,RMDRIP,ST,500,500,100.00
20,1978,RML,EQ,4204,2689,63.96
20,1979,RNFI,ST,38400,38400,100.00
20,1980,ROCKINGDCE,SM,4250,3500,82.35
20,1981,ROHLTD,EQ,204627,73365,35.85
20,1982,ROLEXRINGS,EQ,8268,2711,32.79
20,1983,ROML,EQ,1573,1112,70.69
20,1984,ROSSARI,EQ,30260,11767,38.89
20,1985,ROSSTECH,EQ,19009,9161,48.19
20,1986,ROTO,EQ,89138,49432,55.46
20,1987,ROUTE,EQ,96548,56627,58.65
20,1988,ROXHITECH,ST,30400,24000,78.95
20,1989,RPEL,EQ,17444,10302,59.06
20,1990,RPGLIFE,EQ,11876,5134,43.23
20,1991,RPOWER,EQ,13736316,4740423,34.51
20,1992,RPPL,EQ,106479,74922,70.36
20,1993,RPSGVENT,EQ,13899,7603,54.70
20,1994,RPTECH,EQ,96154,42862,44.58
20,1995,RRKABEL,EQ,67245,19480,28.97
20,1996,RSWM,EQ,129951,68050,52.37
20,1997,RSYSTEMS,EQ,124545,78812,63.28
20,1998,RTNINDIA,EQ,1451873,479457,33.02
20,1999,RTNPOWER,EQ,8813833,4550490,51.63
20,2000,RUBFILA,EQ,40105,25350,63.21
20,2001,RUBYMILLS,EQ,11606,8465,72.94
20,2002,RUCHINFRA,EQ,100087,87928,87.85
20,2003,RUCHIRA,EQ,33530,20222,60.31
20,2004,RULKA,ST,5700,4800,84.21
20,2005,RUPA,EQ,74893,37375,49.90
20,2006,RUSHIL,EQ,515115,237973,46.20
20,2007,RUSTOMJEE,EQ,35731,21181,59.28
20,2008,RVNL,EQ,27929863,2075890,7.43
20,2009,RVTH,EQ,12432,5866,47.18
20,2010,SAAKSHI,SM,4800,4800,100.00
20,2011,SABAR,ST,45000,40000,88.89
20,2012,SADBHIN,EQ,175418,149970,85.49
20,2013,SADHAV,SM,12600,7200,57.14
20,2014,SAFARI,EQ,97324,41898,43.05
20,2015,SAGARDEEP,EQ,22804,18964,83.16
20,2016,SAGCEM,EQ,45926,23587,51.36
20,2017,SAH,EQ,159562,129075,80.89
20,2018,SAHAJSOLAR,SM,6000,3000,50.00
20,2019,SAHANA,ST,6000,6000,100.00
20,2020,SAHASRA,SM,227200,144400,63.56
20,2021,SAHYADRI,EQ,6785,4278,63.05
20,2022,SAIFL,ST,4000,4000,100.00
20,2023,SAIL,EQ,13193348,3764861,28.54
20,2024,SAILIFE,EQ,1828084,1358110,74.29
20,2025,SAJHOTELS,ST,30000,30000,100.00
20,2026,SAKAR,EQ,19712,12751,64.69
20,2027,SAKHTISUG,EQ,145905,87332,59.86
20,2028,SAKSOFT,EQ,69289,34037,49.12
20,2029,SALASAR,EQ,4805326,1631850,33.96
20,2030,SALONA,EQ,640,279,43.59
20,2031,SALSTEEL,EQ,174562,71147,40.76
20,2032,SALZERELEC,EQ,191768,53365,27.83
20,2033,SAMHI,EQ,1475219,929157,62.98
20,2034,SAMMAANCAP,EQ,5498523,3080234,56.02
20,2035,SANATHAN,EQ,58483,35165,60.13
20,2036,SANDESH,EQ,3156,2238,70.91
20,2037,SANDHAR,EQ,520638,165338,31.76
20,2038,SANDUMA,EQ,596915,146099,24.48
20,2039,SANGAMIND,EQ,25367,20163,79.49
20,2040,SANGHIIND,EQ,352380,204297,57.98
20,2041,SANGHVIMOV,EQ,342282,148470,43.38
20,2042,SANGINITA,EQ,26616,14717,55.29
20,2043,SANOFI,EQ,11530,6155,53.38
20,2044,SANOFICONR,EQ,3175,1736,54.68
20,2045,SANSERA,EQ,117809,51848,44.01
20,2046,SANSTAR,EQ,448532,215743,48.10
20,2047,SAPPHIRE,EQ,623073,523553,84.03
20,2048,SARDAEN,EQ,1170940,474867,40.55
20,2049,SAREGAMA,EQ,324641,108477,33.41
20,2050,SAROJA,SM,1600,1600,100.00
20,2051,SARTELE,SM,89500,76500,85.47
20,2052,SARVESHWAR,EQ,1515762,857364,56.56
20,2053,SASKEN,EQ,3764,1896,50.37
20,2054,SASTASUNDR,EQ,40090,21745,54.24
20,2055,SATECH,ST,54000,54000,100.00
20,2056,SATIA,EQ,271107,176970,65.28
20,2057,SATIN,EQ,162297,76795,47.32
20,2058,SATINDLTD,EQ,250804,156164,62.27
20,2059,SATIPOLY,SM,5000,4500,90.00
20,2060,SATKARTAR,SM,36800,28800,78.26
20,2061,SAURASHCEM,EQ,63269,29299,46.31
20,2062,SBC,EQ,3081143,1793358,58.20
20,2063,SBCL,EQ,178898,95256,53.25
20,2064,SBFC,EQ,3621266,2811357,77.63
20,2065,SBGLP,EQ,42667,42667,100.00
20,2066,SBICARD,EQ,1202211,806280,67.07
20,2067,SBIETFCON,EQ,3581,2911,81.29
20,2068,SBIETFIT,EQ,2426,2079,85.70
20,2069,SBIETFPB,EQ,1680,1378,82.02
20,2070,SBIETFQLTY,EQ,2805,1917,68.34
20,2071,SBILIFE,EQ,346720,147508,42.54
20,2072,SBIN,EQ,7423268,4098018,55.21
20,2073,SBINEQWETF,EQ,9983,8610,86.25
20,2074,SBISILVER,EQ,58166,51843,89.13
20,2075,SCHAEFFLER,EQ,39940,24788,62.06
20,2076,SCHAND,EQ,138473,52414,37.85
20,2077,SCHNEIDER,EQ,163187,57126,35.01
20,2078,SCI,EQ,1305022,503057,38.55
20,2079,SCILAL,EQ,644948,395025,61.25
20,2080,SCLZC25,YN,110,110,100.00
20,2081,SCML,SM,2000,1000,50.00
20,2082,SCPL,EQ,15757,11258,71.45
20,2083,SDBL,EQ,2386949,1070181,44.83
20,2084,SDL26BEES,EQ,374,177,47.33
20,2085,SDREAMS,SM,119000,75000,63.03
20,2086,SEAMECLTD,EQ,25336,18458,72.85
20,2087,SECMARK,EQ,623,433,69.50
20,2088,SECURKLOUD,EQ,14670,8972,61.16
20,2089,SEJALLTD,EQ,7097,4902,69.07
20,2090,SEL,ST,400,400,100.00
20,2091,SELAN,EQ,63722,33044,51.86
20,2092,SELMC,EQ,13726,10544,76.82
20,2093,SENCO,EQ,1318159,710754,53.92
20,2094,SENORES,EQ,407287,125042,30.70
20,2095,SENSEXADD,EQ,650,650,100.00
20,2096,SENSEXETF,EQ,2640,2567,97.23
20,2097,SENSEXIETF,EQ,8721,1830,20.98
20,2098,SEPC,EQ,6035068,2939390,48.71
20,2099,SEQUENT,EQ,596442,359700,60.31
20,2100,SERVOTECH,EQ,879402,307553,34.97
20,2101,SESHAPAPER,EQ,56872,36548,64.26
20,2102,SETF10GILT,EQ,6917,5957,86.12
20,2103,SETFGOLD,EQ,2867680,2295435,80.05
20,2104,SETFNIF50,EQ,149964,116206,77.49
20,2105,SETFNIFBK,EQ,204001,200251,98.16
20,2106,SETFNN50,EQ,19054,10846,56.92
20,2107,SFIL25,NS,200,100,50.00
20,2108,SFL,EQ,50110,25905,51.70
20,2109,SFML,ST,38400,36800,95.83
20,2110,SGBAPR28I,GB,533,499,93.62
20,2111,SGBAUG27,GB,155,73,47.10
20,2112,SGBAUG28V,GB,842,727,86.34
20,2113,SGBAUG29V,GB,322,305,94.72
20,2114,SGBAUG30,GB,741,510,68.83
20,2115,SGBD29VIII,GB,303,210,69.31
20,2116,SGBDE30III,GB,581,319,54.91
20,2117,SGBDE31III,GB,1065,732,68.73
20,2118,SGBDEC2512,GB,5,5,100.00
20,2119,SGBDEC2513,GB,2,2,100.00
20,2120,SGBDEC25XI,GB,7,7,100.00
20,2121,SGBFEB29XI,GB,184,130,70.65
20,2122,SGBFEB32IV,GB,1363,864,63.39
20,2123,SGBJAN26,GB,1,1,100.00
20,2124,SGBJAN29IX,GB,285,265,92.98
20,2125,SGBJAN29X,GB,134,134,100.00
20,2126,SGBJAN30IX,GB,83,71,85.54
20,2127,SGBJU29III,GB,579,502,86.70
20,2128,SGBJUL25,GB,3,3,100.00
20,2129,SGBJUL28IV,GB,1571,1333,84.85
20,2130,SGBJUL29IV,GB,762,648,85.04
20,2131,SGBJUN27,GB,4,4,100.00
20,2132,SGBJUN28,GB,228,228,100.00
20,2133,SGBJUN29II,GB,471,369,78.34
20,2134,SGBJUN30,GB,107,70,65.42
20,2135,SGBJUN31I,GB,1496,1203,80.41
20,2136,SGBMAR25,GB,17,17,100.00
20,2137,SGBMAR28X,GB,144,128,88.89
20,2138,SGBMAR30X,GB,65,57,87.69
20,2139,SGBMAR31IV,GB,222,200,90.09
20,2140,SGBMAY25,GB,37,30,81.08
20,2141,SGBMAY26,GB,45,44,97.78
20,2142,SGBMAY28,GB,1718,1426,83.00
20,2143,SGBMAY29I,GB,1245,902,72.45
20,2144,SGBMR29XII,GB,502,462,92.03
20,2145,SGBN28VIII,GB,259,181,69.88
20,2146,SGBNOV25,GB,14,14,100.00
20,2147,SGBNOV25IX,GB,1,1,100.00
20,2148,SGBNV29VII,GB,888,728,81.98
20,2149,SGBOC28VII,GB,106,82,77.36
20,2150,SGBOCT25,GB,19,18,94.74
20,2151,SGBOCT25IV,GB,16,16,100.00
20,2152,SGBOCT27,GB,9,9,100.00
20,2153,SGBSEP27,GB,35,35,100.00
20,2154,SGBSEP28VI,GB,375,333,88.80
20,2155,SGBSEP29VI,GB,909,693,76.24
20,2156,SGBSEP31II,GB,1231,942,76.52
20,2157,SGL,EQ,38956,35257,90.50
20,2158,SGLTL,EQ,1064460,411310,38.64
20,2159,SHAH,EQ,725853,388244,53.49
20,2160,SHAHALLOYS,EQ,19994,9063,45.33
20,2161,SHALBY,EQ,39859,21750,54.57
20,2162,SHALPAINTS,EQ,166540,117501,70.55
20,2163,SHANKARA,EQ,22250,13405,60.25
20,2164,SHANTHALA,ST,54000,51600,95.56
20,2165,SHANTI,EQ,217626,139725,64.20
20,2166,SHANTIGEAR,EQ,21064,13567,64.41
20,2167,SHARDACROP,EQ,93846,34193,36.44
20,2168,SHARDAMOTR,EQ,11113,4750,42.74
20,2169,SHAREINDIA,EQ,257950,103424,40.09
20,2170,SHARIABEES,EQ,2711,1851,68.28
20,2171,SHEETAL,SM,52000,34000,65.38
20,2172,SHEMAROO,EQ,7040,4801,68.20
20,2173,SHERA,SM,42000,37000,88.10
20,2174,SHIGAN,SM,1500,1500,100.00
20,2175,SHILPAMED,EQ,177666,92008,51.79
20,2176,SHIVALIK,EQ,25558,8657,33.87
20,2177,SHIVAMAUTO,EQ,77252,36746,47.57
20,2178,SHIVAMILLS,EQ,8063,6390,79.25
20,2179,SHIVATEX,EQ,7547,4314,57.16
20,2180,SHK,EQ,633516,364197,57.49
20,2181,SHOPERSTOP,EQ,27018,14213,52.61
20,2182,SHREDIGCEM,EQ,249264,145187,58.25
20,2183,SHREECEM,EQ,23853,9083,38.08
20,2184,SHREEKARNI,ST,450,450,100.00
20,2185,SHREEOSFM,SM,7000,5000,71.43
20,2186,SHREEPUSHK,EQ,366153,116177,31.73
20,2187,SHREMINVIT,IV,25000,25000,100.00
20,2188,SHRENIK,EQ,737929,564492,76.50
20,2189,SHREYANIND,EQ,24815,18753,75.57
20,2190,SHRIPISTON,EQ,36858,23731,64.38
20,2191,SHRIRAMFIN,EQ,7590778,4166968,54.90
20,2192,SHRIRAMPPS,EQ,821790,484409,58.95
20,2193,SHUBHLAXMI,ST,2000,2000,100.00
20,2194,SHUBHSHREE,ST,36000,30000,83.33
20,2195,SHYAMCENT,EQ,427612,342968,80.21
20,2196,SHYAMMETL,EQ,278263,162679,58.46
20,2197,SIDDHIKA,ST,1000,1000,100.00
20,2198,SIEMENS,EQ,439939,228517,51.94
20,2199,SIGACHI,EQ,4085699,1056934,25.87
20,2200,SIGIND,EQ,22046,9229,41.86
20,2201,SIGMA,EQ,23905,2760,11.55
20,2202,SIGNATURE,EQ,677864,137202,20.24
20,2203,SIKKO,EQ,141815,44501,31.38
20,2204,SIL,EQ,36640,23189,63.29
20,2205,SILGO,EQ,49115,12110,24.66
20,2206,SILINV,EQ,3908,2790,71.39
20,2207,SILKFLEX,SM,4000,4000,100.00
20,2208,SILLYMONKS,EQ,160,160,100.00
20,2209,SILVER,EQ,566791,505473,89.18
20,2210,SILVER1,EQ,223779,204110,91.21
20,2211,SILVERADD,EQ,6782,5455,80.43
20,2212,SILVERBEES,EQ,4267610,2918927,68.40
20,2213,SILVERETF,EQ,159064,101266,63.66
20,2214,SILVERIETF,EQ,442424,381247,86.17
20,2215,SILVERTUC,EQ,12531,2138,17.06
20,2216,SILVRETF,EQ,19253,12556,65.22
20,2217,SINCLAIR,EQ,81441,44184,54.25
20,2218,SINDHUTRAD,EQ,670222,239511,35.74
20,2219,SINTERCOM,EQ,2984,667,22.35
20,2220,SIRCA,EQ,59769,29618,49.55
20,2221,SIS,EQ,44695,17858,39.96
20,2222,SIYSIL,EQ,60890,27933,45.87
20,2223,SJLOGISTIC,SM,25000,21000,84.00
20,2224,SJS,EQ,98785,45175,45.73
20,2225,SJVN,EQ,9156417,2190740,23.93
20,2226,SKFINDIA,EQ,28298,15111,53.40
20,2227,SKIPPER,EQ,293703,79172,26.96
20,2228,SKMEGGPROD,EQ,27713,13817,49.86
20,2229,SKP,SM,6500,4500,69.23
20,2230,SLONE,ST,20800,20800,100.00
20,2231,SMALLCAP,EQ,1789000,1318091,73.68
20,2232,SMCGLOBAL,EQ,432376,324915,75.15
20,2233,SMLISUZU,EQ,7933,3967,50.01
20,2234,SMLT,EQ,7617,6160,80.87
20,2235,SMSPHARMA,EQ,120882,43053,35.62
20,2236,SMVD,SM,56560,56560,100.00
20,2237,SNOWMAN,EQ,538078,323544,60.13
20,2238,SOBHA,EQ,193099,71224,36.88
20,2239,SOLARA,EQ,124151,70891,57.10
20,2240,SOLARAPP,E1,15080,13748,91.17
20,2241,SOLARINDS,EQ,74941,37506,50.05
20,2242,SOLEX,ST,13125,12250,93.33
20,2243,SOMANYCERA,EQ,40314,25174,62.44
20,2244,SOMICONVEY,EQ,8276,5406,65.32
20,2245,SONACOMS,EQ,1562900,902901,57.77
20,2246,SONAMAC,ST,17000,14000,82.35
20,2247,SONAMLTD,EQ,81311,40429,49.72
20,2248,SONATSOFTW,EQ,446674,201621,45.14
20,2249,SONUINFRA,ST,9000,9000,100.00
20,2250,SOTL,EQ,83762,39381,47.02
20,2251,SOUTHBANK,EQ,7141296,3379365,47.32
20,2252,SOUTHWEST,EQ,16667,10574,63.44
20,2253,SPAL,EQ,9588,4216,43.97
20,2254,SPANDANA,EQ,454461,178746,39.33
20,2255,SPARC,EQ,1958069,1272667,65.00
20,2256,SPCL,ST,58800,57000,96.94
20,2257,SPECIALITY,EQ,20904,12455,59.58
20,2258,SPECTRUM,SM,5625,3875,68.89
20,2259,SPECTSTM,SM,1600,1600,100.00
20,2260,SPENCERS,EQ,75977,28671,37.74
20,2261,SPIC,EQ,451203,245637,54.44
20,2262,SPLIL,EQ,55990,38466,68.70
20,2263,SPLPETRO,EQ,24012,12299,51.22
20,2264,SPORTKING,EQ,115409,68070,58.98
20,2265,SPPPOLY,ST,4000,4000,100.00
20,2266,SPRL,SM,800,800,100.00
20,2267,SRD,EQ,54741,46274,84.53
20,2268,SREEL,EQ,9718,6525,67.14
20,2269,SRF,EQ,351713,181787,51.69
20,2270,SRGHFL,EQ,8497,3862,45.45
20,2271,SRHHYPOLTD,EQ,16565,7969,48.11
20,2272,SRIVASAVI,SM,17000,15000,88.24
20,2273,SSDL,EQ,48093,13980,29.07
20,2274,SSEGL,SM,34000,18400,54.12
20,2275,SSFL,SM,11500,11000,95.65
20,2276,S&SPOWER,EQ,3496,1912,54.69
20,2277,SSWL,EQ,49327,20036,40.62
20,2278,STALLION,EQ,934768,297282,31.80
20,2279,STANLEY,EQ,122410,69451,56.74
20,2280,STAR,EQ,428566,160770,37.51
20,2281,STARCEMENT,EQ,215171,76066,35.35
20,2282,STARHEALTH,EQ,941863,551510,58.56
20,2283,STARPAPER,EQ,29296,16094,54.94
20,2284,STARTECK,EQ,10988,1170,10.65
20,2285,STCINDIA,EQ,32628,11532,35.34
20,2286,STEELCAS,EQ,3483,1997,57.34
20,2287,STEELCITY,EQ,17467,11808,67.60
20,2288,STEELXIND,EQ,1213825,681088,56.11
20,2289,STEL,EQ,8495,4639,54.61
20,2290,STERTOOLS,EQ,60414,27342,45.26
20,2291,STLTECH,EQ,1180799,641013,54.29
20,2292,STOVEKRAFT,EQ,115714,51252,44.29
20,2293,STYLAMIND,EQ,36538,21128,57.82
20,2294,STYLEBAAZA,EQ,2831674,1276648,45.08
20,2295,STYRENIX,EQ,18705,10788,57.67
20,2296,SUBEXLTD,EQ,2694219,1013686,37.62
20,2297,SUBROS,EQ,42043,27784,66.08
20,2298,SUDARSCHEM,EQ,238733,137532,57.61
20,2299,SUKHJITS,EQ,7661,5804,75.76
20,2300,SULA,EQ,1058004,559775,52.91
20,2301,SUMICHEM,EQ,339954,149661,44.02
20,2302,SUMIT,EQ,12392,8165,65.89
20,2303,SUMMITSEC,EQ,23128,10712,46.32
20,2304,SUNCLAY,EQ,18693,8974,48.01
20,2305,SUNDARAM,EQ,559489,336698,60.18
20,2306,SUNDARMFIN,EQ,37484,14322,38.21
20,2307,SUNDARMHLD,EQ,42805,19299,45.09
20,2308,SUNDRMFAST,EQ,27408,11917,43.48
20,2309,SUNLITE,SM,12000,9600,80.00
20,2310,SUNPHARMA,EQ,1670915,1186669,71.02
20,2311,SUNTECK,EQ,283096,161897,57.19
20,2312,SUNTV,EQ,113587,39796,35.04
20,2313,SUPERHOUSE,EQ,3798,2663,70.12
20,2314,SUPERSPIN,EQ,86926,64571,74.28
20,2315,SUPRAJIT,EQ,52450,25162,47.97
20,2316,SUPREME,EQ,21921,9635,43.95
20,2317,SUPREMEIND,EQ,292962,56986,19.45
20,2318,SUPREMEPWR,ST,80000,78000,97.50
20,2319,SUPRIYA,EQ,197924,85813,43.36
20,2320,SURAJEST,EQ,156185,82250,52.66
20,2321,SURAJLTD,EQ,39930,4493,11.25
20,2322,SURAKSHA,EQ,74583,32340,43.36
20,2323,SURANASOL,EQ,113666,62498,54.98
20,2324,SURANAT&P,EQ,56871,35499,62.42
20,2325,SURANI,ST,800,800,100.00
20,2326,SURYALAXMI,EQ,23712,10206,43.04
20,2327,SURYAROSNI,EQ,454554,277034,60.95
20,2328,SURYODAY,EQ,333534,226769,67.99
20,2329,SUTLEJTEX,EQ,111843,66346,59.32
20,2330,SUVEN,EQ,499730,187640,37.55
20,2331,SUVENPHAR,EQ,4459981,366809,8.22
20,2332,SUVIDHAA,EQ,393540,177497,45.10
20,2333,SUYOG,EQ,20438,12520,61.26
20,2334,SUZLON,EQ,38873355,17403866,44.77
20,2335,SWANENERGY,EQ,2362552,857049,36.28
20,2336,SWARAJ,SM,10500,7000,66.67
20,2337,SWARAJENG,EQ,21067,6543,31.06
20,2338,SWASTIK,SM,12000,12000,100.00
20,2339,SWELECTES,EQ,18883,10325,54.68
20,2340,SWIGGY,EQ,15403371,2618478,17.00
20,2341,SWSOLAR,EQ,4085368,1788344,43.77
20,2342,SYLVANPLY,SM,2000,2000,100.00
20,2343,SYMPHONY,EQ,88575,38427,43.38
20,2344,SYNCOMF,EQ,1616561,727603,45.01
20,2345,SYNGENE,EQ,1440692,959943,66.63
20,2346,SYNOPTICS,SM,5400,4200,77.78
20,2347,SYRMA,EQ,978171,379678,38.82
20,2348,SYSTANGO,SM,27600,12800,46.38
20,2349,TAC,ST,6400,6400,100.00
20,2350,TAINWALCHM,EQ,4525,2656,58.70
20,2351,TAJGVK,EQ,2915261,543487,18.64
20,2352,TALBROAUTO,EQ,98808,58436,59.14
20,2353,TANLA,EQ,529678,195748,36.96
20,2354,TAPIFRUIT,SM,6750,6000,88.89
20,2355,TARC,EQ,407674,219981,53.96
20,2356,TARIL,EQ,547027,325927,59.58
20,2357,TARMAT,EQ,31215,28430,91.08
20,2358,TARSONS,EQ,47485,21806,45.92
20,2359,TASTYBITE,EQ,2521,966,38.32
20,2360,TATACHEM,EQ,494774,268183,54.20
20,2361,TATACOMM,EQ,207052,118387,57.18
20,2362,TATACONSUM,EQ,878748,473436,53.88
20,2363,TATAELXSI,EQ,79633,26721,33.56
20,2364,TATAGOLD,EQ,10485150,8336971,79.51
20,2365,TATAINVEST,EQ,679953,36450,5.36
20,2366,TATAMOTORS,EQ,8673335,3109503,35.85
20,2367,TATAPOWER,EQ,10098769,3076385,30.46
20,2368,TATASTEEL,EQ,24139808,10555441,43.73
20,2369,TATATECH,EQ,2436661,469459,19.27
20,2370,TATSILV,EQ,2087025,1847955,88.54
20,2371,TATVA,EQ,36790,19254,52.33
20,2372,TBI,SM,115800,108000,93.26
20,2373,TBOTEK,EQ,58998,37441,63.46
20,2374,TBZ,EQ,218013,117245,53.78
20,2375,TCI,EQ,12500,5295,42.36
20,2376,TCIEXP,EQ,39809,16669,41.87
20,2377,TCL,SM,37600,26400,70.21
20,2378,TCPLPACK,EQ,56777,14780,26.03
20,2379,TCS,EQ,2888572,2195342,76.00
20,2380,TDPOWERSYS,EQ,463188,219411,47.37
20,2381,TEAMLEASE,EQ,274113,242361,88.42
20,2382,TECH,EQ,388775,381149,98.04
20,2383,TECHERA,ST,1600,1600,100.00
20,2384,TECHLABS,ST,78750,71000,90.16
20,2385,TECHM,EQ,1485087,944773,63.62
20,2386,TECHNOE,EQ,321032,124772,38.87
20,2387,TECILCHEM,EQ,394,314,79.70
20,2388,TEGA,EQ,120071,72197,60.13
20,2389,TEJASNET,EQ,1072581,373703,34.84
20,2390,TEXINFRA,EQ,273603,179123,65.47
20,2391,TEXMOPIPES,EQ,59343,34429,58.02
20,2392,TEXRAIL,EQ,1378212,399727,29.00
20,2393,TFCILTD,EQ,743961,209395,28.15
20,2394,TGBHOTELS,EQ,65511,37026,56.52
20,2395,TGL,ST,35000,29400,84.00
20,2396,THANGAMAYL,EQ,31606,17311,54.77
20,2397,THEINVEST,EQ,43955,42829,97.44
20,2398,THEJO,EQ,7332,4987,68.02
20,2399,THEMISMED,EQ,98842,29682,30.03
20,2400,THERMAX,EQ,160704,79082,49.21
20,2401,THOMASCOOK,EQ,5031958,2046117,40.66
20,2402,THYROCARE,EQ,14540,7712,53.04
20,2403,TI,EQ,665923,298285,44.79
20,2404,TICL,EQ,71577,36920,51.58
20,2405,TIIL,EQ,4200,2113,50.31
20,2406,TIINDIA,EQ,291099,164364,56.46
20,2407,TIL,EQ,10532,7031,66.76
20,2408,TIMESCAN,SM,4000,4000,100.00
20,2409,TIMETECHNO,EQ,1085012,330818,30.49
20,2410,TIMKEN,EQ,134748,84573,62.76
20,2411,TIPSMUSIC,EQ,125443,43474,34.66
20,2412,TIRUMALCHM,EQ,237651,104100,43.80
20,2413,TIRUPATI,SM,8000,8000,100.00
20,2414,TITAGARH,EQ,1112629,224839,20.21
20,2415,TITAN,EQ,653151,386992,59.25
20,2416,TMB,EQ,71366,47340,66.33
20,2417,TNIDETF,EQ,56265,47776,84.91
20,2418,TNPETRO,EQ,112884,65546,58.06
20,2419,TNPL,EQ,261784,152078,58.09
20,2420,TOKYOPLAST,EQ,2634,2265,85.99
20,2421,TOLINS,EQ,246824,111840,45.31
20,2422,TOP100CASE,EQ,224799,187670,83.48
20,2423,TOP10ADD,EQ,948992,942604,99.33
20,2424,TORNTPHARM,EQ,222923,118260,53.05
20,2425,TORNTPOWER,EQ,749886,431351,57.52
20,2426,TOTAL,EQ,47759,11427,23.93
20,2427,TOUCHWOOD,EQ,197072,100274,50.88
20,2428,TPLPLASTEH,EQ,132269,19832,14.99
20,2429,TRACXN,EQ,304613,163971,53.83
20,2430,TRANSRAILL,EQ,761222,161180,21.17
20,2431,TRANSTEEL,ST,90000,82000,91.11
20,2432,TRANSWORLD,EQ,34883,25592,73.37
20,2433,TREEHOUSE,EQ,29340,23594,80.42
20,2434,TREJHARA,EQ,9332,6390,68.47
20,2435,TREL,EQ,472846,216251,45.73
20,2436,TRENT,EQ,812700,321388,39.55
20,2437,TRF,EQ,16310,10142,62.18
20,2438,TRIDENT,EQ,3794139,1372942,36.19
20,2439,TRIDHYA,SM,6000,3000,50.00
20,2440,TRIGYN,EQ,70884,38900,54.88
20,2441,TRITURBINE,EQ,1822829,425300,23.33
20,2442,TRIVENI,EQ,183347,66349,36.19
20,2443,TROM,SM,13800,10800,78.26
20,2444,TRUST,ST,11400,11400,100.00
20,2445,TTKHLTCARE,EQ,1336,813,60.85
20,2446,TTKPRESTIG,EQ,31773,14814,46.62
20,2447,TTML,EQ,2667056,680255,25.51
20,2448,TUNWAL,SM,50000,40000,80.00
20,2449,TVSELECT,EQ,15086,4850,32.15
20,2450,TVSHLTD,EQ,13441,9429,70.15
20,2451,TVSMOTOR,EQ,645674,371278,57.50
20,2452,TVSSCS,EQ,2551495,751222,29.44
20,2453,TVSSRICHAK,EQ,4400,3402,77.32
20,2454,TVTODAY,EQ,46318,25477,55.00
20,2455,UBL,EQ,213767,95859,44.84
20,2456,UCOBANK,EQ,3253029,973450,29.92
20,2457,UDAICEMENT,EQ,160119,94377,58.94
20,2458,UDS,EQ,97171,48253,49.66
20,2459,UFLEX,EQ,104225,59632,57.21
20,2460,UFO,EQ,79978,41467,51.85
20,2461,UGARSUGAR,EQ,339353,134830,39.73
20,2462,UGROCAP,EQ,322887,186556,57.78
20,2463,UHTL,ST,18000,16000,88.89
20,2464,UJJIVANSFB,EQ,8483604,3094103,36.47
20,2465,ULTRACEMCO,EQ,142187,87165,61.30
20,2466,UMA,SM,8000,8000,100.00
20,2467,UMAEXPORTS,EQ,30247,18947,62.64
20,2468,UMESLTD,EQ,16055,6391,39.81
20,2469,UNICHEMLAB,EQ,64046,30230,47.20
20,2470,UNIDT,EQ,4739,2021,42.65
20,2471,UNIECOM,EQ,933778,386446,41.39
20,2472,UNIENTER,EQ,2496,969,38.82
20,2473,UNIHEALTH,SM,89000,66000,74.16
20,2474,UNIINFO,EQ,21815,12044,55.21
20,2475,UNILEX,SM,25600,20800,81.25
20,2476,UNIMECH,EQ,190778,90886,47.64
20,2477,UNIONBANK,EQ,11571444,4192335,36.23
20,2478,UNIPARTS,EQ,61255,37271,60.85
20,2479,UNITDSPR,EQ,728768,461286,63.30
20,2480,UNITEDPOLY,EQ,1776,1231,69.31
20,2481,UNITEDTEA,EQ,2381,1547,64.97
20,2482,UNIVCABLES,EQ,27367,18162,66.36
20,2483,UNOMINDA,EQ,1471392,980013,66.60
20,2484,UPL,EQ,2142244,1151507,53.75
20,2485,URAVIDEF,EQ,10994,5430,49.39
20,2486,URBAN,SM,37600,35200,93.62
20,2487,USASEEDS,SM,900,300,33.33
20,2488,USHAFIN,SM,4800,3200,66.67
20,2489,USHAMART,EQ,1090530,442557,40.58
20,2490,USK,EQ,92523,47733,51.59
20,2491,UTIAMC,EQ,80512,30768,38.22
20,2492,UTIBANKETF,EQ,1071588,977253,91.20
20,2493,UTINEXT50,EQ,176568,157711,89.32
20,2494,UTINIFTETF,EQ,13671,13294,97.24
20,2495,UTISENSETF,EQ,1684,1270,75.42
20,2496,UTISXN50,EQ,23634,20471,86.62
20,2497,UTKARSHBNK,EQ,1409344,713825,50.65
20,2498,UTSSAV,SM,129000,103200,80.00
20,2499,UTTAMSUGAR,EQ,76232,38759,50.84
20,2500,UYFINCORP,EQ,97144,71795,73.91
20,2501,VADILALIND,EQ,4946,2325,47.01
20,2502,VAIBHAVGBL,EQ,190318,89362,46.95
20,2503,VAISHALI,EQ,186743,123578,66.18
20,2504,VAKRANGEE,EQ,8668900,4135510,47.71
20,2505,VAL30IETF,EQ,240429,216178,89.91
20,2506,VALIANTLAB,EQ,39013,23952,61.39
20,2507,VALIANTORG,EQ,21886,10656,48.69
20,2508,VARDHACRLC,EQ,50994,35512,69.64
20,2509,VARROC,EQ,310063,57708,18.61
20,2510,VASCONEQ,EQ,547444,262922,48.03
20,2511,VASWANI,EQ,97117,50313,51.81
20,2512,VBL,EQ,11542401,7923152,68.64
20,2513,VCL,EQ,135987,121542,89.38
20,2514,VDEAL,SM,6000,4800,80.00
20,2515,VEDL,EQ,10218019,5286157,51.73
20,2516,VEEDOL,EQ,10234,5537,54.10
20,2517,VEEKAYEM,ST,5500,4000,72.73
20,2518,VELS,ST,14400,14400,100.00
20,2519,VENKEYS,EQ,10945,3738,34.15
20,2520,VENTIVE,EQ,181578,79035,43.53
20,2521,VENUSPIPES,EQ,53810,16922,31.45
20,2522,VENUSREM,EQ,14770,6670,45.16
20,2523,VERANDA,EQ,298034,96078,32.24
20,2524,VERITAAS,SM,1200,1200,100.00
20,2525,VERTEXPLUS,SM,18000,18000,100.00
20,2526,VESUVIUS,EQ,80703,32419,40.17
20,2527,VETO,EQ,36313,17170,47.28
20,2528,VGUARD,EQ,637573,452958,71.04
20,2529,VHL,EQ,1260,669,53.10
20,2530,VIDHIING,EQ,10554,6429,60.92
20,2531,VIESL,SM,44800,28000,62.50
20,2532,VIJAYA,EQ,240792,103206,42.86
20,2533,VIKASECO,EQ,4645883,1691630,36.41
20,2534,VIKASLIFE,EQ,11667755,7272852,62.33
20,2535,VILAS,SM,12250,9750,79.59
20,2536,VIMTALABS,EQ,161413,57364,35.54
20,2537,VINATIORGA,EQ,23503,13784,58.65
20,2538,VINCOFE,EQ,557146,379909,68.19
20,2539,VINDHYATEL,EQ,33710,19878,58.97
20,2540,VINEETLAB,EQ,21481,3609,16.80
20,2541,VINSYS,SM,10000,9000,90.00
20,2542,VINYAS,SM,4800,3400,70.83
20,2543,VINYLINDIA,EQ,31329,15981,51.01
20,2544,VIPCLOTHNG,EQ,78951,55412,70.19
20,2545,VIPIND,EQ,358927,142367,39.66
20,2546,VIRINCHI,EQ,193578,92704,47.89
20,2547,VISAKAIND,EQ,137413,62766,45.68
20,2548,VISAMAN,SM,3000,3000,100.00
20,2549,VISHNU,EQ,158842,84214,53.02
20,2550,VISHNUINFR,SM,15000,11500,76.67
20,2551,VISHWARAJ,EQ,460501,214271,46.53
20,2552,VITAL,SM,12000,12000,100.00
20,2553,VIVIANA,ST,11125,9125,82.02
20,2554,VIVIDHA,EQ,347351,216652,62.37
20,2555,VLINFRA,ST,111000,108000,97.30
20,2556,VLSFINANCE,EQ,28419,11277,39.68
20,2557,VMARCIND,ST,24750,24500,98.99
20,2558,VMART,EQ,86953,66765,76.78
20,2559,VMM,EQ,13155245,5074587,38.57
20,2560,VOLERCAR,ST,83200,83200,100.00
20,2561,VOLTAMP,EQ,337913,50492,14.94
20,2562,VOLTAS,EQ,1895350,1243836,65.63
20,2563,VPRPL,EQ,1041978,311684,29.91
20,2564,VRAJ,EQ,45384,34767,76.61
20,2565,VRLLOG,EQ,44590,16837,37.76
20,2566,VSCL,ST,42000,42000,100.00
20,2567,VSSL,EQ,24278,12182,50.18
20,2568,VSTIND,EQ,516285,252722,48.95
20,2569,VSTL,EQ,24153,13973,57.85
20,2570,VSTTILLERS,EQ,4536,2172,47.88
20,2571,VTL,EQ,74060,36032,48.65
20,2572,WAAREEENER,EQ,2298701,334141,14.54
20,2573,WABAG,EQ,515074,104309,20.25
20,2574,WALCHANNAG,EQ,314863,118413,37.61
20,2575,WANBURY,EQ,58280,27205,46.68
20,2576,WCIL,EQ,144530,73319,50.73
20,2577,WEALTH,EQ,5986,3857,64.43
20,2578,WEIZMANIND,EQ,1595,1241,77.81
20,2579,WEL,EQ,242100,73989,30.56
20,2580,WELCORP,EQ,927069,390054,42.07
20,2581,WELENT,EQ,153335,66142,43.14
20,2582,WELINV,EQ,3280,2595,79.12
20,2583,WELSPUNLIV,EQ,1000377,435322,43.52
20,2584,WENDT,EQ,731,408,55.81
20,2585,WESTLIFE,EQ,29375,10107,34.41
20,2586,WEWIN,EQ,8905,6846,76.88
20,2587,WHEELS,EQ,28544,19988,70.03
20,2588,WHIRLPOOL,EQ,323373,166473,51.48
20,2589,WILLAMAGOR,EQ,3729,1901,50.98
20,2590,WINDLAS,EQ,770352,189613,24.61
20,2591,WINDMACHIN,EQ,62209,34123,54.85
20,2592,WINNY,ST,500,500,100.00
20,2593,WINSOL,SM,29600,17200,58.11
20,2594,WIPRO,EQ,7697134,4879339,63.39
20,2595,WOCKPHARMA,EQ,228810,111180,48.59
20,2596,WOL3D,SM,4000,4000,100.00
20,2597,WOMANCART,ST,3200,3200,100.00
20,2598,WONDERLA,EQ,112397,42215,37.56
20,2599,WORTH,EQ,41889,24007,57.31
20,2600,WSTCSTPAPR,EQ,260671,154764,59.37
20,2601,WTICAB,ST,6000,6000,100.00
20,2602,XCHANGING,EQ,95628,50770,53.09
20,2603,XELPMOC,EQ,28850,8856,30.70
20,2604,XPROINDIA,EQ,19900,8329,41.85
20,2605,XTGLOBAL,EQ,222966,35354,15.86
20,2606,YASHO,EQ,7367,3860,52.40
20,2607,YASHOPTICS,SM,17600,11200,63.64
20,2608,YATHARTH,EQ,473496,219071,46.27
20,2609,YATRA,EQ,955328,641994,67.20
20,2610,YCCL,SM,6000,6000,100.00
20,2611,YESBANK,EQ,47340797,19076714,40.30
20,2612,YUDIZ,SM,5600,3200,57.14
20,2613,YUKEN,EQ,8639,6025,69.74
20,2614,ZAGGLE,EQ,1121472,555930,49.57
20,2615,ZEAL,SM,30600,27600,90.20
20,2616,ZEEL,EQ,6552011,3038145,46.37
20,2617,ZEELEARN,EQ,570055,407881,71.55
20,2618,ZEEMEDIA,EQ,1857205,799872,43.07
20,2619,ZENITHDRUG,ST,2400,2400,100.00
20,2620,ZENITHSTL,EQ,64073,43554,67.98
20,2621,ZENSARTECH,EQ,802268,202805,25.28
20,2622,ZENTEC,EQ,2960822,986331,33.31
20,2623,ZFCVINDIA,EQ,26968,12308,45.64
20,2624,ZIMLAB,EQ,35199,21949,62.36
20,2625,ZODIAC,EQ,65776,29009,44.10
20,2626,ZODIACLOTH,EQ,17870,10761,60.22
20,2627,ZOMATO,EQ,27119319,10917793,40.26
20,2628,ZOTA,EQ,49276,18879,38.31
20,2629,ZTECH,ST,9600,8100,84.38
20,2630,ZUARI,EQ,128918,49886,38.70
20,2631,ZUARIIND,EQ,134051,47506,35.44
20,2632,ZYDUSLIFE,EQ,996072,399176,40.08
20,2633,ZYDUSWELL,EQ,20185,12197,60.43
