Security Wise Delivery Position - Compulsory Rolling Settlement
10,MTO,04022025,1161950141,0002631
Trade Date <04-FEB-2025>,Settlement Type <N>
Record Type,Sr No,Name of Security,Quantity Traded,Deliverable Quantity(gross across client level),% of Deliverable Quantity to Traded Quantity
20,1,0MOFSL26,N1,220,110,50.00
20,2,0MOFSL27,N3,325,325,100.00
20,3,1003IIFL29,NC,23,23,100.00
20,4,1003ISFL28,N4,697,697,100.00
20,5,1015ECL29,NR,245,150,61.22
20,6,1015UCL26,N1,55,55,100.00
20,7,1018GS2026,GS,2649,2649,100.00
20,8,1035UCL26,NA,138,104,75.36
20,9,1050IIFL29,ND,27,27,100.00
20,10,1050ISFL28,N5,79,67,84.81
20,11,1050NFL26,N7,255,255,100.00
20,12,105IIFL29,N7,40,40,100.00
20,13,1060ECL29,NS,165,165,100.00
20,14,1065NFL27,NC,535,535,100.00
20,15,10CAGL27,N5,132,66,50.00
20,16,10IIFL28,N4,552,551,99.82
20,17,10IIFL28A,NE,342,237,69.30
20,18,10IIFL29,N6,14,14,100.00
20,19,10NFL25,N9,6,6,100.00
20,20,10NIDO26,N6,101,101,100.00
20,21,10SCL30A,BV,10,10,100.00
20,22,182D100425,TB,14100,10100,71.63
20,23,182D170725,TB,300,200,66.67
20,24,182D270225,TB,100,100,100.00
20,25,20MICRONS,EQ,103124,63089,61.18
20,26,360ONE,EQ,566369,311409,54.98
20,27,364D030425,TB,6800,6800,100.00
20,28,364D060325,TB,200,100,50.00
20,29,364D280825,TB,200,100,50.00
20,30,3IINFOLTD,EQ,351077,175800,50.07
20,31,3MINDIA,EQ,15347,6577,42.86
20,32,515GS2025,GS,200,100,50.00
20,33,574GS2026,GS,13,13,100.00
20,34,5PAISA,EQ,118186,44488,37.64
20,35,63MOONS,EQ,61687,46579,75.51
20,36,654GS2032,GS,32092,32091,100.00
20,37,664GS2027,GS,100,100,100.00
20,38,667GS2050,GS,2,2,100.00
20,39,675GS2029,GS,100,100,100.00
20,40,676GS2061,GS,37043,37043,100.00
20,41,679GS2031,GS,100,100,100.00
20,42,679GS2034A,GS,10,10,100.00
20,43,695GS2061,GS,5,5,100.00
20,44,697GR2034,GS,107,107,100.00
20,45,699GS2051,GS,2080,2080,100.00
20,46,702GS2027,GS,466,446,95.71
20,47,704GS2029,GS,20600,10600,51.46
20,48,706GS2028,GS,1,1,100.00
20,49,709GS2054,GS,318431,264216,82.97
20,50,710GS2029,GS,120823,120321,99.58
20,51,717GS2030,GS,28927,28926,100.00
20,52,718GS2033,GS,4200,4200,100.00
20,53,718GS2037,GS,105852,105852,100.00
20,54,719GS2060,GS,100,100,100.00
20,55,71GS2034,GS,8520,8520,100.00
20,56,725GS2063,GS,17460,17460,100.00
20,57,726GS2032,GS,5001,3001,60.01
20,58,726GS2033,GS,1,1,100.00
20,59,727GS2026,GS,19577,19556,99.89
20,60,729NHAI26,NC,38,38,100.00
20,61,732GS2030,GS,1000,1000,100.00
20,62,732IRFC25,NI,59,59,100.00
20,63,733GS2026,GS,201,201,100.00
20,64,734GS2064,GS,1765,1765,100.00
20,65,736GS2052,GS,1001,1001,100.00
20,66,737GS2028,GS,3025,3025,100.00
20,67,738GS2027,GS,15483,14151,91.40
20,68,738REC27TF,N2,10,10,100.00
20,69,739NHAI31A,ND,40,40,100.00
20,70,73GS2053,GS,1500,1500,100.00
20,71,740IIFCL33,N1,150,46,30.67
20,72,741GS2036,GS,5503,5503,100.00
20,73,746GS2073,GS,770,770,100.00
20,74,74GS2062,GS,14,7,50.00
20,75,750IRFC35,NK,10,10,100.00
20,76,751HUDCO28,N5,810,810,100.00
20,77,753IRFC30,NJ,1,1,100.00
20,78,754GS2036,GS,501478,491351,97.98
20,79,757GS2033,GS,7100,7000,98.59
20,80,764HUDCO31,N8,64,64,100.00
20,81,764IRFC31,NO,1853,1828,98.65
20,82,769HUDCO31,N9,1,1,100.00
20,83,769NHAI31,NE,1,1,100.00
20,84,76NHAI31,NA,7223,7223,100.00
20,85,774IREDA31,N7,120,120,100.00
20,86,774TS35,SG,200,100,50.00
20,87,79NHIT35,N1,2,1,50.00
20,88,79NHIT40,N2,470,470,100.00
20,89,79NHIT47,N3,677,675,99.70
20,90,805ABFL28,N2,10,5,50.00
20,91,810IRFC27,N2,796,783,98.37
20,92,812REC27,NI,100,50,50.00
20,93,81ABFL33,N5,3,3,100.00
20,94,81TCHF28,N8,544,544,100.00
20,95,820IIFL27,N9,118,118,100.00
20,96,824GS2027,GS,1301,1301,100.00
20,97,828GS2027,GS,192,192,100.00
20,98,82HUDCO27,N2,595,380,63.87
20,99,82IGT31,NJ,50,50,100.00
20,100,830NHAI27,N2,1076,874,81.23
20,101,830PFCL27,N5,330,330,100.00
20,102,842IIFL26,NL,434,434,100.00
20,103,843IHFL29,NC,20,20,100.00
20,104,849NTPC25,N7,138148,138148,100.00
20,105,850IIFL27,NA,71,71,100.00
20,106,850NHAI29,N5,8,8,100.00
20,107,865IFL28,NZ,111,111,100.00
20,108,865IIFL28,NS,132,131,99.24
20,109,865IRFC29,NA,1,1,100.00
20,110,865LTF26,NN,2,2,100.00
20,111,866IIFC34B,N3,100,100,100.00
20,112,871REC28,N9,2545,2283,89.71
20,113,875IIFL26,NM,50,50,100.00
20,114,875IIFL26A,NQ,25,25,100.00
20,115,875NHAI29,N6,878,875,99.66
20,116,87LTF27,NH,14,14,100.00
20,117,885IHL26,N1,90,90,100.00
20,118,885TCAPS29,NC,25,25,100.00
20,119,888ERFL28,N5,1,1,100.00
20,120,888IHFL25F,NC,10,10,100.00
20,121,888IRFC29,NE,883,833,94.34
20,122,888REC29,NF,514,514,100.00
20,123,888SCL25E,N4,100,100,100.00
20,124,891IIFCL34,N4,35,35,100.00
20,125,891NTPC33,N6,30,30,100.00
20,126,892PFCL33,N8,482,332,68.88
20,127,893NHB29,N6,30,30,100.00
20,128,897GS2030,GS,730,615,84.25
20,129,898LTF29,N7,95,50,52.63
20,130,901HUDCO34,NE,50,50,100.00
20,131,901NHB34,N6,218,198,90.83
20,132,905PEL26,N1,2,1,50.00
20,133,905SC24B,Z9,134,124,92.54
20,134,915SCL26,NE,50,50,100.00
20,135,91D060325,TB,100,100,100.00
20,136,91D200325,TB,1200,1200,100.00
20,137,91D240425,TB,100,100,100.00
20,138,91D280325,TB,200,200,100.00
20,139,91MOFSL27,N2,470,450,95.74
20,140,925ERFL28,N6,62,62,100.00
20,141,925IHFL25D,N6,300,300,100.00
20,142,925SCL25,N5,100,100,100.00
20,143,925SCL25C,AR,10,10,100.00
20,144,925SCL26W,N1,4,1,25.00
20,145,92GS2030,GS,690,690,100.00
20,146,92SFIL28,ND,11,11,100.00
20,147,930SFL28,YP,1115,1065,95.52
20,148,931SFL26,Z5,61,61,100.00
20,149,935LTF29,N5,6,6,100.00
20,150,935TSI34,N0,2,2,100.00
20,151,93MOFSL34,N6,101,101,100.00
20,152,943ECL28,NJ,10,10,100.00
20,153,945IFSL25,N4,10,10,100.00
20,154,948SCL26A,NN,1,1,100.00
20,155,94SFL28,YL,156,156,100.00
20,156,955SCL25,ZU,20,20,100.00
20,157,956AEL29,N6,60,60,100.00
20,158,960CAGL25,N3,10,10,100.00
20,159,965AEL27,N4,322,322,100.00
20,160,965SCL26F,N1,16,10,62.50
20,161,965SCL26Y,N1,10,10,100.00
20,162,96IIFL28,N5,81,81,100.00
20,163,96IIFL28A,NF,1601,1450,90.57
20,164,96SFIL24A,NB,50,50,100.00
20,165,970CAGL28,ND,205,205,100.00
20,166,971SCL28,AN,1,1,100.00
20,167,97MOFSL34,N7,195,120,61.54
20,168,97SFL29,YZ,18,18,100.00
20,169,985ECL28,NK,100,100,100.00
20,170,985IIFL22,NC,560,560,100.00
20,171,98SFIL26,NU,50,50,100.00
20,172,99AEL29,N7,76,72,94.74
20,173,9ICCL23A,N0,28,18,64.29
20,174,9IIFL28,Y0,225,225,100.00
20,175,9MMFSML,N2,48,48,100.00
20,176,9SCL26BA,NA,220,220,100.00
20,177,AAATECH,EQ,10203,7383,72.36
20,178,AADHARHFC,EQ,154067,75257,48.85
20,179,AAKASH,EQ,129195,67992,52.63
20,180,AAREYDRUGS,EQ,28381,20819,73.36
20,181,AARON,EQ,7731,2165,28.00
20,182,AARTIDRUGS,EQ,65731,33058,50.29
20,183,AARTIIND,EQ,1514067,530706,35.05
20,184,AARTIPHARM,EQ,407715,201260,49.36
20,185,AARTISURF,EQ,3658,2029,55.47
20,186,AARVI,EQ,10186,4791,47.04
20,187,AATMAJ,SM,6000,4000,66.67
20,188,AAVAS,EQ,91361,60070,65.75
20,189,ABAN,EQ,78824,54272,68.85
20,190,ABB,EQ,1337087,490452,36.68
20,191,ABBOTINDIA,EQ,9729,3446,35.42
20,192,ABCAPITAL,EQ,7057180,2478032,35.11
20,193,ABCOTS,ST,7500,5500,73.33
20,194,ABDL,EQ,251435,140075,55.71
20,195,ABFRL,EQ,1365443,381789,27.96
20,196,ABGSEC,EQ,25,20,80.00
20,197,ABHAPOWER,ST,9600,9600,100.00
20,198,ABINFRA,EQ,134837,21808,16.17
20,199,ABREL,EQ,292831,73662,25.16
20,200,ABSLAMC,EQ,390633,136272,34.88
20,201,ABSLBANETF,EQ,3086614,2679789,86.82
20,202,ABSLLIQUID,EQ,1261,1228,97.38
20,203,ABSLNN50ET,EQ,17842,14905,83.54
20,204,ABSLPSE,EQ,413031,239492,57.98
20,205,ABSMARINE,ST,29000,27000,93.10
20,206,ACC,EQ,356440,220974,61.99
20,207,ACCELYA,EQ,10463,5833,55.75
20,208,ACCENTMIC,SM,23500,14000,59.57
20,209,ACCURACY,EQ,131239,84910,64.70
20,210,ACE,EQ,131939,68649,52.03
20,211,ACEINTEG,EQ,2421,1424,58.82
20,212,ACI,EQ,247502,107841,43.57
20,213,ACL,EQ,23069,11796,51.13
20,214,ACLGATI,EQ,125466,61870,49.31
20,215,ACMESOLAR,EQ,733948,334159,45.53
20,216,ADANIENSOL,EQ,1007055,361821,35.93
20,217,ADANIENT,EQ,691187,190423,27.55
20,218,ADANIGREEN,EQ,1333100,320017,24.01
20,219,ADANIPORTS,EQ,4071098,1929311,47.39
20,220,ADANIPOWER,EQ,2822180,817329,28.96
20,221,ADFFOODS,EQ,33868,15904,46.96
20,222,ADL,EQ,126,87,69.05
20,223,ADORWELD,EQ,21291,15873,74.55
20,224,ADSL,EQ,1514631,370568,24.47
20,225,ADVANIHOTR,EQ,55497,27981,50.42
20,226,ADVENZYMES,EQ,241336,172859,71.63
20,227,AEGISLOG,EQ,9427424,767573,8.14
20,228,AEROFLEX,EQ,3442308,1124605,32.67
20,229,AERON,SM,29000,27000,93.10
20,230,AESTHETIK,SM,12000,10000,83.33
20,231,AETHER,EQ,16903,7967,47.13
20,232,AFCONS,EQ,4232317,2481301,58.63
20,233,AFFLE,EQ,230220,128383,55.77
20,234,AFFORDABLE,EQ,8761,6268,71.54
20,235,AFIL,EQ,132435,104442,78.86
20,236,AGARIND,EQ,20541,12861,62.61
20,237,AGARWALEYE,EQ,15635750,8152741,52.14
20,238,AGARWALFT,SM,7500,7500,100.00
20,239,AGARWALTUF,SM,34800,31200,89.66
20,240,AGI,EQ,294886,153874,52.18
20,241,AGIIL,EQ,39400,33067,83.93
20,242,AGNI,SM,15000,15000,100.00
20,243,AGRITECH,EQ,137095,20367,14.86
20,244,AGROPHOS,EQ,31043,8182,26.36
20,245,AGUL,SM,2000,2000,100.00
20,246,AHIMSA,ST,3000,3000,100.00
20,247,AHLADA,EQ,8942,5656,63.25
20,248,AHLEAST,EQ,8695,6129,70.49
20,249,AHLUCONT,EQ,73071,54005,73.91
20,250,AIAENG,EQ,9197,5443,59.18
20,251,AIIL,EQ,28045,11439,40.79
20,252,AIMTRON,SM,65200,56800,87.12
20,253,AIRAN,EQ,274042,75481,27.54
20,254,AIROLAM,EQ,8177,3102,37.94
20,255,AIRTELPP,E1,163643,117216,71.63
20,256,AISL,SM,28200,26400,93.62
20,257,AJANTPHARM,EQ,319750,103896,32.49
20,258,AJMERA,EQ,169634,46775,27.57
20,259,AJOONI,EQ,446022,310591,69.64
20,260,AKANKSHA,ST,22000,21000,95.45
20,261,AKASH,EQ,8347,4862,58.25
20,262,AKG,EQ,25054,17672,70.54
20,263,AKIKO,SM,35200,28800,81.82
20,264,AKSHARCHEM,EQ,4031,2586,64.15
20,265,AKUMS,EQ,102402,52404,51.17
20,266,AKZOINDIA,EQ,9817,2529,25.76
20,267,ALANKIT,EQ,238972,130505,54.61
20,268,ALBERTDAVD,EQ,1620,1187,73.27
20,269,ALEMBICLTD,EQ,290544,140026,48.19
20,270,ALICON,EQ,5268,2080,39.48
20,271,ALIVUS,EQ,73318,37964,51.78
20,272,ALKALI,EQ,6156,4444,72.19
20,273,ALKEM,EQ,186828,122996,65.83
20,274,ALKYLAMINE,EQ,52607,29645,56.35
20,275,ALLCARGO,EQ,1282245,714776,55.74
20,276,ALLDIGI,EQ,10124,5833,57.62
20,277,ALLETEC,ST,16400,15200,92.68
20,278,ALOKINDS,EQ,2925221,1265793,43.27
20,279,ALPA,EQ,20585,11017,53.52
20,280,ALPEXSOLAR,SM,22600,18800,83.19
20,281,ALPHA,EQ,1046530,667670,63.80
20,282,ALPHAETF,EQ,612458,273268,44.62
20,283,ALPHAGEO,EQ,11899,8398,70.58
20,284,ALPL30IETF,EQ,1134194,650423,57.35
20,285,ALUWIND,SM,28500,22500,78.95
20,286,AMBANIORGO,ST,1000,1000,100.00
20,287,AMBER,EQ,729485,164622,22.57
20,288,AMBEY,SM,10000,8000,80.00
20,289,AMBICAAGAR,EQ,30272,12258,40.49
20,290,AMBIKCO,EQ,4898,2516,51.37
20,291,AMBUJACEM,EQ,3229502,1543404,47.79
20,292,AMDIND,EQ,5708,3546,62.12
20,293,AMEYA,SM,2000,2000,100.00
20,294,AMIORG,EQ,511158,192257,37.61
20,295,AMJLAND,EQ,30434,18991,62.40
20,296,AMNPLST,EQ,12747,5100,40.01
20,297,AMRUTANJAN,EQ,25880,16507,63.78
20,298,ANANDRATHI,EQ,87745,54008,61.55
20,299,ANANTRAJ,EQ,1981898,882282,44.52
20,300,ANDHRAPAP,EQ,50276,29723,59.12
20,301,ANDHRSUGAR,EQ,209909,89491,42.63
20,302,ANGELONE,EQ,838489,144858,17.28
20,303,ANIKINDS,EQ,3698,3004,81.23
20,304,ANLON,SM,2800,2800,100.00
20,305,ANMOL,EQ,29189,17452,59.79
20,306,ANNAPURNA,SM,32750,21500,65.65
20,307,ANTGRAPHIC,EQ,219740,113724,51.75
20,308,ANUHPHR,EQ,15189,7344,48.35
20,309,ANUP,EQ,34140,17354,50.83
20,310,ANURAS,EQ,57404,22567,39.31
20,311,ANYA,SM,1060000,950000,89.62
20,312,APARINDS,EQ,220887,148693,67.32
20,313,APCL,EQ,2453,1189,48.47
20,314,APCOTEXIND,EQ,14089,7753,55.03
20,315,APEX,EQ,83469,36303,43.49
20,316,APEXECO,SM,76800,43200,56.25
20,317,APLAPOLLO,EQ,867528,550783,63.49
20,318,APLLTD,EQ,212293,116799,55.02
20,319,APOLLO,EQ,6495344,1980142,30.49
20,320,APOLLOHOSP,EQ,223642,122708,54.87
20,321,APOLLOPIPE,EQ,17385,10582,60.87
20,322,APOLLOTYRE,EQ,1065386,527316,49.50
20,323,APOLSINHOT,EQ,970,529,54.54
20,324,APRAMEYA,ST,8000,8000,100.00
20,325,APS,SM,84250,51000,60.53
20,326,APTECHT,EQ,53413,28774,53.87
20,327,APTUS,EQ,622350,409970,65.87
20,328,ARABIAN,SM,24000,16000,66.67
20,329,ARCHIDPLY,EQ,9928,5227,52.65
20,330,ARCHIES,EQ,14725,7235,49.13
20,331,ARE&M,EQ,413465,165585,40.05
20,332,ARHAM,SM,2000,2000,100.00
20,333,ARIHANTACA,ST,800,800,100.00
20,334,ARIHANTCAP,EQ,519307,279564,53.83
20,335,ARIHANTSUP,EQ,409612,199911,48.80
20,336,ARISTO,ST,4800,4800,100.00
20,337,ARKADE,EQ,1200504,313615,26.12
20,338,ARMANFIN,EQ,18407,10176,55.28
20,339,AROGRANITE,EQ,6128,4428,72.26
20,340,ARROWGREEN,EQ,22829,16726,73.27
20,341,ARTEMISMED,EQ,32125,15253,47.48
20,342,ARVEE,EQ,601,353,58.74
20,343,ARVIND,EQ,2389446,2101312,87.94
20,344,ARVINDFASN,EQ,305460,160667,52.60
20,345,ARVINDPORT,ST,9000,7500,83.33
20,346,ARVSMART,EQ,29180,15275,52.35
20,347,ASAHIINDIA,EQ,49049,18734,38.19
20,348,ASAHISONG,EQ,22982,16872,73.41
20,349,ASAL,EQ,25788,7345,28.48
20,350,ASALCBR,EQ,61029,23165,37.96
20,351,ASHALOG,ST,1000,1000,100.00
20,352,ASHAPURMIN,EQ,343468,195896,57.03
20,353,ASHIANA,EQ,85581,25906,30.27
20,354,ASHIMASYN,EQ,130527,91253,69.91
20,355,ASHOKA,EQ,1415285,497280,35.14
20,356,ASHOKAMET,EQ,51644,41937,81.20
20,357,ASHOKLEY,EQ,6914628,3480494,50.34
20,358,ASIANENE,EQ,35383,18518,52.34
20,359,ASIANPAINT,EQ,5373740,1804067,33.57
20,360,ASIANTILES,EQ,292082,171863,58.84
20,361,ASKAUTOLTD,EQ,94307,50549,53.60
20,362,ASMS,EQ,1378219,1235660,89.66
20,363,ASPINWALL,EQ,21688,16579,76.44
20,364,ASPIRE,ST,26000,22000,84.62
20,365,ASTEC,EQ,25800,16454,63.78
20,366,ASTERDM,EQ,428410,190322,44.43
20,367,ASTRAL,EQ,665541,464177,69.74
20,368,ASTRAMICRO,EQ,133728,59516,44.51
20,369,ASTRAZEN,EQ,8511,2565,30.14
20,370,ASTRON,EQ,28014,18578,66.32
20,371,ATAM,EQ,40831,20190,49.45
20,372,ATFL,EQ,13236,8254,62.36
20,373,ATGL,EQ,401005,78698,19.63
20,374,ATL,EQ,2052884,1949694,94.97
20,375,ATMASTCO,ST,18400,17200,93.48
20,376,ATUL,EQ,57596,34338,59.62
20,377,ATULAUTO,EQ,37100,12572,33.89
20,378,AUBANK,EQ,2815689,1382019,49.08
20,379,AURDIS,ST,2500,2500,100.00
20,380,AURIONPRO,EQ,56940,32591,57.24
20,381,AUROIMPEX,SM,17600,11200,63.64
20,382,AUROPHARMA,EQ,751116,296220,39.44
20,383,AURUM,EQ,14380,8500,59.11
20,384,AURUMPP1,E1,158,148,93.67
20,385,AUSL,SM,168000,168000,100.00
20,386,AUTOAXLES,EQ,13436,7424,55.25
20,387,AUTOBEES,EQ,1695502,1568247,92.49
20,388,AUTOIETF,EQ,332804,163762,49.21
20,389,AUTOIND,EQ,40487,18028,44.53
20,390,AVADHSUGAR,EQ,55784,23725,42.53
20,391,AVALON,EQ,821863,232658,28.31
20,392,AVANTEL,EQ,376777,122536,32.52
20,393,AVANTIFEED,EQ,537262,172138,32.04
20,394,AVIANSH,ST,26000,24000,92.31
20,395,AVL,EQ,84658,52415,61.91
20,396,AVPINFRA,ST,12000,12000,100.00
20,397,AVTNPL,EQ,29907,20823,69.63
20,398,AWFIS,EQ,493367,354623,71.88
20,399,AWHCL,EQ,1431285,151425,10.58
20,400,AWL,EQ,2142672,1184745,55.29
20,401,AXISBANK,EQ,16058171,11531224,71.81
20,402,AXISBNKETF,EQ,30113,30016,99.68
20,403,AXISBPSETF,EQ,24094,17076,70.87
20,404,AXISCETF,EQ,6554,4293,65.50
20,405,AXISGOLD,EQ,162540,124585,76.65
20,406,AXISHCETF,EQ,1337,746,55.80
20,407,AXISILVER,EQ,31219,24380,78.09
20,408,AXISNIFTY,EQ,2165,1734,80.09
20,409,AXISTECETF,EQ,57950,57144,98.61
20,410,AXITA,EQ,3356243,1059209,31.56
20,411,AXSENSEX,EQ,649,319,49.15
20,412,AYMSYNTEX,EQ,30598,18454,60.31
20,413,AZAD,EQ,227172,110454,48.62
20,414,BABAFP,SM,16000,12800,80.00
20,415,BAHETI,SM,24375,19875,81.54
20,416,BAIDFIN,EQ,329770,231217,70.11
20,417,BAJAJ-AUTO,EQ,440468,250033,56.77
20,418,BAJAJCON,EQ,312440,229002,73.29
20,419,BAJAJELEC,EQ,148136,31362,21.17
20,420,BAJAJFINSV,EQ,2285643,1103783,48.29
20,421,BAJAJHCARE,EQ,228836,71859,31.40
20,422,BAJAJHFL,EQ,5048864,2418754,47.91
20,423,BAJAJHIND,EQ,4046779,1730805,42.77
20,424,BAJAJHLDNG,EQ,54181,14418,26.61
20,425,BAJEL,EQ,145240,62246,42.86
20,426,BAJFINANCE,EQ,1966300,1167092,59.35
20,427,BALAJEE,EQ,68875,38548,55.97
20,428,BALAMINES,EQ,46813,17639,37.68
20,429,BALAXI,EQ,11756,5731,48.75
20,430,BALCO,ST,3600,2400,66.67
20,431,BALKRISHNA,EQ,18328,8066,44.01
20,432,BALKRISIND,EQ,191141,51585,26.99
20,433,BALMLAWRIE,EQ,145758,76668,52.60
20,434,BALPHARMA,EQ,10237,6006,58.67
20,435,BALRAMCHIN,EQ,354540,131202,37.01
20,436,BALUFORGE,EQ,511875,89577,17.50
20,437,BANARISUG,EQ,1474,593,40.23
20,438,BANCOINDIA,EQ,113546,53120,46.78
20,439,BANDHANBNK,EQ,11615124,6869606,59.14
20,440,BANKA,EQ,3802,2496,65.65
20,441,BANKBARODA,EQ,12129201,5087521,41.94
20,442,BANKBEES,EQ,1194723,779073,65.21
20,443,BANKBETF,EQ,6370,5345,83.91
20,444,BANKETF,EQ,4017,2270,56.51
20,445,BANKETFADD,EQ,6505,5890,90.55
20,446,BANKIETF,EQ,2927718,2324233,79.39
20,447,BANKINDIA,EQ,12915454,4299511,33.29
20,448,BANKNIFTY1,EQ,493877,484754,98.15
20,449,BANKPSU,EQ,1684,904,53.68
20,450,BANSALWIRE,EQ,767261,701394,91.42
20,451,BANSWRAS,EQ,17852,12560,70.36
20,452,BARBEQUE,EQ,627568,373119,59.45
20,453,BARFLEX,SM,160000,108000,67.50
20,454,BASF,EQ,96804,42115,43.51
20,455,BASILIC,ST,26400,23400,88.64
20,456,BASML,EQ,38894,26319,67.67
20,457,BATAINDIA,EQ,354217,98900,27.92
20,458,BAWEJA,SM,4800,3200,66.67
20,459,BAYERCROP,EQ,9791,4481,45.77
20,460,BBETF0432,EQ,7331,6961,94.95
20,461,BBL,EQ,140688,47211,33.56
20,462,BBNPNBETF,EQ,606,134,22.11
20,463,BBNPPGOLD,EQ,3443,1917,55.68
20,464,BBOX,EQ,602006,381537,63.38
20,465,BBTC,EQ,42359,8350,19.71
20,466,BBTCL,EQ,1585,1168,73.69
20,467,BCLIND,EQ,412292,227781,55.25
20,468,BCONCEPTS,EQ,10982,6438,58.62
20,469,BDL,EQ,917401,231083,25.19
20,470,BEACON,SM,53000,43000,81.13
20,471,BEARDSELL,EQ,62735,40801,65.04
20,472,BECTORFOOD,EQ,227544,167587,73.65
20,473,BEDMUTHA,EQ,1810,1327,73.31
20,474,BEL,EQ,29035155,11877231,40.91
20,475,BEML,EQ,269583,82020,30.42
20,476,BEPL,EQ,593947,224331,37.77
20,477,BERGEPAINT,EQ,2988222,1288975,43.14
20,478,BESTAGRO,EQ,60957,39946,65.53
20,479,BETA,SM,3200,2000,62.50
20,480,BEWLTD,ST,2500,2500,100.00
20,481,BFINVEST,EQ,19459,9963,51.20
20,482,BFSI,EQ,220124,142746,64.85
20,483,BFUTILITIE,EQ,44907,27962,62.27
20,484,BHAGCHEM,EQ,115893,84182,72.64
20,485,BHAGERIA,EQ,135753,68497,50.46
20,486,BHAGYANGR,EQ,20600,14219,69.02
20,487,BHANDARI,EQ,312552,179844,57.54
20,488,BHARATFORG,EQ,1501122,824107,54.90
20,489,BHARATGEAR,EQ,8734,4530,51.87
20,490,BHARATRAS,EQ,2136,1346,63.01
20,491,BHARATWIRE,EQ,137897,58604,42.50
20,492,BHARTIARTL,EQ,6385876,4491554,70.34
20,493,BHARTIHEXA,EQ,102046,27679,27.12
20,494,BHEL,EQ,22318249,6443485,28.87
20,495,BIGBLOC,EQ,173493,78688,45.36
20,496,BIKAJI,EQ,143781,59861,41.63
20,497,BIKEWO,SM,16000,10000,62.50
20,498,BINANIIND,EQ,13351,7274,54.48
20,499,BIOCON,EQ,2847492,1380800,48.49
20,500,BIOFILCHEM,EQ,4305,2588,60.12
20,501,BIRET,RR,340254,318039,93.47
20,502,BIRLACABLE,EQ,18970,9864,52.00
20,503,BIRLACORPN,EQ,67554,26234,38.83
20,504,BLACKBUCK,EQ,209980,111201,52.96
20,505,BLAL,EQ,27845,16434,59.02
20,506,BLBLIMITED,EQ,222203,104056,46.83
20,507,BLISSGVS,EQ,567031,253034,44.62
20,508,BLKASHYAP,EQ,531424,343098,64.56
20,509,BLS,EQ,1980734,397583,20.07
20,510,BLSE,EQ,110316,53410,48.42
20,511,BLUEDART,EQ,4196,1545,36.82
20,512,BLUEJET,EQ,810410,614253,75.80
20,513,BLUEPEBBLE,SM,4000,3200,80.00
20,514,BLUESTARCO,EQ,648531,174284,26.87
20,515,BMETRICS,SM,5600,4000,71.43
20,516,BODALCHEM,EQ,86881,45005,51.80
20,517,BOMDYEING,EQ,1712128,445596,26.03
20,518,BOROLTD,EQ,61408,32734,53.31
20,519,BOROSCI,EQ,57316,32531,56.76
20,520,BOSCHLTD,EQ,17251,7094,41.12
20,521,BPCL,EQ,7000612,3593921,51.34
20,522,BPL,EQ,68877,34859,50.61
20,523,BRACEPORT,ST,1600,1600,100.00
20,524,BRIGADE,EQ,320510,117142,36.55
20,525,BRITANNIA,EQ,434664,278335,64.03
20,526,BRNL,EQ,94177,60729,64.48
20,527,BSE,EQ,1255017,333225,26.55
20,528,BSE500IETF,EQ,104611,88821,84.91
20,529,BSHSL,EQ,103422,49135,47.51
20,530,BSL,EQ,12682,6586,51.93
20,531,BSLGOLDETF,EQ,79184,56167,70.93
20,532,BSLNIFTY,EQ,285940,137628,48.13
20,533,BSLSENETFG,EQ,4162,2888,69.39
20,534,BSOFT,EQ,1194818,525792,44.01
20,535,BULKCORP,SM,1200,1200,100.00
20,536,BUTTERFLY,EQ,78793,25551,32.43
20,537,BVCL,EQ,21479,9706,45.19
20,538,C2C,SM,58800,29400,50.00
20,539,CADSYS,ST,6500,6000,92.31
20,540,CAMLINFINE,EQ,1280015,419126,32.74
20,541,CAMPUS,EQ,1039746,429360,41.29
20,542,CAMS,EQ,683646,335717,49.11
20,543,CANARYS,SM,68000,52000,76.47
20,544,CANBK,EQ,18833599,8937779,47.46
20,545,CANFINHOME,EQ,769295,499419,64.92
20,546,CANTABIL,EQ,926994,368819,39.79
20,547,CAPACITE,EQ,338656,149369,44.11
20,548,CAPINVIT,IV,310260,267386,86.18
20,549,CAPITALSFB,EQ,18190,13567,74.58
20,550,CAPLIPOINT,EQ,316729,51944,16.40
20,551,CAPTRUST,EQ,66292,12379,18.67
20,552,CARBORUNIV,EQ,67849,37156,54.76
20,553,CAREERP,EQ,11612,6883,59.27
20,554,CARERATING,EQ,49428,21936,44.38
20,555,CARRARO,EQ,162653,61406,37.75
20,556,CARTRADE,EQ,297228,152570,51.33
20,557,CARYSIL,EQ,27461,13845,50.42
20,558,CASTROLIND,EQ,24281393,3222606,13.27
20,559,CBAZAAR,SM,24000,24000,100.00
20,560,CCHHL,EQ,44454,29485,66.33
20,561,CCL,EQ,595751,359715,60.38
20,562,CDSL,EQ,2894579,1159854,40.07
20,563,CEATLTD,EQ,138638,70697,50.99
20,564,CEIGALL,EQ,158503,66111,41.71
20,565,CELEBRITY,EQ,29612,18970,64.06
20,566,CELLECOR,SM,1089000,762000,69.97
20,567,CELLO,EQ,699233,565720,80.91
20,568,CELLPOINT,SM,8400,7200,85.71
20,569,CENTENKA,EQ,15343,9144,59.60
20,570,CENTEXT,EQ,57534,42174,73.30
20,571,CENTRALBK,EQ,3144104,888355,28.25
20,572,CENTRUM,EQ,184662,94393,51.12
20,573,CENTUM,EQ,6653,2355,35.40
20,574,CENTURYPLY,EQ,190380,74325,39.04
20,575,CERA,EQ,14829,7196,48.53
20,576,CESC,EQ,7485825,4998144,66.77
20,577,CEWATER,EQ,79888,19070,23.87
20,578,CGCL,EQ,123838,45906,37.07
20,579,CGPOWER,EQ,3824032,2170989,56.77
20,580,CGRAPHICS,SM,64800,48000,74.07
20,581,CHALET,EQ,256878,112863,43.94
20,582,CHAMBLFERT,EQ,1534812,734957,47.89
20,583,CHAVDA,SM,56000,34000,60.71
20,584,CHEMBOND,EQ,6295,4056,64.43
20,585,CHEMCON,EQ,15141,8397,55.46
20,586,CHEMFAB,EQ,10032,3708,36.96
20,587,CHEMPLASTS,EQ,22335,10661,47.73
20,588,CHENNPETRO,EQ,470010,123210,26.21
20,589,CHETANA,SM,70400,49600,70.45
20,590,CHEVIOT,EQ,1087,657,60.44
20,591,CHOICEIN,EQ,227461,28198,12.40
20,592,CHOLAFIN,EQ,4294009,2604485,60.65
20,593,CHOLAHLDNG,EQ,254944,187692,73.62
20,594,CIEINDIA,EQ,93599,44146,47.17
20,595,CIGNITITEC,EQ,84016,37435,44.56
20,596,CINEVISTA,EQ,4232,2695,63.68
20,597,CIPLA,EQ,1750660,1045302,59.71
20,598,CLEAN,EQ,138030,76577,55.48
20,599,CLEDUCATE,EQ,536905,204857,38.16
20,600,CLOUD,SZ,47000,45000,95.74
20,601,CLSEL,EQ,30483,12591,41.30
20,602,CLSL,SM,6000,4000,66.67
20,603,CMMIPL,SZ,3000,3000,100.00
20,604,CMNL,SM,3000,3000,100.00
20,605,CMRSL,SM,8800,8000,90.91
20,606,CMSINFO,EQ,437957,205286,46.87
20,607,COALINDIA,EQ,4649921,2745603,59.05
20,608,COASTCORP,EQ,8871,5517,62.19
20,609,COCHINSHIP,EQ,436871,157973,36.16
20,610,COFORGE,EQ,474799,293901,61.90
20,611,COLPAL,EQ,406002,228995,56.40
20,612,COMMITTED,ST,73600,73600,100.00
20,613,COMMOIETF,EQ,49922,26851,53.79
20,614,COMPUSOFT,EQ,46929,28111,59.90
20,615,CONCOR,EQ,1076539,589241,54.73
20,616,CONCORDBIO,EQ,112855,45017,39.89
20,617,CONFIPET,EQ,209826,124460,59.32
20,618,CONS,EQ,4770,3665,76.83
20,619,CONSOFINVT,EQ,5091,2981,58.55
20,620,CONSUMBEES,EQ,211218,121922,57.72
20,621,CONSUMER,EQ,92031,74914,81.40
20,622,CONSUMIETF,EQ,38573,22812,59.14
20,623,CONTI,ST,6666,6666,100.00
20,624,CONTROLPR,EQ,6296,2960,47.01
20,625,COOLCAPS,ST,3000,3000,100.00
20,626,CORALFINAC,EQ,9113,6028,66.15
20,627,CORDSCABLE,EQ,25091,15594,62.15
20,628,COROMANDEL,EQ,709278,373337,52.64
20,629,COSMOFIRST,EQ,58622,27814,47.45
20,630,COUNCODOS,EQ,41387,30973,74.84
20,631,CPS,ST,1800,1800,100.00
20,632,CPSEETF,EQ,2957831,1729163,58.46
20,633,CRAFTSMAN,EQ,73035,39713,54.38
20,634,CRAYONS,SM,4000,3000,75.00
20,635,CREATIVE,EQ,29416,14794,50.29
20,636,CREATIVEYE,EQ,15490,13072,84.39
20,637,CREDITACC,EQ,760056,342998,45.13
20,638,CREST,EQ,8674,4673,53.87
20,639,CRISIL,EQ,14865,7539,50.72
20,640,CROMPTON,EQ,1968074,1031295,52.40
20,641,CROWN,EQ,9926,5179,52.18
20,642,CSBBANK,EQ,56926,29181,51.26
20,643,CSLFINANCE,EQ,15348,9962,64.91
20,644,CTE,EQ,13144,6919,52.64
20,645,CUB,EQ,2335754,1083706,46.40
20,646,CUMMINSIND,EQ,1731462,899192,51.93
20,647,CUPID,EQ,949420,353596,37.24
20,648,CYBERMEDIA,EQ,5478,3309,60.41
20,649,CYBERTECH,EQ,68901,28233,40.98
20,650,CYIENT,EQ,1132378,701319,61.93
20,651,CYIENTDLM,EQ,124507,65858,52.90
20,652,DABUR,EQ,3275638,2223184,67.87
20,653,DALBHARAT,EQ,339894,198956,58.53
20,654,DALMIASUG,EQ,38951,20339,52.22
20,655,DAMCAPITAL,EQ,1375454,345797,25.14
20,656,DAMODARIND,EQ,7519,4975,66.17
20,657,DANGEE,EQ,142217,59670,41.96
20,658,DANISH,SM,70800,34200,48.31
20,659,DATAMATICS,EQ,150236,88743,59.07
20,660,DATAPATTNS,EQ,158237,47341,29.92
20,661,DAVANGERE,EQ,920850,554919,60.26
20,662,DBCORP,EQ,88086,45126,51.23
20,663,DBEIL,EQ,79826,36738,46.02
20,664,DBL,EQ,800885,287493,35.90
20,665,DBOL,EQ,231154,117136,50.67
20,666,DBREALTY,EQ,1769413,754903,42.66
20,667,DBSTOCKBRO,EQ,9141,6822,74.63
20,668,DCAL,EQ,448595,196775,43.86
20,669,DCBBANK,EQ,1025382,608247,59.32
20,670,DCG,SM,30000,26400,88.00
20,671,DCI,EQ,5469,3423,62.59
20,672,DCM,EQ,28532,15092,52.89
20,673,DCMNVL,EQ,6906,5154,74.63
20,674,DCMSHRIRAM,EQ,30028,15237,50.74
20,675,DCMSRIND,EQ,67970,41799,61.50
20,676,DCW,EQ,950359,441648,46.47
20,677,DCXINDIA,EQ,276830,122934,44.41
20,678,DDEVPLSTIK,EQ,58974,31528,53.46
20,679,DECCANCE,EQ,13253,9530,71.91
20,680,DECCANTRAN,ST,16800,15600,92.86
20,681,DEEDEV,EQ,61232,27227,44.47
20,682,DEEM,SM,1000,1000,100.00
20,683,DEEPAKFERT,EQ,482262,241493,50.08
20,684,DEEPAKNTR,EQ,95172,28616,30.07
20,685,DEEPINDS,EQ,176437,63433,35.95
20,686,DELAPLEX,SM,8400,7200,85.71
20,687,DELHIVERY,EQ,1450537,815940,56.25
20,688,DELTACORP,EQ,845128,391368,46.31
20,689,DELTAMAGNT,EQ,4121,2005,48.65
20,690,DELTIC,SM,18000,17000,94.44
20,691,DEN,EQ,269288,134709,50.02
20,692,DENEERS,ST,2400,2400,100.00
20,693,DENORA,EQ,10581,6154,58.16
20,694,DENTALKART,SM,4000,3000,75.00
20,695,DESTINY,ST,1500,1500,100.00
20,696,DEVIT,EQ,112851,35868,31.78
20,697,DEVYANI,EQ,1643251,451980,27.51
20,698,DHAMPURSUG,EQ,127876,42241,33.03
20,699,DHANI,EQ,3310669,1506901,45.52
20,700,DHANLAXMI,ST,18000,18000,100.00
20,701,DHANUKA,EQ,28984,10209,35.22
20,702,DHARIWAL,SM,1200,1200,100.00
20,703,DHARMAJ,EQ,47831,30372,63.50
20,704,DHRUV,EQ,63888,31055,48.61
20,705,DHTL,SM,10400,8800,84.62
20,706,DHUNINV,EQ,751,551,73.37
20,707,DIAMINESQ,EQ,2572,1094,42.53
20,708,DIAMONDYD,EQ,45837,26753,58.37
20,709,DICIND,EQ,1682,1181,70.21
20,710,DIFFNKG,EQ,48851,21049,43.09
20,711,DIGIDRIVE,EQ,56594,36181,63.93
20,712,DIGIKORE,ST,2200,2200,100.00
20,713,DIGISPICE,EQ,29473,16379,55.57
20,714,DISHTV,EQ,11762188,8026579,68.24
20,715,DIVGIITTS,EQ,30746,14729,47.91
20,716,DIVISLAB,EQ,1307734,343085,26.24
20,717,DIVOPPBEES,EQ,24380,17109,70.18
20,718,DIVYADHAN,ST,12000,12000,100.00
20,719,DIXON,EQ,274431,85017,30.98
20,720,DLF,EQ,2249829,885310,39.35
20,721,DLINKINDIA,EQ,88415,45488,51.45
20,722,DMART,EQ,770272,371034,48.17
20,723,DNAMEDIA,EQ,73361,62905,85.75
20,724,DODLA,EQ,32822,12270,37.38
20,725,DOLATALGO,EQ,206312,109937,53.29
20,726,DOLLAR,EQ,23254,9994,42.98
20,727,DOLPHIN,EQ,11967,8774,73.32
20,728,DOMS,EQ,195311,59493,30.46
20,729,DONEAR,EQ,42000,20407,48.59
20,730,DPABHUSHAN,EQ,52928,26192,49.49
20,731,DPEL,ST,22500,22500,100.00
20,732,DPSCLTD,EQ,136009,81024,59.57
20,733,DPWIRES,EQ,12089,8224,68.03
20,734,DRCSYSTEMS,EQ,148977,100125,67.21
20,735,DREAMFOLKS,EQ,55146,28849,52.31
20,736,DREDGECORP,EQ,31565,15550,49.26
20,737,DRL,SM,6000,6000,100.00
20,738,DRONE,ST,38000,33500,88.16
20,739,DRREDDY,EQ,2239920,1440203,64.30
20,740,DSSL,EQ,33798,14025,41.50
20,741,DTIL,EQ,1924,1099,57.12
20,742,DTL,SM,8400,8400,100.00
20,743,DUCOL,SM,12000,8000,66.67
20,744,DUCON,EQ,388084,219889,56.66
20,745,DUGLOBAL,SM,22500,17500,77.78
20,746,DURLAX,SM,8000,6000,75.00
20,747,DVL,EQ,13252,8086,61.02
20,748,DWARKESH,EQ,877990,513385,58.47
20,749,DYCL,EQ,45342,25511,56.26
20,750,DYNAMATECH,EQ,4636,1943,41.91
20,751,DYNAMIC,ST,16500,13000,78.79
20,752,DYNPRO,EQ,8871,5367,60.50
20,753,EASEMYTRIP,EQ,56190310,23975804,42.67
20,754,EBANKNIFTY,EQ,2357,339,14.38
20,755,EBBETF0425,EQ,324,238,73.46
20,756,EBBETF0430,EQ,11861,11440,96.45
20,757,EBBETF0431,EQ,3337,3241,97.12
20,758,EBBETF0433,EQ,1832,1772,96.72
20,759,ECAPINSURE,EQ,14257,11220,78.70
20,760,ECLERX,EQ,58406,31205,53.43
20,761,ECOSMOBLTY,EQ,102605,46265,45.09
20,762,EDELWEISS,EQ,1734287,869800,50.15
20,763,EFACTOR,ST,5600,5600,100.00
20,764,EFFWA,ST,20400,13600,66.67
20,765,EFORCE,SM,12000,9600,80.00
20,766,EGOLD,EQ,114810,114055,99.34
20,767,EICHERMOT,EQ,591631,357553,60.44
20,768,EIDPARRY,EQ,176509,71453,40.48
20,769,EIEL,EQ,1903632,344684,18.11
20,770,EIFFL,EQ,22222,13035,58.66
20,771,EIHAHOTELS,EQ,60724,16966,27.94
20,772,EIHOTEL,EQ,718143,295048,41.08
20,773,EIMCOELECO,EQ,7129,4723,66.25
20,774,EKC,EQ,477824,208052,43.54
20,775,ELDEHSG,EQ,521,324,62.19
20,776,ELECON,EQ,1004651,351245,34.96
20,777,ELECTCAST,EQ,1421287,665493,46.82
20,778,ELGIEQUIP,EQ,65850,36854,55.97
20,779,ELIN,EQ,58928,32326,54.86
20,780,EMAIN,ST,92000,91000,98.91
20,781,EMAMILTD,EQ,468353,199137,42.52
20,782,EMAMIPAP,EQ,17658,9799,55.49
20,783,EMBASSY,RR,235619,215994,91.67
20,784,EMBDL,EQ,10814842,3071742,28.40
20,785,EMCURE,EQ,68142,37780,55.44
20,786,EMIL,EQ,519167,336220,64.76
20,787,EMKAYTOOLS,SM,750,600,80.00
20,788,EMMBI,EQ,43143,19314,44.77
20,789,EMMIL,ST,20000,20000,100.00
20,790,EMSLIMITED,EQ,227655,89499,39.31
20,791,EMUDHRA,EQ,173506,75811,43.69
20,792,EMULTIMQ,EQ,46855,44725,95.45
20,793,ENDURANCE,EQ,40492,16664,41.15
20,794,ENGINERSIN,EQ,1909625,690922,36.18
20,795,ENIL,EQ,20157,10795,53.55
20,796,ENSER,ST,1000,1000,100.00
20,797,ENTERO,EQ,300992,200537,66.63
20,798,ENVIRO,SM,24000,18000,75.00
20,799,EPACK,EQ,882161,403192,45.71
20,800,EPIGRAL,EQ,51953,22227,42.78
20,801,EPL,EQ,902360,417199,46.23
20,802,EQUAL50ADD,EQ,1675,1367,81.61
20,803,EQUITASBNK,EQ,6424106,3400261,52.93
20,804,ERIS,EQ,286895,84859,29.58
20,805,ESABINDIA,EQ,2098,1076,51.29
20,806,ESAFSFB,EQ,358699,153749,42.86
20,807,ESCONET,ST,13600,13600,100.00
20,808,ESCORTS,EQ,167952,75178,44.76
20,809,ESFL,SM,190080,118800,62.50
20,810,ESG,EQ,6996,4815,68.83
20,811,ESILVER,EQ,49740,46154,92.79
20,812,ESPRIT,ST,30400,27200,89.47
20,813,ESSENTIA,EQ,1522560,976023,64.10
20,814,ESTER,EQ,358324,161414,45.05
20,815,ETHOSLTD,EQ,24567,7002,28.50
20,816,ETML,SM,28800,21600,75.00
20,817,EUREKAFORB,EQ,70285,31759,45.19
20,818,EUROBOND,SM,1000,1000,100.00
20,819,EVEREADY,EQ,49537,26459,53.41
20,820,EVINDIA,EQ,144313,99888,69.22
20,821,EXCELINDUS,EQ,6946,5178,74.55
20,822,EXCELLENT,SM,3200,3200,100.00
20,823,EXICOM,EQ,209604,107680,51.37
20,824,EXIDEIND,EQ,3127226,1125979,36.01
20,825,EXPLEOSOL,EQ,11721,7940,67.74
20,826,EXXARO,EQ,459463,333268,72.53
20,827,FACT,EQ,163474,41674,25.49
20,828,FAIRCHEMOR,EQ,9169,4276,46.64
20,829,FALCONTECH,SM,9600,9600,100.00
20,830,FAZE3Q,EQ,14097,9386,66.58
20,831,FCL,EQ,185212,68508,36.99
20,832,FCSSOFT,EQ,1254126,619552,49.40
20,833,FDC,EQ,69036,45092,65.32
20,834,FEDERALBNK,EQ,5216085,2589655,49.65
20,835,FEDFINA,EQ,397733,181926,45.74
20,836,FELIX,ST,13500,13500,100.00
20,837,FIBERWEB,EQ,41926,25663,61.21
20,838,FICRF3GP,MF,600,600,100.00
20,839,FIDEL,ST,7000,7000,100.00
20,840,FIEMIND,EQ,37591,17499,46.55
20,841,FILATEX,EQ,1003176,416974,41.57
20,842,FINCABLES,EQ,108255,44712,41.30
20,843,FINEORG,EQ,35488,16105,45.38
20,844,FINIETF,EQ,148401,78210,52.70
20,845,FINOPB,EQ,21465,10270,47.85
20,846,FINPIPE,EQ,621339,274344,44.15
20,847,FIRSTCRY,EQ,287696,139864,48.62
20,848,FIVESTAR,EQ,418323,165991,39.68
20,849,FLAIR,EQ,104110,60870,58.47
20,850,FLUOROCHEM,EQ,108113,47178,43.64
20,851,FMCGIETF,EQ,2233557,1216893,54.48
20,852,FMGOETZE,EQ,19472,10314,52.97
20,853,FOCUS,EQ,70582,48366,68.52
20,854,FONEBOX,SM,8000,6000,75.00
20,855,FOODSIN,EQ,26543,12707,47.87
20,856,FORCAS,ST,27200,25600,94.12
20,857,FORCEMOT,EQ,10756,5802,53.94
20,858,FORGEAUTO,SM,16800,10800,64.29
20,859,FORTIS,EQ,1912645,1074119,56.16
20,860,FOSECOIND,EQ,527,228,43.26
20,861,FRESHARA,ST,51600,50400,97.67
20,862,FROG,SM,63200,38400,60.76
20,863,FSL,EQ,5655714,2934528,51.89
20,864,FUSION,EQ,133526,77067,57.72
20,865,GABRIEL,EQ,458108,97501,21.28
20,866,GAEL,EQ,633437,283216,44.71
20,867,GAIL,EQ,12517209,5944620,47.49
20,868,GAJANAND,ST,27000,21000,77.78
20,869,GALAPREC,EQ,91197,27263,29.89
20,870,GALAXYSURF,EQ,6812,4086,59.98
20,871,GALLANTT,EQ,13105,6916,52.77
20,872,GANDHAR,EQ,87923,44073,50.13
20,873,GANDHITUBE,EQ,2557,1684,65.86
20,874,GANECOS,EQ,59646,18750,31.44
20,875,GANESHBE,EQ,46457,27983,60.23
20,876,GANESHHOUC,EQ,319742,123873,38.74
20,877,GANESHIN,SM,28800,16000,55.56
20,878,GANGAFORGE,EQ,115934,63974,55.18
20,879,GANGESSECU,EQ,10563,7038,66.63
20,880,GARFIBRES,EQ,93420,68446,73.27
20,881,GARUDA,EQ,1076149,253740,23.58
20,882,GATEWAY,EQ,2094731,616590,29.44
20,883,GEECEE,EQ,4394,2900,66.00
20,884,GEEKAYWIRE,EQ,29494,20203,68.50
20,885,GENCON,EQ,31021,9308,30.01
20,886,GENESYS,EQ,328843,124420,37.84
20,887,GENSOL,EQ,47704,23147,48.52
20,888,GENUSPAPER,EQ,103062,69725,67.65
20,889,GENUSPOWER,EQ,577588,322702,55.87
20,890,GEOJITFSL,EQ,307093,153540,50.00
20,891,GEPIL,EQ,180259,63831,35.41
20,892,GESHIP,EQ,393866,198013,50.27
20,893,GFLLIMITED,EQ,52046,39413,75.73
20,894,GGBL,ST,14700,12900,87.76
20,895,GHCL,EQ,142281,50360,35.39
20,896,GHCLTEXTIL,EQ,153632,76065,49.51
20,897,GICHSGFIN,EQ,86436,41346,47.83
20,898,GICL,ST,105000,88500,84.29
20,899,GICRE,EQ,1740019,282074,16.21
20,900,GILLETTE,EQ,16172,8597,53.16
20,901,GILT5YBEES,EQ,176571,150268,85.10
20,902,GINNIFILA,EQ,36534,20956,57.36
20,903,GIPCL,EQ,317622,158653,49.95
20,904,GKWLIMITED,EQ,1816,1212,66.74
20,905,GLAND,EQ,726579,354156,48.74
20,906,GLAXO,EQ,137504,97946,71.23
20,907,GLENMARK,EQ,338423,183888,54.34
20,908,GLOBAL,EQ,74044,45392,61.30
20,909,GLOBALPET,SM,6000,4500,75.00
20,910,GLOBE,EQ,804826,505298,62.78
20,911,GLOBUSSPR,EQ,68376,22743,33.26
20,912,GLOSTERLTD,EQ,234,177,75.64
20,913,GMBREW,EQ,56064,18130,32.34
20,914,GMDCLTD,EQ,986234,302086,30.63
20,915,GMMPFAUDLR,EQ,25473,14948,58.68
20,916,GMRAIRPORT,EQ,11094557,5094425,45.92
20,917,GMRP&UI,EQ,1268599,679764,53.58
20,918,GNA,EQ,44037,29570,67.15
20,919,GNFC,EQ,884459,275914,31.20
20,920,GOACARBON,EQ,17862,7894,44.19
20,921,GOCLCORP,EQ,117383,106647,90.85
20,922,GOCOLORS,EQ,121809,113503,93.18
20,923,GODAVARIB,EQ,24138,13810,57.21
20,924,GODFRYPHLP,EQ,80164,18629,23.24
20,925,GODIGIT,EQ,523885,213845,40.82
20,926,GODREJAGRO,EQ,380384,180388,47.42
20,927,GODREJCP,EQ,1337886,911548,68.13
20,928,GODREJIND,EQ,82516,37118,44.98
20,929,GODREJPROP,EQ,2038347,676732,33.20
20,930,GOKEX,EQ,78318,36564,46.69
20,931,GOKULAGRO,EQ,114880,89071,77.53
20,932,GOLD1,EQ,610563,508377,83.26
20,933,GOLDBEES,EQ,15163139,10093728,66.57
20,934,GOLDCASE,EQ,1442909,1037230,71.88
20,935,GOLDETF,EQ,221029,185225,83.80
20,936,GOLDETFADD,EQ,44251,39900,90.17
20,937,GOLDIAM,EQ,1675209,470810,28.10
20,938,GOLDIETF,EQ,3606275,3291509,91.27
20,939,GOLDSHARE,EQ,273577,254089,92.88
20,940,GOLDSTAR,SM,146250,123750,84.62
20,941,GOODLUCK,EQ,52401,26983,51.49
20,942,GOPAL,EQ,49609,27203,54.83
20,943,GOYALALUM,EQ,108668,83037,76.41
20,944,GOYALSALT,SM,38400,38400,100.00
20,945,GPECO,ST,30600,30000,98.04
20,946,GPIL,EQ,811506,368324,45.39
20,947,GPPL,EQ,1238367,659540,53.26
20,948,GPTHEALTH,EQ,40189,19429,48.34
20,949,GPTINFRA,EQ,678500,209332,30.85
20,950,GRANULES,EQ,1042023,483058,46.36
20,951,GRAPHISAD,ST,1200,1200,100.00
20,952,GRAPHITE,EQ,919368,231803,25.21
20,953,GRASIM,EQ,337002,165630,49.15
20,954,GRAVITA,EQ,177764,67093,37.74
20,955,GREAVESCOT,EQ,9735172,2158632,22.17
20,956,GREENCHEF,SM,8800,7200,81.82
20,957,GREENLAM,EQ,23064,4201,18.21
20,958,GREENPANEL,EQ,210356,76364,36.30
20,959,GREENPLY,EQ,87340,44438,50.88
20,960,GREENPOWER,EQ,1863591,877485,47.09
20,961,GRETEX,ST,17250,13500,78.26
20,962,GRINDWELL,EQ,56129,46751,83.29
20,963,GRINFRA,EQ,30204,12139,40.19
20,964,GRMOVER,EQ,207698,44732,21.54
20,965,GROBTEA,EQ,78,36,46.15
20,966,GROWWDEFNC,EQ,121312,75311,62.08
20,967,GROWWEV,EQ,327225,256285,78.32
20,968,GROWWGOLD,EQ,271072,138059,50.93
20,969,GROWWLIQID,EQ,180229,156798,87.00
20,970,GRPLTD,EQ,922,734,79.61
20,971,GRSE,EQ,1684885,154972,9.20
20,972,GRWRHITECH,EQ,135088,57796,42.78
20,973,GSEC10ABSL,EQ,10,10,100.00
20,974,GSEC10IETF,EQ,431,418,96.98
20,975,GSEC10YEAR,EQ,403193,202885,50.32
20,976,GSEC5IETF,EQ,1546,1003,64.88
20,977,GSFC,EQ,930972,377127,40.51
20,978,GSLSU,EQ,30154,12543,41.60
20,979,GSMFOILS,ST,8000,8000,100.00
20,980,GSPL,EQ,417876,241045,57.68
20,981,GSS,EQ,167382,104753,62.58
20,982,GSTL,ST,6000,6000,100.00
20,983,GTL,EQ,342060,182432,53.33
20,984,GTLINFRA,EQ,33597857,11685851,34.78
20,985,GTPL,EQ,24788,15708,63.37
20,986,GUFICBIO,EQ,34215,17252,50.42
20,987,GUJALKALI,EQ,15823,5940,37.54
20,988,GUJAPOLLO,EQ,14802,7544,50.97
20,989,GUJGASLTD,EQ,774445,551546,71.22
20,990,GULFOILLUB,EQ,351070,57919,16.50
20,991,GULFPETRO,EQ,135619,86283,63.62
20,992,GULPOLY,EQ,663807,175089,26.38
20,993,GVPTECH,EQ,53530,43005,80.34
20,994,GVT&D,EQ,452330,312265,69.03
20,995,HAL,EQ,2467011,645738,26.17
20,996,HAPPSTMNDS,EQ,228279,113623,49.77
20,997,HAPPYFORGE,EQ,20023,12171,60.79
20,998,HARIOMPIPE,EQ,60051,40405,67.28
20,999,HARRMALAYA,EQ,14411,9515,66.03
20,1000,HARSHA,EQ,30287,12139,40.08
20,1001,HATHWAY,EQ,2933881,1438794,49.04
20,1002,HATSUN,EQ,67851,13780,20.31
20,1003,HAVELLS,EQ,492523,212587,43.16
20,1004,HAVISHA,EQ,14429,13142,91.08
20,1005,HBLENGINE,EQ,801209,255906,31.94
20,1006,HBSL,EQ,3891,2734,70.26
20,1007,HCC,EQ,19713030,7474393,37.92
20,1008,HCG,EQ,205141,109663,53.46
20,1009,HCL-INSYS,EQ,145767,100135,68.70
20,1010,HCLTECH,EQ,3647768,2436600,66.80
20,1011,HDFCAMC,EQ,539218,365396,67.76
20,1012,HDFCBANK,EQ,14308251,10300349,71.99
20,1013,HDFCBSE500,EQ,66103,22753,34.42
20,1014,HDFCGOLD,EQ,3330657,2747223,82.48
20,1015,HDFCGROWTH,EQ,6224,4904,78.79
20,1016,HDFCLIFE,EQ,3244955,2162036,66.63
20,1017,HDFCLIQUID,EQ,95165,91368,96.01
20,1018,HDFCLOWVOL,EQ,14467,13506,93.36
20,1019,HDFCMID150,EQ,3826639,185235,4.84
20,1020,HDFCMOMENT,EQ,2480023,189575,7.64
20,1021,HDFCNEXT50,EQ,1083585,187621,17.31
20,1022,HDFCNIF100,EQ,61689,52451,85.02
20,1023,HDFCNIFBAN,EQ,1603571,1119833,69.83
20,1024,HDFCNIFIT,EQ,596872,596289,99.90
20,1025,HDFCNIFTY,EQ,374781,108170,28.86
20,1026,HDFCPSUBK,EQ,17606,12248,69.57
20,1027,HDFCPVTBAN,EQ,122247,68113,55.72
20,1028,HDFCQUAL,EQ,5618,1941,34.55
20,1029,HDFCSENSEX,EQ,25119,20021,79.70
20,1030,HDFCSILVER,EQ,342933,228176,66.54
20,1031,HDFCSML250,EQ,860467,308677,35.87
20,1032,HDFCVALUE,EQ,18916,17654,93.33
20,1033,HEADSUP,EQ,36175,30757,85.02
20,1034,HEALTHADD,EQ,567,400,70.55
20,1035,HEALTHIETF,EQ,43066,26357,61.20
20,1036,HEALTHY,EQ,143705,86889,60.46
20,1037,HEG,EQ,774969,270191,34.86
20,1038,HEIDELBERG,EQ,108643,53200,48.97
20,1039,HEMIPROP,EQ,195485,93156,47.65
20,1040,HERANBA,EQ,91720,58781,64.09
20,1041,HERITGFOOD,EQ,236297,116526,49.31
20,1042,HEROMOTOCO,EQ,554233,289792,52.29
20,1043,HESTERBIO,EQ,4177,3049,72.99
20,1044,HEUBACHIND,EQ,10111,8670,85.75
20,1045,HEXATRADEX,EQ,12088,3598,29.77
20,1046,HFCL,EQ,20209031,4041646,20.00
20,1047,HGINFRA,EQ,46396,20690,44.59
20,1048,HGS,EQ,8733,5366,61.45
20,1049,HIGREEN,ST,11200,11200,100.00
20,1050,HIKAL,EQ,501712,153475,30.59
20,1051,HIL,EQ,15985,11361,71.07
20,1052,HILTON,EQ,33705,19774,58.67
20,1053,HIMATSEIDE,EQ,615573,238079,38.68
20,1054,HINDALCO,EQ,5318376,2966498,55.78
20,1055,HINDCOMPOS,EQ,11230,7516,66.93
20,1056,HINDCOPPER,EQ,2960287,623215,21.05
20,1057,HINDMOTORS,EQ,455458,148100,32.52
20,1058,HINDOILEXP,EQ,476561,240235,50.41
20,1059,HINDPETRO,EQ,7377189,4528011,61.38
20,1060,HINDUNILVR,EQ,1992474,1133471,56.89
20,1061,HINDWAREAP,EQ,84014,48582,57.83
20,1062,HINDZINC,EQ,1049689,554317,52.81
20,1063,HIRECT,EQ,22845,12342,54.02
20,1064,HISARMETAL,EQ,6728,4552,67.66
20,1065,HITECH,EQ,140671,61579,43.78
20,1066,HITECHCORP,EQ,9031,5183,57.39
20,1067,HLEGLAS,EQ,35613,19941,55.99
20,1068,HLVLTD,EQ,511429,284016,55.53
20,1069,HMAAGRO,EQ,98827,53151,53.78
20,1070,HMVL,EQ,166184,64468,38.79
20,1071,HNDFDS,EQ,205079,100789,49.15
20,1072,HNGSNGBEES,EQ,253994,167007,65.75
20,1073,HOACFOODS,ST,3000,3000,100.00
20,1074,HOLMARC,ST,9000,9000,100.00
20,1075,HOMEFIRST,EQ,256727,164435,64.05
20,1076,HOMESFY,SM,10500,7800,74.29
20,1077,HONASA,EQ,708216,393829,55.61
20,1078,HONAUT,EQ,6574,1863,28.34
20,1079,HONDAPOWER,EQ,4356,1662,38.15
20,1080,HOVS,EQ,7680,5254,68.41
20,1081,HPAL,EQ,60684,35695,58.82
20,1082,HPIL,EQ,9883,1957,19.80
20,1083,HPL,EQ,117865,49322,41.85
20,1084,HRHNEXT,ST,4500,4500,100.00
20,1085,HSCL,EQ,373712,168989,45.22
20,1086,HTMEDIA,EQ,1154355,551067,47.74
20,1087,HUBTOWN,EQ,148261,93438,63.02
20,1088,HUDCO,EQ,11054569,2936702,26.57
20,1089,HUHTAMAKI,EQ,41736,18696,44.80
20,1090,HVAX,ST,300,300,100.00
20,1091,HYUNDAI,EQ,1154361,782426,67.78
20,1092,IBLFL,ST,4000,4000,100.00
20,1093,ICEMAKE,EQ,21659,11160,51.53
20,1094,ICICIB22,EQ,376416,190545,50.62
20,1095,ICICIBANK,EQ,14839077,10433968,70.31
20,1096,ICICIGI,EQ,255868,168791,65.97
20,1097,ICICIPRULI,EQ,925652,686040,74.11
20,1098,ICIL,EQ,122445,44642,36.46
20,1099,ICRA,EQ,3690,3239,87.78
20,1100,IDBI,EQ,3509115,1121681,31.96
20,1101,IDEA,EQ,418244166,79620108,19.04
20,1102,IDEAFORGE,EQ,107685,52459,48.72
20,1103,IDEALTECHO,ST,1000,1000,100.00
20,1104,IDENTICAL,ST,14000,10000,71.43
20,1105,IDFCFIRSTB,EQ,22510221,11199171,49.75
20,1106,IDFNIFTYET,EQ,224,119,53.13
20,1107,IEML,SM,5000,4000,80.00
20,1108,IEX,EQ,3247453,1129973,34.80
20,1109,IFBAGRO,EQ,6410,3366,52.51
20,1110,IFBIND,EQ,61407,32021,52.15
20,1111,IFCI,EQ,4410804,1161355,26.33
20,1112,IFGLEXPOR,EQ,9788,7263,74.20
20,1113,IGARASHI,EQ,21720,12590,57.97
20,1114,IGIL,EQ,1864367,828926,44.46
20,1115,IGL,EQ,3051496,990883,32.47
20,1116,IGPL,EQ,45316,30348,66.97
20,1117,IIFL,EQ,1512332,835566,55.25
20,1118,IIFLCAPS,EQ,335360,154825,46.17
20,1119,IIFLZC25,ND,60,60,100.00
20,1120,IIFLZC26A,NR,17,17,100.00
20,1121,IIFLZC28,NG,10,10,100.00
20,1122,IIFLZC28A,NU,10,10,100.00
20,1123,IKIO,EQ,48283,23559,48.79
20,1124,IKS,EQ,129810,71380,54.99
20,1125,IMAGICAA,EQ,487711,189687,38.89
20,1126,IMC1,N0,284,71,25.00
20,1127,IMC1,N1,51,51,100.00
20,1128,IMC1,N2,51,51,100.00
20,1129,IMC1,N3,51,51,100.00
20,1130,IMFA,EQ,214125,92382,43.14
20,1131,IMPAL,EQ,2070,1093,52.80
20,1132,INCREDIBLE,EQ,611556,80362,13.14
20,1133,INDBANK,EQ,24485,15010,61.30
20,1134,INDGN,EQ,238208,133970,56.24
20,1135,INDHOTEL,EQ,3055036,1722965,56.40
20,1136,INDIACEM,EQ,2131477,810554,38.03
20,1137,INDIAGLYCO,EQ,263688,110462,41.89
20,1138,INDIAMART,EQ,95795,48380,50.50
20,1139,INDIANB,EQ,2173783,852187,39.20
20,1140,INDIANHUME,EQ,22837,8119,35.55
20,1141,INDIASHLTR,EQ,593581,549090,92.50
20,1142,INDIFRA,SM,78000,50000,64.10
20,1143,INDIGO,EQ,727129,466417,64.15
20,1144,INDIGOPNTS,EQ,40462,12942,31.99
20,1145,INDIGRID,IV,275794,239032,86.67
20,1146,INDNIPPON,EQ,8906,5356,60.14
20,1147,INDOAMIN,EQ,86388,36954,42.78
20,1148,INDOBORAX,EQ,30137,18164,60.27
20,1149,INDOCO,EQ,24540,12526,51.04
20,1150,INDOFARM,EQ,415598,95642,23.01
20,1151,INDORAMA,EQ,128526,75351,58.63
20,1152,INDOSTAR,EQ,59146,39790,67.27
20,1153,INDOTECH,EQ,52113,27982,53.69
20,1154,INDOWIND,EQ,275367,141597,51.42
20,1155,INDRAMEDCO,EQ,524210,243153,46.38
20,1156,INDSWFTLAB,EQ,85727,61035,71.20
20,1157,INDTERRAIN,EQ,32092,19173,59.74
20,1158,INDUSINDBK,EQ,9861468,6323597,64.12
20,1159,INDUSINVIT,IV,38320,29515,77.02
20,1160,INDUSTOWER,EQ,5792352,2767704,47.78
20,1161,INFIBEAM,EQ,12132234,2922606,24.09
20,1162,INFINIUM,SM,500,500,100.00
20,1163,INFOBEAN,EQ,22331,13200,59.11
20,1164,INFOLLION,ST,9600,9600,100.00
20,1165,INFOMEDIA,EQ,19470,14896,76.51
20,1166,INFRABEES,EQ,21462,15880,73.99
20,1167,INFRAIETF,EQ,70090,32394,46.22
20,1168,INFY,EQ,7334787,4813522,65.63
20,1169,INGERRAND,EQ,9902,5760,58.17
20,1170,INNOMET,SM,36000,18000,50.00
20,1171,INNOVACAP,EQ,31183,14903,47.79
20,1172,INNOVANA,EQ,2317,560,24.17
20,1173,INOXGREEN,EQ,1455768,480452,33.00
20,1174,INOXINDIA,EQ,110429,57304,51.89
20,1175,INOXWIND,EQ,32239416,3849998,11.94
20,1176,INSECTICID,EQ,45783,25142,54.92
20,1177,INSPIRE,SM,30000,28000,93.33
20,1178,INSPIRISYS,EQ,6993,6047,86.47
20,1179,INTELLECT,EQ,217732,57901,26.59
20,1180,INTENTECH,EQ,25468,14498,56.93
20,1181,INTERARCH,EQ,100784,43203,42.87
20,1182,INTLCONV,EQ,66342,39333,59.29
20,1183,INVENTURE,EQ,1886830,1166755,61.84
20,1184,IOB,EQ,3534556,961832,27.21
20,1185,IOC,EQ,14405748,6958077,48.30
20,1186,IOLCP,EQ,107560,37868,35.21
20,1187,IONEXCHANG,EQ,169873,67088,39.49
20,1188,IPCALAB,EQ,393939,253975,64.47
20,1189,IPHL,ST,4800,2400,50.00
20,1190,IPL,EQ,59377,30949,52.12
20,1191,IRB,EQ,15419489,5418883,35.14
20,1192,IRBINVIT,IV,363427,337071,92.75
20,1193,IRCON,EQ,10243253,2606512,25.45
20,1194,IRCTC,EQ,1037714,374779,36.12
20,1195,IREDA,EQ,5492766,1629649,29.67
20,1196,IRFC,EQ,21695745,5653707,26.06
20,1197,IRISDOREME,EQ,69396,10862,15.65
20,1198,IRMENERGY,EQ,52619,38279,72.75
20,1199,ISEC,EQ,56980,24781,43.49
20,1200,ISFT,EQ,10025,3894,38.84
20,1201,ISGEC,EQ,58609,28413,48.48
20,1202,ISHAN,SM,624000,384000,61.54
20,1203,IT,EQ,601374,580155,96.47
20,1204,ITALIANE,SM,6000,6000,100.00
20,1205,ITBEES,EQ,2745361,1764330,64.27
20,1206,ITC,EQ,18923681,10806930,57.11
20,1207,ITDC,EQ,57684,17074,29.60
20,1208,ITDCEM,EQ,2025587,1759992,86.89
20,1209,ITETF,EQ,1539605,1374596,89.28
20,1210,ITETFADD,EQ,1273,873,68.58
20,1211,ITIETF,EQ,1140998,605567,53.07
20,1212,IVC,EQ,110961,61623,55.54
20,1213,IVP,EQ,3450,2964,85.91
20,1214,IVZINGOLD,EQ,113,89,78.76
20,1215,IVZINNIFTY,EQ,207,149,71.98
20,1216,IWEL,EQ,8651,4943,57.14
20,1217,IXIGO,EQ,611752,340754,55.70
20,1218,JAGRAN,EQ,90965,43778,48.13
20,1219,JAGSNPHARM,EQ,285584,66677,23.35
20,1220,JAIBALAJI,EQ,311965,229864,73.68
20,1221,JAICORPLTD,EQ,709616,389297,54.86
20,1222,JAINAM,ST,2000,2000,100.00
20,1223,JAIPURKURT,EQ,674591,354959,52.62
20,1224,JALAN,ST,15000,15000,100.00
20,1225,JAMNAAUTO,EQ,912340,458462,50.25
20,1226,JASH,EQ,90722,34540,38.07
20,1227,JAYAGROGN,EQ,8342,5747,68.89
20,1228,JAYBARMARU,EQ,48034,26622,55.42
20,1229,JAYBEE,ST,121000,111000,91.74
20,1230,JAYNECOIND,EQ,88907,56551,63.61
20,1231,JAYSREETEA,EQ,45763,16774,36.65
20,1232,JBCHEPHARM,EQ,133468,62708,46.98
20,1233,JBMA,EQ,259067,81848,31.59
20,1234,JCHAC,EQ,16933,11025,65.11
20,1235,JEYYAM,SM,56000,42000,75.00
20,1236,JFLLIFE,ST,12000,6000,50.00
20,1237,JGCHEM,EQ,387376,102376,26.43
20,1238,JHS,EQ,48924,19219,39.28
20,1239,JINDALPHOT,EQ,5709,2637,46.19
20,1240,JINDALPOLY,EQ,50998,26852,52.65
20,1241,JINDALSAW,EQ,3715707,1138621,30.64
20,1242,JINDALSTEL,EQ,2771274,1256625,45.34
20,1243,JINDRILL,EQ,576063,252424,43.82
20,1244,JINDWORLD,EQ,298182,88359,29.63
20,1245,JIOFIN,EQ,23138568,8731617,37.74
20,1246,JISLDVREQS,EQ,55644,22196,39.89
20,1247,JISLJALEQS,EQ,2419766,823775,34.04
20,1248,JITFINFRA,EQ,120456,32607,27.07
20,1249,JIWANRAM,ST,60000,54000,90.00
20,1250,J&KBANK,EQ,5781098,2429580,42.03
20,1251,JKCEMENT,EQ,106392,42794,40.22
20,1252,JKIL,EQ,202098,61907,30.63
20,1253,JKLAKSHMI,EQ,53644,26762,49.89
20,1254,JKPAPER,EQ,173660,81744,47.07
20,1255,JKTYRE,EQ,858772,354216,41.25
20,1256,JLHL,EQ,12039,4928,40.93
20,1257,JMA,EQ,3749,3180,84.82
20,1258,JMFINANCIL,EQ,2841961,967180,34.03
20,1259,JNKINDIA,EQ,9379,5550,59.17
20,1260,JOCIL,EQ,1881,1470,78.15
20,1261,JPOLYINVST,EQ,4860,2490,51.23
20,1262,JPPOWER,EQ,26957469,8868600,32.90
20,1263,JSFB,EQ,273561,75157,27.47
20,1264,JSL,EQ,1250230,575836,46.06
20,1265,JSLL,SM,4950,3150,63.64
20,1266,JSWENERGY,EQ,7217597,3650124,50.57
20,1267,JSWINFRA,EQ,1348213,643367,47.72
20,1268,JSWSTEEL,EQ,1262634,488201,38.67
20,1269,JTEKTINDIA,EQ,36648,15784,43.07
20,1270,JTLIND,EQ,2675668,1591958,59.50
20,1271,JUBLFOOD,EQ,1642800,499151,30.38
20,1272,JUBLINGREA,EQ,318870,102924,32.28
20,1273,JUBLPHARMA,EQ,358236,121471,33.91
20,1274,JUNIORBEES,EQ,288606,124979,43.30
20,1275,JUNIPER,EQ,214340,153095,71.43
20,1276,JUSTDIAL,EQ,108403,40344,37.22
20,1277,JWL,EQ,8809401,1489264,16.91
20,1278,JYOTHYLAB,EQ,518151,237020,45.74
20,1279,JYOTICNC,EQ,231425,97578,42.16
20,1280,JYOTISTRUC,EQ,33289071,13997121,42.05
20,1281,K2INFRA,ST,19200,18000,93.75
20,1282,KABRAEXTRU,EQ,154648,64907,41.97
20,1283,KAJARIACER,EQ,335103,136834,40.83
20,1284,KAKATCEM,EQ,1447,1284,88.74
20,1285,KALAMANDIR,EQ,276890,123816,44.72
20,1286,KALANA,SM,34000,24000,70.59
20,1287,KALYANKJIL,EQ,52426558,9573960,18.26
20,1288,KAMATHOTEL,EQ,2225278,698913,31.41
20,1289,KAMDHENU,EQ,1812757,512748,28.29
20,1290,KANANIIND,EQ,75192,57215,76.09
20,1291,KANDARP,ST,4000,4000,100.00
20,1292,KANORICHEM,EQ,13325,6109,45.85
20,1293,KANPRPLA,EQ,6180,4306,69.68
20,1294,KANSAINER,EQ,325153,138385,42.56
20,1295,KAPSTON,EQ,3967,3027,76.30
20,1296,KARMAENG,EQ,7729,5631,72.86
20,1297,KARNIKA,ST,2800,1600,57.14
20,1298,KARURVYSYA,EQ,998076,465189,46.61
20,1299,KATARIA,ST,2400,2400,100.00
20,1300,KAUSHALYA,EQ,1336,1065,79.72
20,1301,KAYA,EQ,20425,11854,58.04
20,1302,KAYNES,EQ,1647777,445435,27.03
20,1303,KCEIL,ST,13500,12000,88.89
20,1304,KCK,ST,10000,10000,100.00
20,1305,KCP,EQ,268676,133864,49.82
20,1306,KCPSUGIND,EQ,137804,80767,58.61
20,1307,KDDL,EQ,8273,4614,55.77
20,1308,KDL,ST,39300,38550,98.09
20,1309,KEC,EQ,3694535,994905,26.93
20,1310,KECL,EQ,60370,31444,52.09
20,1311,KEI,EQ,393527,203748,51.77
20,1312,KELLTONTEC,EQ,541826,207968,38.38
20,1313,KESORAMIND,EQ,220640,76667,34.75
20,1314,KEYFINSERV,EQ,1865,1580,84.72
20,1315,KFINTECH,EQ,502059,186461,37.14
20,1316,KHADIM,EQ,10097,6160,61.01
20,1317,KHAICHEM,EQ,73846,31831,43.10
20,1318,KHAITANLTD,EQ,8851,3782,42.73
20,1319,KHANDSE,EQ,13311,9586,72.02
20,1320,KHFM,SM,3100,1550,50.00
20,1321,KICL,EQ,2560,1620,63.28
20,1322,KILITCH,EQ,1924,992,51.56
20,1323,KIMS,EQ,432532,272988,63.11
20,1324,KINGFA,EQ,2634,997,37.85
20,1325,KIOCL,EQ,80727,26819,33.22
20,1326,KIRIINDUS,EQ,508056,228797,45.03
20,1327,KIRLOSBROS,EQ,115753,46138,39.86
20,1328,KIRLOSENG,EQ,254403,175399,68.95
20,1329,KIRLOSIND,EQ,5844,3266,55.89
20,1330,KIRLPNU,EQ,105970,43623,41.17
20,1331,KKCL,EQ,21142,12406,58.68
20,1332,KKJEWELS,SM,220000,106000,48.18
20,1333,KKVAPOW,SM,156,156,100.00
20,1334,KLL,SM,3200,2400,75.00
20,1335,KMEW,EQ,7787,5303,68.10
20,1336,KMSUGAR,EQ,192947,127753,66.21
20,1337,KNAGRI,SM,47600,45600,95.80
20,1338,KNRCON,EQ,767449,376912,49.11
20,1339,KODYTECH,SM,6800,3900,57.35
20,1340,KOHINOOR,EQ,56016,19922,35.56
20,1341,KOKUYOCMLN,EQ,14557,7691,52.83
20,1342,KOLTEPATIL,EQ,195218,93171,47.73
20,1343,KONSTELEC,ST,9000,9000,100.00
20,1344,KONTOR,SM,3600,3600,100.00
20,1345,KORE,ST,1500,1500,100.00
20,1346,KOTAKBANK,EQ,5332618,3563578,66.83
20,1347,KOTARISUG,EQ,29654,18225,61.46
20,1348,KOTHARIPET,EQ,47989,11801,24.59
20,1349,KOTYARK,ST,9800,9200,93.88
20,1350,KPEL,EQ,311217,121275,38.97
20,1351,KPIGREEN,EQ,2849621,1408656,49.43
20,1352,KPIL,EQ,378686,265030,69.99
20,1353,KPITTECH,EQ,1523505,664161,43.59
20,1354,KPRMILL,EQ,223152,69055,30.95
20,1355,KRBL,EQ,156161,61225,39.21
20,1356,KRISHANA,EQ,32576,19659,60.35
20,1357,KRISHCA,SM,45000,32500,72.22
20,1358,KRISHIVAL,SM,500,500,100.00
20,1359,KRISHNADEF,SM,162250,114500,70.57
20,1360,KRITI,EQ,45223,33327,73.69
20,1361,KRITINUT,EQ,15525,7313,47.10
20,1362,KRN,EQ,1668897,294563,17.65
20,1363,KRONOX,EQ,53225,28053,52.71
20,1364,KROSS,EQ,77852,30446,39.11
20,1365,KRSNAA,EQ,67101,28522,42.51
20,1366,KRYSTAL,EQ,70828,33365,47.11
20,1367,KSB,EQ,167673,83896,50.04
20,1368,KSCL,EQ,116949,44652,38.18
20,1369,KSL,EQ,290992,163629,56.23
20,1370,KSOLVES,EQ,39687,16373,41.26
20,1371,KTKBANK,EQ,1392428,880054,63.20
20,1372,KUANTUM,EQ,35177,27489,78.14
20,1373,LAGNAM,EQ,3699,1996,53.96
20,1374,LAKSHYA,SM,12000,8800,73.33
20,1375,LALPATHLAB,EQ,149301,57625,38.60
20,1376,LAMOSAIC,ST,4200,4200,100.00
20,1377,LANCORHOL,EQ,98566,76270,77.38
20,1378,LANDMARK,EQ,33068,13894,42.02
20,1379,LAOPALA,EQ,103036,59619,57.86
20,1380,LASA,EQ,40202,12981,32.29
20,1381,LATENTVIEW,EQ,286748,139332,48.59
20,1382,LAURUSLABS,EQ,3655434,1294651,35.42
20,1383,LAWSIKHO,SM,97500,79500,81.54
20,1384,LAXMICOT,EQ,36364,14101,38.78
20,1385,LAXMIDENTL,EQ,891250,97961,10.99
20,1386,LEMERITE,ST,18400,16000,86.96
20,1387,LEMONTREE,EQ,5330641,2111930,39.62
20,1388,LEXUS,EQ,11807,5352,45.33
20,1389,LFIC,EQ,143,83,58.04
20,1390,LGBBROSLTD,EQ,17336,9228,53.23
20,1391,LIBAS,EQ,20950,12187,58.17
20,1392,LIBERTSHOE,EQ,27277,10112,37.07
20,1393,LICHSGFIN,EQ,2384006,1098383,46.07
20,1394,LICI,EQ,587330,237218,40.39
20,1395,LICMFGOLD,EQ,4641,2376,51.20
20,1396,LICNETFGSC,EQ,174835,174287,99.69
20,1397,LICNETFN50,EQ,627,605,96.49
20,1398,LICNETFSEN,EQ,19,18,94.74
20,1399,LICNFNHGP,EQ,938,434,46.27
20,1400,LICNMID100,EQ,19987,12032,60.20
20,1401,LIKHITHA,EQ,32556,16698,51.29
20,1402,LINC,EQ,34556,24542,71.02
20,1403,LINCOLN,EQ,22541,13619,60.42
20,1404,LINDEINDIA,EQ,25919,6016,23.21
20,1405,LIQUID,EQ,139164,62763,45.10
20,1406,LIQUID1,EQ,180414,148140,82.11
20,1407,LIQUIDADD,EQ,459749,415556,90.39
20,1408,LIQUIDBEES,EQ,2607020,2340465,89.78
20,1409,LIQUIDBETF,EQ,111734,105026,94.00
20,1410,LIQUIDCASE,EQ,7658410,6896798,90.06
20,1411,LIQUIDETF,EQ,148298,94443,63.68
20,1412,LIQUIDIETF,EQ,522473,308418,59.03
20,1413,LIQUIDPLUS,EQ,9547,8060,84.42
20,1414,LIQUIDSBI,EQ,3704,1632,44.06
20,1415,LIQUIDSHRI,EQ,1722,1050,60.98
20,1416,LLOYDS,SM,2000,2000,100.00
20,1417,LLOYDSENGG,EQ,2426029,685472,28.25
20,1418,LLOYDSENT,EQ,1610306,960802,59.67
20,1419,LLOYDSME,EQ,912909,600928,65.83
20,1420,LMW,EQ,1822,976,53.57
20,1421,LODHA,EQ,1170642,566332,48.38
20,1422,LOKESHMACH,EQ,66562,37081,55.71
20,1423,LOTUSEYE,EQ,6912,4549,65.81
20,1424,LOVABLE,EQ,14779,6587,44.57
20,1425,LOWVOL,EQ,33,29,87.88
20,1426,LOWVOL1,EQ,98619,81518,82.66
20,1427,LOWVOLIETF,EQ,4217046,3775419,89.53
20,1428,LRRPL,ST,4500,4500,100.00
20,1429,LT,EQ,4742516,2809172,59.23
20,1430,LTF,EQ,7423889,2470170,33.27
20,1431,LTFOODS,EQ,487360,220048,45.15
20,1432,LTGILTBEES,EQ,1372541,1014372,73.90
20,1433,LTIM,EQ,251536,131430,52.25
20,1434,LTTS,EQ,90754,25737,28.36
20,1435,LUMAXIND,EQ,1529,742,48.53
20,1436,LUMAXTECH,EQ,36793,17528,47.64
20,1437,LUPIN,EQ,492215,200203,40.67
20,1438,LUXIND,EQ,33745,16307,48.32
20,1439,LXCHEM,EQ,395837,175576,44.36
20,1440,LYKALABS,EQ,140951,55332,39.26
20,1441,LYPSAGEMS,EQ,25921,16482,63.59
20,1442,MACOBSTECH,SM,29600,27200,91.89
20,1443,MACPOWER,EQ,7236,4102,56.69
20,1444,MADHAV,EQ,12724,7033,55.27
20,1445,MADHAVBAUG,SM,5600,5200,92.86
20,1446,MADHUCON,EQ,59705,49361,82.67
20,1447,MADHUSUDAN,SM,12000,9000,75.00
20,1448,MADRASFERT,EQ,203655,67432,33.11
20,1449,MAFANG,EQ,361133,218593,60.53
20,1450,MAGADSUGAR,EQ,4019,3080,76.64
20,1451,MAGNUM,EQ,17132,13627,79.54
20,1452,MAGSON,SM,38000,34000,89.47
20,1453,MAHABANK,EQ,11107597,3692018,33.24
20,1454,MAHAPEXLTD,EQ,4210,1980,47.03
20,1455,MAHESHWARI,EQ,13564,6308,46.51
20,1456,MAHICKRA,SM,22500,20250,90.00
20,1457,MAHKTECH,EQ,2249289,1377910,61.26
20,1458,MAHLIFE,EQ,267775,83629,31.23
20,1459,MAHLOG,EQ,43413,23300,53.67
20,1460,MAHSCOOTER,EQ,13869,9040,65.18
20,1461,MAHSEAMLES,EQ,178728,75078,42.01
20,1462,MAITHANALL,EQ,21158,11778,55.67
20,1463,MAITREYA,ST,8800,6400,72.73
20,1464,MAKEINDIA,EQ,22943,13186,57.47
20,1465,MAL,SM,97600,94400,96.72
20,1466,MALLCOM,EQ,2211,824,37.27
20,1467,MALUPAPER,EQ,10426,5673,54.41
20,1468,MAMATA,EQ,171054,63771,37.28
20,1469,MANAKALUCO,EQ,43716,35471,81.14
20,1470,MANAKSIA,EQ,25990,16112,61.99
20,1471,MANAKSTEEL,EQ,31692,22052,69.58
20,1472,MANALIPETC,EQ,207429,137617,66.34
20,1473,MANAPPURAM,EQ,10989201,3979345,36.21
20,1474,MANBA,EQ,66973,41486,61.94
20,1475,MANCREDIT,EQ,35691,10485,29.38
20,1476,MANDEEP,SM,16000,12000,75.00
20,1477,MANGALAM,EQ,42492,16484,38.79
20,1478,MANGCHEFER,EQ,1201055,317454,26.43
20,1479,MANGLMCEM,EQ,33647,20116,59.79
20,1480,MANINDS,EQ,76238,42793,56.13
20,1481,MANINFRA,EQ,756580,276196,36.51
20,1482,MANKIND,EQ,412780,218478,52.93
20,1483,MANOMAY,EQ,28523,19342,67.81
20,1484,MANORAMA,EQ,25785,18322,71.06
20,1485,MANORG,EQ,1218,737,60.51
20,1486,MANUGRAPH,EQ,5396,3771,69.89
20,1487,MANYAVAR,EQ,915439,692852,75.69
20,1488,MAPMYINDIA,EQ,56017,28241,50.42
20,1489,MARALOVER,EQ,39481,26977,68.33
20,1490,MARATHON,EQ,24330,12269,50.43
20,1491,MARCO,SM,13500,13500,100.00
20,1492,MARICO,EQ,1492015,755523,50.64
20,1493,MARKSANS,EQ,387686,147345,38.01
20,1494,MARUTI,EQ,530749,329990,62.17
20,1495,MASFIN,EQ,88961,42314,47.56
20,1496,MASON,ST,9000,9000,100.00
20,1497,MASPTOP50,EQ,218814,167124,76.38
20,1498,MASTEK,EQ,100968,45798,45.36
20,1499,MASTER,SM,1000,1000,100.00
20,1500,MASTERTR,EQ,25529,11477,44.96
20,1501,MATRIMONY,EQ,10768,7828,72.70
20,1502,MAWANASUG,EQ,51650,31291,60.58
20,1503,MAXESTATES,EQ,153829,67667,43.99
20,1504,MAXHEALTH,EQ,2429222,1556149,64.06
20,1505,MAXIND,EQ,19707,9961,50.55
20,1506,MAXPOSURE,SM,203000,124000,61.08
20,1507,MAYURUNIQ,EQ,24986,15062,60.28
20,1508,MAZDOCK,EQ,3509717,728423,20.75
20,1509,MBAPL,EQ,29832,13962,46.80
20,1510,MBLINFRA,EQ,169884,52984,31.19
20,1511,MCON,ST,4000,3000,75.00
20,1512,MCX,EQ,311531,132108,42.41
20,1513,MDL,SM,13000,13000,100.00
20,1514,MEDANTA,EQ,112540,63668,56.57
20,1515,MEDIASSIST,EQ,141417,62554,44.23
20,1516,MEDICAMEQ,EQ,10086,5537,54.90
20,1517,MEDICO,EQ,1529493,491166,32.11
20,1518,MEDIORG,SM,14000,14000,100.00
20,1519,MEDPLUS,EQ,149844,75179,50.17
20,1520,MEGAFLEX,SM,9000,9000,100.00
20,1521,MEGASTAR,EQ,3843,2323,60.45
20,1522,MEGATHERM,SM,12800,10400,81.25
20,1523,MENONBE,EQ,11648,5299,45.49
20,1524,METAL,EQ,167494,95004,56.72
20,1525,METALIETF,EQ,2464110,1069028,43.38
20,1526,METROBRAND,EQ,132789,47238,35.57
20,1527,METROPOLIS,EQ,674457,354791,52.60
20,1528,MFSL,EQ,760436,428761,56.38
20,1529,MGEL,EQ,507316,290748,57.31
20,1530,MGL,EQ,246796,75662,30.66
20,1531,MHHL,ST,4500,4500,100.00
20,1532,MHRIL,EQ,92314,41787,45.27
20,1533,MICEL,EQ,193230,96732,50.06
20,1534,MICROPRO,SM,9600,9600,100.00
20,1535,MID150BEES,EQ,2234000,2022584,90.54
20,1536,MID150CASE,EQ,921529,524844,56.95
20,1537,MIDCAP,EQ,16898,7954,47.07
20,1538,MIDCAPETF,EQ,1072837,463981,43.25
20,1539,MIDCAPIETF,EQ,5021365,4433205,88.29
20,1540,MIDHANI,EQ,1826452,319179,17.48
20,1541,MIDQ50ADD,EQ,3690,2776,75.23
20,1542,MIDSELIETF,EQ,162381,86706,53.40
20,1543,MIDSMALL,EQ,229250,165629,72.25
20,1544,MINDACORP,EQ,572269,240789,42.08
20,1545,MINDSPACE,RR,97593,89132,91.33
20,1546,MINDTECK,EQ,12130,6072,50.06
20,1547,MIRCELECTR,EQ,265002,170412,64.31
20,1548,MIRZAINT,EQ,2402324,714890,29.76
20,1549,MITCON,EQ,3560,1916,53.82
20,1550,MITCONPP,E1,180,18,10.00
20,1551,MITTAL,EQ,2841038,2280873,80.28
20,1552,MKPL,EQ,177554,92817,52.28
20,1553,M&M,EQ,3862456,2170953,56.21
20,1554,M&MFIN,EQ,1979046,562755,28.44
20,1555,M&MFIN,N3,251,250,99.60
20,1556,MMFL,EQ,29406,17005,57.83
20,1557,MMP,EQ,15557,10870,69.87
20,1558,MMTC,EQ,668147,235291,35.22
20,1559,MNC,EQ,42429,36522,86.08
20,1560,MOBIKWIK,EQ,12790142,782818,6.12
20,1561,MODEFENCE,EQ,783489,393333,50.20
20,1562,MODIRUBBER,EQ,1170,612,52.31
20,1563,MODISONLTD,EQ,9958,4755,47.75
20,1564,MOGSEC,EQ,23848,22385,93.87
20,1565,MOHEALTH,EQ,24500,17671,72.13
20,1566,MOIL,EQ,551648,183851,33.33
20,1567,MOKSH,EQ,897853,484785,53.99
20,1568,MOL,EQ,553844,322149,58.17
20,1569,MOLDTECH,EQ,20305,12246,60.31
20,1570,MOLDTKPAC,EQ,15734,9905,62.95
20,1571,MOLOWVOL,EQ,4502,3609,80.16
20,1572,MOM100,EQ,296946,132253,44.54
20,1573,MOM30IETF,EQ,928553,448505,48.30
20,1574,MOM50,EQ,2208,2120,96.01
20,1575,MOMENTUM,EQ,76756,58501,76.22
20,1576,MOMENTUM50,EQ,565419,487676,86.25
20,1577,MOMOMENTUM,EQ,228116,122068,53.51
20,1578,MON100,EQ,710862,434578,61.13
20,1579,MONARCH,EQ,120455,64104,53.22
20,1580,MONIFTY500,EQ,129162,83881,64.94
20,1581,MONQ50,EQ,87885,61176,69.61
20,1582,MONTECARLO,EQ,16199,8104,50.03
20,1583,MOQUALITY,EQ,1263,1109,87.81
20,1584,MOREALTY,EQ,212774,139112,65.38
20,1585,MOREPENLAB,EQ,2549360,1054774,41.37
20,1586,MOS,ST,800,800,100.00
20,1587,MOSMALL250,EQ,751584,537085,71.46
20,1588,MOTHERSON,EQ,47157428,18377942,38.97
20,1589,MOTILALOFS,EQ,2205683,719771,32.63
20,1590,MOTISONS,EQ,1156680,600965,51.96
20,1591,MOTOGENFIN,EQ,42718,33051,77.37
20,1592,MOVALUE,EQ,48290,25886,53.61
20,1593,MPHASIS,EQ,550653,340846,61.90
20,1594,MPSLTD,EQ,45589,21356,46.84
20,1595,MRF,EQ,5329,1850,34.72
20,1596,MRO-TEK,EQ,2754,1882,68.34
20,1597,MRPL,EQ,965398,309549,32.06
20,1598,MSPL,EQ,205163,141875,69.15
20,1599,MSTCLTD,EQ,120601,49876,41.36
20,1600,MSUMI,EQ,4196101,2425618,57.81
20,1601,MTARTECH,EQ,76502,30897,40.39
20,1602,MTNL,EQ,3747891,1728682,46.12
20,1603,MUFIN,EQ,104607,66838,63.89
20,1604,MUFTI,EQ,103227,59982,58.11
20,1605,MUKANDLTD,EQ,76389,40410,52.90
20,1606,MUKKA,EQ,872964,336720,38.57
20,1607,MUKTAARTS,EQ,12442,8992,72.27
20,1608,MULTICAP,EQ,82033,60840,74.17
20,1609,MUNJALAU,EQ,56511,26181,46.33
20,1610,MUNJALSHOW,EQ,17746,10759,60.63
20,1611,MURUDCERA,EQ,23435,16912,72.17
20,1612,MUTHOOTCAP,EQ,29221,21454,73.42
20,1613,MUTHOOTFIN,EQ,513536,301266,58.67
20,1614,MUTHOOTMF,EQ,76056,48325,63.54
20,1615,MVGJL,EQ,466208,160886,34.51
20,1616,MVKAGRO,SM,15600,12000,76.92
20,1617,MWL,SM,6000,6000,100.00
20,1618,MYMUDRA,ST,4800,3600,75.00
20,1619,NACLIND,EQ,116108,46805,40.31
20,1620,NAGAFERT,EQ,360622,229731,63.70
20,1621,NAGREEKEXP,EQ,26819,18438,68.75
20,1622,NAHARCAP,EQ,11048,7001,63.37
20,1623,NAHARINDUS,EQ,40001,17068,42.67
20,1624,NAHARPOLY,EQ,50391,26641,52.87
20,1625,NAHARSPING,EQ,148649,38114,25.64
20,1626,NAMAN,ST,24000,24000,100.00
20,1627,NAM-INDIA,EQ,761185,435057,57.16
20,1628,NAMOEWASTE,ST,33600,28800,85.71
20,1629,NATCOPHARM,EQ,744525,259503,34.85
20,1630,NATHBIOGEN,EQ,18273,10283,56.27
20,1631,NATIONALUM,EQ,5633664,1601502,28.43
20,1632,NAUKRI,EQ,270089,182279,67.49
20,1633,NAVA,EQ,283985,132003,46.48
20,1634,NAVINFLUOR,EQ,192534,73785,38.32
20,1635,NAVKARCORP,EQ,391640,201161,51.36
20,1636,NAVNETEDUL,EQ,197321,116137,58.86
20,1637,NAZARA,EQ,223196,147753,66.20
20,1638,NBCC,EQ,9370532,2883519,30.77
20,1639,NCC,EQ,9398140,2505880,26.66
20,1640,NCLIND,EQ,612985,279011,45.52
20,1641,NDL,EQ,4502784,3362768,74.68
20,1642,NDLVENTURE,EQ,4713,1383,29.34
20,1643,NDRAUTO,EQ,7633,3826,50.12
20,1644,NDTV,EQ,40023,16539,41.32
20,1645,NECCLTD,EQ,55808,30395,54.46
20,1646,NEELAM,ST,6000,6000,100.00
20,1647,NELCAST,EQ,20843,12371,59.35
20,1648,NELCO,EQ,41294,20994,50.84
20,1649,NEOGEN,EQ,105979,58374,55.08
20,1650,NEPHROCARE,SM,11200,8000,71.43
20,1651,NESCO,EQ,41154,19162,46.56
20,1652,NESTLEIND,EQ,1243517,767959,61.76
20,1653,NETF,EQ,3659,3486,95.27
20,1654,NETWEB,EQ,156404,84140,53.80
20,1655,NETWORK18,EQ,2121727,1128060,53.17
20,1656,NEULANDLAB,EQ,20870,9605,46.02
20,1657,NEWGEN,EQ,306079,133220,43.52
20,1658,NEWJAISA,SM,27000,24000,88.89
20,1659,NEXT50,EQ,8420,5417,64.33
20,1660,NEXT50IETF,EQ,561562,272123,48.46
20,1661,NFL,EQ,1223576,377384,30.84
20,1662,NGIL,EQ,81647,4983,6.10
20,1663,NGILPP1,E1,4,2,50.00
20,1664,NGLFINE,EQ,12386,8518,68.77
20,1665,NH,EQ,184487,89181,48.34
20,1666,NHPC,EQ,13296006,5434690,40.87
20,1667,NIACL,EQ,686741,143947,20.96
20,1668,NIDAN,SM,4000,4000,100.00
20,1669,NIDOZC26,N7,250,250,100.00
20,1670,NIF100BEES,EQ,13659,7597,55.62
20,1671,NIF100IETF,EQ,104230,41000,39.34
20,1672,NIF10GETF,EQ,358,353,98.60
20,1673,NIF5GETF,EQ,142,103,72.54
20,1674,NIFITETF,EQ,5110,4119,80.61
20,1675,NIFMID150,EQ,526,343,65.21
20,1676,NIFTY1,EQ,33122,18601,56.16
20,1677,NIFTY50ADD,EQ,86202,72777,84.43
20,1678,NIFTYBEES,EQ,7392693,4149695,56.13
20,1679,NIFTYBETF,EQ,4521,4054,89.67
20,1680,NIFTYETF,EQ,90905,48595,53.46
20,1681,NIFTYIETF,EQ,292835,158462,54.11
20,1682,NIFTYQLITY,EQ,26165,17634,67.40
20,1683,NIITLTD,EQ,907355,322807,35.58
20,1684,NIITMTS,EQ,54896,38783,70.65
20,1685,NILAINFRA,EQ,681537,432485,63.46
20,1686,NILKAMAL,EQ,3623,1754,48.41
20,1687,NINSYS,EQ,8179,4581,56.01
20,1688,NIPPOBATRY,EQ,2676,1257,46.97
20,1689,NIRAJ,EQ,15480,6901,44.58
20,1690,NIRAJISPAT,EQ,1,1,100.00
20,1691,NIRMAN,SM,35100,19500,55.56
20,1692,NITINSPIN,EQ,61533,31759,51.61
20,1693,NITIRAJ,EQ,23361,13447,57.56
20,1694,NIVABUPA,EQ,1340088,649629,48.48
20,1695,NLCINDIA,EQ,40386782,2165440,5.36
20,1696,NMDC,EQ,10065010,3110617,30.91
20,1697,NMSTEEL,ST,16000,11200,70.00
20,1698,NOCIL,EQ,203102,58875,28.99
20,1699,NORTHARC,EQ,264720,132245,49.96
20,1700,NOVAAGRI,EQ,207797,99171,47.72
20,1701,NPBET,EQ,896,822,91.74
20,1702,NPST,SM,10900,7600,69.72
20,1703,NRAIL,EQ,2682,1549,57.76
20,1704,NRBBEARING,EQ,48010,24689,51.42
20,1705,NRL,EQ,56911,25444,44.71
20,1706,NSIL,EQ,8614,4319,50.14
20,1707,NSLNISP,EQ,1817325,589749,32.45
20,1708,NTPC,EQ,12141064,5984750,49.29
20,1709,NTPCGREEN,EQ,4717438,2334497,49.49
20,1710,NUCLEUS,EQ,20655,14465,70.03
20,1711,NUVAMA,EQ,625882,113122,18.07
20,1712,NUVOCO,EQ,52449,21602,41.19
20,1713,NV20,EQ,15618,7217,46.21
20,1714,NV20BEES,EQ,19797,15189,76.72
20,1715,NV20IETF,EQ,440439,299104,67.91
20,1716,NXST,RR,52841,40931,77.46
20,1717,NYKAA,EQ,5643071,3160519,56.01
20,1718,OAL,EQ,74262,41287,55.60
20,1719,OBCL,EQ,33603,29999,89.27
20,1720,OBEROIRLTY,EQ,456456,210588,46.14
20,1721,OBSCP,ST,61200,57600,94.12
20,1722,OCCL,EQ,7126,4092,57.42
20,1723,OCCLLTD,EQ,93094,62646,67.29
20,1724,OFSS,EQ,108194,35328,32.65
20,1725,OIL,EQ,1597972,590900,36.98
20,1726,OILCOUNTUB,EQ,42989,42987,100.00
20,1727,OILIETF,EQ,3276290,2457341,75.00
20,1728,OLAELEC,EQ,22868898,5358333,23.43
20,1729,OLECTRA,EQ,431527,135993,31.51
20,1730,OLIL,SM,36000,26400,73.33
20,1731,OMAXAUTO,EQ,5690,2788,49.00
20,1732,OMAXE,EQ,35132,17669,50.29
20,1733,OMINFRAL,EQ,128325,71192,55.48
20,1734,ONDOOR,ST,300,300,100.00
20,1735,ONELIFECAP,EQ,19499,14573,74.74
20,1736,ONEPOINT,EQ,368366,176363,47.88
20,1737,ONGC,EQ,8402532,3740953,44.52
20,1738,ONMOBILE,EQ,1365026,578724,42.40
20,1739,ONWARDTEC,EQ,68141,39802,58.41
20,1740,ONYX,ST,18000,18000,100.00
20,1741,OPTIEMUS,EQ,248574,131541,52.92
20,1742,ORCHPHARMA,EQ,46700,19894,42.60
20,1743,ORIANA,SM,58200,34275,58.89
20,1744,ORICONENT,EQ,361968,244197,67.46
20,1745,ORIENTALTL,EQ,157288,48548,30.87
20,1746,ORIENTBELL,EQ,13622,10415,76.46
20,1747,ORIENTCEM,EQ,202749,120512,59.44
20,1748,ORIENTCER,EQ,24174,5627,23.28
20,1749,ORIENTELEC,EQ,142263,55877,39.28
20,1750,ORIENTHOT,EQ,420201,260707,62.04
20,1751,ORIENTPPR,EQ,231554,111594,48.19
20,1752,ORIENTTECH,EQ,378286,218267,57.70
20,1753,ORISSAMINE,EQ,1556,797,51.22
20,1754,ORTINGLOBE,EQ,2429,1639,67.48
20,1755,OSELDEVICE,ST,13600,13600,100.00
20,1756,OSWALAGRO,EQ,93470,70769,75.71
20,1757,OSWALGREEN,EQ,94433,41516,43.96
20,1758,OWAIS,SM,11300,10000,88.50
20,1759,PAGEIND,EQ,30223,11530,38.15
20,1760,PAISALO,EQ,4231055,1230472,29.08
20,1761,PAKKA,EQ,69261,36806,53.14
20,1762,PALASHSECU,EQ,3408,1963,57.60
20,1763,PANACEABIO,EQ,223015,114801,51.48
20,1764,PANAMAPET,EQ,64616,16680,25.81
20,1765,PANSARI,EQ,2280,1189,52.15
20,1766,PARACABLES,EQ,1149623,458114,39.85
20,1767,PARADEEP,EQ,10258605,2624407,25.58
20,1768,PARAGMILK,EQ,416134,163560,39.30
20,1769,PARAGON,ST,13200,12000,90.91
20,1770,PARAMOUNT,SM,1200,1200,100.00
20,1771,PARAS,EQ,131645,59742,45.38
20,1772,PARASPETRO,EQ,432940,341985,78.99
20,1773,PARKHOTELS,EQ,252151,133412,52.91
20,1774,PARTYCRUS,SM,73000,60000,82.19
20,1775,PASUPTAC,EQ,35463,22467,63.35
20,1776,PATANJALI,EQ,765452,308854,40.35
20,1777,PATELENG,EQ,1920397,861417,44.86
20,1778,PATINTLOG,EQ,131639,54247,41.21
20,1779,PAVNAIND,EQ,3263,1911,58.57
20,1780,PAYTM,EQ,3917666,839635,21.43
20,1781,PCBL,EQ,6559431,2986224,45.53
20,1782,PCCL,SM,8800,6800,77.27
20,1783,PCJEWELLER,EQ,15934957,9391399,58.94
20,1784,PDMJEPAPER,EQ,172917,95398,55.17
20,1785,PDSL,EQ,77098,59484,77.15
20,1786,PEARLPOLY,EQ,6666,3155,47.33
20,1787,PEL,EQ,430258,113708,26.43
20,1788,PELATRO,ST,4800,4200,87.50
20,1789,PENIND,EQ,369689,160324,43.37
20,1790,PENINLAND,EQ,704483,326966,46.41
20,1791,PENTAGON,SM,12000,10000,83.33
20,1792,PERFECT,ST,6000,6000,100.00
20,1793,PERSISTENT,EQ,440631,169226,38.41
20,1794,PETRONET,EQ,1788079,918913,51.39
20,1795,PFC,EQ,10384731,4905164,47.23
20,1796,PFIZER,EQ,16429,9573,58.27
20,1797,PFOCUS,EQ,53364,37547,70.36
20,1798,PFS,EQ,650103,411360,63.28
20,1799,PGEL,EQ,893741,355272,39.75
20,1800,PGHH,EQ,52400,51275,97.85
20,1801,PGHL,EQ,4856,2924,60.21
20,1802,PGIL,EQ,71219,39496,55.46
20,1803,PGINVIT,IV,1068579,945597,88.49
20,1804,PHANTOMFX,ST,7800,7500,96.15
20,1805,PHARMABEES,EQ,2515732,1270632,50.51
20,1806,PHOENIXLTD,EQ,559998,282698,50.48
20,1807,PHOGLOBAL,ST,2000,2000,100.00
20,1808,PIDILITIND,EQ,324713,218204,67.20
20,1809,PIIND,EQ,218062,120109,55.08
20,1810,PILANIINVS,EQ,2676,1993,74.48
20,1811,PILITA,EQ,83905,60615,72.24
20,1812,PITTIENG,EQ,73643,37919,51.49
20,1813,PIXTRANS,EQ,13140,7227,55.00
20,1814,PLASTIBLEN,EQ,5955,3574,60.02
20,1815,PLATIND,EQ,235649,95224,40.41
20,1816,PLAZACABLE,EQ,22824,14688,64.35
20,1817,PNB,EQ,21734744,7503500,34.52
20,1818,PNBGILTS,EQ,599896,231046,38.51
20,1819,PNBHOUSING,EQ,781683,447789,57.29
20,1820,PNC,EQ,15240,12424,81.52
20,1821,PNCINFRA,EQ,568098,367977,64.77
20,1822,PNGJL,EQ,364785,146382,40.13
20,1823,POCL,EQ,31332,19087,60.92
20,1824,PODDARMENT,EQ,1663,1160,69.75
20,1825,POKARNA,EQ,250026,126834,50.73
20,1826,POLICYBZR,EQ,1270301,936382,73.71
20,1827,POLYCAB,EQ,326464,158667,48.60
20,1828,POLYMED,EQ,1059239,252744,23.86
20,1829,POLYPLEX,EQ,41507,19825,47.76
20,1830,POLYSIL,SM,14000,14000,100.00
20,1831,PONNIERODE,EQ,9398,7032,74.82
20,1832,POONAWALLA,EQ,1359023,460980,33.92
20,1833,POSITRON,SM,5400,4500,83.33
20,1834,POWERGRID,EQ,19836427,10003074,50.43
20,1835,POWERINDIA,EQ,207500,60030,28.93
20,1836,POWERMECH,EQ,75646,48310,63.86
20,1837,PPAP,EQ,12479,7256,58.15
20,1838,PPL,EQ,44844,20902,46.61
20,1839,PPLPHARMA,EQ,2038241,716393,35.15
20,1840,PRAENG,EQ,18758,13316,70.99
20,1841,PRAJIND,EQ,1406679,513558,36.51
20,1842,PRAKASH,EQ,265442,132490,49.91
20,1843,PRAKASHSTL,EQ,169947,90639,53.33
20,1844,PRAMARA,SM,5000,5000,100.00
20,1845,PRANIK,SM,4800,4800,100.00
20,1846,PRATHAM,ST,32400,32000,98.77
20,1847,PRECAM,EQ,171872,51826,30.15
20,1848,PRECISION,ST,4000,4000,100.00
20,1849,PRECWIRE,EQ,91134,54729,60.05
20,1850,PREMEXPLN,EQ,60568,35931,59.32
20,1851,PREMIERENE,EQ,9921270,2068097,20.85
20,1852,PRESSTONIC,ST,4000,4000,100.00
20,1853,PRESTIGE,EQ,953776,599441,62.85
20,1854,PRICOLLTD,EQ,148222,69127,46.64
20,1855,PRIMESECU,EQ,69475,38598,55.56
20,1856,PRINCEPIPE,EQ,97155,57852,59.55
20,1857,PRITI,EQ,8196,5206,63.52
20,1858,PRITIKA,ST,25000,13000,52.00
20,1859,PRITIKAUTO,EQ,113898,69495,61.02
20,1860,PRIVISCL,EQ,17413,12672,72.77
20,1861,PRIZOR,ST,11200,11200,100.00
20,1862,PRLIND,SM,17000,10000,58.82
20,1863,PROLIFE,SM,3000,3000,100.00
20,1864,PROPEQUITY,SM,1800,1200,66.67
20,1865,PROV,SM,3600,3520,97.78
20,1866,PRSMJOHNSN,EQ,232975,102061,43.81
20,1867,PRUDENT,EQ,166104,76050,45.78
20,1868,PSB,EQ,715720,266251,37.20
20,1869,PSFL,SM,448000,264000,58.93
20,1870,PSPPROJECT,EQ,38536,30398,78.88
20,1871,PSUBANK,EQ,35731,19525,54.64
20,1872,PSUBANKADD,EQ,4766,2123,44.54
20,1873,PSUBNKBEES,EQ,5889103,4679058,79.45
20,1874,PSUBNKIETF,EQ,175625,61866,35.23
20,1875,PTC,EQ,1348773,862286,63.93
20,1876,PTCIL,EQ,5903,2771,46.94
20,1877,PTL,EQ,21785,12856,59.01
20,1878,PUNJABCHEM,EQ,8218,4705,57.25
20,1879,PURPLEUTED,SM,45000,33000,73.33
20,1880,PURVA,EQ,52644,24062,45.71
20,1881,PURVFLEXI,SM,4800,3200,66.67
20,1882,PVP,EQ,233694,143637,61.46
20,1883,PVRINOX,EQ,558687,255170,45.67
20,1884,PVSL,EQ,27211,12485,45.88
20,1885,PVTBANIETF,EQ,3778210,3300763,87.36
20,1886,PVTBANKADD,EQ,28922,18582,64.25
20,1887,PYRAMID,EQ,139268,27095,19.46
20,1888,QGOLDHALF,EQ,106361,58054,54.58
20,1889,QMSMEDI,SM,21000,18000,85.71
20,1890,QNIFTY,EQ,478,367,76.78
20,1891,QUADFUTURE,EQ,6873879,1001147,14.56
20,1892,QUADPRO,SM,60000,48000,80.00
20,1893,QUAL30IETF,EQ,315675,301828,95.61
20,1894,QUESS,EQ,180457,80350,44.53
20,1895,QUESTLAB,ST,28800,28800,100.00
20,1896,QUICKHEAL,EQ,154401,52877,34.25
20,1897,QUICKTOUCH,ST,7500,7000,93.33
20,1898,RACE,EQ,76304,47440,62.17
20,1899,RACLGEAR,EQ,14357,10725,74.70
20,1900,RADHIKAJWE,EQ,178811,98218,54.93
20,1901,RADIANTCMS,EQ,83314,49820,59.80
20,1902,RADICO,EQ,179946,87332,48.53
20,1903,RADIOCITY,EQ,125095,100316,80.19
20,1904,RADIOCITY,P1,208,208,100.00
20,1905,RADIOWALLA,SM,3200,3200,100.00
20,1906,RAILTEL,EQ,1933976,437727,22.63
20,1907,RAIN,EQ,733218,373237,50.90
20,1908,RAINBOW,EQ,172258,111621,64.80
20,1909,RAJESHEXPO,EQ,668514,345411,51.67
20,1910,RAJINDLTD,SM,6000,6000,100.00
20,1911,RAJMET,EQ,340708,238660,70.05
20,1912,RAJPUTANA,SM,4000,3000,75.00
20,1913,RAJRATAN,EQ,13926,9370,67.28
20,1914,RAJSREESUG,EQ,13360,7134,53.40
20,1915,RALLIS,EQ,362459,198565,54.78
20,1916,RAMANEWS,EQ,50915,36260,71.22
20,1917,RAMAPHO,EQ,19821,10068,50.79
20,1918,RAMASTEEL,EQ,7338782,1709552,23.29
20,1919,RAMCOCEM,EQ,196214,49474,25.21
20,1920,RAMCOIND,EQ,54436,28770,52.85
20,1921,RAMCOSYS,EQ,35098,18078,51.51
20,1922,RAMKY,EQ,15533,8700,56.01
20,1923,RAMRAT,EQ,46951,28871,61.49
20,1924,RANASUG,EQ,98922,50797,51.35
20,1925,RANEENGINE,EQ,9097,5230,57.49
20,1926,RANEHOLDIN,EQ,3429,1906,55.58
20,1927,RAPPID,ST,9600,8400,87.50
20,1928,RATEGAIN,EQ,164722,98088,59.55
20,1929,RATNAMANI,EQ,16253,7473,45.98
20,1930,RATNAVEER,EQ,76594,37465,48.91
20,1931,RAYMOND,EQ,151953,46654,30.70
20,1932,RAYMONDLSL,EQ,194663,104766,53.82
20,1933,RBA,EQ,1388660,662082,47.68
20,1934,RBL,EQ,2928,2106,71.93
20,1935,RBLBANK,EQ,4547815,1676199,36.86
20,1936,RBMINFRA,SM,93000,63400,68.17
20,1937,RBS,ST,57600,49600,86.11
20,1938,RBZJEWEL,EQ,20150,18644,92.53
20,1939,RCDL,SM,21000,18000,85.71
20,1940,RCF,EQ,1562464,464724,29.74
20,1941,RECLTD,EQ,11302969,4742131,41.95
20,1942,REDINGTON,EQ,865398,350008,40.44
20,1943,REDTAPE,EQ,948436,203452,21.45
20,1944,REFRACTORY,ST,136000,132000,97.06
20,1945,RELAXO,EQ,87329,42204,48.33
20,1946,RELCHEMQ,EQ,24074,18189,75.55
20,1947,RELIABLE,EQ,5105,3757,73.59
20,1948,RELIANCE,EQ,16691069,11061482,66.27
20,1949,RELIGARE,EQ,2191392,1514413,69.11
20,1950,RELINFRA,EQ,2889165,1463803,50.67
20,1951,RELTD,EQ,71079,57990,81.59
20,1952,REMSONSIND,EQ,50738,19589,38.61
20,1953,REMUS,SM,2250,1700,75.56
20,1954,RENUKA,EQ,2451918,1038606,42.36
20,1955,REPCOHOME,EQ,105507,54978,52.11
20,1956,REPRO,EQ,11126,9342,83.97
20,1957,RESPONIND,EQ,46615,18120,38.87
20,1958,RETAIL,EQ,8467,7209,85.14
20,1959,REXPIPES,SM,4000,4000,100.00
20,1960,REXPRO,ST,77000,77000,100.00
20,1961,RGL,EQ,190084,76999,40.51
20,1962,RHIM,EQ,55724,32806,58.87
20,1963,RICHA,SM,1000,1000,100.00
20,1964,RICOAUTO,EQ,291075,98707,33.91
20,1965,RIIL,EQ,116785,24548,21.02
20,1966,RILINFRA,SM,13800,10100,73.19
20,1967,RISHABH,EQ,11550,5829,50.47
20,1968,RITCO,EQ,62220,37820,60.78
20,1969,RITES,EQ,2095088,753159,35.95
20,1970,RITEZONE,SM,9600,9600,100.00
20,1971,RKDL,EQ,17815,10578,59.38
20,1972,RKEC,EQ,29705,17665,59.47
20,1973,RKFORGE,EQ,479067,219368,45.79
20,1974,RKSWAMY,EQ,11933,8209,68.79
20,1975,RMDRIP,ST,2000,2000,100.00
20,1976,RML,EQ,5111,2367,46.31
20,1977,RNFI,ST,44400,44400,100.00
20,1978,ROCKINGDCE,SM,4000,2750,68.75
20,1979,ROHLTD,EQ,84452,36699,43.46
20,1980,ROLEXRINGS,EQ,49777,39999,80.36
20,1981,ROML,EQ,896,562,62.72
20,1982,ROSSARI,EQ,28679,9664,33.70
20,1983,ROSSTECH,EQ,11126,5640,50.69
20,1984,ROTO,EQ,47880,19133,39.96
20,1985,ROUTE,EQ,26280,12164,46.29
20,1986,ROXHITECH,ST,11200,9600,85.71
20,1987,RPEL,EQ,43738,20501,46.87
20,1988,RPGLIFE,EQ,60307,19474,32.29
20,1989,RPOWER,EQ,22124568,10285687,46.49
20,1990,RPPL,EQ,125106,84375,67.44
20,1991,RPSGVENT,EQ,40985,20556,50.15
20,1992,RPTECH,EQ,78578,37034,47.13
20,1993,RRKABEL,EQ,127133,94913,74.66
20,1994,RSWM,EQ,57990,32748,56.47
20,1995,RSYSTEMS,EQ,59409,33487,56.37
20,1996,RTNINDIA,EQ,5003057,1027100,20.53
20,1997,RTNPOWER,EQ,11691665,6785233,58.03
20,1998,RUBFILA,EQ,27366,19217,70.22
20,1999,RUBYMILLS,EQ,17725,12555,70.83
20,2000,RUCHINFRA,EQ,18545,13595,73.31
20,2001,RUCHIRA,EQ,16487,8990,54.53
20,2002,RULKA,ST,5100,4800,94.12
20,2003,RUPA,EQ,42456,25609,60.32
20,2004,RUSHIL,EQ,241169,122660,50.86
20,2005,RUSTOMJEE,EQ,38415,24888,64.79
20,2006,RVNL,EQ,15907300,3210397,20.18
20,2007,RVTH,EQ,1148,757,65.94
20,2008,SAAKSHI,SM,4800,4200,87.50
20,2009,SABAR,ST,10000,10000,100.00
20,2010,SADBHIN,EQ,134306,93117,69.33
20,2011,SADHAV,SM,4800,4800,100.00
20,2012,SADHNANIQ,EQ,796666,360714,45.28
20,2013,SAFARI,EQ,71417,20494,28.70
20,2014,SAGARDEEP,EQ,60175,8332,13.85
20,2015,SAGCEM,EQ,24820,13810,55.64
20,2016,SAHAJ,SM,32000,16000,50.00
20,2017,SAHAJSOLAR,SM,8800,5800,65.91
20,2018,SAHANA,ST,17625,14875,84.40
20,2019,SAHASRA,SM,43200,34000,78.70
20,2020,SAHYADRI,EQ,3251,1909,58.72
20,2021,SAIFL,SM,32800,22400,68.29
20,2022,SAIL,EQ,14409187,3259094,22.62
20,2023,SAILIFE,EQ,163811,54542,33.30
20,2024,SAJHOTELS,ST,12000,12000,100.00
20,2025,SAKAR,EQ,14966,7977,53.30
20,2026,SAKHTISUG,EQ,81444,39846,48.92
20,2027,SAKSOFT,EQ,107675,52120,48.40
20,2028,SALASAR,EQ,3455506,1806601,52.28
20,2029,SALONA,EQ,398,312,78.39
20,2030,SALSTEEL,EQ,78822,39834,50.54
20,2031,SALZERELEC,EQ,118147,57451,48.63
20,2032,SAMHI,EQ,1190307,715584,60.12
20,2033,SAMMAANCAP,EQ,7359868,3556803,48.33
20,2034,SANATHAN,EQ,119363,46736,39.15
20,2035,SANDESH,EQ,836,482,57.66
20,2036,SANDHAR,EQ,33013,19962,60.47
20,2037,SANDUMA,EQ,78504,55304,70.45
20,2038,SANGAMIND,EQ,10577,5680,53.70
20,2039,SANGANI,ST,6000,6000,100.00
20,2040,SANGHIIND,EQ,409949,163055,39.77
20,2041,SANGHVIMOV,EQ,134823,65494,48.58
20,2042,SANGINITA,EQ,42447,31532,74.29
20,2043,SANOFI,EQ,11213,5575,49.72
20,2044,SANOFICONR,EQ,2128,1105,51.93
20,2045,SANSERA,EQ,114154,74535,65.29
20,2046,SANSTAR,EQ,214076,98254,45.90
20,2047,SAPPHIRE,EQ,703180,337287,47.97
20,2048,SARDAEN,EQ,370323,205195,55.41
20,2049,SAREGAMA,EQ,884145,123973,14.02
20,2050,SARTELE,SM,28500,22500,78.95
20,2051,SARVESHWAR,EQ,1647732,809643,49.14
20,2052,SASKEN,EQ,3619,2229,61.59
20,2053,SASTASUNDR,EQ,12449,8312,66.77
20,2054,SATECH,ST,8000,7000,87.50
20,2055,SATIA,EQ,163554,107266,65.58
20,2056,SATIN,EQ,99935,47581,47.61
20,2057,SATINDLTD,EQ,229065,98592,43.04
20,2058,SATIPOLY,SM,1000,1000,100.00
20,2059,SATKARTAR,SM,660800,233600,35.35
20,2060,SAURASHCEM,EQ,33630,17690,52.60
20,2061,SBC,EQ,5794240,2390461,41.26
20,2062,SBCL,EQ,52344,25669,49.04
20,2063,SBFC,EQ,678359,408470,60.21
20,2064,SBGLP,EQ,50947,28588,56.11
20,2065,SBICARD,EQ,1629517,855535,52.50
20,2066,SBIETFCON,EQ,12819,11496,89.68
20,2067,SBIETFIT,EQ,6028,5397,89.53
20,2068,SBIETFPB,EQ,6553,3646,55.64
20,2069,SBIETFQLTY,EQ,1591,1290,81.08
20,2070,SBILIFE,EQ,614905,376672,61.26
20,2071,SBIN,EQ,12020807,5976288,49.72
20,2072,SBINEQWETF,EQ,15521,11289,72.73
20,2073,SBISILVER,EQ,74249,64159,86.41
20,2074,SCHAEFFLER,EQ,25517,14643,57.39
20,2075,SCHAND,EQ,47210,36795,77.94
20,2076,SCHNEIDER,EQ,159384,67530,42.37
20,2077,SCI,EQ,1550794,635368,40.97
20,2078,SCILAL,EQ,384293,205168,53.39
20,2079,SCL25B,BI,150,150,100.00
20,2080,SCLZC25,YN,10,10,100.00
20,2081,SCML,SM,2000,2000,100.00
20,2082,SCPL,EQ,3467,2584,74.53
20,2083,SDBL,EQ,1105938,395504,35.76
20,2084,SDL26BEES,EQ,1248,131,10.50
20,2085,SDREAMS,SM,1000,1000,100.00
20,2086,SEAMECLTD,EQ,8308,4979,59.93
20,2087,SECL,ST,87500,81250,92.86
20,2088,SECMARK,EQ,855,687,80.35
20,2089,SECURKLOUD,EQ,12287,8358,68.02
20,2090,SEJALLTD,EQ,2248,1596,71.00
20,2091,SEL,ST,3800,3200,84.21
20,2092,SELAN,EQ,46509,22691,48.79
20,2093,SELMC,EQ,9851,6629,67.29
20,2094,SENCO,EQ,1194865,580594,48.59
20,2095,SENORES,EQ,370444,181130,48.90
20,2096,SENSEXADD,EQ,1445,1035,71.63
20,2097,SENSEXETF,EQ,8472,6129,72.34
20,2098,SENSEXIETF,EQ,6402,2052,32.05
20,2099,SEPC,EQ,4798070,2158587,44.99
20,2100,SEQUENT,EQ,206684,112976,54.66
20,2101,SERVICE,SM,4000,4000,100.00
20,2102,SERVOTECH,EQ,482216,214182,44.42
20,2103,SESHAPAPER,EQ,10004,6448,64.45
20,2104,SETF10GILT,EQ,3535,2702,76.44
20,2105,SETFGOLD,EQ,1539908,1206683,78.36
20,2106,SETFNIF50,EQ,888033,573901,64.63
20,2107,SETFNIFBK,EQ,334256,254476,76.13
20,2108,SETFNN50,EQ,23616,12549,53.14
20,2109,SFL,EQ,88779,47106,53.06
20,2110,SFML,SM,11200,9600,85.71
20,2111,SGBAPR28I,GB,97,74,76.29
20,2112,SGBAUG27,GB,108,90,83.33
20,2113,SGBAUG28V,GB,560,391,69.82
20,2114,SGBAUG29V,GB,312,291,93.27
20,2115,SGBAUG30,GB,324,255,78.70
20,2116,SGBD29VIII,GB,552,304,55.07
20,2117,SGBDC27VII,GB,34,31,91.18
20,2118,SGBDE30III,GB,1050,850,80.95
20,2119,SGBDE31III,GB,2760,1852,67.10
20,2120,SGBDEC25,GB,10,10,100.00
20,2121,SGBDEC26,GB,1,1,100.00
20,2122,SGBFEB27,GB,11,11,100.00
20,2123,SGBFEB29XI,GB,18,17,94.44
20,2124,SGBFEB32IV,GB,1189,801,67.37
20,2125,SGBJAN26,GB,1,1,100.00
20,2126,SGBJAN27,GB,11,11,100.00
20,2127,SGBJAN29IX,GB,161,142,88.20
20,2128,SGBJAN29X,GB,29,27,93.10
20,2129,SGBJAN30IX,GB,81,64,79.01
20,2130,SGBJU29III,GB,78,63,80.77
20,2131,SGBJUL25,GB,106,73,68.87
20,2132,SGBJUL27,GB,13,13,100.00
20,2133,SGBJUL28IV,GB,312,286,91.67
20,2134,SGBJUL29IV,GB,60,43,71.67
20,2135,SGBJUN27,GB,68,66,97.06
20,2136,SGBJUN28,GB,166,105,63.25
20,2137,SGBJUN29II,GB,96,85,88.54
20,2138,SGBJUN30,GB,156,146,93.59
20,2139,SGBJUN31I,GB,254,230,90.55
20,2140,SGBMAR25,GB,60,48,80.00
20,2141,SGBMAR28X,GB,152,129,84.87
20,2142,SGBMAR30X,GB,255,186,72.94
20,2143,SGBMAR31IV,GB,397,348,87.66
20,2144,SGBMAY25,GB,357,278,77.87
20,2145,SGBMAY26,GB,12,6,50.00
20,2146,SGBMAY28,GB,2480,2185,88.10
20,2147,SGBMAY29I,GB,192,151,78.65
20,2148,SGBMR29XII,GB,144,138,95.83
20,2149,SGBN28VIII,GB,68,56,82.35
20,2150,SGBNOV258,GB,6,6,100.00
20,2151,SGBNOV25VI,GB,47,47,100.00
20,2152,SGBNOV26,GB,10,8,80.00
20,2153,SGBNV29VII,GB,276,206,74.64
20,2154,SGBOC28VII,GB,34,34,100.00
20,2155,SGBOCT25,GB,18,18,100.00
20,2156,SGBOCT25IV,GB,2,2,100.00
20,2157,SGBOCT25V,GB,4,4,100.00
20,2158,SGBOCT26,GB,9,9,100.00
20,2159,SGBOCT27,GB,25,21,84.00
20,2160,SGBOCT27VI,GB,16,12,75.00
20,2161,SGBSEP28VI,GB,180,123,68.33
20,2162,SGBSEP29VI,GB,101,82,81.19
20,2163,SGBSEP31II,GB,824,641,77.79
20,2164,SGL,EQ,35810,29025,81.05
20,2165,SGLTL,EQ,1681349,381281,22.68
20,2166,SHAH,EQ,415102,269602,64.95
20,2167,SHAHALLOYS,EQ,22746,17340,76.23
20,2168,SHALBY,EQ,197448,123975,62.79
20,2169,SHALPAINTS,EQ,59622,25101,42.10
20,2170,SHANKARA,EQ,367462,157976,42.99
20,2171,SHANTHALA,ST,2400,2400,100.00
20,2172,SHANTI,EQ,56358,45126,80.07
20,2173,SHANTIGEAR,EQ,30830,8039,26.08
20,2174,SHARDACROP,EQ,364416,200477,55.01
20,2175,SHARDAMOTR,EQ,11168,4588,41.08
20,2176,SHAREINDIA,EQ,301832,124405,41.22
20,2177,SHARIABEES,EQ,4702,3320,70.61
20,2178,SHEETAL,SM,34000,24000,70.59
20,2179,SHEMAROO,EQ,12584,8144,64.72
20,2180,SHERA,SM,10000,9000,90.00
20,2181,SHILPAMED,EQ,198652,105761,53.24
20,2182,SHIVALIK,EQ,350145,142522,40.70
20,2183,SHIVAMAUTO,EQ,61065,37774,61.86
20,2184,SHIVAMILLS,EQ,23016,6002,26.08
20,2185,SHIVATEX,EQ,6587,1720,26.11
20,2186,SHK,EQ,53884,28455,52.81
20,2187,SHOPERSTOP,EQ,107029,11295,10.55
20,2188,SHREDIGCEM,EQ,187440,100681,53.71
20,2189,SHREECEM,EQ,22726,9827,43.24
20,2190,SHREEKARNI,ST,1500,1500,100.00
20,2191,SHREEOSFM,SM,5000,3000,60.00
20,2192,SHREEPUSHK,EQ,34140,24476,71.69
20,2193,SHRENIK,EQ,913802,594089,65.01
20,2194,SHREYANIND,EQ,8237,4492,54.53
20,2195,SHRIPISTON,EQ,53095,23729,44.69
20,2196,SHRIRAMFIN,EQ,12290382,6052886,49.25
20,2197,SHRIRAMPPS,EQ,719778,377515,52.45
20,2198,SHRITECH,SM,28000,20000,71.43
20,2199,SHUBHSHREE,ST,1200,1200,100.00
20,2200,SHYAMCENT,EQ,77853,58873,75.62
20,2201,SHYAMMETL,EQ,296283,180995,61.09
20,2202,SIEMENS,EQ,1116985,610091,54.62
20,2203,SIGACHI,EQ,3112281,1142575,36.71
20,2204,SIGIND,EQ,14231,7738,54.37
20,2205,SIGMA,EQ,4355,2146,49.28
20,2206,SIGNATURE,EQ,506256,66624,13.16
20,2207,SIGNORIA,ST,5000,5000,100.00
20,2208,SIKKO,EQ,198433,80155,40.39
20,2209,SIL,EQ,29265,16360,55.90
20,2210,SILGO,EQ,65637,24924,37.97
20,2211,SILINV,EQ,2077,983,47.33
20,2212,SILKFLEX,SM,4000,4000,100.00
20,2213,SILLYMONKS,EQ,24750,21980,88.81
20,2214,SILVER,EQ,151287,107551,71.09
20,2215,SILVER1,EQ,57632,46538,80.75
20,2216,SILVERADD,EQ,5878,5810,98.84
20,2217,SILVERBEES,EQ,4219628,2901819,68.77
20,2218,SILVERETF,EQ,216983,140677,64.83
20,2219,SILVERIETF,EQ,432091,336209,77.81
20,2220,SILVERTUC,EQ,13685,3955,28.90
20,2221,SILVRETF,EQ,11737,8290,70.63
20,2222,SINCLAIR,EQ,55348,24448,44.17
20,2223,SINDHUTRAD,EQ,1337334,555315,41.52
20,2224,SINTERCOM,EQ,2722,1080,39.68
20,2225,SIRCA,EQ,49369,30937,62.66
20,2226,SIS,EQ,88656,56517,63.75
20,2227,SIYSIL,EQ,128462,71517,55.67
20,2228,SJLOGISTIC,SM,58000,34500,59.48
20,2229,SJS,EQ,28594,14206,49.68
20,2230,SJVN,EQ,4707808,1255404,26.67
20,2231,SKFINDIA,EQ,22573,13028,57.71
20,2232,SKIPPER,EQ,622322,212058,34.08
20,2233,SKMEGGPROD,EQ,24416,13503,55.30
20,2234,SKP,SM,1500,1500,100.00
20,2235,SKYGOLD,EQ,52347,52347,100.00
20,2236,SLONE,ST,7200,7200,100.00
20,2237,SMALLCAP,EQ,1198743,962614,80.30
20,2238,SMCGLOBAL,EQ,85856,49975,58.21
20,2239,SMLISUZU,EQ,3631,2034,56.02
20,2240,SMLT,EQ,26394,16863,63.89
20,2241,SMSPHARMA,EQ,37475,19204,51.24
20,2242,SMVD,SM,40400,40400,100.00
20,2243,SNOWMAN,EQ,766210,251442,32.82
20,2244,SOBHA,EQ,305149,93168,30.53
20,2245,SOLARA,EQ,73449,44856,61.07
20,2246,SOLARAPP,E1,2177,1728,79.38
20,2247,SOLARINDS,EQ,64898,29557,45.54
20,2248,SOLEX,ST,15375,12875,83.74
20,2249,SOMANYCERA,EQ,11274,6776,60.10
20,2250,SOMICONVEY,EQ,12114,8498,70.15
20,2251,SONACOMS,EQ,6030302,1741519,28.88
20,2252,SONAMAC,ST,7000,7000,100.00
20,2253,SONAMLTD,EQ,1761245,500006,28.39
20,2254,SONATSOFTW,EQ,222681,136100,61.12
20,2255,SONUINFRA,ST,9000,9000,100.00
20,2256,SOTL,EQ,21049,10460,49.69
20,2257,SOUTHBANK,EQ,10509639,3168226,30.15
20,2258,SOUTHWEST,EQ,59995,35492,59.16
20,2259,SPAL,EQ,40431,21196,52.43
20,2260,SPANDANA,EQ,306184,149348,48.78
20,2261,SPARC,EQ,377040,210143,55.73
20,2262,SPCL,ST,18600,18000,96.77
20,2263,SPECIALITY,EQ,84523,50509,59.76
20,2264,SPECTRUM,SM,4875,2375,48.72
20,2265,SPECTSTM,ST,38400,38400,100.00
20,2266,SPENCERS,EQ,165806,81349,49.06
20,2267,SPIC,EQ,188087,93557,49.74
20,2268,SPLIL,EQ,41763,32803,78.55
20,2269,SPLPETRO,EQ,41063,23468,57.15
20,2270,SPORTKING,EQ,112256,70966,63.22
20,2271,SPPPOLY,ST,6000,6000,100.00
20,2272,SRD,EQ,58640,34492,58.82
20,2273,SREEL,EQ,53346,22789,42.72
20,2274,SRF,EQ,1166529,578990,49.63
20,2275,SRGHFL,EQ,23782,18305,76.97
20,2276,SRHHYPOLTD,EQ,10298,4548,44.16
20,2277,SRIVASAVI,SM,3000,3000,100.00
20,2278,SSDL,EQ,39922,21025,52.67
20,2279,SSEGL,SM,30400,19200,63.16
20,2280,SSFL,SM,21500,19500,90.70
20,2281,S&SPOWER,EQ,5164,1957,37.90
20,2282,SSWL,EQ,163602,112470,68.75
20,2283,STANLEY,EQ,42544,21746,51.11
20,2284,STAR,EQ,739843,331238,44.77
20,2285,STARCEMENT,EQ,375262,163464,43.56
20,2286,STARHEALTH,EQ,432378,269164,62.25
20,2287,STARPAPER,EQ,6536,3207,49.07
20,2288,STARTECK,EQ,11895,1040,8.74
20,2289,STCINDIA,EQ,23394,9377,40.08
20,2290,STEELCAS,EQ,19665,13136,66.80
20,2291,STEELCITY,EQ,17705,11385,64.30
20,2292,STEELXIND,EQ,786758,490222,62.31
20,2293,STEL,EQ,8928,6709,75.15
20,2294,STERTOOLS,EQ,294418,109182,37.08
20,2295,STLTECH,EQ,482728,239434,49.60
20,2296,STOVEKRAFT,EQ,235615,111898,47.49
20,2297,STYLAMIND,EQ,75061,64549,86.00
20,2298,STYLEBAAZA,EQ,397910,233210,58.61
20,2299,STYRENIX,EQ,18558,10273,55.36
20,2300,SUBEXLTD,EQ,2515584,1452406,57.74
20,2301,SUBROS,EQ,160479,43823,27.31
20,2302,SUDARSCHEM,EQ,154800,81140,52.42
20,2303,SUKHJITS,EQ,7925,5231,66.01
20,2304,SULA,EQ,211119,105612,50.02
20,2305,SUMICHEM,EQ,392047,175857,44.86
20,2306,SUMMITSEC,EQ,12495,4702,37.63
20,2307,SUNCLAY,EQ,7186,3216,44.75
20,2308,SUNDARAM,EQ,544557,370323,68.00
20,2309,SUNDARMFIN,EQ,577751,104615,18.11
20,2310,SUNDARMHLD,EQ,16951,9360,55.22
20,2311,SUNDRMFAST,EQ,240826,197923,82.19
20,2312,SUNLITE,SM,10800,8400,77.78
20,2313,SUNPHARMA,EQ,2796294,1758794,62.90
20,2314,SUNTECK,EQ,161742,72848,45.04
20,2315,SUNTV,EQ,522380,237498,45.46
20,2316,SUPERHOUSE,EQ,9177,5022,54.72
20,2317,SUPERSPIN,EQ,19295,14619,75.77
20,2318,SUPRAJIT,EQ,186095,37267,20.03
20,2319,SUPREME,EQ,116921,78182,66.87
20,2320,SUPREMEIND,EQ,695882,440312,63.27
20,2321,SUPREMEPWR,ST,186500,183000,98.12
20,2322,SUPRIYA,EQ,370346,171158,46.22
20,2323,SURAJEST,EQ,172388,129347,75.03
20,2324,SURAKSHA,EQ,86424,33523,38.79
20,2325,SURANASOL,EQ,331731,145481,43.86
20,2326,SURANAT&P,EQ,90608,51029,56.32
20,2327,SURANI,ST,1600,1600,100.00
20,2328,SURYALAXMI,EQ,5847,3970,67.90
20,2329,SURYAROSNI,EQ,152579,72301,47.39
20,2330,SURYODAY,EQ,150032,88863,59.23
20,2331,SUTLEJTEX,EQ,41494,24669,59.45
20,2332,SUVEN,EQ,365157,206997,56.69
20,2333,SUVENPHAR,EQ,226250,148565,65.66
20,2334,SUVIDHAA,EQ,107898,81302,75.35
20,2335,SUYOG,EQ,10890,5661,51.98
20,2336,SUZLON,EQ,42367489,19798710,46.73
20,2337,SWANENERGY,EQ,1139985,449870,39.46
20,2338,SWARAJ,SM,28000,21500,76.79
20,2339,SWARAJENG,EQ,8447,4757,56.32
20,2340,SWASTIK,SM,9600,6000,62.50
20,2341,SWELECTES,EQ,11077,4286,38.69
20,2342,SWIGGY,EQ,10441964,3475554,33.28
20,2343,SWSOLAR,EQ,1100599,513406,46.65
20,2344,SYLVANPLY,SM,4000,4000,100.00
20,2345,SYMPHONY,EQ,147289,47075,31.96
20,2346,SYNCOMF,EQ,1535261,630376,41.06
20,2347,SYNGENE,EQ,519741,300923,57.90
20,2348,SYNOPTICS,SM,1800,1800,100.00
20,2349,SYRMA,EQ,1344534,309716,23.04
20,2350,SYSTANGO,SM,5600,3600,64.29
20,2351,TAC,ST,7200,7200,100.00
20,2352,TAINWALCHM,EQ,14870,6130,41.22
20,2353,TAJGVK,EQ,2467798,516854,20.94
20,2354,TALBROAUTO,EQ,32581,15093,46.32
20,2355,TANLA,EQ,547509,221833,40.52
20,2356,TARC,EQ,580130,290254,50.03
20,2357,TARIL,EQ,677646,469165,69.23
20,2358,TARMAT,EQ,6454,3498,54.20
20,2359,TARSONS,EQ,23523,11743,49.92
20,2360,TASTYBITE,EQ,2460,1255,51.02
20,2361,TATACHEM,EQ,5589827,1149017,20.56
20,2362,TATACOMM,EQ,93419,42359,45.34
20,2363,TATACONSUM,EQ,2251233,1145472,50.88
20,2364,TATAELXSI,EQ,87790,32459,36.97
20,2365,TATAGOLD,EQ,8334165,6549046,78.58
20,2366,TATAINVEST,EQ,18414,8234,44.72
20,2367,TATAMOTORS,EQ,16792005,5788845,34.47
20,2368,TATAPOWER,EQ,7633708,3066632,40.17
20,2369,TATASTEEL,EQ,25032519,9466982,37.82
20,2370,TATATECH,EQ,519038,286477,55.19
20,2371,TATSILV,EQ,1708867,1494917,87.48
20,2372,TATVA,EQ,21751,11837,54.42
20,2373,TBI,SM,24000,17400,72.50
20,2374,TBOTEK,EQ,15441,6396,41.42
20,2375,TBZ,EQ,248457,95555,38.46
20,2376,TCI,EQ,21529,11152,51.80
20,2377,TCIEXP,EQ,22903,12880,56.24
20,2378,TCL,SM,62400,35200,56.41
20,2379,TCLCONS,EQ,89987,61226,68.04
20,2380,TCPLPACK,EQ,3660,1051,28.72
20,2381,TCS,EQ,2547132,1843488,72.38
20,2382,TDPOWERSYS,EQ,853821,466515,54.64
20,2383,TEAMLEASE,EQ,84417,71258,84.41
20,2384,TECH,EQ,589216,587967,99.79
20,2385,TECHERA,ST,112000,105600,94.29
20,2386,TECHLABS,ST,89875,85875,95.55
20,2387,TECHM,EQ,1467006,917752,62.56
20,2388,TECHNOE,EQ,1759830,279051,15.86
20,2389,TECILCHEM,EQ,1714,1481,86.41
20,2390,TEGA,EQ,43476,22930,52.74
20,2391,TEJASNET,EQ,868006,317923,36.63
20,2392,TEXINFRA,EQ,591013,282832,47.86
20,2393,TEXMOPIPES,EQ,37009,25081,67.77
20,2394,TEXRAIL,EQ,3452557,1195653,34.63
20,2395,TFCILTD,EQ,250514,110509,44.11
20,2396,TGBHOTELS,EQ,68037,26740,39.30
20,2397,TGL,ST,90000,85200,94.67
20,2398,THANGAMAYL,EQ,24257,13900,57.30
20,2399,THEINVEST,EQ,5098,3666,71.91
20,2400,THEJO,EQ,1815,1122,61.82
20,2401,THEMISMED,EQ,22333,10287,46.06
20,2402,THERMAX,EQ,279591,79052,28.27
20,2403,THOMASCOOK,EQ,3210914,1416951,44.13
20,2404,THYROCARE,EQ,50368,19880,39.47
20,2405,TI,EQ,748126,304396,40.69
20,2406,TIIL,EQ,5878,2888,49.13
20,2407,TIINDIA,EQ,370784,171977,46.38
20,2408,TIL,EQ,22786,17525,76.91
20,2409,TIMETECHNO,EQ,860468,230031,26.73
20,2410,TIMKEN,EQ,60130,38716,64.39
20,2411,TIPSMUSIC,EQ,381201,267189,70.09
20,2412,TIRUMALCHM,EQ,380144,124263,32.69
20,2413,TIRUPATI,SM,10000,10000,100.00
20,2414,TITAGARH,EQ,3140871,561814,17.89
20,2415,TITAN,EQ,1279779,590495,46.14
20,2416,TMB,EQ,36896,22336,60.54
20,2417,TNIDETF,EQ,27495,20473,74.46
20,2418,TNPETRO,EQ,77549,34537,44.54
20,2419,TNPL,EQ,62488,34768,55.64
20,2420,TOKYOPLAST,EQ,2319,1874,80.81
20,2421,TOLINS,EQ,152008,78297,51.51
20,2422,TOP100CASE,EQ,425211,284568,66.92
20,2423,TOP10ADD,EQ,1405298,1265707,90.07
20,2424,TORNTPHARM,EQ,880065,628158,71.38
20,2425,TORNTPOWER,EQ,480098,105873,22.05
20,2426,TOTAL,EQ,14107,5420,38.42
20,2427,TOUCHWOOD,EQ,6507,4808,73.89
20,2428,TPLPLASTEH,EQ,135336,12334,9.11
20,2429,TRACXN,EQ,268241,175170,65.30
20,2430,TRANSRAILL,EQ,991619,245021,24.71
20,2431,TRANSTEEL,ST,54000,52000,96.30
20,2432,TRANSWORLD,EQ,31362,18558,59.17
20,2433,TREEHOUSE,EQ,4830,2898,60.00
20,2434,TREJHARA,EQ,29593,19478,65.82
20,2435,TREL,EQ,184430,78987,42.83
20,2436,TRENT,EQ,2602288,1091861,41.96
20,2437,TRF,EQ,14403,9780,67.90
20,2438,TRIDENT,EQ,4255047,1477586,34.73
20,2439,TRIDHYA,SM,36000,21000,58.33
20,2440,TRIGYN,EQ,51529,24773,48.08
20,2441,TRITURBINE,EQ,4671373,1677239,35.90
20,2442,TRIVENI,EQ,363104,191615,52.77
20,2443,TROM,SM,6000,4200,70.00
20,2444,TRUST,ST,24000,24000,100.00
20,2445,TTKHLTCARE,EQ,12786,10948,85.62
20,2446,TTKPRESTIG,EQ,14898,7461,50.08
20,2447,TTML,EQ,2538197,686357,27.04
20,2448,TUNWAL,SM,84000,54000,64.29
20,2449,TVSELECT,EQ,9309,4367,46.91
20,2450,TVSHLTD,EQ,7339,3853,52.50
20,2451,TVSMOTOR,EQ,1473984,870232,59.04
20,2452,TVSSCS,EQ,402469,221551,55.05
20,2453,TVSSRICHAK,EQ,2145,1245,58.04
20,2454,TVTODAY,EQ,63623,32312,50.79
20,2455,UBL,EQ,268221,77579,28.92
20,2456,UCL,SM,4000,4000,100.00
20,2457,UCOBANK,EQ,3379616,1081670,32.01
20,2458,UDAICEMENT,EQ,103908,60074,57.81
20,2459,UDS,EQ,212430,112436,52.93
20,2460,UFLEX,EQ,22674,10423,45.97
20,2461,UFO,EQ,153373,80311,52.36
20,2462,UGARSUGAR,EQ,88504,37593,42.48
20,2463,UGROCAP,EQ,108261,59794,55.23
20,2464,UHTL,ST,52000,38000,73.08
20,2465,UJJIVANSFB,EQ,15056187,3613949,24.00
20,2466,ULTRACEMCO,EQ,314752,144156,45.80
20,2467,UMA,SM,16000,16000,100.00
20,2468,UMAEXPORTS,EQ,202252,77129,38.14
20,2469,UMESLTD,EQ,15778,10253,64.98
20,2470,UNICHEMLAB,EQ,40037,25070,62.62
20,2471,UNIDT,EQ,6832,3886,56.88
20,2472,UNIECOM,EQ,484017,111472,23.03
20,2473,UNIENTER,EQ,13244,5835,44.06
20,2474,UNIHEALTH,SM,1000,1000,100.00
20,2475,UNIINFO,EQ,4855,1224,25.21
20,2476,UNILEX,SM,1600,1600,100.00
20,2477,UNIMECH,EQ,100371,43224,43.06
20,2478,UNIONBANK,EQ,10610648,4280740,40.34
20,2479,UNIPARTS,EQ,31913,18345,57.48
20,2480,UNITDSPR,EQ,478244,233964,48.92
20,2481,UNITEDTEA,EQ,7915,3249,41.05
20,2482,UNIVCABLES,EQ,11668,6819,58.44
20,2483,UNOMINDA,EQ,554380,337191,60.82
20,2484,UPL,EQ,3541038,1313495,37.09
20,2485,URAVIDEF,EQ,2895,2450,84.63
20,2486,URBAN,ST,14000,11600,82.86
20,2487,USASEEDS,SM,300,300,100.00
20,2488,USHAFIN,SM,25600,19200,75.00
20,2489,USHAMART,EQ,547303,240987,44.03
20,2490,USK,EQ,29706,13871,46.69
20,2491,UTIAMC,EQ,80293,35279,43.94
20,2492,UTIBANKETF,EQ,2767927,2604372,94.09
20,2493,UTINEXT50,EQ,46081,27087,58.78
20,2494,UTINIFTETF,EQ,14935,13936,93.31
20,2495,UTISENSETF,EQ,1478,1125,76.12
20,2496,UTISXN50,EQ,2362,1139,48.22
20,2497,UTKARSHBNK,EQ,924960,473855,51.23
20,2498,UTSSAV,ST,51600,48000,93.02
20,2499,UTTAMSUGAR,EQ,59417,44960,75.67
20,2500,UYFINCORP,EQ,87053,60145,69.09
20,2501,VADILALIND,EQ,3542,1626,45.91
20,2502,VAIBHAVGBL,EQ,300313,117970,39.28
20,2503,VAISHALI,EQ,713048,646018,90.60
20,2504,VAKRANGEE,EQ,1699576,1699576,100.00
20,2505,VAL30IETF,EQ,293085,256935,87.67
20,2506,VALIANTLAB,EQ,19887,13663,68.70
20,2507,VALIANTORG,EQ,21460,12344,57.52
20,2508,VARDHACRLC,EQ,10396,6603,63.51
20,2509,VARROC,EQ,289600,129111,44.58
20,2510,VASCONEQ,EQ,458759,250460,54.60
20,2511,VASWANI,EQ,89716,55324,61.67
20,2512,VBL,EQ,4407907,2533481,57.48
20,2513,VCL,EQ,115085,79010,68.65
20,2514,VDEAL,SM,1200,1200,100.00
20,2515,VEDL,EQ,9934297,3435507,34.58
20,2516,VEEDOL,EQ,9100,4402,48.37
20,2517,VELS,SM,8400,8400,100.00
20,2518,VENKEYS,EQ,21602,10263,47.51
20,2519,VENTIVE,EQ,362130,163087,45.04
20,2520,VENUSPIPES,EQ,105115,46558,44.29
20,2521,VENUSREM,EQ,10963,7415,67.64
20,2522,VERANDA,EQ,86747,50236,57.91
20,2523,VESUVIUS,EQ,6008,2990,49.77
20,2524,VETO,EQ,183385,173720,94.73
20,2525,VGUARD,EQ,221533,133053,60.06
20,2526,VHL,EQ,378,208,55.03
20,2527,VIDHIING,EQ,7312,4231,57.86
20,2528,VIESL,SM,26400,16000,60.61
20,2529,VIJAYA,EQ,186651,54744,29.33
20,2530,VIKASECO,EQ,2685006,1318841,49.12
20,2531,VIKASLIFE,EQ,2436295,1657708,68.04
20,2532,VILAS,SM,87750,62750,71.51
20,2533,VILINBIO,SM,24000,20000,83.33
20,2534,VIMTALABS,EQ,27953,12980,46.44
20,2535,VINATIORGA,EQ,36131,18571,51.40
20,2536,VINCOFE,EQ,228111,128747,56.44
20,2537,VINDHYATEL,EQ,7139,3658,51.24
20,2538,VINEETLAB,EQ,19546,10616,54.31
20,2539,VINSYS,SM,4500,2500,55.56
20,2540,VINYAS,ST,3000,3000,100.00
20,2541,VINYLINDIA,EQ,5821,4004,68.79
20,2542,VIPCLOTHNG,EQ,78818,55265,70.12
20,2543,VIPIND,EQ,367454,227056,61.79
20,2544,VIRINCHI,EQ,155801,97684,62.70
20,2545,VISAKAIND,EQ,583907,94008,16.10
20,2546,VISHNU,EQ,109729,63114,57.52
20,2547,VISHNUINFR,SM,5500,4500,81.82
20,2548,VISHWARAJ,EQ,556110,284847,51.22
20,2549,VISHWAS,SM,1600,1600,100.00
20,2550,VITAL,SM,15600,15600,100.00
20,2551,VIVIANA,ST,8750,7375,84.29
20,2552,VIVIDHA,EQ,274110,190041,69.33
20,2553,VLEGOV,EQ,35232,35232,100.00
20,2554,VLINFRA,ST,3000,3000,100.00
20,2555,VLSFINANCE,EQ,12228,6198,50.69
20,2556,VMARCIND,ST,76500,75250,98.37
20,2557,VMART,EQ,229129,67986,29.67
20,2558,VMM,EQ,80861240,23857058,29.50
20,2559,VOLTAMP,EQ,62984,31907,50.66
20,2560,VOLTAS,EQ,4017475,1712221,42.62
20,2561,VPRPL,EQ,3013351,1066009,35.38
20,2562,VRAJ,EQ,19905,8711,43.76
20,2563,VRLLOG,EQ,54077,28768,53.20
20,2564,VSCL,ST,51000,51000,100.00
20,2565,VSSL,EQ,19281,8991,46.63
20,2566,VSTIND,EQ,94563,49090,51.91
20,2567,VSTL,EQ,41882,25289,60.38
20,2568,VSTTILLERS,EQ,2921,1514,51.83
20,2569,VTL,EQ,90497,42313,46.76
20,2570,WAAREEENER,EQ,1385138,265921,19.20
20,2571,WABAG,EQ,223627,85619,38.29
20,2572,WALCHANNAG,EQ,702402,265945,37.86
20,2573,WANBURY,EQ,144956,98118,67.69
20,2574,WCIL,EQ,185732,85287,45.92
20,2575,WEALTH,EQ,3132,2036,65.01
20,2576,WEIZMANIND,EQ,3813,2042,53.55
20,2577,WEL,EQ,381107,117094,30.72
20,2578,WELCORP,EQ,262664,131354,50.01
20,2579,WELENT,EQ,2885470,1530946,53.06
20,2580,WELINV,EQ,644,354,54.97
20,2581,WELSPUNLIV,EQ,2427699,1055156,43.46
20,2582,WENDT,EQ,582,433,74.40
20,2583,WESTLIFE,EQ,478030,82470,17.25
20,2584,WEWIN,EQ,7461,5431,72.79
20,2585,WHEELS,EQ,18523,9757,52.68
20,2586,WHIRLPOOL,EQ,676685,448663,66.30
20,2587,WILLAMAGOR,EQ,8600,8138,94.63
20,2588,WINDLAS,EQ,21535,10181,47.28
20,2589,WINDMACHIN,EQ,76426,30638,40.09
20,2590,WINSOL,SM,21200,17600,83.02
20,2591,WIPRO,EQ,15366864,9643293,62.75
20,2592,WOCKPHARMA,EQ,737224,330260,44.80
20,2593,WOL3D,SM,6000,6000,100.00
20,2594,WONDERLA,EQ,39317,20997,53.40
20,2595,WORTH,EQ,23663,10779,45.55
20,2596,WSI,EQ,62635,40500,64.66
20,2597,WSTCSTPAPR,EQ,57502,32827,57.09
20,2598,WTICAB,ST,5000,5000,100.00
20,2599,XCHANGING,EQ,59439,31461,52.93
20,2600,XELPMOC,EQ,8405,3741,44.51
20,2601,XPROINDIA,EQ,19036,10013,52.60
20,2602,XTGLOBAL,EQ,12879,5235,40.65
20,2603,YASHO,EQ,7718,4179,54.15
20,2604,YASHOPTICS,SM,11200,9600,85.71
20,2605,YATHARTH,EQ,332734,146944,44.16
20,2606,YATRA,EQ,115135,67765,58.86
20,2607,YCCL,SM,18000,15000,83.33
20,2608,YESBANK,EQ,57242107,22511573,39.33
20,2609,YUDIZ,SM,6400,5600,87.50
20,2610,YUKEN,EQ,13115,7223,55.07
20,2611,ZAGGLE,EQ,207536,126110,60.77
20,2612,ZEAL,SM,4200,3000,71.43
20,2613,ZEEL,EQ,6947979,2957915,42.57
20,2614,ZEELEARN,EQ,333219,193956,58.21
20,2615,ZEEMEDIA,EQ,1122329,773787,68.94
20,2616,ZENITHDRUG,ST,4800,4800,100.00
20,2617,ZENITHEXPO,EQ,837,509,60.81
20,2618,ZENITHSTL,EQ,99245,68504,69.03
20,2619,ZENSARTECH,EQ,2380187,513591,21.58
20,2620,ZENTEC,EQ,447086,189402,42.36
20,2621,ZFCVINDIA,EQ,11253,7792,69.24
20,2622,ZIMLAB,EQ,927173,918559,99.07
20,2623,ZODIAC,EQ,23289,10820,46.46
20,2624,ZODIACLOTH,EQ,5718,4009,70.11
20,2625,ZOMATO,EQ,64341167,23030622,35.79
20,2626,ZOTA,EQ,127341,52388,41.14
20,2627,ZTECH,ST,48000,41400,86.25
20,2628,ZUARI,EQ,232337,79024,34.01
20,2629,ZUARIIND,EQ,32571,21579,66.25
20,2630,ZYDUSLIFE,EQ,449665,180849,40.22
20,2631,ZYDUSWELL,EQ,318925,45284,14.20
