Security Wise Delivery Position - Compulsory Rolling Settlement
10,MTO,03012025,1344988436,0002619
Trade Date <03-JAN-2025>,Settlement Type <N>
Record Type,Sr No,Name of Security,Quantity Traded,Deliverable Quantity(gross across client level),% of Deliverable Quantity to Traded Quantity
20,1,0MOFSL26,N1,50,50,100.00
20,2,1003IIFL29,NC,50,50,100.00
20,3,1003ISFL28,N4,210,210,100.00
20,4,1003SCL30A,NV,41,41,100.00
20,5,1003SFIL28,NX,130,130,100.00
20,6,1015ECL29,NR,1011,837,82.79
20,7,1018GS2026,GS,2001,2001,100.00
20,8,1025UCL25,N8,10,10,100.00
20,9,1030SFIL26,NJ,68,58,85.29
20,10,1035UCL26,NA,44,44,100.00
20,11,1049DLSL25,NX,9,9,100.00
20,12,1050ISFL28,N5,60,60,100.00
20,13,1050NFL26,N7,62,62,100.00
20,14,1050UCL25,N7,35,35,100.00
20,15,1060ECL29,NS,255,235,92.16
20,16,1065NFL27,NC,133,133,100.00
20,17,1075SCL33,YK,1,1,100.00
20,18,10IFSL26,N7,20,20,100.00
20,19,10IIFL28,N4,186,186,100.00
20,20,10IIFL28A,NE,110,110,100.00
20,21,10IIFL29,N6,120,120,100.00
20,22,10NFL25,N9,10,10,100.00
20,23,10NIDO26,N6,235,235,100.00
20,24,1102NFL26,N8,20,10,50.00
20,25,11UCL26,NC,2,1,50.00
20,26,182D130325,TB,100,100,100.00
20,27,182D140225,TB,1000,1000,100.00
20,28,360ONE,EQ,312666,192599,61.60
20,29,364D240425,TB,10000,10000,100.00
20,30,364D280825,TB,400,400,100.00
20,31,3IINFOLTD,EQ,2309992,690407,29.89
20,32,3MINDIA,EQ,3518,972,27.63
20,33,563GS2026,GS,513,513,100.00
20,34,585GS2030,GS,200,200,100.00
20,35,5PAISA,EQ,17614,10324,58.61
20,36,610GS2031,GS,6,6,100.00
20,37,619GS2034,GS,450,450,100.00
20,38,63MOONS,EQ,493509,169330,34.31
20,39,654GS2032,GS,100,100,100.00
20,40,664GS2035,GS,12,12,100.00
20,41,667GS2050,GS,3,1,33.33
20,42,676GS2061,GS,419,419,100.00
20,43,679GS2031,GS,2,0,0.00
20,44,689GS2025,GS,2,2,100.00
20,45,68GS2060,GS,34000,34000,100.00
20,46,695GS2061,GS,10022,10022,100.00
20,47,697GR2034,GS,9,9,100.00
20,48,699GS2026,GS,5300,5300,100.00
20,49,699GS2051,GS,36410,36410,100.00
20,50,702GS2027,GS,1,1,100.00
20,51,702GS2031,GS,103,101,98.06
20,52,704GS2029,GS,300,300,100.00
20,53,709GS2054,GS,201,201,100.00
20,54,709GS2074,GS,1130,1130,100.00
20,55,710GS2029,GS,21660,15581,71.93
20,56,717GS2030,GS,13070,12550,96.02
20,57,718GS2033,GS,1,1,100.00
20,58,718GS2037,GS,3966,3966,100.00
20,59,719GS2060,GS,1,1,100.00
20,60,725GS2063,GS,7605,7605,100.00
20,61,726GS2032,GS,100,100,100.00
20,62,727GS2026,GS,10,10,100.00
20,63,729IRFC26,NN,550,550,100.00
20,64,729NHAI26,NC,3,3,100.00
20,65,732GS2030,GS,1405,1405,100.00
20,66,732IRFC25,NI,126,126,100.00
20,67,733GS2026,GS,6636,6536,98.49
20,68,734GS2064,GS,3900,3900,100.00
20,69,734IRFC28,N4,1,1,100.00
20,70,736GS2052,GS,3,2,66.67
20,71,737GS2028,GS,4900,4000,81.63
20,72,738GS2027,GS,23971,22975,95.84
20,73,738REC27TF,N2,120,70,58.33
20,74,739NHAI26,N8,205,205,100.00
20,75,739NHAI31A,ND,10,10,100.00
20,76,73GS2053,GS,9054,9054,100.00
20,77,740IIFCL33,N1,479,449,93.74
20,78,741GS2036,GS,2100,2100,100.00
20,79,74GS2062,GS,11,11,100.00
20,80,753IRFC30,NJ,15,15,100.00
20,81,753NTPC30E,NC,2,2,100.00
20,82,754GS2036,GS,306042,301733,98.59
20,83,764HUDCO31,N8,1,1,100.00
20,84,764IRFC31,NO,1627,1019,62.63
20,85,764NABAR31,N2,738,650,88.08
20,86,769HUDCO31,N9,265,265,100.00
20,87,769NHAI31,NE,242,242,100.00
20,88,76IGT26,ND,50,50,100.00
20,89,76NHAI31,NA,839,589,70.20
20,90,79NHIT35,N1,1002,1002,100.00
20,91,79NHIT40,N2,1350,1350,100.00
20,92,79NHIT47,N3,270,270,100.00
20,93,805ABFL28,N2,5,5,100.00
20,94,81TCHF28,N8,100,100,100.00
20,95,820IIFL27,N9,1001,1001,100.00
20,96,824GS2027,GS,15,8,53.33
20,97,82HUDCO27,N2,1211,201,16.60
20,98,82IGT31,NJ,180,180,100.00
20,99,830NHAI27,N2,600,599,99.83
20,100,830PFCL27,N5,110,110,100.00
20,101,842IIFL26,NL,1244,1244,100.00
20,102,849NTPC25,N7,28435,27476,96.63
20,103,84CIFCL28,NA,705,705,100.00
20,104,854NHPC28,N2,136,136,100.00
20,105,863REC29,NC,196,196,100.00
20,106,865IIFL28,NS,6750,6404,94.87
20,107,865IRFC29,NA,71,71,100.00
20,108,865LTF26,NN,57,55,96.49
20,109,865TCAPS27,N8,50,50,100.00
20,110,871REC28,N9,411,371,90.27
20,111,875NHAI29,N6,531,516,97.18
20,112,875SFL27,ZF,138,138,100.00
20,113,876HUDCO28,ND,390,390,100.00
20,114,880IREDA34,N6,50,50,100.00
20,115,885IHL26,N1,40,40,100.00
20,116,885MOFSL26,N0,3,3,100.00
20,117,885TCAPS29,NC,8,8,100.00
20,118,888ERFL28,N5,251,251,100.00
20,119,888IRFC29,NE,805,774,96.15
20,120,889SCL27,YT,1,1,100.00
20,121,891IIFCL34,N4,140,140,100.00
20,122,891NTPC33,N6,29,29,100.00
20,123,892NHPC33,N6,212,212,100.00
20,124,892PFCL33,N8,309,309,100.00
20,125,897GS2030,GS,500,500,100.00
20,126,897MOFSL29,N4,50,50,100.00
20,127,898LTF29,N7,1,1,100.00
20,128,901HUDCO34,NE,16,16,100.00
20,129,901NHB34,N6,440,208,47.27
20,130,903SFL28,YI,14,14,100.00
20,131,915SCL26,NE,100,100,100.00
20,132,916SCL25,ZW,21,21,100.00
20,133,91D200325,TB,100,100,100.00
20,134,91MOFSL27,N2,1000,500,50.00
20,135,920IIFLS26,N8,315,315,100.00
20,136,921ISFL25,N0,15,15,100.00
20,137,925AEL26,N1,5,5,100.00
20,138,925IHFL25D,N6,33,33,100.00
20,139,925SCL25,N5,8,8,100.00
20,140,925SCL26F,N1,1,1,100.00
20,141,925SFIL24A,NE,25,25,100.00
20,142,92GS2030,GS,2000,2000,100.00
20,143,92SFIL28,ND,50,50,100.00
20,144,935LTF29,N5,34,34,100.00
20,145,935TSI34,N0,5,5,100.00
20,146,93MOFSL34,N6,3006,2500,83.17
20,147,943ECL28,NJ,540,530,98.15
20,148,945IFSL25,N4,155,155,100.00
20,149,948SCL26D,AI,25,25,100.00
20,150,94IFCI25,NL,20,20,100.00
20,151,956AEL29,N6,25,25,100.00
20,152,957ISFL26,N2,102,2,1.96
20,153,960ISFL25,N1,35,35,100.00
20,154,965SCFL25,AB,1,1,100.00
20,155,965SCL25C,N0,504,504,100.00
20,156,965SCL25F,NZ,1,1,100.00
20,157,965SCL26,YO,50,50,100.00
20,158,965SCL26A,ZB,4,4,100.00
20,159,965SCL26Y,N1,20,20,100.00
20,160,965SFIL25I,NQ,10,10,100.00
20,161,96IIFL28,N5,2912,2623,90.08
20,162,96IIFL28A,NF,3237,3222,99.54
20,163,96SFIL24A,NB,46,46,100.00
20,164,970CAGL28,ND,379,379,100.00
20,165,97MOFSL34,N7,20,20,100.00
20,166,97SFL26,Z9,300,300,100.00
20,167,980SCL33D,YG,600,600,100.00
20,168,985IIFL22,NC,34,34,100.00
20,169,98SFIL26,NU,37,37,100.00
20,170,990SCL26,N7,209,209,100.00
20,171,99AEL29,N7,326,326,100.00
20,172,99SCL27V,N1,1,1,100.00
20,173,9IIFL28,Y0,20,20,100.00
20,174,9MMFSML,N2,798,797,99.87
20,175,9SCL26BA,NA,15,15,100.00
20,176,9SFL25A,ZH,246,246,100.00
20,177,AAATECH,EQ,13384,6827,51.01
20,178,AADHARHFC,EQ,347572,174215,50.12
20,179,AAKASH,EQ,76272,49778,65.26
20,180,AARON,EQ,14648,6455,44.07
20,181,AARTECH,EQ,386751,215949,55.84
20,182,AARTIDRUGS,EQ,68075,36236,53.23
20,183,AARTIIND,EQ,1275032,405697,31.82
20,184,AARTIPHARM,EQ,572154,204462,35.74
20,185,AARTISURF,EQ,15441,7843,50.79
20,186,AARVI,EQ,11641,8750,75.17
20,187,AATMAJ,SM,16000,12000,75.00
20,188,AAVAS,EQ,156024,86680,55.56
20,189,ABAN,EQ,84741,37004,43.67
20,190,ABB,EQ,149381,76627,51.30
20,191,ABBOTINDIA,EQ,6842,2450,35.81
20,192,ABCAPITAL,EQ,2454842,878434,35.78
20,193,ABCOTS,ST,27000,25000,92.59
20,194,ABDL,EQ,565295,322696,57.08
20,195,ABFRL,EQ,2528527,1294519,51.20
20,196,ABGSEC,EQ,18,14,77.78
20,197,ABHAPOWER,ST,86400,75200,87.04
20,198,ABREL,EQ,123498,64844,52.51
20,199,ABSLAMC,EQ,320875,191799,59.77
20,200,ABSLBANETF,EQ,14803,13063,88.25
20,201,ABSLLIQUID,EQ,16510,13168,79.76
20,202,ABSLNN50ET,EQ,12073,8565,70.94
20,203,ABSLPSE,EQ,273929,214862,78.44
20,204,ABSMARINE,SM,110500,91000,82.35
20,205,ACC,EQ,112938,47465,42.03
20,206,ACCELYA,EQ,13945,9517,68.25
20,207,ACCENTMIC,SM,15000,11500,76.67
20,208,ACCURACY,EQ,341130,235999,69.18
20,209,ACE,EQ,236417,95656,40.46
20,210,ACEINTEG,EQ,5654,3711,65.63
20,211,ACI,EQ,79507,32995,41.50
20,212,ACL,EQ,22124,12437,56.21
20,213,ACLGATI,EQ,205957,110517,53.66
20,214,ACMESOLAR,EQ,759915,370935,48.81
20,215,ADANIENSOL,EQ,2550810,1090700,42.76
20,216,ADANIENT,EQ,932795,211130,22.63
20,217,ADANIGREEN,EQ,2143236,571065,26.64
20,218,ADANIPORTS,EQ,3040564,1081374,35.56
20,219,ADANIPOWER,EQ,2965056,758904,25.59
20,220,ADFFOODS,EQ,80537,40736,50.58
20,221,ADL,EQ,7885,2588,32.82
20,222,ADORWELD,EQ,7895,4485,56.81
20,223,ADROITPP1,X1,6897,6494,94.16
20,224,ADSL,EQ,216613,98211,45.34
20,225,ADVANIHOTR,EQ,198808,61627,31.00
20,226,ADVENZYMES,EQ,144720,67811,46.86
20,227,AEGISLOG,EQ,357019,198267,55.53
20,228,AEROFLEX,EQ,479557,187786,39.16
20,229,AERON,SM,92000,55000,59.78
20,230,AESTHETIK,SM,64000,44000,68.75
20,231,AETHER,EQ,99460,52668,52.95
20,232,AFCONS,EQ,6192420,1338342,21.61
20,233,AFFLE,EQ,171164,56563,33.05
20,234,AFFORDABLE,EQ,6437,3749,58.24
20,235,AFIL,EQ,351151,212282,60.45
20,236,AGARIND,EQ,14583,7802,53.50
20,237,AGARWALFT,SM,7500,7500,100.00
20,238,AGARWALTUF,SM,177600,147600,83.11
20,239,AGI,EQ,198606,105930,53.34
20,240,AGIIL,EQ,7424,3468,46.71
20,241,AGNI,SM,30000,27500,91.67
20,242,AGRITECH,EQ,18465,10212,55.30
20,243,AGROPHOS,EQ,31382,19835,63.21
20,244,AGSTRA,EQ,761337,320295,42.07
20,245,AHL,EQ,518570,275662,53.16
20,246,AHLADA,EQ,20447,13479,65.92
20,247,AHLEAST,EQ,20807,12957,62.27
20,248,AHLUCONT,EQ,146516,102327,69.84
20,249,AIAENG,EQ,16267,7960,48.93
20,250,AIIL,EQ,173551,59568,34.32
20,251,AIMTRON,ST,104400,103600,99.23
20,252,AIRAN,EQ,354049,172085,48.60
20,253,AIROLAM,EQ,16476,6646,40.34
20,254,AIRTELPP,E1,234227,110931,47.36
20,255,AJANTPHARM,EQ,141793,63375,44.70
20,256,AJMERA,EQ,33496,14421,43.05
20,257,AJOONI,EQ,1890941,1053171,55.70
20,258,AKANKSHA,ST,13000,10000,76.92
20,259,AKASH,EQ,10898,5937,54.48
20,260,AKG,EQ,46834,19973,42.65
20,261,AKIKO,SM,36800,24000,65.22
20,262,AKSHARCHEM,EQ,6932,4731,68.25
20,263,AKUMS,EQ,227251,84718,37.28
20,264,AKZOINDIA,EQ,7834,3565,45.51
20,265,ALANKIT,EQ,1854893,841743,45.38
20,266,ALBERTDAVD,EQ,11657,5627,48.27
20,267,ALEMBICLTD,EQ,386121,188850,48.91
20,268,ALICON,EQ,14049,7372,52.47
20,269,ALKALI,EQ,3898,2657,68.16
20,270,ALKEM,EQ,63705,29633,46.52
20,271,ALKYLAMINE,EQ,29635,14289,48.22
20,272,ALLCARGO,EQ,794486,390462,49.15
20,273,ALLDIGI,EQ,8294,5339,64.37
20,274,ALLETEC,ST,18800,15600,82.98
20,275,ALOKINDS,EQ,5906117,2341301,39.64
20,276,ALPEXSOLAR,SM,49000,27400,55.92
20,277,ALPHA,EQ,715238,514567,71.94
20,278,ALPHAETF,EQ,413606,287333,69.47
20,279,ALPHAGEO,EQ,11871,6768,57.01
20,280,ALPL30IETF,EQ,711610,591418,83.11
20,281,ALUWIND,SM,25500,21000,82.35
20,282,AMBER,EQ,753227,127347,16.91
20,283,AMBEY,SM,22000,16000,72.73
20,284,AMBICAAGAR,EQ,38932,9548,24.52
20,285,AMBIKCO,EQ,50002,13641,27.28
20,286,AMBUJACEM,EQ,2142459,1442382,67.32
20,287,AMDIND,EQ,80003,45018,56.27
20,288,AMEYA,ST,3000,3000,100.00
20,289,AMIABLE,SM,1600,1600,100.00
20,290,AMIORG,EQ,176983,111120,62.79
20,291,AMJLAND,EQ,58687,22449,38.25
20,292,AMNPLST,EQ,83749,28771,34.35
20,293,AMRUTANJAN,EQ,9802,5818,59.36
20,294,ANANDRATHI,EQ,26202,14659,55.95
20,295,ANANTRAJ,EQ,955371,314940,32.97
20,296,ANDHRAPAP,EQ,124104,76961,62.01
20,297,ANDHRSUGAR,EQ,181012,105501,58.28
20,298,ANGELONE,EQ,1956072,636012,32.51
20,299,ANLON,SM,10000,8000,80.00
20,300,ANMOL,EQ,71142,42266,59.41
20,301,ANNAPURNA,SM,263500,191000,72.49
20,302,ANTGRAPHIC,EQ,388362,289839,74.63
20,303,ANUHPHR,EQ,55635,27224,48.93
20,304,ANUP,EQ,39574,19923,50.34
20,305,ANURAS,EQ,59495,24480,41.15
20,306,ANYA,ST,4430000,4240000,95.71
20,307,APARINDS,EQ,269128,56635,21.04
20,308,APCL,EQ,7275,3707,50.96
20,309,APCOTEXIND,EQ,10625,6040,56.85
20,310,APEX,EQ,198132,63478,32.04
20,311,APEXECO,SM,292800,212800,72.68
20,312,APLAPOLLO,EQ,567607,273108,48.12
20,313,APLLTD,EQ,156984,117949,75.13
20,314,APOLLO,EQ,37748697,8825308,23.38
20,315,APOLLOHOSP,EQ,180636,97663,54.07
20,316,APOLLOPIPE,EQ,27983,12580,44.96
20,317,APOLLOTYRE,EQ,1530218,844624,55.20
20,318,APOLSINHOT,EQ,1967,1287,65.43
20,319,APRAMEYA,ST,38000,36000,94.74
20,320,APS,ST,43750,41500,94.86
20,321,APTECHT,EQ,99283,39536,39.82
20,322,APTUS,EQ,645223,397526,61.61
20,323,ARABIAN,SM,8000,6000,75.00
20,324,ARCHIDPLY,EQ,18918,11948,63.16
20,325,ARCHIES,EQ,24998,16380,65.53
20,326,ARE&M,EQ,445823,226604,50.83
20,327,ARHAM,SM,19000,12000,63.16
20,328,ARIHANTACA,ST,2400,2400,100.00
20,329,ARIHANTCAP,EQ,248522,118575,47.71
20,330,ARIHANTSUP,EQ,290029,103227,35.59
20,331,ARKADE,EQ,5730110,1955676,34.13
20,332,ARMANFIN,EQ,28725,17019,59.25
20,333,AROGRANITE,EQ,13797,8258,59.85
20,334,ARROWGREEN,EQ,16443,11193,68.07
20,335,ARTEMISMED,EQ,97945,56873,58.07
20,336,ARVEE,EQ,1547,857,55.40
20,337,ARVIND,EQ,175565,76418,43.53
20,338,ARVINDFASN,EQ,307007,161430,52.58
20,339,ARVINDPORT,ST,4500,4500,100.00
20,340,ARVSMART,EQ,45182,33507,74.16
20,341,ASAHIINDIA,EQ,1002566,123092,12.28
20,342,ASAHISONG,EQ,3606,3033,84.11
20,343,ASAL,EQ,16133,7460,46.24
20,344,ASALCBR,EQ,32420,15786,48.69
20,345,ASHALOG,ST,29000,29000,100.00
20,346,ASHAPURMIN,EQ,969682,591231,60.97
20,347,ASHIANA,EQ,392313,100450,25.60
20,348,ASHOKA,EQ,2150144,1014395,47.18
20,349,ASHOKLEY,EQ,5812672,2535025,43.61
20,350,ASIANENE,EQ,189615,114429,60.35
20,351,ASIANPAINT,EQ,1355358,838429,61.86
20,352,ASIANTILES,EQ,408828,218176,53.37
20,353,ASKAUTOLTD,EQ,180776,94295,52.16
20,354,ASMS,EQ,1168477,605085,51.78
20,355,ASPINWALL,EQ,37168,31060,83.57
20,356,ASPIRE,ST,48000,42000,87.50
20,357,ASTEC,EQ,360951,90040,24.95
20,358,ASTERDM,EQ,441137,243314,55.16
20,359,ASTRAL,EQ,580681,312857,53.88
20,360,ASTRAMICRO,EQ,86798,45761,52.72
20,361,ASTRAZEN,EQ,11433,1757,15.37
20,362,ASTRON,EQ,35816,20741,57.91
20,363,ATAM,EQ,26508,17019,64.20
20,364,ATFL,EQ,20944,12847,61.34
20,365,ATGL,EQ,799043,169211,21.18
20,366,ATL,EQ,327664,194840,59.46
20,367,ATLASCYCLE,EQ,9069,9069,100.00
20,368,ATMASTCO,ST,107200,107200,100.00
20,369,ATUL,EQ,35420,18825,53.15
20,370,ATULAUTO,EQ,82881,45234,54.58
20,371,AUBANK,EQ,2403193,1326317,55.19
20,372,AURDIS,ST,5625,5625,100.00
20,373,AURIONPRO,EQ,62162,32164,51.74
20,374,AUROIMPEX,SM,33600,22400,66.67
20,375,AUROPHARMA,EQ,931933,508456,54.56
20,376,AURUM,EQ,118933,79516,66.86
20,377,AURUMPP1,E1,29039,25077,86.36
20,378,AUSL,SM,10000,8000,80.00
20,379,AUTOAXLES,EQ,6121,3666,59.89
20,380,AUTOBEES,EQ,239031,140249,58.67
20,381,AUTOIETF,EQ,515919,310448,60.17
20,382,AUTOIND,EQ,86142,53397,61.99
20,383,AVADHSUGAR,EQ,43973,20686,47.04
20,384,AVALON,EQ,1067472,212067,19.87
20,385,AVANTEL,EQ,462696,254498,55.00
20,386,AVANTIFEED,EQ,1126192,202333,17.97
20,387,AVG,EQ,87841,41398,47.13
20,388,AVIANSH,ST,32000,30000,93.75
20,389,AVL,EQ,64217,36399,56.68
20,390,AVONMORE,EQ,17022835,8004141,47.02
20,391,AVPINFRA,ST,64000,60800,95.00
20,392,AVTNPL,EQ,36631,20129,54.95
20,393,AWFIS,EQ,280044,131150,46.83
20,394,AWHCL,EQ,104702,50761,48.48
20,395,AWL,EQ,1080726,548444,50.75
20,396,AXISBANK,EQ,7357220,4659930,63.34
20,397,AXISBNKETF,EQ,304,277,91.12
20,398,AXISBPSETF,EQ,877409,844004,96.19
20,399,AXISCETF,EQ,4080,3896,95.49
20,400,AXISGOLD,EQ,134231,86439,64.40
20,401,AXISHCETF,EQ,3334,2568,77.02
20,402,AXISILVER,EQ,17752,13979,78.75
20,403,AXISNIFTY,EQ,28152,15466,54.94
20,404,AXISTECETF,EQ,872,620,71.10
20,405,AXITA,EQ,2096472,853097,40.69
20,406,AXSENSEX,EQ,2659,2033,76.46
20,407,AYMSYNTEX,EQ,91108,55696,61.13
20,408,AZAD,EQ,561986,263228,46.84
20,409,BABAFP,SM,25600,24000,93.75
20,410,BAHETI,ST,3375,3375,100.00
20,411,BAIDFIN,EQ,4440140,1595761,35.94
20,412,BAJAJ-AUTO,EQ,337802,167712,49.65
20,413,BAJAJCON,EQ,189536,95269,50.26
20,414,BAJAJELEC,EQ,26510,12898,48.65
20,415,BAJAJFINSV,EQ,1563600,470604,30.10
20,416,BAJAJHCARE,EQ,1084724,260661,24.03
20,417,BAJAJHFL,EQ,10182517,5964445,58.58
20,418,BAJAJHIND,EQ,3999422,1496643,37.42
20,419,BAJAJHLDNG,EQ,57648,30484,52.88
20,420,BAJEL,EQ,221902,117113,52.78
20,421,BAJFINANCE,EQ,1505928,810926,53.85
20,422,BALAJEE,EQ,113758,65450,57.53
20,423,BALAMINES,EQ,48769,20647,42.34
20,424,BALAXI,EQ,21564,16622,77.08
20,425,BALCO,ST,7200,7200,100.00
20,426,BALKRISHNA,EQ,106372,62324,58.59
20,427,BALKRISIND,EQ,182657,89236,48.85
20,428,BALMLAWRIE,EQ,128559,49100,38.19
20,429,BALRAMCHIN,EQ,271184,110177,40.63
20,430,BALUFORGE,EQ,236565,137361,58.06
20,431,BANARISUG,EQ,518,270,52.12
20,432,BANCOINDIA,EQ,229530,124022,54.03
20,433,BANDHANBNK,EQ,12133819,5431018,44.76
20,434,BANKA,EQ,9411,5064,53.81
20,435,BANKBARODA,EQ,11308123,4416289,39.05
20,436,BANKBEES,EQ,916514,626742,68.38
20,437,BANKBETF,EQ,11859,10635,89.68
20,438,BANKETF,EQ,5383,4947,91.90
20,439,BANKETFADD,EQ,9489,7993,84.23
20,440,BANKIETF,EQ,589347,404487,68.63
20,441,BANKINDIA,EQ,12858263,5389679,41.92
20,442,BANKNIFTY1,EQ,544890,532454,97.72
20,443,BANKPSU,EQ,2136,794,37.17
20,444,BANSALWIRE,EQ,62241,32695,52.53
20,445,BANSWRAS,EQ,28897,13627,47.16
20,446,BARBEQUE,EQ,59970,34477,57.49
20,447,BASF,EQ,32166,14739,45.82
20,448,BASILIC,ST,19500,17700,90.77
20,449,BASML,EQ,590369,224007,37.94
20,450,BATAINDIA,EQ,338918,113606,33.52
20,451,BAWEJA,SM,54400,38400,70.59
20,452,BAYERCROP,EQ,6897,3972,57.59
20,453,BBETF0432,EQ,304,220,72.37
20,454,BBL,EQ,18745,9070,48.39
20,455,BBNPNBETF,EQ,1073,1047,97.58
20,456,BBNPPGOLD,EQ,1631,1134,69.53
20,457,BBOX,EQ,146754,77989,53.14
20,458,BBTC,EQ,45775,19234,42.02
20,459,BBTCL,EQ,2089,1999,95.69
20,460,BCLIND,EQ,614964,379723,61.75
20,461,BCONCEPTS,EQ,6145,3288,53.51
20,462,BDL,EQ,407002,137459,33.77
20,463,BEACON,SM,54000,29000,53.70
20,464,BEARDSELL,EQ,65019,45963,70.69
20,465,BECTORFOOD,EQ,57276,28931,50.51
20,466,BEDMUTHA,EQ,11957,6848,57.27
20,467,BEL,EQ,8167968,4123195,50.48
20,468,BEML,EQ,95436,25197,26.40
20,469,BEPL,EQ,759704,353359,46.51
20,470,BERGEPAINT,EQ,498090,230038,46.18
20,471,BESTAGRO,EQ,58188,37723,64.83
20,472,BETA,SM,4600,3200,69.57
20,473,BEWLTD,ST,87000,83500,95.98
20,474,BFINVEST,EQ,106012,51320,48.41
20,475,BFSI,EQ,278784,193704,69.48
20,476,BHAGCHEM,EQ,214591,106152,49.47
20,477,BHAGYANGR,EQ,23286,12792,54.93
20,478,BHANDARI,EQ,551797,340097,61.63
20,479,BHARATFORG,EQ,1816419,1311834,72.22
20,480,BHARATGEAR,EQ,18075,11542,63.86
20,481,BHARATRAS,EQ,1878,1007,53.62
20,482,BHARATWIRE,EQ,131870,61164,46.38
20,483,BHARTIARTL,EQ,3669685,2023299,55.14
20,484,BHARTIHEXA,EQ,235146,107717,45.81
20,485,BHEL,EQ,10901266,4697117,43.09
20,486,BHINVIT,IV,72459,63523,87.67
20,487,BIGBLOC,EQ,140376,59715,42.54
20,488,BIKAJI,EQ,267956,125201,46.72
20,489,BIKEWO,SM,24000,20000,83.33
20,490,BINANIIND,EQ,4717,3157,66.93
20,491,BIOCON,EQ,2143230,418827,19.54
20,492,BIOFILCHEM,EQ,20146,11410,56.64
20,493,BIRET,RR,302199,262200,86.76
20,494,BIRLACABLE,EQ,28517,11584,40.62
20,495,BIRLACORPN,EQ,46658,12379,26.53
20,496,BLACKBUCK,EQ,261161,94638,36.24
20,497,BLAL,EQ,31425,15455,49.18
20,498,BLBLIMITED,EQ,69225,40155,58.01
20,499,BLISSGVS,EQ,2124216,703971,33.14
20,500,BLKASHYAP,EQ,461503,303979,65.87
20,501,BLS,EQ,5096344,929615,18.24
20,502,BLSE,EQ,187028,86705,46.36
20,503,BLUEDART,EQ,17422,6229,35.75
20,504,BLUEJET,EQ,327453,158965,48.55
20,505,BLUEPEBBLE,SM,3200,2000,62.50
20,506,BLUESTARCO,EQ,866444,456425,52.68
20,507,BMETRICS,SM,12800,9600,75.00
20,508,BODALCHEM,EQ,167090,78903,47.22
20,509,BOMDYEING,EQ,697156,279819,40.14
20,510,BOROLTD,EQ,62831,28462,45.30
20,511,BOROSCI,EQ,48829,23677,48.49
20,512,BOSCHLTD,EQ,18369,8171,44.48
20,513,BOSS,ST,4000,4000,100.00
20,514,BPCL,EQ,4806469,2212993,46.04
20,515,BPL,EQ,115696,60203,52.04
20,516,BRACEPORT,ST,6400,6400,100.00
20,517,BRIGADE,EQ,309407,190160,61.46
20,518,BRITANNIA,EQ,341848,212654,62.21
20,519,BRNL,EQ,43522,28582,65.67
20,520,BSE,EQ,1058807,313088,29.57
20,521,BSE500IETF,EQ,88661,64811,73.10
20,522,BSHSL,EQ,8310,4979,59.92
20,523,BSL,EQ,36670,13576,37.02
20,524,BSLGOLDETF,EQ,25347,13451,53.07
20,525,BSLNIFTY,EQ,173601,118552,68.29
20,526,BSLSENETFG,EQ,6121,2687,43.90
20,527,BSOFT,EQ,1563561,688482,44.03
20,528,BTML,EQ,349370,291612,83.47
20,529,BULKCORP,SM,7200,7200,100.00
20,530,BURNPUR,EQ,136102,96603,70.98
20,531,BUTTERFLY,EQ,3121,1849,59.24
20,532,BVCL,EQ,151112,73615,48.72
20,533,C2C,SM,216600,116400,53.74
20,534,CADSYS,ST,2500,2000,80.00
20,535,CAGL25A,N4,10,10,100.00
20,536,CALSOFT,EQ,63438,43231,68.15
20,537,CAMLINFINE,EQ,4885777,1765982,36.15
20,538,CAMPUS,EQ,809956,297075,36.68
20,539,CAMS,EQ,398747,168397,42.23
20,540,CANARYS,SM,28000,20000,71.43
20,541,CANBK,EQ,19285506,7819722,40.55
20,542,CANFINHOME,EQ,1327182,777997,58.62
20,543,CANTABIL,EQ,605919,272405,44.96
20,544,CAPACITE,EQ,701647,323470,46.10
20,545,CAPITALSFB,EQ,121419,45420,37.41
20,546,CAPLIPOINT,EQ,182816,71956,39.36
20,547,CARBORUNIV,EQ,41275,21396,51.84
20,548,CAREERP,EQ,30477,19916,65.35
20,549,CARERATING,EQ,67049,35945,53.61
20,550,CARRARO,EQ,1011425,367881,36.37
20,551,CARTRADE,EQ,508219,156386,30.77
20,552,CARYSIL,EQ,30987,17155,55.36
20,553,CASTROLIND,EQ,2614425,1072128,41.01
20,554,CBAZAAR,SM,176000,136000,77.27
20,555,CCHHL,EQ,73466,41252,56.15
20,556,CCL,EQ,474567,442914,93.33
20,557,CDSL,EQ,1932053,628044,32.51
20,558,CEATLTD,EQ,114392,35370,30.92
20,559,CEIGALL,EQ,152326,77532,50.90
20,560,CELEBRITY,EQ,104114,65077,62.51
20,561,CELLECOR,SM,2502000,1743000,69.66
20,562,CELLO,EQ,128644,75243,58.49
20,563,CELLPOINT,SM,4800,4800,100.00
20,564,CENTENKA,EQ,31141,18282,58.71
20,565,CENTEXT,EQ,141320,83255,58.91
20,566,CENTRALBK,EQ,8364274,1750159,20.92
20,567,CENTRUM,EQ,274665,157430,57.32
20,568,CENTUM,EQ,10243,5430,53.01
20,569,CENTURYPLY,EQ,590303,90707,15.37
20,570,CERA,EQ,8468,3947,46.61
20,571,CESC,EQ,4632855,1947359,42.03
20,572,CEWATER,EQ,828006,207649,25.08
20,573,CGCL,EQ,57476,23413,40.74
20,574,CGPOWER,EQ,1114505,649577,58.28
20,575,CGRAPHICS,SM,87200,58400,66.97
20,576,CHALET,EQ,164252,72955,44.42
20,577,CHAMBLFERT,EQ,823194,292079,35.48
20,578,CHAVDA,SM,30000,19000,63.33
20,579,CHEMBOND,EQ,14334,8208,57.26
20,580,CHEMCON,EQ,29903,17808,59.55
20,581,CHEMFAB,EQ,3862,1828,47.33
20,582,CHEMPLASTS,EQ,41362,21554,52.11
20,583,CHENNPETRO,EQ,1142814,371450,32.50
20,584,CHETANA,SM,27200,22400,82.35
20,585,CHEVIOT,EQ,2891,2166,74.92
20,586,CHOICEIN,EQ,462557,102136,22.08
20,587,CHOLAFIN,EQ,4575469,1850884,40.45
20,588,CHOLAHLDNG,EQ,581811,343971,59.12
20,589,CIEINDIA,EQ,240366,135794,56.49
20,590,CIGNITITEC,EQ,134121,60097,44.81
20,591,CINEVISTA,EQ,32626,28027,85.90
20,592,CIPLA,EQ,1581838,993669,62.82
20,593,CLEAN,EQ,83286,37761,45.34
20,594,CLEDUCATE,EQ,44305,24374,55.01
20,595,CLOUD,SZ,63000,60000,95.24
20,596,CLSEL,EQ,111565,41880,37.54
20,597,CLSL,SM,10000,6000,60.00
20,598,CMMIPL,SZ,162000,162000,100.00
20,599,CMNL,ST,28500,27000,94.74
20,600,CMSINFO,EQ,276888,176879,63.88
20,601,COALINDIA,EQ,7122319,3673387,51.58
20,602,COASTCORP,EQ,29000,17233,59.42
20,603,COCHINSHIP,EQ,410469,208813,50.87
20,604,COFORGE,EQ,300242,160377,53.42
20,605,COLPAL,EQ,669806,397292,59.31
20,606,COMMITTED,ST,9600,9600,100.00
20,607,COMMOIETF,EQ,33628,30143,89.64
20,608,COMPUSOFT,EQ,87416,53713,61.45
20,609,CONCOR,EQ,720001,361669,50.23
20,610,CONCORDBIO,EQ,40195,17972,44.71
20,611,CONFIPET,EQ,525358,210834,40.13
20,612,CONS,EQ,7247,3547,48.94
20,613,CONSOFINVT,EQ,4118,2910,70.67
20,614,CONSUMBEES,EQ,88360,54684,61.89
20,615,CONSUMER,EQ,977919,830983,84.97
20,616,CONSUMIETF,EQ,19991,11413,57.09
20,617,CONTI,ST,16665,16665,100.00
20,618,CONTROLPR,EQ,32691,22607,69.15
20,619,COOLCAPS,ST,17250,14000,81.16
20,620,CORALFINAC,EQ,114649,54844,47.84
20,621,CORDSCABLE,EQ,20473,10579,51.67
20,622,COROMANDEL,EQ,253633,96035,37.86
20,623,COSMOFIRST,EQ,259131,90297,34.85
20,624,COUNCODOS,EQ,72830,55903,76.76
20,625,CPS,ST,600,600,100.00
20,626,CPSEETF,EQ,1525704,639513,41.92
20,627,CRAFTSMAN,EQ,10410,4094,39.33
20,628,CRAYONS,SM,34000,29000,85.29
20,629,CREATIVE,EQ,12120,8099,66.82
20,630,CREDITACC,EQ,771344,201845,26.17
20,631,CREST,EQ,11869,6407,53.98
20,632,CRISIL,EQ,64838,22927,35.36
20,633,CROMPTON,EQ,3973482,2504398,63.03
20,634,CROWN,EQ,26306,18770,71.35
20,635,CSBBANK,EQ,245963,77940,31.69
20,636,CSLFINANCE,EQ,13720,8581,62.54
20,637,CTE,EQ,51573,23562,45.69
20,638,CUB,EQ,1103343,547718,49.64
20,639,CUBEXTUB,EQ,49551,32672,65.94
20,640,CUMMINSIND,EQ,720321,484235,67.22
20,641,CUPID,EQ,922275,295329,32.02
20,642,CYBERMEDIA,EQ,9002,5629,62.53
20,643,CYIENT,EQ,401847,242684,60.39
20,644,CYIENTDLM,EQ,149110,69885,46.87
20,645,DABUR,EQ,3814344,2171261,56.92
20,646,DALBHARAT,EQ,222622,149660,67.23
20,647,DALMIASUG,EQ,85475,29856,34.93
20,648,DAMCAPITAL,EQ,8524354,1407523,16.51
20,649,DAMODARIND,EQ,16654,5973,35.87
20,650,DANGEE,EQ,350741,250330,71.37
20,651,DANISH,SM,138600,69900,50.43
20,652,DATAMATICS,EQ,1105339,314822,28.48
20,653,DATAPATTNS,EQ,79116,27950,35.33
20,654,DAVANGERE,EQ,1073737,635305,59.17
20,655,DBCORP,EQ,51687,32920,63.69
20,656,DBEIL,EQ,349542,149834,42.87
20,657,DBL,EQ,2332587,676019,28.98
20,658,DBOL,EQ,66174,36198,54.70
20,659,DBREALTY,EQ,1375724,696624,50.64
20,660,DBSTOCKBRO,EQ,19198,7520,39.17
20,661,DCAL,EQ,1115274,297122,26.64
20,662,DCBBANK,EQ,735568,368826,50.14
20,663,DCG,SM,10800,9600,88.89
20,664,DCI,EQ,29097,14025,48.20
20,665,DCM,EQ,57651,38178,66.22
20,666,DCMNVL,EQ,9323,6129,65.74
20,667,DCMSHRIRAM,EQ,86942,33000,37.96
20,668,DCMSRIND,EQ,102455,57047,55.68
20,669,DCW,EQ,848324,387988,45.74
20,670,DCXINDIA,EQ,1889931,878972,46.51
20,671,DECCANCE,EQ,213971,122274,57.15
20,672,DECCANTRAN,ST,43200,40800,94.44
20,673,DEEDEV,EQ,164597,62807,38.16
20,674,DEEM,SM,4000,3000,75.00
20,675,DEEPAKFERT,EQ,945816,481941,50.96
20,676,DEEPAKNTR,EQ,653753,460330,70.41
20,677,DEEPINDS,EQ,208679,90405,43.32
20,678,DELAPLEX,SM,15600,12000,76.92
20,679,DELHIVERY,EQ,1183610,525193,44.37
20,680,DELTACORP,EQ,1530720,508842,33.24
20,681,DELTAMAGNT,EQ,12568,7416,59.01
20,682,DEN,EQ,662797,275981,41.64
20,683,DENEERS,ST,7200,7200,100.00
20,684,DENORA,EQ,10949,5102,46.60
20,685,DENTALKART,SM,16000,10000,62.50
20,686,DESTINY,ST,9000,9000,100.00
20,687,DEVIT,EQ,2550042,653332,25.62
20,688,DEVYANI,EQ,4408210,1794057,40.70
20,689,DHAMPURSUG,EQ,148277,69663,46.98
20,690,DHANI,EQ,15718749,5367043,34.14
20,691,DHANLAXMI,ST,124000,112000,90.32
20,692,DHANUKA,EQ,39750,21070,53.01
20,693,DHARMAJ,EQ,49949,23888,47.82
20,694,DHRUV,EQ,11440,6587,57.58
20,695,DHTL,ST,4000,4000,100.00
20,696,DHUNINV,EQ,443,206,46.50
20,697,DIAMINESQ,EQ,2569,1822,70.92
20,698,DIAMONDYD,EQ,94643,38439,40.61
20,699,DICIND,EQ,6909,4448,64.38
20,700,DIFFNKG,EQ,191796,126341,65.87
20,701,DIGIDRIVE,EQ,95197,52819,55.48
20,702,DIGIKORE,ST,8200,7600,92.68
20,703,DIGISPICE,EQ,94005,67029,71.30
20,704,DISHTV,EQ,6658971,2387051,35.85
20,705,DIVGIITTS,EQ,9140,5191,56.79
20,706,DIVISLAB,EQ,427384,246954,57.78
20,707,DIVOPPBEES,EQ,53491,39531,73.90
20,708,DIVYADHAN,SM,82000,56000,68.29
20,709,DIXON,EQ,257992,103800,40.23
20,710,DKEGL,SM,1500,1500,100.00
20,711,DLF,EQ,2125279,1182221,55.63
20,712,DLINKINDIA,EQ,80850,41005,50.72
20,713,DLSL25,NW,114,114,100.00
20,714,DMART,EQ,9284385,2049286,22.07
20,715,DNAMEDIA,EQ,89280,54881,61.47
20,716,DODLA,EQ,55356,47730,86.22
20,717,DOLATALGO,EQ,255753,126166,49.33
20,718,DOLLAR,EQ,119415,90427,75.72
20,719,DOLLEX,SM,8000,8000,100.00
20,720,DOMS,EQ,95463,33176,34.75
20,721,DONEAR,EQ,139312,68123,48.90
20,722,DPABHUSHAN,EQ,16100,6599,40.99
20,723,DPEL,ST,16500,16500,100.00
20,724,DPSCLTD,EQ,192533,126117,65.50
20,725,DPWIRES,EQ,14671,9927,67.66
20,726,DRCSYSTEMS,EQ,130342,95621,73.36
20,727,DREAMFOLKS,EQ,45430,24011,52.85
20,728,DREDGECORP,EQ,25592,10469,40.91
20,729,DRONE,ST,13000,13000,100.00
20,730,DRREDDY,EQ,1573592,868711,55.21
20,731,DRSDILIP,ST,3200,3200,100.00
20,732,DSSL,EQ,134670,47300,35.12
20,733,DTIL,EQ,36262,28297,78.03
20,734,DTL,SM,4800,4800,100.00
20,735,DUCOL,SM,15200,9600,63.16
20,736,DUCON,EQ,1328229,702981,52.93
20,737,DUGLOBAL,SM,10000,10000,100.00
20,738,DURLAX,SM,36000,30000,83.33
20,739,DVL,EQ,19236,8685,45.15
20,740,DWARKESH,EQ,327342,169826,51.88
20,741,DYCL,EQ,48598,22904,47.13
20,742,DYNAMATECH,EQ,33890,16727,49.36
20,743,DYNAMIC,ST,18000,16500,91.67
20,744,DYNPRO,EQ,15225,10410,68.37
20,745,EASEMYTRIP,EQ,31695572,10382098,32.76
20,746,EBANKNIFTY,EQ,1297,920,70.93
20,747,EBBETF0425,EQ,708,680,96.05
20,748,EBBETF0430,EQ,11526,9839,85.36
20,749,EBBETF0431,EQ,18967,12970,68.38
20,750,EBBETF0433,EQ,51873,50475,97.30
20,751,ECLERX,EQ,59463,34101,57.35
20,752,ECOSMOBLTY,EQ,102504,40078,39.10
20,753,EDELWEISS,EQ,2019181,899295,44.54
20,754,EFACTOR,ST,10400,9600,92.31
20,755,EFFWA,ST,13200,13200,100.00
20,756,EFORCE,SM,42000,36000,85.71
20,757,EGOLD,EQ,27377,26330,96.18
20,758,EICHERMOT,EQ,836689,280601,33.54
20,759,EIDPARRY,EQ,252170,70086,27.79
20,760,EIEL,EQ,25011530,3271740,13.08
20,761,EIFFL,EQ,4673,1993,42.65
20,762,EIHAHOTELS,EQ,61619,24977,40.53
20,763,EIHOTEL,EQ,484410,269031,55.54
20,764,EIMCOELECO,EQ,4385,1969,44.90
20,765,EKC,EQ,774037,291926,37.71
20,766,ELDEHSG,EQ,622,336,54.02
20,767,ELECON,EQ,268353,99958,37.25
20,768,ELECTCAST,EQ,1092291,591827,54.18
20,769,ELGIEQUIP,EQ,219772,149878,68.20
20,770,ELIN,EQ,87248,40637,46.58
20,771,EMAMILTD,EQ,380979,196816,51.66
20,772,EMAMIPAP,EQ,34580,20587,59.53
20,773,EMBASSY,RR,341939,302658,88.51
20,774,EMBDL,EQ,8157746,3130129,38.37
20,775,EMCURE,EQ,45177,28258,62.55
20,776,EMIL,EQ,744058,519917,69.88
20,777,EMKAYTOOLS,SM,270450,265350,98.11
20,778,EMMBI,EQ,143272,42100,29.38
20,779,EMMIL,ST,7500,7000,93.33
20,780,EMSLIMITED,EQ,350199,149047,42.56
20,781,EMUDHRA,EQ,69107,32130,46.49
20,782,EMULTIMQ,EQ,182381,163273,89.52
20,783,ENDURANCE,EQ,801562,732486,91.38
20,784,ENFUSE,ST,13800,13800,100.00
20,785,ENGINERSIN,EQ,4420664,1380409,31.23
20,786,ENIL,EQ,28173,16992,60.31
20,787,ENSER,ST,25000,25000,100.00
20,788,ENTERO,EQ,11797,5974,50.64
20,789,ENVIRO,SM,62000,46000,74.19
20,790,EPACK,EQ,1308492,628544,48.04
20,791,EPIGRAL,EQ,53865,31376,58.25
20,792,EPL,EQ,847688,261582,30.86
20,793,EQUAL50ADD,EQ,18575,17610,94.80
20,794,EQUITASBNK,EQ,2056586,990040,48.14
20,795,ERIS,EQ,159901,113924,71.25
20,796,ESABINDIA,EQ,1766,1135,64.27
20,797,ESAFSFB,EQ,284847,152289,53.46
20,798,ESCONET,ST,43200,40000,92.59
20,799,ESCORTS,EQ,429505,205755,47.91
20,800,ESFL,ST,31680,30600,96.59
20,801,ESG,EQ,5400,3483,64.50
20,802,ESILVER,EQ,24327,24010,98.70
20,803,ESPRIT,SM,816000,424000,51.96
20,804,ESTER,EQ,2101512,758874,36.11
20,805,ETHOSLTD,EQ,79437,67152,84.53
20,806,ETML,SM,43200,27600,63.89
20,807,EUREKAFORB,EQ,152521,101390,66.48
20,808,EVEREADY,EQ,36743,14789,40.25
20,809,EVERESTIND,EQ,16701,5535,33.14
20,810,EVINDIA,EQ,328910,225324,68.51
20,811,EXCELINDUS,EQ,6749,3778,55.98
20,812,EXCELLENT,SM,1600,1600,100.00
20,813,EXICOM,EQ,326944,194047,59.35
20,814,EXIDEIND,EQ,1786961,826822,46.27
20,815,EXPLEOSOL,EQ,13784,7616,55.25
20,816,EXXARO,EQ,724228,367940,50.80
20,817,FACT,EQ,438960,142890,32.55
20,818,FAIRCHEMOR,EQ,21266,11195,52.64
20,819,FALCONTECH,SM,3600,2400,66.67
20,820,FAZE3Q,EQ,8019,4152,51.78
20,821,FCL,EQ,180689,68679,38.01
20,822,FCSSOFT,EQ,4385805,1990133,45.38
20,823,FDC,EQ,87870,55416,63.07
20,824,FEDERALBNK,EQ,5485629,2513668,45.82
20,825,FEDFINA,EQ,206129,110581,53.65
20,826,FELIX,ST,33500,33500,100.00
20,827,FIBERWEB,EQ,125023,45161,36.12
20,828,FIDEL,SM,30000,19000,63.33
20,829,FIEMIND,EQ,25932,12482,48.13
20,830,FILATEX,EQ,1384611,464709,33.56
20,831,FINCABLES,EQ,103173,57150,55.39
20,832,FINEORG,EQ,14180,7727,54.49
20,833,FINIETF,EQ,116692,67316,57.69
20,834,FINOPB,EQ,54568,29742,54.50
20,835,FINPIPE,EQ,685663,262129,38.23
20,836,FIRSTCRY,EQ,96761,44231,45.71
20,837,FIVESTAR,EQ,807337,407604,50.49
20,838,FLAIR,EQ,64564,39044,60.47
20,839,FLUOROCHEM,EQ,54665,21662,39.63
20,840,FMCGIETF,EQ,901081,643659,71.43
20,841,FMGOETZE,EQ,48555,30824,63.48
20,842,FOCUS,EQ,97900,58995,60.26
20,843,FONEBOX,SM,25000,15000,60.00
20,844,FOODSIN,EQ,139036,64722,46.55
20,845,FORCAS,ST,9600,9600,100.00
20,846,FORCEMOT,EQ,240515,46078,19.16
20,847,FORGEAUTO,SM,103200,67200,65.12
20,848,FORTIS,EQ,3084201,1818984,58.98
20,849,FOSECOIND,EQ,684,485,70.91
20,850,FRESHARA,ST,231600,220800,95.34
20,851,FROG,SM,22000,13200,60.00
20,852,FSL,EQ,4454798,1141794,25.63
20,853,FUSION,EQ,137118,55446,40.44
20,854,GABRIEL,EQ,327985,133497,40.70
20,855,GAEL,EQ,1353055,436583,32.27
20,856,GAIL,EQ,16593190,8843816,53.30
20,857,GAJANAND,ST,15000,15000,100.00
20,858,GALAPREC,EQ,79496,27375,34.44
20,859,GALAXYSURF,EQ,28070,16999,60.56
20,860,GALLANTT,EQ,28531,23124,81.05
20,861,GANDHAR,EQ,209588,111496,53.20
20,862,GANDHITUBE,EQ,2403,847,35.25
20,863,GANECOS,EQ,83126,38940,46.84
20,864,GANESHBE,EQ,52202,28046,53.73
20,865,GANESHHOUC,EQ,67620,28349,41.92
20,866,GANESHIN,SM,1008000,491200,48.73
20,867,GANGAFORGE,EQ,2386291,904434,37.90
20,868,GANGESSECU,EQ,3487,2138,61.31
20,869,GARFIBRES,EQ,214711,66308,30.88
20,870,GARUDA,EQ,2800350,694012,24.78
20,871,GATEWAY,EQ,521342,281261,53.95
20,872,GEECEE,EQ,6155,3299,53.60
20,873,GEEKAYWIRE,EQ,50981,27549,54.04
20,874,GENCON,EQ,108447,64588,59.56
20,875,GENESYS,EQ,108942,48076,44.13
20,876,GENSOL,EQ,111565,61834,55.42
20,877,GENUSPAPER,EQ,289594,173969,60.07
20,878,GENUSPOWER,EQ,691459,406272,58.76
20,879,GEOJITFSL,EQ,232166,146175,62.96
20,880,GEPIL,EQ,278396,167644,60.22
20,881,GESHIP,EQ,271963,132322,48.65
20,882,GFLLIMITED,EQ,72881,40278,55.27
20,883,GGBL,SM,82800,69000,83.33
20,884,GHCL,EQ,602556,192334,31.92
20,885,GHCLTEXTIL,EQ,198491,99544,50.15
20,886,GICHSGFIN,EQ,97097,44339,45.66
20,887,GICL,ST,30000,30000,100.00
20,888,GICRE,EQ,1574485,417229,26.50
20,889,GILLETTE,EQ,8560,3638,42.50
20,890,GILT5YBEES,EQ,242117,175253,72.38
20,891,GINNIFILA,EQ,123315,75331,61.09
20,892,GIPCL,EQ,1054908,459489,43.56
20,893,GIRIRAJ,SM,22250,22250,100.00
20,894,GKWLIMITED,EQ,4229,4193,99.15
20,895,GLAND,EQ,518068,221736,42.80
20,896,GLAXO,EQ,53477,35906,67.14
20,897,GLENMARK,EQ,296842,111108,37.43
20,898,GLOBAL,EQ,410588,207403,50.51
20,899,GLOBALPET,SM,12000,7500,62.50
20,900,GLOBE,EQ,2792240,1742858,62.42
20,901,GLOBUSSPR,EQ,56478,26127,46.26
20,902,GLOSTERLTD,EQ,4175,2603,62.35
20,903,GLS,EQ,56160,26276,46.79
20,904,GMBREW,EQ,68358,36434,53.30
20,905,GMDCLTD,EQ,580502,171175,29.49
20,906,GMMPFAUDLR,EQ,35308,22550,63.87
20,907,GMRAIRPORT,EQ,6224506,2663266,42.79
20,908,GMRP&UI,EQ,2901574,1584863,54.62
20,909,GNA,EQ,46788,26430,56.49
20,910,GNFC,EQ,259308,94894,36.60
20,911,GOACARBON,EQ,36279,8988,24.77
20,912,GOCLCORP,EQ,63590,26116,41.07
20,913,GOCOLORS,EQ,57750,40612,70.32
20,914,GODAVARIB,EQ,214761,108839,50.68
20,915,GODFRYPHLP,EQ,64820,21987,33.92
20,916,GODIGIT,EQ,801653,335701,41.88
20,917,GODREJAGRO,EQ,176992,99141,56.01
20,918,GODREJCP,EQ,5833891,5077249,87.03
20,919,GODREJIND,EQ,114090,59106,51.81
20,920,GODREJPROP,EQ,529625,224598,42.41
20,921,GOKEX,EQ,58188,28425,48.85
20,922,GOKULAGRO,EQ,201251,106942,53.14
20,923,GOLD1,EQ,590175,501805,85.03
20,924,GOLDBEES,EQ,9218232,6355885,68.95
20,925,GOLDCASE,EQ,823408,743866,90.34
20,926,GOLDETF,EQ,172927,122800,71.01
20,927,GOLDETFADD,EQ,24813,21913,88.31
20,928,GOLDIAM,EQ,1502850,408210,27.16
20,929,GOLDIETF,EQ,1059085,744515,70.30
20,930,GOLDSHARE,EQ,199394,163335,81.92
20,931,GOLDSTAR,SM,101250,56250,55.56
20,932,GOODLUCK,EQ,76867,40834,53.12
20,933,GOPAL,EQ,158373,72566,45.82
20,934,GOYALALUM,EQ,207790,122389,58.90
20,935,GOYALSALT,SM,27000,19800,73.33
20,936,GPECO,ST,23400,21600,92.31
20,937,GPIL,EQ,1323740,605891,45.77
20,938,GPPL,EQ,627089,251347,40.08
20,939,GPTHEALTH,EQ,218198,153865,70.52
20,940,GPTINFRA,EQ,174148,96391,55.35
20,941,GRANULES,EQ,763713,296111,38.77
20,942,GRAPHISAD,ST,1200,1200,100.00
20,943,GRAPHITE,EQ,1159008,234185,20.21
20,944,GRASIM,EQ,595091,371882,62.49
20,945,GRAVITA,EQ,356575,147293,41.31
20,946,GRCL,ST,1750,1250,71.43
20,947,GREAVESCOT,EQ,12307172,2546623,20.69
20,948,GREENCHEF,SM,36000,28800,80.00
20,949,GREENLAM,EQ,20109,8169,40.62
20,950,GREENPANEL,EQ,59045,23646,40.05
20,951,GREENPLY,EQ,293127,131711,44.93
20,952,GREENPOWER,EQ,3518395,2349207,66.77
20,953,GRINDWELL,EQ,23710,14399,60.73
20,954,GRINFRA,EQ,11662,6837,58.63
20,955,GRMOVER,EQ,57988,33341,57.50
20,956,GROBTEA,EQ,1105,593,53.67
20,957,GROWWDEFNC,EQ,68188,49606,72.75
20,958,GROWWEV,EQ,341438,258675,75.76
20,959,GROWWGOLD,EQ,92203,40261,43.67
20,960,GROWWLIQID,EQ,77688,50276,64.72
20,961,GRPLTD,EQ,2534,1782,70.32
20,962,GRSE,EQ,339107,96229,28.38
20,963,GRWRHITECH,EQ,44995,17238,38.31
20,964,GSEC10IETF,EQ,11,11,100.00
20,965,GSEC10YEAR,EQ,106298,56207,52.88
20,966,GSEC5IETF,EQ,481,312,64.86
20,967,GSFC,EQ,1205626,595251,49.37
20,968,GSLSU,EQ,66469,30804,46.34
20,969,GSMFOILS,ST,8000,8000,100.00
20,970,GSPL,EQ,326106,167303,51.30
20,971,GSS,EQ,29674,19134,64.48
20,972,GSTL,ST,12000,12000,100.00
20,973,GTL,EQ,695828,408456,58.70
20,974,GTLINFRA,EQ,47085454,19268123,40.92
20,975,GTPL,EQ,12132,7730,63.72
20,976,GUFICBIO,EQ,136766,67929,49.67
20,977,GUJALKALI,EQ,22589,7803,34.54
20,978,GUJAPOLLO,EQ,10840,7684,70.89
20,979,GUJGASLTD,EQ,436461,119948,27.48
20,980,GULFOILLUB,EQ,88373,49800,56.35
20,981,GULFPETRO,EQ,147019,82742,56.28
20,982,GULPOLY,EQ,270533,184483,68.19
20,983,GVPTECH,EQ,236501,128208,54.21
20,984,HAL,EQ,853004,421372,49.40
20,985,HAPPSTMNDS,EQ,695023,182403,26.24
20,986,HAPPYFORGE,EQ,18989,11688,61.55
20,987,HARDWYN,EQ,6707098,5723207,85.33
20,988,HARIOMPIPE,EQ,126571,63251,49.97
20,989,HARRMALAYA,EQ,117942,60597,51.38
20,990,HARSHA,EQ,227253,67359,29.64
20,991,HATHWAY,EQ,3703819,1347730,36.39
20,992,HATSUN,EQ,36531,24323,66.58
20,993,HAVELLS,EQ,482170,204854,42.49
20,994,HAVISHA,EQ,276978,196603,70.98
20,995,HBLENGINE,EQ,633702,295336,46.60
20,996,HBSL,EQ,32616,20254,62.10
20,997,HCC,EQ,24700616,9631040,38.99
20,998,HCG,EQ,51856,28740,55.42
20,999,HCL-INSYS,EQ,294554,197944,67.20
20,1000,HCLTECH,EQ,2853344,1813441,63.55
20,1001,HDFCAMC,EQ,476512,289290,60.71
20,1002,HDFCBANK,EQ,12213097,7452366,61.02
20,1003,HDFCBSE500,EQ,13314,9351,70.23
20,1004,HDFCGOLD,EQ,1111557,918881,82.67
20,1005,HDFCGROWTH,EQ,2347,1660,70.73
20,1006,HDFCLIFE,EQ,2956679,2055748,69.53
20,1007,HDFCLIQUID,EQ,19473,14878,76.40
20,1008,HDFCLOWVOL,EQ,14810,11620,78.46
20,1009,HDFCMID150,EQ,152946,119142,77.90
20,1010,HDFCMOMENT,EQ,211231,153487,72.66
20,1011,HDFCNEXT50,EQ,71159,54536,76.64
20,1012,HDFCNIF100,EQ,17367,11541,66.45
20,1013,HDFCNIFBAN,EQ,15018,12928,86.08
20,1014,HDFCNIFIT,EQ,10689,9553,89.37
20,1015,HDFCNIFTY,EQ,66718,29734,44.57
20,1016,HDFCPSUBK,EQ,16381,9871,60.26
20,1017,HDFCPVTBAN,EQ,77931,54461,69.88
20,1018,HDFCQUAL,EQ,14909,7025,47.12
20,1019,HDFCSENSEX,EQ,19904,15931,80.04
20,1020,HDFCSILVER,EQ,206096,160851,78.05
20,1021,HDFCSML250,EQ,315896,213647,67.63
20,1022,HDFCVALUE,EQ,2001,1737,86.81
20,1023,HEADSUP,EQ,17545,9884,56.34
20,1024,HEALTHADD,EQ,637,518,81.32
20,1025,HEALTHIETF,EQ,87930,41882,47.63
20,1026,HEALTHY,EQ,444578,396651,89.22
20,1027,HEG,EQ,1291071,273526,21.19
20,1028,HEIDELBERG,EQ,52886,26817,50.71
20,1029,HEMIPROP,EQ,253236,139478,55.08
20,1030,HERANBA,EQ,41916,22415,53.48
20,1031,HERITGFOOD,EQ,279788,164002,58.62
20,1032,HEROMOTOCO,EQ,1269643,410721,32.35
20,1033,HESTERBIO,EQ,2691,1471,54.66
20,1034,HEUBACHIND,EQ,140804,81332,57.76
20,1035,HEXATRADEX,EQ,6059,3600,59.42
20,1036,HFCL,EQ,8836897,2892411,32.73
20,1037,HGINFRA,EQ,43484,23318,53.62
20,1038,HGS,EQ,17562,9644,54.91
20,1039,HIGREEN,ST,48000,41600,86.67
20,1040,HIKAL,EQ,548715,326294,59.47
20,1041,HIL,EQ,3627,2434,67.11
20,1042,HILTON,EQ,928345,579367,62.41
20,1043,HIMATSEIDE,EQ,1362126,535794,39.34
20,1044,HINDALCO,EQ,6291674,3585857,56.99
20,1045,HINDCOMPOS,EQ,9640,5489,56.94
20,1046,HINDCOPPER,EQ,3580827,1022338,28.55
20,1047,HINDMOTORS,EQ,957217,463234,48.39
20,1048,HINDOILEXP,EQ,1194365,304701,25.51
20,1049,HINDPETRO,EQ,4037493,1850869,45.84
20,1050,HINDUNILVR,EQ,1274239,729797,57.27
20,1051,HINDWAREAP,EQ,118874,81785,68.80
20,1052,HINDZINC,EQ,2312908,830479,35.91
20,1053,HIRECT,EQ,83116,30641,36.87
20,1054,HISARMETAL,EQ,19215,11275,58.68
20,1055,HITECH,EQ,1014276,403530,39.79
20,1056,HITECHCORP,EQ,7272,4840,66.56
20,1057,HLEGLAS,EQ,64994,36085,55.52
20,1058,HLVLTD,EQ,4092064,2293614,56.05
20,1059,HMAAGRO,EQ,152775,85592,56.02
20,1060,HMVL,EQ,49946,28475,57.01
20,1061,HNDFDS,EQ,95761,75526,78.87
20,1062,HNGSNGBEES,EQ,96515,80465,83.37
20,1063,HOACFOODS,ST,2250,2250,100.00
20,1064,HOLMARC,ST,22500,18000,80.00
20,1065,HOMEFIRST,EQ,132934,58172,43.76
20,1066,HOMESFY,SM,300,300,100.00
20,1067,HONASA,EQ,351327,132663,37.76
20,1068,HONAUT,EQ,5732,1826,31.86
20,1069,HONDAPOWER,EQ,4390,2491,56.74
20,1070,HOVS,EQ,72512,31385,43.28
20,1071,HPAL,EQ,56165,32687,58.20
20,1072,HPIL,EQ,16249,7036,43.30
20,1073,HPL,EQ,552102,195881,35.48
20,1074,HRHNEXT,ST,1500,1500,100.00
20,1075,HSCL,EQ,1798871,686630,38.17
20,1076,HTMEDIA,EQ,141602,83409,58.90
20,1077,HUDCO,EQ,11584499,3542859,30.58
20,1078,HUHTAMAKI,EQ,44931,23927,53.25
20,1079,HVAX,SM,58200,28800,49.48
20,1080,HYUNDAI,EQ,246250,109971,44.66
20,1081,IBLFL,ST,50000,42000,84.00
20,1082,ICEMAKE,EQ,19997,9410,47.06
20,1083,ICICIB22,EQ,417392,307124,73.58
20,1084,ICICIBANK,EQ,11194997,7316000,65.35
20,1085,ICICIGI,EQ,900919,670848,74.46
20,1086,ICICIPRULI,EQ,1252466,794234,63.41
20,1087,ICIL,EQ,169540,74025,43.66
20,1088,ICRA,EQ,1855,854,46.04
20,1089,IDBI,EQ,5503279,1758125,31.95
20,1090,IDEA,EQ,464150003,109428852,23.58
20,1091,IDEAFORGE,EQ,306856,125300,40.83
20,1092,IDEALTECHO,SM,46000,34000,73.91
20,1093,IDENTICAL,ST,872000,788000,90.37
20,1094,IDFCFIRSTB,EQ,20805971,11618295,55.84
20,1095,IDFNIFTYET,EQ,469,283,60.34
20,1096,IEML,SM,9000,6500,72.22
20,1097,IEX,EQ,2591349,1150920,44.41
20,1098,IFBAGRO,EQ,1906,1327,69.62
20,1099,IFBIND,EQ,15980,6633,41.51
20,1100,IFCI,EQ,5400353,1436186,26.59
20,1101,IFCIZC25,NM,10,10,100.00
20,1102,IFGLEXPOR,EQ,13114,9335,71.18
20,1103,IGARASHI,EQ,21815,9810,44.97
20,1104,IGIL,EQ,6118584,1584084,25.89
20,1105,IGL,EQ,9961631,2685293,26.96
20,1106,IGPL,EQ,74960,39736,53.01
20,1107,IHFL261224,N1,20,20,100.00
20,1108,IIFL,EQ,2528480,1147009,45.36
20,1109,IIFLCAPS,EQ,214101,124433,58.12
20,1110,IIFLHF29,NE,100,100,100.00
20,1111,IIFLZC25,ND,10,10,100.00
20,1112,IIFLZC25A,NP,11350,11324,99.77
20,1113,IIFLZC26,NN,144,10,6.94
20,1114,IIFLZC28,NG,211,211,100.00
20,1115,IIFLZC28A,NU,90,90,100.00
20,1116,IIFLZC28B,Y1,4433,4433,100.00
20,1117,IIFLZC28C,N6,100,90,90.00
20,1118,IKIO,EQ,47047,23814,50.62
20,1119,IKS,EQ,441187,161225,36.54
20,1120,IMAGICAA,EQ,956519,451615,47.21
20,1121,IMC1,N0,32,32,100.00
20,1122,IMC1,N1,61,61,100.00
20,1123,IMC1,N3,10,10,100.00
20,1124,IMFA,EQ,57165,27505,48.12
20,1125,IMPAL,EQ,2719,1570,57.74
20,1126,INCREDIBLE,EQ,6318,4465,70.67
20,1127,INDBANK,EQ,58723,30061,51.19
20,1128,INDGN,EQ,251609,149566,59.44
20,1129,INDHOTEL,EQ,2731682,2016462,73.82
20,1130,INDIACEM,EQ,1411217,1025885,72.70
20,1131,INDIAGLYCO,EQ,176803,66215,37.45
20,1132,INDIAMART,EQ,236058,116546,49.37
20,1133,INDIANB,EQ,827889,266992,32.25
20,1134,INDIANHUME,EQ,58556,34580,59.05
20,1135,INDIASHLTR,EQ,23824,13030,54.69
20,1136,INDIGO,EQ,702022,424898,60.52
20,1137,INDIGOPNTS,EQ,30868,15639,50.66
20,1138,INDIGRID,IV,237570,210710,88.69
20,1139,INDNIPPON,EQ,20937,11867,56.68
20,1140,INDOAMIN,EQ,95381,49602,52.00
20,1141,INDOBORAX,EQ,70149,42777,60.98
20,1142,INDOCO,EQ,96872,78312,80.84
20,1143,INDORAMA,EQ,81432,57340,70.41
20,1144,INDOSTAR,EQ,117498,61794,52.59
20,1145,INDOWIND,EQ,2897099,1231438,42.51
20,1146,INDRAMEDCO,EQ,214455,108824,50.74
20,1147,INDTERRAIN,EQ,54274,36393,67.05
20,1148,INDUSINDBK,EQ,5896120,3068667,52.05
20,1149,INDUSTOWER,EQ,4130940,2252965,54.54
20,1150,INFIBEAM,EQ,4378274,1851857,42.30
20,1151,INFINIUM,ST,3000,3000,100.00
20,1152,INFOBEAN,EQ,15098,10500,69.55
20,1153,INFOLLION,ST,13200,13200,100.00
20,1154,INFOMEDIA,EQ,10889,8513,78.18
20,1155,INFRABEES,EQ,18683,12131,64.93
20,1156,INFRAIETF,EQ,67508,41962,62.16
20,1157,INFY,EQ,6218003,4134046,66.49
20,1158,INGERRAND,EQ,9639,5123,53.15
20,1159,INM,SM,16200,13800,85.19
20,1160,INNOMET,SM,15600,9600,61.54
20,1161,INNOVACAP,EQ,204927,72616,35.44
20,1162,INNOVANA,EQ,6366,3294,51.74
20,1163,INOXGREEN,EQ,806701,332873,41.26
20,1164,INOXINDIA,EQ,65408,36745,56.18
20,1165,INOXWIND,EQ,3463270,1467400,42.37
20,1166,INSECTICID,EQ,56205,44301,78.82
20,1167,INSPIRE,SM,2000,2000,100.00
20,1168,INSPIRISYS,EQ,6249,4519,72.32
20,1169,INTELLECT,EQ,1948311,244932,12.57
20,1170,INTENTECH,EQ,54134,28466,52.58
20,1171,INTERARCH,EQ,139427,61252,43.93
20,1172,INTLCONV,EQ,529495,163771,30.93
20,1173,INVENTURE,EQ,2115071,1099125,51.97
20,1174,IOB,EQ,10787592,1919054,17.79
20,1175,IOC,EQ,14567050,7685087,52.76
20,1176,IOLCP,EQ,345311,124179,35.96
20,1177,IONEXCHANG,EQ,216083,85989,39.79
20,1178,IPCALAB,EQ,499010,250286,50.16
20,1179,IPHL,ST,21600,20400,94.44
20,1180,IPL,EQ,109965,59419,54.03
20,1181,IRB,EQ,27379807,13367123,48.82
20,1182,IRBINVIT,IV,84507,76013,89.95
20,1183,IRCON,EQ,5008216,1271538,25.39
20,1184,IRCTC,EQ,862604,382912,44.39
20,1185,IREDA,EQ,35753765,9001997,25.18
20,1186,IRFC,EQ,20331510,4205692,20.69
20,1187,IRISDOREME,EQ,76428,15889,20.79
20,1188,IRMENERGY,EQ,27717,15485,55.87
20,1189,ISEC,EQ,333599,225202,67.51
20,1190,ISFT,EQ,18505,10034,54.22
20,1191,ISGEC,EQ,62526,30170,48.25
20,1192,ISHAN,ST,288000,240000,83.33
20,1193,IT,EQ,205323,190291,92.68
20,1194,ITALIANE,ST,10000,8000,80.00
20,1195,ITBEES,EQ,3454604,2403151,69.56
20,1196,ITC,EQ,37072992,25389838,68.49
20,1197,ITDC,EQ,1526825,157561,10.32
20,1198,ITDCEM,EQ,391512,195548,49.95
20,1199,ITETF,EQ,93960,82615,87.93
20,1200,ITETFADD,EQ,6131,5963,97.26
20,1201,ITI,EQ,89246558,7735669,8.67
20,1202,ITIETF,EQ,800198,628863,78.59
20,1203,ITTL,ST,420,420,100.00
20,1204,IVC,EQ,315031,166409,52.82
20,1205,IVP,EQ,11660,10348,88.75
20,1206,IVZINGOLD,EQ,65,37,56.92
20,1207,IVZINNIFTY,EQ,219,17,7.76
20,1208,IWEL,EQ,11261,8379,74.41
20,1209,IXIGO,EQ,3536300,2359032,66.71
20,1210,JAGRAN,EQ,80171,50292,62.73
20,1211,JAGSNPHARM,EQ,122721,49208,40.10
20,1212,JAIBALAJI,EQ,48602,29839,61.39
20,1213,JAICORPLTD,EQ,21499850,3449779,16.05
20,1214,JAINAM,ST,16000,16000,100.00
20,1215,JAIPURKURT,EQ,69057,31432,45.52
20,1216,JALAN,ST,147000,147000,100.00
20,1217,JAMNAAUTO,EQ,1269917,561635,44.23
20,1218,JASH,EQ,186517,73528,39.42
20,1219,JAYAGROGN,EQ,22431,16640,74.18
20,1220,JAYBARMARU,EQ,94695,40608,42.88
20,1221,JAYBEE,ST,27000,26000,96.30
20,1222,JAYNECOIND,EQ,2587056,455127,17.59
20,1223,JAYSREETEA,EQ,135914,84500,62.17
20,1224,JBCHEPHARM,EQ,345966,295945,85.54
20,1225,JBMA,EQ,63975,22633,35.38
20,1226,JCHAC,EQ,61213,29410,48.05
20,1227,JEYYAM,SM,452000,262000,57.96
20,1228,JGCHEM,EQ,119288,42494,35.62
20,1229,JHS,EQ,117793,74259,63.04
20,1230,JINDALPHOT,EQ,12601,8073,64.07
20,1231,JINDALPOLY,EQ,37226,11134,29.91
20,1232,JINDALSAW,EQ,757930,396634,52.33
20,1233,JINDALSTEL,EQ,1702255,862785,50.68
20,1234,JINDRILL,EQ,170878,88612,51.86
20,1235,JINDWORLD,EQ,1085986,265452,24.44
20,1236,JIOFIN,EQ,25288548,14963715,59.17
20,1237,JISLDVREQS,EQ,38849,22156,57.03
20,1238,JISLJALEQS,EQ,4460421,1932403,43.32
20,1239,JITFINFRA,EQ,27421,13710,50.00
20,1240,JIWANRAM,SM,30000,30000,100.00
20,1241,J&KBANK,EQ,3194308,1334777,41.79
20,1242,JKCEMENT,EQ,65879,34298,52.06
20,1243,JKIL,EQ,122587,65894,53.75
20,1244,JKLAKSHMI,EQ,100740,38150,37.87
20,1245,JKPAPER,EQ,202753,96573,47.63
20,1246,JKTYRE,EQ,215900,98130,45.45
20,1247,JLHL,EQ,15078,8594,57.00
20,1248,JMA,EQ,5551,2937,52.91
20,1249,JMFINANCIL,EQ,3850893,1513396,39.30
20,1250,JNKINDIA,EQ,10125,4962,49.01
20,1251,JOCIL,EQ,10662,6808,63.85
20,1252,JPOLYINVST,EQ,16762,8157,48.66
20,1253,JPPOWER,EQ,26748382,10012863,37.43
20,1254,JSFB,EQ,115062,59695,51.88
20,1255,JSL,EQ,716146,362409,50.61
20,1256,JSLL,SM,311310,180810,58.08
20,1257,JSWENERGY,EQ,2341500,1236327,52.80
20,1258,JSWINFRA,EQ,1868316,1011192,54.12
20,1259,JSWSTEEL,EQ,2691743,1495353,55.55
20,1260,JTEKTINDIA,EQ,1330514,370865,27.87
20,1261,JTLIND,EQ,1514218,762446,50.35
20,1262,JUBLFOOD,EQ,3052395,1456251,47.71
20,1263,JUBLINGREA,EQ,1004706,393537,39.17
20,1264,JUBLPHARMA,EQ,128073,86567,67.59
20,1265,JUNIORBEES,EQ,158570,102103,64.39
20,1266,JUNIPER,EQ,207435,148917,71.79
20,1267,JUSTDIAL,EQ,999232,164659,16.48
20,1268,JWL,EQ,1403491,408093,29.08
20,1269,JYOTHYLAB,EQ,353098,177771,50.35
20,1270,JYOTICNC,EQ,239541,98657,41.19
20,1271,JYOTISTRUC,EQ,14724691,8309292,56.43
20,1272,K2INFRA,ST,58800,54600,92.86
20,1273,KABRAEXTRU,EQ,222726,90135,40.47
20,1274,KAJARIACER,EQ,149767,88397,59.02
20,1275,KAKATCEM,EQ,2070,1514,73.14
20,1276,KALAMANDIR,EQ,1192555,565784,47.44
20,1277,KALANA,SM,116000,60000,51.72
20,1278,KALYANIFRG,EQ,8084,6706,82.95
20,1279,KALYANKJIL,EQ,6953038,1968845,28.32
20,1280,KAMATHOTEL,EQ,32587,20922,64.20
20,1281,KAMDHENU,EQ,99841,58312,58.40
20,1282,KANANIIND,EQ,262064,168705,64.38
20,1283,KANDARP,ST,44000,44000,100.00
20,1284,KANORICHEM,EQ,27679,15925,57.53
20,1285,KANPRPLA,EQ,8574,4577,53.38
20,1286,KANSAINER,EQ,249322,151671,60.83
20,1287,KAPSTON,EQ,11441,7487,65.44
20,1288,KARMAENG,EQ,84058,36358,43.25
20,1289,KARNIKA,ST,1600,1600,100.00
20,1290,KARURVYSYA,EQ,644408,275089,42.69
20,1291,KATARIA,SM,24600,16800,68.29
20,1292,KAUSHALYA,EQ,4054,2843,70.13
20,1293,KAYNES,EQ,291514,84216,28.89
20,1294,KBCGLOBAL,EQ,22298187,9799183,43.95
20,1295,KCEIL,ST,34500,31000,89.86
20,1296,KCK,ST,7500,7500,100.00
20,1297,KCP,EQ,219655,92145,41.95
20,1298,KCPSUGIND,EQ,82341,58679,71.26
20,1299,KDDL,EQ,10852,5049,46.53
20,1300,KDL,ST,7350,6900,93.88
20,1301,KEC,EQ,517564,155707,30.08
20,1302,KECL,EQ,199066,96605,48.53
20,1303,KEI,EQ,127570,59813,46.89
20,1304,KEL,ST,8400,8400,100.00
20,1305,KELLTONTEC,EQ,1040429,435807,41.89
20,1306,KESORAMIND,EQ,447645,267214,59.69
20,1307,KFINTECH,EQ,658787,331225,50.28
20,1308,KHADIM,EQ,14569,8262,56.71
20,1309,KHAICHEM,EQ,152634,67837,44.44
20,1310,KHAITANLTD,EQ,6223,5018,80.64
20,1311,KHANDSE,EQ,1122,799,71.21
20,1312,KHFM,SM,10850,4650,42.86
20,1313,KICL,EQ,5365,3142,58.56
20,1314,KILITCH,EQ,33350,19141,57.39
20,1315,KIMS,EQ,1020109,489624,48.00
20,1316,KINGFA,EQ,199364,38890,19.51
20,1317,KIOCL,EQ,197003,61753,31.35
20,1318,KIRIINDUS,EQ,177326,103289,58.25
20,1319,KIRLOSBROS,EQ,72730,27239,37.45
20,1320,KIRLOSENG,EQ,116796,66029,56.53
20,1321,KIRLOSIND,EQ,3793,2335,61.56
20,1322,KIRLPNU,EQ,47377,27472,57.99
20,1323,KKCL,EQ,31840,22038,69.21
20,1324,KKVAPOW,SM,468,468,100.00
20,1325,KLL,SM,40800,32800,80.39
20,1326,KMEW,EQ,14812,9287,62.70
20,1327,KMSUGAR,EQ,99575,53303,53.53
20,1328,KNAGRI,ST,10000,10000,100.00
20,1329,KNRCON,EQ,801185,354889,44.30
20,1330,KODYTECH,SM,9500,6300,66.32
20,1331,KOHINOOR,EQ,211695,130827,61.80
20,1332,KOKUYOCMLN,EQ,93710,57905,61.79
20,1333,KOLTEPATIL,EQ,85131,39061,45.88
20,1334,KONSTELEC,ST,15000,15000,100.00
20,1335,KONTOR,ST,9600,8400,87.50
20,1336,KORE,ST,3000,3000,100.00
20,1337,KOTAKBANK,EQ,4277149,2922269,68.32
20,1338,KOTARISUG,EQ,38653,22385,57.91
20,1339,KOTHARIPET,EQ,74640,35264,47.25
20,1340,KOTYARK,SM,34100,26000,76.25
20,1341,KPEL,EQ,122424,73077,59.69
20,1342,KPIGREEN,EQ,1138144,691205,60.73
20,1343,KPIL,EQ,371263,192506,51.85
20,1344,KPITTECH,EQ,855167,435389,50.91
20,1345,KPRMILL,EQ,236347,114232,48.33
20,1346,KRBL,EQ,309644,126418,40.83
20,1347,KRISHANA,EQ,12645,7456,58.96
20,1348,KRISHCA,SM,9500,6500,68.42
20,1349,KRISHIVAL,SM,1500,1000,66.67
20,1350,KRISHNADEF,ST,18000,16000,88.89
20,1351,KRITINUT,EQ,14735,8595,58.33
20,1352,KRN,EQ,938229,286600,30.55
20,1353,KRONOX,EQ,203697,90108,44.24
20,1354,KROSS,EQ,282194,98378,34.86
20,1355,KRSNAA,EQ,66326,38177,57.56
20,1356,KRYSTAL,EQ,17877,10057,56.26
20,1357,KSB,EQ,33801,19061,56.39
20,1358,KSCL,EQ,203282,72047,35.44
20,1359,KSHITIJPOL,EQ,333175,247975,74.43
20,1360,KSL,EQ,36559,18022,49.30
20,1361,KSOLVES,EQ,26114,14175,54.28
20,1362,KTKBANK,EQ,715329,408556,57.11
20,1363,KTL,ST,18000,18000,100.00
20,1364,KUANTUM,EQ,58496,29995,51.28
20,1365,LAGNAM,EQ,84558,49361,58.38
20,1366,LAKSHYA,SM,62400,40800,65.38
20,1367,LAL,EQ,262562,191752,73.03
20,1368,LALPATHLAB,EQ,333146,189689,56.94
20,1369,LAMOSAIC,ST,10200,10200,100.00
20,1370,LANCORHOL,EQ,178167,127492,71.56
20,1371,LANDMARK,EQ,31052,25351,81.64
20,1372,LAOPALA,EQ,43676,23503,53.81
20,1373,LASA,EQ,83127,48763,58.66
20,1374,LATENTVIEW,EQ,642713,249175,38.77
20,1375,LAURUSLABS,EQ,1512799,734329,48.54
20,1376,LAWSIKHO,SM,23000,12000,52.17
20,1377,LAXMICOT,EQ,20777,13921,67.00
20,1378,LEMERITE,ST,33600,27200,80.95
20,1379,LEMONTREE,EQ,4650645,1665279,35.81
20,1380,LEXUS,EQ,7755,6344,81.81
20,1381,LGBBROSLTD,EQ,9780,5367,54.88
20,1382,LIBAS,EQ,34010,29134,85.66
20,1383,LIBERTSHOE,EQ,11183,6213,55.56
20,1384,LICHSGFIN,EQ,883434,356570,40.36
20,1385,LICI,EQ,889032,340807,38.33
20,1386,LICMFGOLD,EQ,222,134,60.36
20,1387,LICNETFGSC,EQ,7163,4393,61.33
20,1388,LICNETFN50,EQ,732,560,76.50
20,1389,LICNETFSEN,EQ,121,72,59.50
20,1390,LICNFNHGP,EQ,1482,1426,96.22
20,1391,LICNMID100,EQ,3758,3084,82.06
20,1392,LIKHITHA,EQ,52421,25719,49.06
20,1393,LINC,EQ,57559,34792,60.45
20,1394,LINCOLN,EQ,47467,24080,50.73
20,1395,LINDEINDIA,EQ,88532,29947,33.83
20,1396,LIQUID,EQ,1250031,1053403,84.27
20,1397,LIQUID1,EQ,665080,500610,75.27
20,1398,LIQUIDADD,EQ,558771,308784,55.26
20,1399,LIQUIDBEES,EQ,12445125,11946187,95.99
20,1400,LIQUIDBETF,EQ,19256,19248,99.96
20,1401,LIQUIDCASE,EQ,12553123,11687281,93.10
20,1402,LIQUIDETF,EQ,803678,732293,91.12
20,1403,LIQUIDIETF,EQ,659989,502861,76.19
20,1404,LIQUIDPLUS,EQ,70881,70347,99.25
20,1405,LIQUIDSBI,EQ,6953,4475,64.36
20,1406,LIQUIDSHRI,EQ,44120,43820,99.32
20,1407,LLOYDS,SM,62000,36000,58.06
20,1408,LLOYDSENGG,EQ,28662457,9266830,32.33
20,1409,LLOYDSENT,EQ,7775552,3702965,47.62
20,1410,LLOYDSME,EQ,3152260,854474,27.11
20,1411,LMW,EQ,7459,4584,61.46
20,1412,LODHA,EQ,908087,306632,33.77
20,1413,LOKESHMACH,EQ,34711,15984,46.05
20,1414,LORDSCHLO,EQ,269389,105131,39.03
20,1415,LOVABLE,EQ,20601,11801,57.28
20,1416,LOWVOL,EQ,501,248,49.50
20,1417,LOWVOL1,EQ,9443,6419,67.98
20,1418,LOWVOLIETF,EQ,724773,561284,77.44
20,1419,LRRPL,ST,24000,24000,100.00
20,1420,LT,EQ,1290107,669753,51.91
20,1421,LTF,EQ,4873760,2124015,43.58
20,1422,LTFOODS,EQ,366248,194851,53.20
20,1423,LTGILTBEES,EQ,4221759,3926030,93.00
20,1424,LTIM,EQ,285435,182833,64.05
20,1425,LTTS,EQ,118016,48041,40.71
20,1426,LUMAXIND,EQ,1614,880,54.52
20,1427,LUMAXTECH,EQ,116022,56591,48.78
20,1428,LUPIN,EQ,1034000,561887,54.34
20,1429,LUXIND,EQ,208795,74977,35.91
20,1430,LXCHEM,EQ,541837,235246,43.42
20,1431,LYKALABS,EQ,130471,77317,59.26
20,1432,LYPSAGEMS,EQ,87109,65270,74.93
20,1433,MACOBSTECH,SM,4000,2400,60.00
20,1434,MACPOWER,EQ,10968,5974,54.47
20,1435,MADHAV,EQ,36528,23565,64.51
20,1436,MADHAVBAUG,SM,6000,5600,93.33
20,1437,MADHUSUDAN,SM,33000,22000,66.67
20,1438,MADRASFERT,EQ,166032,61197,36.86
20,1439,MAFANG,EQ,2318108,981930,42.36
20,1440,MAGADSUGAR,EQ,6526,3959,60.67
20,1441,MAGNUM,EQ,80428,52426,65.18
20,1442,MAHABANK,EQ,63148953,11224851,17.78
20,1443,MAHAPEXLTD,EQ,12778,4900,38.35
20,1444,MAHEPC,EQ,18228,10539,57.82
20,1445,MAHESHWARI,EQ,28213,13869,49.16
20,1446,MAHKTECH,EQ,1320974,860305,65.13
20,1447,MAHLIFE,EQ,119597,59372,49.64
20,1448,MAHLOG,EQ,57444,28482,49.58
20,1449,MAHSCOOTER,EQ,6969,5327,76.44
20,1450,MAHSEAMLES,EQ,280337,115170,41.08
20,1451,MAITHANALL,EQ,39387,22219,56.41
20,1452,MAITREYA,ST,7200,6000,83.33
20,1453,MAKEINDIA,EQ,14803,8377,56.59
20,1454,MAKS,SM,1500,1500,100.00
20,1455,MAL,SM,9600,8000,83.33
20,1456,MALLCOM,EQ,2160,1231,56.99
20,1457,MALUPAPER,EQ,69188,30934,44.71
20,1458,MANAKALUCO,EQ,199747,114120,57.13
20,1459,MANAKSIA,EQ,103896,59845,57.60
20,1460,MANAKSTEEL,EQ,59349,25225,42.50
20,1461,MANALIPETC,EQ,190303,109648,57.62
20,1462,MANAPPURAM,EQ,5294741,2111972,39.89
20,1463,MANBA,EQ,562677,332469,59.09
20,1464,MANCREDIT,EQ,33843,9953,29.41
20,1465,MANDEEP,SM,2000,2000,100.00
20,1466,MANGALAM,EQ,21682,11179,51.56
20,1467,MANGCHEFER,EQ,1660831,789941,47.56
20,1468,MANGLMCEM,EQ,142782,79959,56.00
20,1469,MANINDS,EQ,173182,91209,52.67
20,1470,MANINFRA,EQ,1777784,574447,32.31
20,1471,MANKIND,EQ,468262,245355,52.40
20,1472,MANOMAY,EQ,36093,21641,59.96
20,1473,MANORAMA,EQ,40261,29049,72.15
20,1474,MANORG,EQ,9524,4875,51.19
20,1475,MANUGRAPH,EQ,9327,6499,69.68
20,1476,MANYAVAR,EQ,136347,67350,49.40
20,1477,MAPMYINDIA,EQ,170730,114662,67.16
20,1478,MARALOVER,EQ,13320,6831,51.28
20,1479,MARATHON,EQ,40219,23056,57.33
20,1480,MARCO,SM,105000,60000,57.14
20,1481,MARICO,EQ,1752004,899688,51.35
20,1482,MARINETRAN,ST,12000,8000,66.67
20,1483,MARKSANS,EQ,608937,244391,40.13
20,1484,MARUTI,EQ,701315,307067,43.78
20,1485,MASFIN,EQ,68899,37470,54.38
20,1486,MASON,ST,11000,11000,100.00
20,1487,MASPTOP50,EQ,302933,188650,62.27
20,1488,MASTEK,EQ,57857,27156,46.94
20,1489,MASTER,ST,500,500,100.00
20,1490,MASTERTR,EQ,48884,30811,63.03
20,1491,MATRIMONY,EQ,10149,7285,71.78
20,1492,MAWANASUG,EQ,15164,7114,46.91
20,1493,MAXESTATES,EQ,117745,66853,56.78
20,1494,MAXHEALTH,EQ,2301740,1572236,68.31
20,1495,MAXIND,EQ,19929,10836,54.37
20,1496,MAXPOSURE,SM,357000,190000,53.22
20,1497,MAYURUNIQ,EQ,51412,30783,59.88
20,1498,MAZDA,EQ,31655,16858,53.26
20,1499,MAZDOCK,EQ,1592341,327341,20.56
20,1500,MBAPL,EQ,81748,53806,65.82
20,1501,MBLINFRA,EQ,176962,67984,38.42
20,1502,MCON,ST,11000,10000,90.91
20,1503,MCX,EQ,281020,111019,39.51
20,1504,MDL,SM,13000,10000,76.92
20,1505,MEDANTA,EQ,153743,99028,64.41
20,1506,MEDIASSIST,EQ,83475,49882,59.76
20,1507,MEDICAMEQ,EQ,13949,6377,45.72
20,1508,MEDICO,EQ,478478,346162,72.35
20,1509,MEDIORG,ST,10000,10000,100.00
20,1510,MEDPLUS,EQ,69990,33725,48.19
20,1511,MEGAFLEX,ST,6000,6000,100.00
20,1512,MEGASOFT,EQ,799962,671376,83.93
20,1513,MEGASTAR,EQ,159073,90247,56.73
20,1514,MEGATHERM,SM,30000,19600,65.33
20,1515,MENONBE,EQ,22005,11607,52.75
20,1516,METAL,EQ,147964,105481,71.29
20,1517,METALIETF,EQ,3103093,2419417,77.97
20,1518,METROBRAND,EQ,70068,25681,36.65
20,1519,METROPOLIS,EQ,445477,215582,48.39
20,1520,MFSL,EQ,286379,160052,55.89
20,1521,MGEL,EQ,530863,262042,49.36
20,1522,MGL,EQ,1784947,961033,53.84
20,1523,MHHL,SM,484500,340500,70.28
20,1524,MHRIL,EQ,84562,41307,48.85
20,1525,MICEL,EQ,243714,147500,60.52
20,1526,MICROPRO,SM,1600,1600,100.00
20,1527,MID150BEES,EQ,519358,333100,64.14
20,1528,MID150CASE,EQ,157658,131746,83.56
20,1529,MIDCAP,EQ,44190,37346,84.51
20,1530,MIDCAPETF,EQ,674802,543378,80.52
20,1531,MIDCAPIETF,EQ,283339,167735,59.20
20,1532,MIDHANI,EQ,188090,74330,39.52
20,1533,MIDQ50ADD,EQ,1814,1527,84.18
20,1534,MIDSELIETF,EQ,226943,159539,70.30
20,1535,MIDSMALL,EQ,109326,83731,76.59
20,1536,MIEL,ST,26000,26000,100.00
20,1537,MINDACORP,EQ,166457,70305,42.24
20,1538,MINDSPACE,RR,67163,55270,82.29
20,1539,MINDTECK,EQ,35798,22864,63.87
20,1540,MIRCELECTR,EQ,1610452,751964,46.69
20,1541,MIRZAINT,EQ,110673,73032,65.99
20,1542,MITCON,EQ,12112,9406,77.66
20,1543,MITCONPP,E1,548,541,98.72
20,1544,MITTAL,EQ,4063509,2500142,61.53
20,1545,M&M,EQ,2257218,1107303,49.06
20,1546,M&MFIN,EQ,3293873,1552057,47.12
20,1547,MMFL,EQ,108323,72703,67.12
20,1548,MMP,EQ,12353,9657,78.18
20,1549,MMTC,EQ,1469476,446975,30.42
20,1550,MNC,EQ,15489,11262,72.71
20,1551,MOBIKWIK,EQ,7242917,994785,13.73
20,1552,MODEFENCE,EQ,271989,208844,76.78
20,1553,MODIRUBBER,EQ,6620,5391,81.44
20,1554,MODISONLTD,EQ,39165,22684,57.92
20,1555,MOGSEC,EQ,1510,979,64.83
20,1556,MOHEALTH,EQ,82137,53841,65.55
20,1557,MOIL,EQ,2346799,445199,18.97
20,1558,MOKSH,EQ,901356,696268,77.25
20,1559,MOL,EQ,807642,394668,48.87
20,1560,MOLDTECH,EQ,40255,21649,53.78
20,1561,MOLDTKPAC,EQ,30852,18080,58.60
20,1562,MOLOWVOL,EQ,29680,29078,97.97
20,1563,MOM100,EQ,254195,144010,56.65
20,1564,MOM30IETF,EQ,818645,719155,87.85
20,1565,MOM50,EQ,2918,2673,91.60
20,1566,MOMENTUM,EQ,95781,74256,77.53
20,1567,MOMENTUM50,EQ,178075,155522,87.34
20,1568,MOMOMENTUM,EQ,152903,129508,84.70
20,1569,MON100,EQ,249124,222005,89.11
20,1570,MONARCH,EQ,284661,116946,41.08
20,1571,MONIFTY500,EQ,255726,228693,89.43
20,1572,MONOPHARMA,SM,8000,8000,100.00
20,1573,MONQ50,EQ,261613,212725,81.31
20,1574,MONTECARLO,EQ,39384,22048,55.98
20,1575,MOQUALITY,EQ,1754,1589,90.59
20,1576,MOREALTY,EQ,102857,81312,79.05
20,1577,MOREPENLAB,EQ,3146607,972809,30.92
20,1578,MOS,ST,30000,27200,90.67
20,1579,MOSMALL250,EQ,421935,294354,69.76
20,1580,MOTHERSON,EQ,14282547,9021023,63.16
20,1581,MOTILALOFS,EQ,1070697,418889,39.12
20,1582,MOTISONS,EQ,3292145,1830328,55.60
20,1583,MOTOGENFIN,EQ,26042,21845,83.88
20,1584,MOVALUE,EQ,33986,26604,78.28
20,1585,MPHASIS,EQ,517777,310588,59.98
20,1586,MPSLTD,EQ,5697,2718,47.71
20,1587,MPTODAY,SM,2000,2000,100.00
20,1588,MRF,EQ,8718,2892,33.17
20,1589,MRO-TEK,EQ,26388,19026,72.10
20,1590,MRPL,EQ,1462258,525467,35.94
20,1591,MSPL,EQ,208063,132827,63.84
20,1592,MSTCLTD,EQ,112919,41094,36.39
20,1593,MSUMI,EQ,13785699,9514491,69.02
20,1594,MTARTECH,EQ,371223,107530,28.97
20,1595,MTNL,EQ,5082761,1261286,24.81
20,1596,MUFIN,EQ,55186,33176,60.12
20,1597,MUFTI,EQ,171308,104352,60.91
20,1598,MUKANDLTD,EQ,45469,24347,53.55
20,1599,MUKKA,EQ,549945,211302,38.42
20,1600,MULTICAP,EQ,105945,69122,65.24
20,1601,MUNJALAU,EQ,340074,136380,40.10
20,1602,MUNJALSHOW,EQ,38242,24518,64.11
20,1603,MURUDCERA,EQ,60364,39016,64.63
20,1604,MUTHOOTCAP,EQ,12863,6857,53.31
20,1605,MUTHOOTFIN,EQ,1661048,1442062,86.82
20,1606,MUTHOOTMF,EQ,130579,73807,56.52
20,1607,MVGJL,EQ,767992,218357,28.43
20,1608,MVKAGRO,SM,6000,6000,100.00
20,1609,MWL,SM,9600,7200,75.00
20,1610,MYMUDRA,SM,32400,22800,70.37
20,1611,NACLIND,EQ,691402,302602,43.77
20,1612,NAGAFERT,EQ,326371,197709,60.58
20,1613,NAHARCAP,EQ,44907,10967,24.42
20,1614,NAHARINDUS,EQ,24814,15225,61.36
20,1615,NAHARPOLY,EQ,18644,8747,46.92
20,1616,NAHARSPING,EQ,21110,10852,51.41
20,1617,NAMAN,ST,9600,8800,91.67
20,1618,NAM-INDIA,EQ,453417,236311,52.12
20,1619,NAMOEWASTE,ST,36800,35200,95.65
20,1620,NARMADA,EQ,129149,84772,65.64
20,1621,NATCOPHARM,EQ,378192,225636,59.66
20,1622,NATHBIOGEN,EQ,10187,5815,57.08
20,1623,NATIONALUM,EQ,12910051,5220000,40.43
20,1624,NAUKRI,EQ,402651,173380,43.06
20,1625,NAVA,EQ,155021,86536,55.82
20,1626,NAVINFLUOR,EQ,88157,34986,39.69
20,1627,NAVKARCORP,EQ,938271,412971,44.01
20,1628,NAVNETEDUL,EQ,60703,44520,73.34
20,1629,NAZARA,EQ,205978,82526,40.07
20,1630,NBCC,EQ,6325530,2960630,46.80
20,1631,NCC,EQ,2144591,1164235,54.29
20,1632,NCLIND,EQ,53251,30736,57.72
20,1633,NDL,EQ,3150098,2057485,65.31
20,1634,NDLVENTURE,EQ,15895,5756,36.21
20,1635,NDRAUTO,EQ,43683,17961,41.12
20,1636,NDTV,EQ,47217,24946,52.83
20,1637,NECCLTD,EQ,417953,220302,52.71
20,1638,NEELAM,ST,54000,48000,88.89
20,1639,NELCAST,EQ,22167,14320,64.60
20,1640,NELCO,EQ,170829,72300,42.32
20,1641,NEOGEN,EQ,43370,18048,41.61
20,1642,NEPHROCARE,ST,24800,24400,98.39
20,1643,NESCO,EQ,57573,27320,47.45
20,1644,NESTLEIND,EQ,1011450,686737,67.90
20,1645,NETF,EQ,5394,5246,97.26
20,1646,NETWEB,EQ,92438,38513,41.66
20,1647,NETWORK18,EQ,4385304,1601579,36.52
20,1648,NEULANDLAB,EQ,21761,10620,48.80
20,1649,NEWGEN,EQ,174558,67998,38.95
20,1650,NEWJAISA,SM,13500,7500,55.56
20,1651,NEXT50,EQ,6404,4974,77.67
20,1652,NEXT50IETF,EQ,448734,226507,50.48
20,1653,NFL,EQ,1271707,405250,31.87
20,1654,NGIL,EQ,119497,8680,7.26
20,1655,NGILPP1,E1,288,88,30.56
20,1656,NGLFINE,EQ,1235,666,53.93
20,1657,NH,EQ,140283,92202,65.73
20,1658,NHPC,EQ,23421943,7159298,30.57
20,1659,NIACL,EQ,833090,203508,24.43
20,1660,NIDAN,SM,15000,12000,80.00
20,1661,NIF100BEES,EQ,22259,11992,53.87
20,1662,NIF100IETF,EQ,181850,116611,64.12
20,1663,NIF10GETF,EQ,2853,2348,82.30
20,1664,NIFITETF,EQ,34,32,94.12
20,1665,NIFMID150,EQ,622,434,69.77
20,1666,NIFTY1,EQ,112942,74041,65.56
20,1667,NIFTY50ADD,EQ,54638,17198,31.48
20,1668,NIFTYBEES,EQ,5421954,3861498,71.22
20,1669,NIFTYBETF,EQ,3467,2108,60.80
20,1670,NIFTYETF,EQ,78895,53504,67.82
20,1671,NIFTYIETF,EQ,640715,316044,49.33
20,1672,NIFTYQLITY,EQ,61953,45350,73.20
20,1673,NIITLTD,EQ,1510197,572972,37.94
20,1674,NIITMTS,EQ,29850,16255,54.46
20,1675,NILAINFRA,EQ,5361300,973010,18.15
20,1676,NILKAMAL,EQ,3920,2497,63.70
20,1677,NINSYS,EQ,4230,2008,47.47
20,1678,NIPPOBATRY,EQ,6704,4832,72.08
20,1679,NIRMAN,ST,13800,11400,82.61
20,1680,NITINSPIN,EQ,74849,46866,62.61
20,1681,NITIRAJ,EQ,4621,3195,69.14
20,1682,NIVABUPA,EQ,2086532,696932,33.40
20,1683,NLCINDIA,EQ,983824,349939,35.57
20,1684,NMDC,EQ,19978769,7466552,37.37
20,1685,NMSTEEL,ST,905600,875200,96.64
20,1686,NOCIL,EQ,235118,121404,51.64
20,1687,NORTHARC,EQ,626952,194583,31.04
20,1688,NOVAAGRI,EQ,128878,56670,43.97
20,1689,NPBET,EQ,17,17,100.00
20,1690,NPST,SM,29600,22250,75.17
20,1691,NRAIL,EQ,2910,1761,60.52
20,1692,NRBBEARING,EQ,93344,43921,47.05
20,1693,NSIL,EQ,16695,5892,35.29
20,1694,NSLNISP,EQ,2225022,1005123,45.17
20,1695,NTPC,EQ,8689629,3843564,44.23
20,1696,NTPCGREEN,EQ,10486510,3743397,35.70
20,1697,NUCLEUS,EQ,146939,34107,23.21
20,1698,NURECA,EQ,68973,31159,45.18
20,1699,NUVAMA,EQ,69585,35321,50.76
20,1700,NUVOCO,EQ,54117,26810,49.54
20,1701,NV20,EQ,25186,11894,47.22
20,1702,NV20BEES,EQ,8053,5994,74.43
20,1703,NV20IETF,EQ,509704,288982,56.70
20,1704,NXST,RR,67791,46251,68.23
20,1705,NYKAA,EQ,7031581,3980118,56.60
20,1706,OAL,EQ,143157,27195,19.00
20,1707,OBCL,EQ,46910,40952,87.30
20,1708,OBEROIRLTY,EQ,313276,156697,50.02
20,1709,OBSCP,ST,9600,9600,100.00
20,1710,OCCL,EQ,32310,20853,64.54
20,1711,OCCLLTD,EQ,410819,190703,46.42
20,1712,OFSS,EQ,112999,39242,34.73
20,1713,OIL,EQ,12072883,2682193,22.22
20,1714,OILIETF,EQ,1402863,863390,61.54
20,1715,OLAELEC,EQ,30982641,10326182,33.33
20,1716,OLECTRA,EQ,215695,104515,48.45
20,1717,OLIL,SM,142800,82800,57.98
20,1718,OMAXAUTO,EQ,29001,22374,77.15
20,1719,OMAXE,EQ,130982,79311,60.55
20,1720,OMFURN,ST,52800,43200,81.82
20,1721,OMINFRAL,EQ,504163,218059,43.25
20,1722,ONDOOR,ST,3900,3600,92.31
20,1723,ONELIFECAP,EQ,44023,22929,52.08
20,1724,ONEPOINT,EQ,1593544,726022,45.56
20,1725,ONGC,EQ,49760410,9626597,19.35
20,1726,ONMOBILE,EQ,1483581,357310,24.08
20,1727,ONWARDTEC,EQ,31498,17749,56.35
20,1728,ONYX,ST,100000,88000,88.00
20,1729,OPTIEMUS,EQ,398651,208472,52.29
20,1730,ORCHPHARMA,EQ,129083,38402,29.75
20,1731,ORIANA,SM,169275,76050,44.93
20,1732,ORICONENT,EQ,922564,678457,73.54
20,1733,ORIENTALTL,EQ,216568,55641,25.69
20,1734,ORIENTBELL,EQ,10446,6567,62.87
20,1735,ORIENTCEM,EQ,478400,286291,59.84
20,1736,ORIENTCER,EQ,112674,56261,49.93
20,1737,ORIENTELEC,EQ,99608,52126,52.33
20,1738,ORIENTHOT,EQ,159809,96107,60.14
20,1739,ORIENTPPR,EQ,1058670,518096,48.94
20,1740,ORIENTTECH,EQ,2146986,636750,29.66
20,1741,ORISSAMINE,EQ,3840,1966,51.20
20,1742,ORTINGLOBE,EQ,2675,2099,78.47
20,1743,OSELDEVICE,ST,191200,160800,84.10
20,1744,OSWALAGRO,EQ,31949,23213,72.66
20,1745,OSWALGREEN,EQ,507353,195467,38.53
20,1746,OWAIS,SM,25100,18300,72.91
20,1747,PAGEIND,EQ,18525,10160,54.84
20,1748,PAISALO,EQ,3403249,1649576,48.47
20,1749,PAKKA,EQ,108614,47804,44.01
20,1750,PALASHSECU,EQ,7119,3518,49.42
20,1751,PALREDTEC,EQ,23128,16250,70.26
20,1752,PANACEABIO,EQ,208397,100490,48.22
20,1753,PANAMAPET,EQ,34684,18494,53.32
20,1754,PANSARI,EQ,1807,1322,73.16
20,1755,PAR,EQ,42785,22418,52.40
20,1756,PARACABLES,EQ,2925014,1449487,49.55
20,1757,PARADEEP,EQ,12522608,4447909,35.52
20,1758,PARAGMILK,EQ,385698,174945,45.36
20,1759,PARAGON,ST,42000,40800,97.14
20,1760,PARAMOUNT,SM,12000,8400,70.00
20,1761,PARAS,EQ,92335,39100,42.35
20,1762,PARASPETRO,EQ,331983,216201,65.12
20,1763,PARIN,ST,1500,1500,100.00
20,1764,PARKHOTELS,EQ,2204658,1094554,49.65
20,1765,PARTYCRUS,SM,16000,10000,62.50
20,1766,PASHUPATI,ST,61400,60800,99.02
20,1767,PATANJALI,EQ,836903,345171,41.24
20,1768,PATELENG,EQ,2792731,1213334,43.45
20,1769,PATINTLOG,EQ,324842,186046,57.27
20,1770,PAYTM,EQ,5220103,1078255,20.66
20,1771,PCBL,EQ,1133610,518574,45.75
20,1772,PCCL,SM,24800,16800,67.74
20,1773,PCJEWELLER,EQ,17112688,13124155,76.69
20,1774,PDMJEPAPER,EQ,507879,194293,38.26
20,1775,PDSL,EQ,74549,46666,62.60
20,1776,PEARLPOLY,EQ,68793,34240,49.77
20,1777,PEL,EQ,332007,122063,36.77
20,1778,PELATRO,ST,12600,12600,100.00
20,1779,PENIND,EQ,437386,237485,54.30
20,1780,PENINLAND,EQ,823888,349429,42.41
20,1781,PENTAGON,SM,25000,19000,76.00
20,1782,PERFECT,ST,45000,39000,86.67
20,1783,PERSISTENT,EQ,246196,101144,41.08
20,1784,PETRONET,EQ,6159424,3283123,53.30
20,1785,PFC,EQ,12857999,4249569,33.05
20,1786,PFIZER,EQ,39037,18469,47.31
20,1787,PFOCUS,EQ,65843,40085,60.88
20,1788,PFS,EQ,556797,303874,54.58
20,1789,PGEL,EQ,924130,414443,44.85
20,1790,PGHH,EQ,3852,2575,66.85
20,1791,PGHL,EQ,2129,1404,65.95
20,1792,PGIL,EQ,62906,29636,47.11
20,1793,PGINVIT,IV,445607,401473,90.10
20,1794,PHANTOMFX,ST,17700,15900,89.83
20,1795,PHARMABEES,EQ,6384744,5069754,79.40
20,1796,PHOENIXLTD,EQ,271538,134494,49.53
20,1797,PHOGLOBAL,ST,42000,38000,90.48
20,1798,PIDILITIND,EQ,561962,370861,65.99
20,1799,PIIND,EQ,451532,335883,74.39
20,1800,PILANIINVS,EQ,4142,2139,51.64
20,1801,PILITA,EQ,202469,136395,67.37
20,1802,PITTIENG,EQ,84170,43819,52.06
20,1803,PIXTRANS,EQ,15079,7163,47.50
20,1804,PLASTIBLEN,EQ,36685,12140,33.09
20,1805,PLATIND,EQ,259200,127090,49.03
20,1806,PLAZACABLE,EQ,34720,19543,56.29
20,1807,PNB,EQ,34674507,15383424,44.37
20,1808,PNBGILTS,EQ,209947,105667,50.33
20,1809,PNBHOUSING,EQ,647982,287558,44.38
20,1810,PNC,EQ,61999,33225,53.59
20,1811,PNCINFRA,EQ,1374934,574999,41.82
20,1812,PNGJL,EQ,428149,252609,59.00
20,1813,POCL,EQ,73662,46143,62.64
20,1814,PODDARMENT,EQ,2345,1513,64.52
20,1815,POKARNA,EQ,130048,69322,53.30
20,1816,POLICYBZR,EQ,730651,262162,35.88
20,1817,POLYCAB,EQ,209835,87960,41.92
20,1818,POLYMED,EQ,146056,90616,62.04
20,1819,POLYPLEX,EQ,105475,48791,46.26
20,1820,POLYSIL,SM,4000,4000,100.00
20,1821,PONNIERODE,EQ,6164,3196,51.85
20,1822,POONAWALLA,EQ,1487335,675177,45.40
20,1823,POSITRON,ST,31800,30900,97.17
20,1824,POWERGRID,EQ,7636948,4290070,56.18
20,1825,POWERINDIA,EQ,45266,20997,46.39
20,1826,POWERMECH,EQ,91883,36491,39.71
20,1827,PPAP,EQ,21005,13245,63.06
20,1828,PPL,EQ,80175,38114,47.54
20,1829,PPLPHARMA,EQ,2651163,989992,37.34
20,1830,PPSL,SM,153000,129000,84.31
20,1831,PRAENG,EQ,712934,287070,40.27
20,1832,PRAJIND,EQ,543708,191324,35.19
20,1833,PRAKASH,EQ,890403,402766,45.23
20,1834,PRAKASHSTL,EQ,410823,243348,59.23
20,1835,PRAMARA,SM,8000,8000,100.00
20,1836,PRANIK,SM,17600,14400,81.82
20,1837,PRATHAM,ST,22800,22800,100.00
20,1838,PRECAM,EQ,305691,126829,41.49
20,1839,PRECWIRE,EQ,217248,97772,45.00
20,1840,PREMEXPLN,EQ,258319,110432,42.75
20,1841,PREMIERENE,EQ,2433129,480044,19.73
20,1842,PREMIUM,SM,42000,27000,64.29
20,1843,PRESSTONIC,ST,12000,12000,100.00
20,1844,PRESTIGE,EQ,320490,190497,59.44
20,1845,PRICOLLTD,EQ,494951,234850,47.45
20,1846,PRIMESECU,EQ,58286,40189,68.95
20,1847,PRINCEPIPE,EQ,57415,30705,53.48
20,1848,PRITI,EQ,69246,37328,53.91
20,1849,PRITIKA,ST,9000,9000,100.00
20,1850,PRITIKAUTO,EQ,331771,156637,47.21
20,1851,PRIVISCL,EQ,44019,35516,80.68
20,1852,PRIZOR,ST,72000,69600,96.67
20,1853,PRLIND,SM,51000,44000,86.27
20,1854,PROLIFE,SM,30000,15500,51.67
20,1855,PROV,SM,1120,720,64.29
20,1856,PROZONER,EQ,7429915,4866135,65.49
20,1857,PRSMJOHNSN,EQ,222504,88779,39.90
20,1858,PRUDENT,EQ,21321,9827,46.09
20,1859,PSB,EQ,1153666,282176,24.46
20,1860,PSFL,SM,8000,6000,75.00
20,1861,PSPPROJECT,EQ,245617,130014,52.93
20,1862,PSUBANK,EQ,5929,2733,46.10
20,1863,PSUBANKADD,EQ,7351,5146,70.00
20,1864,PSUBNKBEES,EQ,1958404,1109643,56.66
20,1865,PSUBNKIETF,EQ,180644,69319,38.37
20,1866,PTC,EQ,1291334,664026,51.42
20,1867,PTCIL,EQ,68154,36488,53.54
20,1868,PTL,EQ,35949,21745,60.49
20,1869,PULZ,ST,28000,28000,100.00
20,1870,PUNJABCHEM,EQ,3079,1634,53.07
20,1871,PURPLEUTED,SM,64000,40000,62.50
20,1872,PURVA,EQ,75438,24027,31.85
20,1873,PURVFLEXI,SM,23200,18400,79.31
20,1874,PVP,EQ,389278,200622,51.54
20,1875,PVRINOX,EQ,238934,112746,47.19
20,1876,PVSL,EQ,58638,22738,38.78
20,1877,PVTBANIETF,EQ,1329404,1021721,76.86
20,1878,PVTBANKADD,EQ,21521,18767,87.20
20,1879,PYRAMID,EQ,55333,25304,45.73
20,1880,QGOLDHALF,EQ,51401,40683,79.15
20,1881,QMSMEDI,SM,4000,3000,75.00
20,1882,QNIFTY,EQ,677,336,49.63
20,1883,QUADPRO,SM,192000,168000,87.50
20,1884,QUAL30IETF,EQ,49662,37910,76.34
20,1885,QUESS,EQ,4344346,627929,14.45
20,1886,QUESTLAB,SM,123600,74400,60.19
20,1887,QUICKHEAL,EQ,121529,43597,35.87
20,1888,QUICKTOUCH,ST,19500,19500,100.00
20,1889,QVCEL,ST,8000,8000,100.00
20,1890,RACE,EQ,5487,3215,58.59
20,1891,RACLGEAR,EQ,4860,3886,79.96
20,1892,RADIANTCMS,EQ,63262,40124,63.43
20,1893,RADICO,EQ,216863,144670,66.71
20,1894,RADIOCITY,EQ,83368,50841,60.98
20,1895,RADIOCITY,P1,155,155,100.00
20,1896,RADIOWALLA,SM,9600,9600,100.00
20,1897,RAILTEL,EQ,1969790,313561,15.92
20,1898,RAIN,EQ,836056,285536,34.15
20,1899,RAINBOW,EQ,56225,26989,48.00
20,1900,RAJESHEXPO,EQ,311840,146647,47.03
20,1901,RAJINDLTD,SM,70500,52500,74.47
20,1902,RAJMET,EQ,1010216,660493,65.38
20,1903,RAJPUTANA,SM,70000,40000,57.14
20,1904,RAJRATAN,EQ,22637,17053,75.33
20,1905,RAJSREESUG,EQ,28232,17946,63.57
20,1906,RALLIS,EQ,343411,159121,46.34
20,1907,RAMANEWS,EQ,37626,20954,55.69
20,1908,RAMAPHO,EQ,20535,15110,73.58
20,1909,RAMASTEEL,EQ,5265242,1941970,36.88
20,1910,RAMCOCEM,EQ,366014,183380,50.10
20,1911,RAMCOIND,EQ,60518,30288,50.05
20,1912,RAMCOSYS,EQ,65597,34843,53.12
20,1913,RAMKY,EQ,30053,18907,62.91
20,1914,RAMRAT,EQ,13346,8593,64.39
20,1915,RANASUG,EQ,102135,49869,48.83
20,1916,RANEENGINE,EQ,9748,7177,73.63
20,1917,RANEHOLDIN,EQ,8197,4812,58.70
20,1918,RAPPID,ST,7800,7800,100.00
20,1919,RATEGAIN,EQ,77410,42463,54.85
20,1920,RATNAMANI,EQ,21680,15518,71.58
20,1921,RATNAVEER,EQ,285043,155540,54.57
20,1922,RAYMOND,EQ,657087,98765,15.03
20,1923,RAYMONDLSL,EQ,87264,42121,48.27
20,1924,RBA,EQ,632156,332096,52.53
20,1925,RBL,EQ,3307,2277,68.85
20,1926,RBLBANK,EQ,11174336,3280312,29.36
20,1927,RBMINFRA,ST,25200,21800,86.51
20,1928,RBS,ST,11200,11200,100.00
20,1929,RBZJEWEL,EQ,235768,147904,62.73
20,1930,RCDL,SM,66000,63000,95.45
20,1931,RCF,EQ,1753910,513772,29.29
20,1932,RECLTD,EQ,14567780,4824270,33.12
20,1933,REDINGTON,EQ,1076255,430291,39.98
20,1934,REDTAPE,EQ,47612,27210,57.15
20,1935,REFRACTORY,ST,39000,39000,100.00
20,1936,RELAXO,EQ,49074,24801,50.54
20,1937,RELCHEMQ,EQ,2300,1362,59.22
20,1938,RELIABLE,EQ,2440,1144,46.89
20,1939,RELIANCE,EQ,15521102,9035649,58.22
20,1940,RELIGARE,EQ,524462,271282,51.73
20,1941,RELINFRA,EQ,3019612,1599738,52.98
20,1942,RELTD,EQ,194933,83175,42.67
20,1943,REMSONSIND,EQ,29151,12884,44.20
20,1944,REMUS,SM,7850,4850,61.78
20,1945,RENUKA,EQ,3216283,989991,30.78
20,1946,REPCOHOME,EQ,49736,25447,51.16
20,1947,REPRO,EQ,7163,4768,66.56
20,1948,RESPONIND,EQ,377886,181750,48.10
20,1949,RETAIL,EQ,5097,4340,85.15
20,1950,REXPIPES,SM,10000,6000,60.00
20,1951,RGL,EQ,175941,111359,63.29
20,1952,RHIM,EQ,581336,342983,59.00
20,1953,RICOAUTO,EQ,6104233,1347569,22.08
20,1954,RIIL,EQ,691617,105287,15.22
20,1955,RILINFRA,ST,34400,33600,97.67
20,1956,RISHABH,EQ,19492,10326,52.98
20,1957,RITCO,EQ,68430,36688,53.61
20,1958,RITES,EQ,8258039,983993,11.92
20,1959,RITEZONE,SM,4800,3200,66.67
20,1960,RKEC,EQ,31986,27569,86.19
20,1961,RKFORGE,EQ,362185,261936,72.32
20,1962,RKSWAMY,EQ,77486,46509,60.02
20,1963,RMDRIP,ST,5000,5000,100.00
20,1964,RML,EQ,4655,2564,55.08
20,1965,RNFI,SM,1080000,624000,57.78
20,1966,ROCKINGDCE,SM,55500,47500,85.59
20,1967,ROHLTD,EQ,405473,143043,35.28
20,1968,ROLEXRINGS,EQ,14416,8309,57.64
20,1969,ROML,EQ,129264,68943,53.34
20,1970,ROSSARI,EQ,32131,19556,60.86
20,1971,ROSSTECH,EQ,15509,9428,60.79
20,1972,ROTO,EQ,188470,89777,47.63
20,1973,ROUTE,EQ,30163,15030,49.83
20,1974,ROXHITECH,SM,275200,169600,61.63
20,1975,RPEL,EQ,52033,34144,65.62
20,1976,RPGLIFE,EQ,35600,11723,32.93
20,1977,RPOWER,EQ,25173373,11568185,45.95
20,1978,RPPL,EQ,56723,28923,50.99
20,1979,RPSGVENT,EQ,47475,21033,44.30
20,1980,RPTECH,EQ,108111,57863,53.52
20,1981,RRKABEL,EQ,149275,116598,78.11
20,1982,RSWM,EQ,59718,35615,59.64
20,1983,RSYSTEMS,EQ,284823,213355,74.91
20,1984,RTNINDIA,EQ,2013839,786815,39.07
20,1985,RTNPOWER,EQ,6184272,3733627,60.37
20,1986,RUBFILA,EQ,53756,30987,57.64
20,1987,RUBYMILLS,EQ,30790,12072,39.21
20,1988,RUCHINFRA,EQ,33118,25762,77.79
20,1989,RUCHIRA,EQ,21699,11040,50.88
20,1990,RULKA,SM,7200,6000,83.33
20,1991,RUPA,EQ,65149,29958,45.98
20,1992,RUSHIL,EQ,634932,293238,46.18
20,1993,RUSTOMJEE,EQ,21086,12400,58.81
20,1994,RVNL,EQ,2543156,834691,32.82
20,1995,SAAKSHI,SM,17400,14400,82.76
20,1996,SABAR,ST,10000,10000,100.00
20,1997,SADBHAV,EQ,545520,340502,62.42
20,1998,SADBHIN,EQ,421809,263494,62.47
20,1999,SADHAV,SM,105000,64200,61.14
20,2000,SADHNANIQ,EQ,338510,152165,44.95
20,2001,SAFARI,EQ,79470,65496,82.42
20,2002,SAGARDEEP,EQ,14773,9301,62.96
20,2003,SAGCEM,EQ,35275,20686,58.64
20,2004,SAGILITY,EQ,22189970,9229331,41.59
20,2005,SAHAJ,SM,52000,52000,100.00
20,2006,SAHAJSOLAR,ST,38400,37800,98.44
20,2007,SAHANA,ST,8875,8000,90.14
20,2008,SAHASRA,SM,209600,121600,58.02
20,2009,SAHYADRI,EQ,7440,5551,74.61
20,2010,SAIFL,SM,4800,4800,100.00
20,2011,SAIL,EQ,9466354,2581922,27.27
20,2012,SAILIFE,EQ,2654451,696800,26.25
20,2013,SAJHOTELS,SM,10000,10000,100.00
20,2014,SAKAR,EQ,26414,18155,68.73
20,2015,SAKHTISUG,EQ,74191,45624,61.50
20,2016,SAKSOFT,EQ,100680,55071,54.70
20,2017,SALASAR,EQ,27183098,7595814,27.94
20,2018,SALONA,EQ,499,370,74.15
20,2019,SALSTEEL,EQ,53067,43706,82.36
20,2020,SALZERELEC,EQ,85793,39954,46.57
20,2021,SAMHI,EQ,2612550,1381358,52.87
20,2022,SAMMAANCAP,EQ,7764290,3115062,40.12
20,2023,SANATHAN,EQ,636944,235457,36.97
20,2024,SANDESH,EQ,2180,1603,73.53
20,2025,SANDHAR,EQ,76809,42804,55.73
20,2026,SANDUMA,EQ,178707,73802,41.30
20,2027,SANGAMIND,EQ,72626,44073,60.68
20,2028,SANGANI,ST,3000,3000,100.00
20,2029,SANGHIIND,EQ,244706,120210,49.12
20,2030,SANGHVIMOV,EQ,227454,104637,46.00
20,2031,SANGINITA,EQ,53486,42117,78.74
20,2032,SANOFI,EQ,8457,4840,57.23
20,2033,SANOFICONR,EQ,4255,2164,50.86
20,2034,SANSERA,EQ,38473,21031,54.66
20,2035,SANSTAR,EQ,1676566,984089,58.70
20,2036,SAPPHIRE,EQ,4207246,478471,11.37
20,2037,SARDAEN,EQ,259692,103869,40.00
20,2038,SAREGAMA,EQ,13619711,865407,6.35
20,2039,SARTELE,SM,124500,101000,81.12
20,2040,SARVESHWAR,EQ,6963539,4461229,64.07
20,2041,SASKEN,EQ,4758,2160,45.40
20,2042,SASTASUNDR,EQ,16412,8569,52.21
20,2043,SATECH,ST,18000,17000,94.44
20,2044,SATIA,EQ,118808,72911,61.37
20,2045,SATIN,EQ,88839,45232,50.91
20,2046,SATINDLTD,EQ,1458526,575699,39.47
20,2047,SATIPOLY,SM,4500,4500,100.00
20,2048,SAURASHCEM,EQ,32977,18644,56.54
20,2049,SBC,EQ,2364115,1076945,45.55
20,2050,SBCL,EQ,47063,30078,63.91
20,2051,SBFC,EQ,810498,402709,49.69
20,2052,SBGLP,EQ,1479017,917286,62.02
20,2053,SBICARD,EQ,1502248,688243,45.81
20,2054,SBIETFCON,EQ,8049,5403,67.13
20,2055,SBIETFIT,EQ,5850,4539,77.59
20,2056,SBIETFPB,EQ,3667,2980,81.27
20,2057,SBIETFQLTY,EQ,1158,1065,91.97
20,2058,SBILIFE,EQ,1107442,625766,56.51
20,2059,SBIN,EQ,13336514,6978565,52.33
20,2060,SBINEQWETF,EQ,13519,9648,71.37
20,2061,SBISILVER,EQ,128012,114881,89.74
20,2062,SCHAEFFLER,EQ,25036,13316,53.19
20,2063,SCHAND,EQ,15114,9491,62.80
20,2064,SCHNEIDER,EQ,192632,87150,45.24
20,2065,SCI,EQ,1251383,493396,39.43
20,2066,SCILAL,EQ,632717,353658,55.90
20,2067,SCL25924A,N1,9,9,100.00
20,2068,SCL25924D,N1,1,1,100.00
20,2069,SCLZC25F,Y5,10,10,100.00
20,2070,SCLZC26B,AY,100,100,100.00
20,2071,SCML,SM,4000,4000,100.00
20,2072,SDBL,EQ,1248971,591483,47.36
20,2073,SDL26BEES,EQ,1001,358,35.76
20,2074,SDREAMS,SM,43000,27000,62.79
20,2075,SEAMECLTD,EQ,14838,10078,67.92
20,2076,SECL,ST,1475000,1475000,100.00
20,2077,SECMARK,EQ,5097,3253,63.82
20,2078,SECURKLOUD,EQ,24396,12784,52.40
20,2079,SEL,ST,2400,2400,100.00
20,2080,SELAN,EQ,26387,14014,53.11
20,2081,SELMC,EQ,8832,5240,59.33
20,2082,SENCO,EQ,211825,101310,47.83
20,2083,SENORES,EQ,2043200,593859,29.07
20,2084,SENSEXADD,EQ,980,907,92.55
20,2085,SENSEXETF,EQ,25917,13256,51.15
20,2086,SENSEXIETF,EQ,4053,2163,53.37
20,2087,SEPC,EQ,6256746,2125726,33.97
20,2088,SEQUENT,EQ,627199,438145,69.86
20,2089,SERVICE,SM,24000,20000,83.33
20,2090,SERVOTECH,EQ,636129,306990,48.26
20,2091,SESHAPAPER,EQ,12140,7230,59.56
20,2092,SETF10GILT,EQ,53899,42782,79.37
20,2093,SETFGOLD,EQ,1499218,1268763,84.63
20,2094,SETFNIF50,EQ,563149,518748,92.12
20,2095,SETFNIFBK,EQ,1041230,969552,93.12
20,2096,SETFNN50,EQ,19111,14884,77.88
20,2097,SFL,EQ,180254,96224,53.38
20,2098,SFLZC25A,ZK,5,5,100.00
20,2099,SFLZC26A,ZC,20,10,50.00
20,2100,SFML,SM,560000,292800,52.29
20,2101,SGBAPR28I,GB,48,34,70.83
20,2102,SGBAUG27,GB,3,2,66.67
20,2103,SGBAUG28V,GB,748,581,77.67
20,2104,SGBAUG29V,GB,72,69,95.83
20,2105,SGBAUG30,GB,71,53,74.65
20,2106,SGBD29VIII,GB,21,14,66.67
20,2107,SGBDC27VII,GB,7,4,57.14
20,2108,SGBDE30III,GB,177,121,68.36
20,2109,SGBDE31III,GB,740,542,73.24
20,2110,SGBDEC25,GB,12,8,66.67
20,2111,SGBDEC2513,GB,9,9,100.00
20,2112,SGBDEC26,GB,2,2,100.00
20,2113,SGBFEB28IX,GB,4,4,100.00
20,2114,SGBFEB29XI,GB,23,21,91.30
20,2115,SGBFEB32IV,GB,1199,1039,86.66
20,2116,SGBJ28VIII,GB,2,2,100.00
20,2117,SGBJAN29IX,GB,874,668,76.43
20,2118,SGBJAN29X,GB,21,17,80.95
20,2119,SGBJAN30IX,GB,101,64,63.37
20,2120,SGBJU29III,GB,85,52,61.18
20,2121,SGBJUL25,GB,47,39,82.98
20,2122,SGBJUL28IV,GB,205,205,100.00
20,2123,SGBJUL29IV,GB,80,50,62.50
20,2124,SGBJUN28,GB,17,17,100.00
20,2125,SGBJUN29II,GB,94,68,72.34
20,2126,SGBJUN30,GB,162,139,85.80
20,2127,SGBJUN31I,GB,731,423,57.87
20,2128,SGBMAR25,GB,159,154,96.86
20,2129,SGBMAR28X,GB,14,9,64.29
20,2130,SGBMAR30X,GB,64,41,64.06
20,2131,SGBMAR31IV,GB,398,384,96.48
20,2132,SGBMAY25,GB,32,17,53.13
20,2133,SGBMAY26,GB,5,4,80.00
20,2134,SGBMAY28,GB,40,30,75.00
20,2135,SGBMAY29I,GB,255,168,65.88
20,2136,SGBMR29XII,GB,330,216,65.45
20,2137,SGBN28VIII,GB,47,41,87.23
20,2138,SGBNOV258,GB,6,6,100.00
20,2139,SGBNOV25VI,GB,2,2,100.00
20,2140,SGBNV29VII,GB,41,21,51.22
20,2141,SGBOC28VII,GB,19,19,100.00
20,2142,SGBOCT25,GB,4,3,75.00
20,2143,SGBOCT25IV,GB,48,48,100.00
20,2144,SGBOCT27,GB,25,25,100.00
20,2145,SGBOCT27VI,GB,4,4,100.00
20,2146,SGBSEP28VI,GB,572,560,97.90
20,2147,SGBSEP29VI,GB,42,38,90.48
20,2148,SGBSEP31II,GB,785,701,89.30
20,2149,SGL,EQ,12006,9112,75.90
20,2150,SHAH,EQ,1383328,911439,65.89
20,2151,SHALBY,EQ,118433,63951,54.00
20,2152,SHALPAINTS,EQ,82413,43703,53.03
20,2153,SHANKARA,EQ,34325,19877,57.91
20,2154,SHANTHALA,ST,99600,92400,92.77
20,2155,SHANTI,EQ,364868,219194,60.07
20,2156,SHANTIGEAR,EQ,34212,21211,62.00
20,2157,SHARDACROP,EQ,107322,56836,52.96
20,2158,SHARDAMOTR,EQ,25083,6086,24.26
20,2159,SHAREINDIA,EQ,780420,351315,45.02
20,2160,SHARIABEES,EQ,3826,2754,71.98
20,2161,SHEETAL,SM,46000,36000,78.26
20,2162,SHEMAROO,EQ,29631,11647,39.31
20,2163,SHERA,SM,24000,19000,79.17
20,2164,SHIGAN,SM,1500,1500,100.00
20,2165,SHILPAMED,EQ,287116,141337,49.23
20,2166,SHIVALIK,EQ,29934,18707,62.49
20,2167,SHIVAMAUTO,EQ,283326,142482,50.29
20,2168,SHIVAMILLS,EQ,17882,5666,31.69
20,2169,SHIVATEX,EQ,125722,26686,21.23
20,2170,SHIVAUM,ST,50000,50000,100.00
20,2171,SHK,EQ,136028,60451,44.44
20,2172,SHOPERSTOP,EQ,48089,24608,51.17
20,2173,SHREDIGCEM,EQ,141236,80692,57.13
20,2174,SHREECEM,EQ,27472,10146,36.93
20,2175,SHREEKARNI,SM,7200,7200,100.00
20,2176,SHREEOSFM,SM,15000,12000,80.00
20,2177,SHREEPUSHK,EQ,31413,18525,58.97
20,2178,SHRENIK,EQ,934274,826652,88.48
20,2179,SHREYANIND,EQ,6682,3424,51.24
20,2180,SHRIPISTON,EQ,39312,20750,52.78
20,2181,SHRIRAMFIN,EQ,730445,258931,35.45
20,2182,SHRIRAMPPS,EQ,2112612,800510,37.89
20,2183,SHRITECH,SM,26000,16000,61.54
20,2184,SHUBHLAXMI,ST,19000,19000,100.00
20,2185,SHUBHSHREE,ST,2400,2400,100.00
20,2186,SHYAMCENT,EQ,155444,105137,67.64
20,2187,SHYAMMETL,EQ,4575916,337778,7.38
20,2188,SIDDHIKA,SM,18000,17000,94.44
20,2189,SIEMENS,EQ,296315,178878,60.37
20,2190,SIGACHI,EQ,1287458,452029,35.11
20,2191,SIGIND,EQ,39366,22442,57.01
20,2192,SIGMA,EQ,31371,8505,27.11
20,2193,SIGNATURE,EQ,615655,105598,17.15
20,2194,SIKKO,EQ,81033,46430,57.30
20,2195,SIL,EQ,27760,18955,68.28
20,2196,SILGO,EQ,34576,15532,44.92
20,2197,SILKFLEX,ST,14000,14000,100.00
20,2198,SILLYMONKS,EQ,22788,21267,93.33
20,2199,SILVER,EQ,106359,75890,71.35
20,2200,SILVER1,EQ,26503,20496,77.33
20,2201,SILVERADD,EQ,24851,20104,80.90
20,2202,SILVERBEES,EQ,5119947,3548921,69.32
20,2203,SILVERETF,EQ,128903,101428,78.69
20,2204,SILVERIETF,EQ,483786,355471,73.48
20,2205,SILVERTUC,EQ,12293,2124,17.28
20,2206,SILVRETF,EQ,11033,8971,81.31
20,2207,SINCLAIR,EQ,288634,126299,43.76
20,2208,SINDHUTRAD,EQ,923848,530700,57.44
20,2209,SINTERCOM,EQ,26568,13221,49.76
20,2210,SIRCA,EQ,30041,19173,63.82
20,2211,SIS,EQ,17312,7714,44.56
20,2212,SIYSIL,EQ,349858,112274,32.09
20,2213,SJLOGISTIC,ST,127250,120500,94.70
20,2214,SJS,EQ,75541,46631,61.73
20,2215,SJVN,EQ,7370301,1912379,25.95
20,2216,SKFINDIA,EQ,16508,8070,48.89
20,2217,SKIPPER,EQ,287934,123725,42.97
20,2218,SKMEGGPROD,EQ,62206,44581,71.67
20,2219,SKP,SM,41500,39000,93.98
20,2220,SLONE,ST,25600,25600,100.00
20,2221,SMALLCAP,EQ,431636,254698,59.01
20,2222,SMCGLOBAL,EQ,146904,80041,54.49
20,2223,SMLISUZU,EQ,17707,8940,50.49
20,2224,SMLT,EQ,32559,21146,64.95
20,2225,SMSPHARMA,EQ,134897,55892,41.43
20,2226,SMVD,SM,4040,4040,100.00
20,2227,SNOWMAN,EQ,308894,152945,49.51
20,2228,SOBHA,EQ,86359,30811,35.68
20,2229,SOLARA,EQ,93015,64612,69.46
20,2230,SOLARAPP,E1,317,259,81.70
20,2231,SOLARINDS,EQ,45452,21838,48.05
20,2232,SOLEX,SM,8500,5375,63.24
20,2233,SOMANYCERA,EQ,11035,7707,69.84
20,2234,SOMICONVEY,EQ,85690,36808,42.95
20,2235,SONACOMS,EQ,1521275,855484,56.23
20,2236,SONAMAC,ST,14000,10000,71.43
20,2237,SONATSOFTW,EQ,260515,103897,39.88
20,2238,SONUINFRA,ST,3000,3000,100.00
20,2239,SOTAC,SM,9600,9600,100.00
20,2240,SOTL,EQ,44682,23090,51.68
20,2241,SOUTHBANK,EQ,34667612,18960621,54.69
20,2242,SOUTHWEST,EQ,83534,44534,53.31
20,2243,SPAL,EQ,14677,6563,44.72
20,2244,SPANDANA,EQ,180623,80209,44.41
20,2245,SPARC,EQ,1494320,641619,42.94
20,2246,SPCENET,EQ,8941189,5558799,62.17
20,2247,SPCL,ST,42600,37800,88.73
20,2248,SPECIALITY,EQ,18316,12229,66.77
20,2249,SPECTRUM,SM,3125,2750,88.00
20,2250,SPENCERS,EQ,1929155,462696,23.98
20,2251,SPIC,EQ,225924,86142,38.13
20,2252,SPLIL,EQ,27323,11456,41.93
20,2253,SPLPETRO,EQ,32264,22031,68.28
20,2254,SPORTKING,EQ,79187,41938,52.96
20,2255,SREEL,EQ,14576,10170,69.77
20,2256,SRF,EQ,504499,272668,54.05
20,2257,SRGHFL,EQ,78171,11646,14.90
20,2258,SRHHYPOLTD,EQ,23774,14839,62.42
20,2259,SRIVASAVI,SM,10000,8000,80.00
20,2260,SRM,EQ,277287,113420,40.90
20,2261,SSDL,EQ,90416,53034,58.66
20,2262,SSEGL,ST,82200,71400,86.86
20,2263,SSFL,ST,34000,32000,94.12
20,2264,SSWL,EQ,163149,72097,44.19
20,2265,STANLEY,EQ,44519,21601,48.52
20,2266,STAR,EQ,784149,531240,67.75
20,2267,STARCEMENT,EQ,851341,319979,37.59
20,2268,STARHEALTH,EQ,437296,309675,70.82
20,2269,STARPAPER,EQ,9597,4420,46.06
20,2270,STARTECK,EQ,9665,1468,15.19
20,2271,STCINDIA,EQ,111492,45783,41.06
20,2272,STEELCAS,EQ,8562,5793,67.66
20,2273,STEELCITY,EQ,56346,18474,32.79
20,2274,STEELXIND,EQ,2150611,1013644,47.13
20,2275,STEL,EQ,7346,5974,81.32
20,2276,STERTOOLS,EQ,309182,177471,57.40
20,2277,STLTECH,EQ,793900,390801,49.23
20,2278,STOVEKRAFT,EQ,107904,49571,45.94
20,2279,STYLAMIND,EQ,42575,21259,49.93
20,2280,STYLEBAAZA,EQ,1369596,417887,30.51
20,2281,STYRENIX,EQ,41480,23181,55.88
20,2282,SUBEXLTD,EQ,2857870,873363,30.56
20,2283,SUBROS,EQ,247582,93338,37.70
20,2284,SUDARSCHEM,EQ,105379,58910,55.90
20,2285,SUKHJITS,EQ,5951,2849,47.87
20,2286,SULA,EQ,194643,79156,40.67
20,2287,SUMICHEM,EQ,176052,83548,47.46
20,2288,SUMMITSEC,EQ,5755,2807,48.77
20,2289,SUNCLAY,EQ,7702,4155,53.95
20,2290,SUNDARAM,EQ,528815,443882,83.94
20,2291,SUNDARMFIN,EQ,1116140,49038,4.39
20,2292,SUNDARMHLD,EQ,74780,40352,53.96
20,2293,SUNDRMFAST,EQ,92982,41440,44.57
20,2294,SUNLITE,SM,8400,4800,57.14
20,2295,SUNPHARMA,EQ,1515825,925468,61.05
20,2296,SUNTECK,EQ,103968,57089,54.91
20,2297,SUNTV,EQ,165485,53674,32.43
20,2298,SUPERHOUSE,EQ,1705,1084,63.58
20,2299,SUPRAJIT,EQ,82520,42152,51.08
20,2300,SUPREMEIND,EQ,340152,176855,51.99
20,2301,SUPREMEPWR,ST,73500,62500,85.03
20,2302,SUPRIYA,EQ,254770,109346,42.92
20,2303,SURAJEST,EQ,56925,27722,48.70
20,2304,SURAKSHA,EQ,215225,77758,36.13
20,2305,SURANAT&P,EQ,1151298,321455,27.92
20,2306,SURANI,ST,5400,5400,100.00
20,2307,SURYALAXMI,EQ,21477,10738,50.00
20,2308,SURYAROSNI,EQ,434648,167812,38.61
20,2309,SURYODAY,EQ,273903,196500,71.74
20,2310,SUTLEJTEX,EQ,98925,38571,38.99
20,2311,SUVEN,EQ,185195,110577,59.71
20,2312,SUVENPHAR,EQ,263171,173930,66.09
20,2313,SUVIDHAA,EQ,380468,254025,66.77
20,2314,SUYOG,EQ,23141,12694,54.86
20,2315,SUZLON,EQ,42686992,29362834,68.79
20,2316,SWANENERGY,EQ,4879742,1117289,22.90
20,2317,SWARAJ,ST,12500,11000,88.00
20,2318,SWARAJENG,EQ,5854,2719,46.45
20,2319,SWASTIK,SM,8400,6000,71.43
20,2320,SWELECTES,EQ,18465,9210,49.88
20,2321,SWIGGY,EQ,6023536,2836111,47.08
20,2322,SWSOLAR,EQ,485198,230583,47.52
20,2323,SYLVANPLY,SM,14000,10000,71.43
20,2324,SYMPHONY,EQ,60358,30814,51.05
20,2325,SYNCOMF,EQ,2414786,1403670,58.13
20,2326,SYNGENE,EQ,334065,164942,49.37
20,2327,SYNOPTICS,SM,9000,6000,66.67
20,2328,SYRMA,EQ,836795,311471,37.22
20,2329,SYSTANGO,SM,838400,324000,38.65
20,2330,TAC,ST,6600,6600,100.00
20,2331,TAINWALCHM,EQ,3942,2739,69.48
20,2332,TAJGVK,EQ,1572566,372160,23.67
20,2333,TAKE,EQ,72401,55555,76.73
20,2334,TALBROAUTO,EQ,56509,30708,54.34
20,2335,TANLA,EQ,3125813,763490,24.43
20,2336,TAPIFRUIT,SM,3750,3750,100.00
20,2337,TARACHAND,EQ,519109,369374,71.16
20,2338,TARC,EQ,565794,325405,57.51
20,2339,TARMAT,EQ,26418,20759,78.58
20,2340,TARSONS,EQ,41377,21246,51.35
20,2341,TASTYBITE,EQ,1505,787,52.29
20,2342,TATACHEM,EQ,534063,206442,38.65
20,2343,TATACOMM,EQ,132681,59975,45.20
20,2344,TATACONSUM,EQ,1832664,1168346,63.75
20,2345,TATAELXSI,EQ,227250,110349,48.56
20,2346,TATAGOLD,EQ,5274163,3765623,71.40
20,2347,TATAINVEST,EQ,42310,14265,33.72
20,2348,TATAMOTORS,EQ,24773025,6226220,25.13
20,2349,TATAPOWER,EQ,8254584,3640320,44.10
20,2350,TATASTEEL,EQ,23351832,8828901,37.81
20,2351,TATATECH,EQ,626222,372393,59.47
20,2352,TATSILV,EQ,1413971,1204102,85.16
20,2353,TATVA,EQ,117895,39678,33.66
20,2354,TBI,ST,18000,18000,100.00
20,2355,TBOTEK,EQ,41554,18815,45.28
20,2356,TBZ,EQ,292109,109546,37.50
20,2357,TCHF30,NB,10,10,100.00
20,2358,TCI,EQ,23492,12363,52.63
20,2359,TCIEXP,EQ,25894,12962,50.06
20,2360,TCL,SM,23200,16000,68.97
20,2361,TCLCONS,EQ,472007,280184,59.36
20,2362,TCPLPACK,EQ,1737,1407,81.00
20,2363,TCS,EQ,1791953,983880,54.91
20,2364,TDPOWERSYS,EQ,263136,139830,53.14
20,2365,TEAMLEASE,EQ,20468,14556,71.12
20,2366,TECH,EQ,13955,8790,62.99
20,2367,TECHERA,ST,43200,43200,100.00
20,2368,TECHLABS,ST,95000,82625,86.97
20,2369,TECHM,EQ,2448088,1419515,57.98
20,2370,TECHNOE,EQ,138569,69622,50.24
20,2371,TEGA,EQ,35115,22051,62.80
20,2372,TEJASNET,EQ,366169,167290,45.69
20,2373,TEXINFRA,EQ,599517,353593,58.98
20,2374,TEXMOPIPES,EQ,42026,24155,57.48
20,2375,TEXRAIL,EQ,1778090,790713,44.47
20,2376,TFCILTD,EQ,1966147,497492,25.30
20,2377,TGBHOTELS,EQ,41102,24564,59.76
20,2378,TGL,ST,24200,21200,87.60
20,2379,THANGAMAYL,EQ,15038,8098,53.85
20,2380,THEINVEST,EQ,18464,10310,55.84
20,2381,THEJO,EQ,2011,1195,59.42
20,2382,THEMISMED,EQ,83486,52503,62.89
20,2383,THERMAX,EQ,344228,83466,24.25
20,2384,THESL,ST,42000,42000,100.00
20,2385,THOMASCOOK,EQ,390204,241284,61.84
20,2386,THYROCARE,EQ,20007,10214,51.05
20,2387,TI,EQ,2181073,833364,38.21
20,2388,TIIL,EQ,14090,8470,60.11
20,2389,TIINDIA,EQ,125052,67409,53.90
20,2390,TIMESCAN,SM,2000,2000,100.00
20,2391,TIMETECHNO,EQ,1077877,328223,30.45
20,2392,TIMKEN,EQ,65775,43681,66.41
20,2393,TIPSMUSIC,EQ,1167881,513428,43.96
20,2394,TIRUMALCHM,EQ,204190,79315,38.84
20,2395,TITAGARH,EQ,1073341,268554,25.02
20,2396,TITAN,EQ,1630862,893369,54.78
20,2397,TMB,EQ,56516,30790,54.48
20,2398,TNIDETF,EQ,29262,24266,82.93
20,2399,TNPETRO,EQ,94925,46486,48.97
20,2400,TNPL,EQ,299352,121657,40.64
20,2401,TOKYOPLAST,EQ,17729,13492,76.10
20,2402,TOLINS,EQ,377676,170893,45.25
20,2403,TOP100CASE,EQ,636697,571361,89.74
20,2404,TOP10ADD,EQ,147898,137226,92.78
20,2405,TORNTPHARM,EQ,185168,91659,49.50
20,2406,TORNTPOWER,EQ,300817,124613,41.42
20,2407,TOTAL,EQ,9220,6527,70.79
20,2408,TOUCHWOOD,EQ,3315,1606,48.45
20,2409,TPLPLASTEH,EQ,177361,35428,19.98
20,2410,TRACXN,EQ,979337,530505,54.17
20,2411,TRANSRAILL,EQ,7617084,1402639,18.41
20,2412,TRANSTEEL,ST,254000,234000,92.13
20,2413,TRANSWIND,ST,4000,4000,100.00
20,2414,TRANSWORLD,EQ,139526,59115,42.37
20,2415,TREJHARA,EQ,20306,11028,54.31
20,2416,TREL,EQ,240894,104925,43.56
20,2417,TRENT,EQ,940233,367002,39.03
20,2418,TRF,EQ,15292,10041,65.66
20,2419,TRIDENT,EQ,7193494,1979294,27.52
20,2420,TRIDHYA,SM,12000,12000,100.00
20,2421,TRIGYN,EQ,37516,19085,50.87
20,2422,TRITURBINE,EQ,871073,341185,39.17
20,2423,TRIVENI,EQ,501076,219473,43.80
20,2424,TROM,SM,41400,30000,72.46
20,2425,TRUST,SM,93600,68400,73.08
20,2426,TTKHLTCARE,EQ,1404,784,55.84
20,2427,TTKPRESTIG,EQ,24785,13869,55.96
20,2428,TTML,EQ,12486105,1574923,12.61
20,2429,TUNWAL,SM,122000,84000,68.85
20,2430,TVSELECT,EQ,21463,11953,55.69
20,2431,TVSHLTD,EQ,39594,19549,49.37
20,2432,TVSMOTOR,EQ,766578,424441,55.37
20,2433,TVSSCS,EQ,475181,151708,31.93
20,2434,TVSSRICHAK,EQ,1394,788,56.53
20,2435,TVTODAY,EQ,412190,102180,24.79
20,2436,UBL,EQ,149472,65396,43.75
20,2437,UCL,SM,10000,10000,100.00
20,2438,UCOBANK,EQ,7623451,1534790,20.13
20,2439,UDAICEMENT,EQ,933940,552307,59.14
20,2440,UDS,EQ,244870,139013,56.77
20,2441,UFLEX,EQ,30139,16750,55.58
20,2442,UFO,EQ,38154,19846,52.02
20,2443,UGARSUGAR,EQ,171466,72700,42.40
20,2444,UGROCAP,EQ,87178,45345,52.01
20,2445,UHTL,ST,84000,78000,92.86
20,2446,UJJIVANSFB,EQ,5589346,2715808,48.59
20,2447,ULTRACEMCO,EQ,237651,150559,63.35
20,2448,UMA,SM,392000,176000,44.90
20,2449,UMAEXPORTS,EQ,610390,289450,47.42
20,2450,UMESLTD,EQ,70225,52924,75.36
20,2451,UNICHEMLAB,EQ,15293,5083,33.24
20,2452,UNIDT,EQ,33672,18992,56.40
20,2453,UNIECOM,EQ,282319,163455,57.90
20,2454,UNIENTER,EQ,9238,4849,52.49
20,2455,UNIHEALTH,SM,6000,4000,66.67
20,2456,UNIINFO,EQ,93133,55215,59.29
20,2457,UNILEX,SM,3200,3200,100.00
20,2458,UNIMECH,EQ,1257549,357096,28.40
20,2459,UNIONBANK,EQ,17615033,5503283,31.24
20,2460,UNIPARTS,EQ,40366,18349,45.46
20,2461,UNITDSPR,EQ,647193,410514,63.43
20,2462,UNITEDTEA,EQ,28804,13236,45.95
20,2463,UNIVASTU,EQ,28273,16032,56.70
20,2464,UNIVCABLES,EQ,34559,20292,58.72
20,2465,UNOMINDA,EQ,309080,145268,47.00
20,2466,UPL,EQ,2888197,1067327,36.95
20,2467,UPLPP,E1,771102,530967,68.86
20,2468,URAVI,EQ,639,457,71.52
20,2469,URBAN,ST,10000,10000,100.00
20,2470,USASEEDS,SM,1800,1500,83.33
20,2471,USHAFIN,SM,60800,49600,81.58
20,2472,USHAMART,EQ,579432,326224,56.30
20,2473,USK,EQ,53842,29910,55.55
20,2474,UTIAMC,EQ,148821,59865,40.23
20,2475,UTIBANKETF,EQ,288598,252705,87.56
20,2476,UTINEXT50,EQ,40898,29250,71.52
20,2477,UTINIFTETF,EQ,7541,5843,77.48
20,2478,UTISENSETF,EQ,1625,784,48.25
20,2479,UTISXN50,EQ,9867,6213,62.97
20,2480,UTKARSHBNK,EQ,1332829,696260,52.24
20,2481,UTSSAV,ST,30600,30600,100.00
20,2482,UTTAMSUGAR,EQ,51196,26024,50.83
20,2483,UWCSL,ST,3000,3000,100.00
20,2484,UYFINCORP,EQ,107708,50570,46.95
20,2485,VADILALIND,EQ,8143,6015,73.87
20,2486,VAIBHAVGBL,EQ,442653,190499,43.04
20,2487,VAKRANGEE,EQ,28173628,9976736,35.41
20,2488,VAL30IETF,EQ,112868,97904,86.74
20,2489,VALIANTLAB,EQ,38474,17297,44.96
20,2490,VALIANTORG,EQ,31274,18047,57.71
20,2491,VARDHACRLC,EQ,29686,19380,65.28
20,2492,VARROC,EQ,810132,410295,50.65
20,2493,VASA,SM,8000,8000,100.00
20,2494,VASCONEQ,EQ,675690,329163,48.72
20,2495,VBL,EQ,3615541,2146773,59.38
20,2496,VDEAL,SM,42000,25200,60.00
20,2497,VEDL,EQ,8814796,3046458,34.56
20,2498,VEEDOL,EQ,6342,3526,55.60
20,2499,VEEKAYEM,ST,5000,5000,100.00
20,2500,VENKEYS,EQ,38485,14903,38.72
20,2501,VENTIVE,EQ,822194,293603,35.71
20,2502,VENUSPIPES,EQ,65819,33502,50.90
20,2503,VENUSREM,EQ,29301,15874,54.18
20,2504,VERA,ST,4500,4500,100.00
20,2505,VERANDA,EQ,444761,428716,96.39
20,2506,VERITAAS,SM,1200,1200,100.00
20,2507,VERTEXPLUS,SM,11400,10800,94.74
20,2508,VERTOZ,EQ,2494680,1319117,52.88
20,2509,VESUVIUS,EQ,9020,5595,62.03
20,2510,VGUARD,EQ,261000,102966,39.45
20,2511,VHL,EQ,1500,984,65.60
20,2512,VIAZ,SM,6000,6000,100.00
20,2513,VIDHIING,EQ,52673,24222,45.99
20,2514,VIESL,SM,170400,96000,56.34
20,2515,VIJAYA,EQ,1385749,319296,23.04
20,2516,VIKASECO,EQ,5680692,1760464,30.99
20,2517,VIKASLIFE,EQ,2787534,1658543,59.50
20,2518,VILAS,ST,25000,22000,88.00
20,2519,VILINBIO,SM,16000,16000,100.00
20,2520,VIMTALABS,EQ,65439,36495,55.77
20,2521,VINATIORGA,EQ,16684,7755,46.48
20,2522,VINCOFE,EQ,881575,601741,68.26
20,2523,VINDHYATEL,EQ,20486,12447,60.76
20,2524,VINEETLAB,EQ,16737,9208,55.02
20,2525,VINSYS,SM,8500,8000,94.12
20,2526,VINYAS,ST,8200,8200,100.00
20,2527,VINYLINDIA,EQ,13504,6402,47.41
20,2528,VIPCLOTHNG,EQ,1413033,462506,32.73
20,2529,VIPIND,EQ,1498761,964537,64.36
20,2530,VIRINCHI,EQ,160557,103399,64.40
20,2531,VISAKAIND,EQ,86221,58807,68.20
20,2532,VISHNU,EQ,53885,27848,51.68
20,2533,VISHNUINFR,ST,26000,26000,100.00
20,2534,VISHWARAJ,EQ,400130,233217,58.29
20,2535,VISHWAS,SM,155200,94400,60.82
20,2536,VITAL,SM,43200,31200,72.22
20,2537,VIVIANA,ST,11125,10500,94.38
20,2538,VIVIDHA,EQ,635307,546403,86.01
20,2539,VLEGOV,EQ,1439844,587239,40.78
20,2540,VLINFRA,ST,7500,7500,100.00
20,2541,VLSFINANCE,EQ,47036,18650,39.65
20,2542,VMARCIND,ST,26000,25500,98.08
20,2543,VMART,EQ,95412,47715,50.01
20,2544,VMM,EQ,112322902,35198904,31.34
20,2545,VOLTAMP,EQ,17708,8001,45.18
20,2546,VOLTAS,EQ,1036412,470795,45.43
20,2547,VPRPL,EQ,677267,285145,42.10
20,2548,VR,ST,800,800,100.00
20,2549,VRAJ,EQ,48193,25763,53.46
20,2550,VRLLOG,EQ,49637,19318,38.92
20,2551,VSCL,ST,3000,3000,100.00
20,2552,VSSL,EQ,57207,27705,48.43
20,2553,VSTIND,EQ,147250,68678,46.64
20,2554,VSTL,EQ,36819,25473,69.18
20,2555,VSTTILLERS,EQ,4890,2273,46.48
20,2556,VTL,EQ,137918,56858,41.23
20,2557,WAAREEENER,EQ,968095,247785,25.60
20,2558,WABAG,EQ,267394,120583,45.10
20,2559,WALCHANNAG,EQ,205659,103494,50.32
20,2560,WALPAR,SM,14000,14000,100.00
20,2561,WCIL,EQ,2463672,561256,22.78
20,2562,WEIZMANIND,EQ,6206,3300,53.17
20,2563,WEL,EQ,333427,153220,45.95
20,2564,WELCORP,EQ,1936492,848579,43.82
20,2565,WELENT,EQ,280023,116274,41.52
20,2566,WELINV,EQ,492,240,48.78
20,2567,WELSPUNLIV,EQ,1411287,600222,42.53
20,2568,WENDT,EQ,153,89,58.17
20,2569,WESTLIFE,EQ,469555,376581,80.20
20,2570,WEWIN,EQ,15790,11047,69.96
20,2571,WHEELS,EQ,46954,25797,54.94
20,2572,WHIRLPOOL,EQ,53083,21458,40.42
20,2573,WILLAMAGOR,EQ,8525,5838,68.48
20,2574,WINDLAS,EQ,23031,13381,58.10
20,2575,WINDMACHIN,EQ,95715,57960,60.55
20,2576,WINNY,ST,500,500,100.00
20,2577,WINSOL,SM,39200,30400,77.55
20,2578,WIPRO,EQ,12535720,5869513,46.82
20,2579,WOCKPHARMA,EQ,1366575,498818,36.50
20,2580,WOL3D,SM,10000,10000,100.00
20,2581,WOMANCART,ST,6800,5600,82.35
20,2582,WONDERLA,EQ,70308,29327,41.71
20,2583,WORTH,EQ,139072,54065,38.88
20,2584,WSI,EQ,120550,73538,61.00
20,2585,WSTCSTPAPR,EQ,50932,30984,60.83
20,2586,WTICAB,ST,13000,13000,100.00
20,2587,XCHANGING,EQ,348700,158276,45.39
20,2588,XELPMOC,EQ,20398,11046,54.15
20,2589,XPROINDIA,EQ,11880,7454,62.74
20,2590,XTGLOBAL,EQ,108920,53761,49.36
20,2591,YASHO,EQ,6658,3558,53.44
20,2592,YASHOPTICS,SM,17600,12800,72.73
20,2593,YATHARTH,EQ,194894,103630,53.17
20,2594,YATRA,EQ,456258,193416,42.39
20,2595,YCCL,SM,18000,15000,83.33
20,2596,YESBANK,EQ,99584232,31082652,31.21
20,2597,YUDIZ,SM,10400,10400,100.00
20,2598,YUKEN,EQ,2823,1729,61.25
20,2599,ZAGGLE,EQ,662108,420953,63.58
20,2600,ZEAL,SM,7200,6000,83.33
20,2601,ZEEL,EQ,29628714,6623497,22.35
20,2602,ZEELEARN,EQ,2083331,1171971,56.25
20,2603,ZEEMEDIA,EQ,2954478,1841077,62.31
20,2604,ZENITHDRUG,ST,13600,12000,88.24
20,2605,ZENITHEXPO,EQ,465,265,56.99
20,2606,ZENITHSTL,EQ,38490,38490,100.00
20,2607,ZENSARTECH,EQ,1676434,274819,16.39
20,2608,ZENTEC,EQ,293394,130055,44.33
20,2609,ZFCVINDIA,EQ,7317,4434,60.60
20,2610,ZIMLAB,EQ,47425,27181,57.31
20,2611,ZODIAC,EQ,18207,10369,56.95
20,2612,ZODIACLOTH,EQ,9260,6174,66.67
20,2613,ZOMATO,EQ,48244937,27360513,56.71
20,2614,ZOTA,EQ,29042,16652,57.34
20,2615,ZTECH,ST,3600,3600,100.00
20,2616,ZUARI,EQ,160407,80485,50.18
20,2617,ZUARIIND,EQ,49005,27508,56.13
20,2618,ZYDUSLIFE,EQ,849340,478327,56.32
20,2619,ZYDUSWELL,EQ,12130,7176,59.16
