Security Wise Delivery Position - Compulsory Rolling Settlement
10,MTO,09012025,1056647182,0002627
Trade Date <09-JAN-2025>,Settlement Type <N>
Record Type,Sr No,Name of Security,Quantity Traded,Deliverable Quantity(gross across client level),% of Deliverable Quantity to Traded Quantity
20,1,1003IIFL29,NC,1,1,100.00
20,2,1003ISFL28,N4,344,344,100.00
20,3,1003SFIL28,NX,15,15,100.00
20,4,1015ECL29,NR,33,25,75.76
20,5,1018GS2026,GS,2,1,50.00
20,6,1025NFL25,N5,10,10,100.00
20,7,1025SCL34,Z8,1,1,100.00
20,8,1035UCL26,NA,71,71,100.00
20,9,1049DLS25A,Y5,50,50,100.00
20,10,1060ECL29,NS,77,77,100.00
20,11,1065NFL27,NC,100,100,100.00
20,12,1075SCFL34,Z6,23,23,100.00
20,13,10IIFL28,N4,2220,2220,100.00
20,14,10IIFL28A,NE,26,26,100.00
20,15,10IIFL29,N6,1,1,100.00
20,16,10NFL25,N9,10,10,100.00
20,17,10NIDO26,N6,5,5,100.00
20,18,1102NFL26,N8,18,9,50.00
20,19,182D030725,TB,200,200,100.00
20,20,182D140225,TB,400,400,100.00
20,21,182D150525,TB,200,200,100.00
20,22,182D270225,TB,900,900,100.00
20,23,360ONE,EQ,305587,127102,41.59
20,24,364D010126,TB,100,100,100.00
20,25,364D030725,TB,100,100,100.00
20,26,364D031025,TB,5000,5000,100.00
20,27,364D060225,TB,100,100,100.00
20,28,364D080525,TB,3100,3100,100.00
20,29,364D111225,TB,200,200,100.00
20,30,364D120625,TB,1000,1000,100.00
20,31,364D130225,TB,400,400,100.00
20,32,364D150525,TB,2000,2000,100.00
20,33,364D200225,TB,100,100,100.00
20,34,3IINFOLTD,EQ,310427,163169,52.56
20,35,3MINDIA,EQ,7877,2942,37.35
20,36,515GS2025,GS,7,1,14.29
20,37,522GS2025,GS,200,200,100.00
20,38,563GS2026,GS,1424,1424,100.00
20,39,5PAISA,EQ,16753,9233,55.11
20,40,610GS2031,GS,62001,62001,100.00
20,41,63MOONS,EQ,199059,87998,44.21
20,42,654GS2032,GS,5000,5000,100.00
20,43,676GS2061,GS,2472,2472,100.00
20,44,679GS2034,GS,5000,5000,100.00
20,45,689GS2025,GS,16,16,100.00
20,46,68GS2060,GS,2502,2500,99.92
20,47,695GS2061,GS,5128,5080,99.06
20,48,697GR2034,GS,100,100,100.00
20,49,699GS2026,GS,3701,3701,100.00
20,50,699GS2051,GS,1035,1032,99.71
20,51,702GS2027,GS,1,1,100.00
20,52,704GS2029,GS,100,100,100.00
20,53,706GS2028,GS,1975,1975,100.00
20,54,709GS2074,GS,11600,11600,100.00
20,55,710GS2029,GS,14442,7341,50.83
20,56,716GS2050,GS,55017,55017,100.00
20,57,717GS2030,GS,14712,9702,65.95
20,58,718GS2037,GS,7761,7761,100.00
20,59,719GS2060,GS,10,10,100.00
20,60,71GS2034,GS,255,254,99.61
20,61,723GS2039,GS,5660,5660,100.00
20,62,725GS2063,GS,20065,20065,100.00
20,63,726GS2032,GS,5600,5600,100.00
20,64,726GS2033,GS,7600,7600,100.00
20,65,727GS2026,GS,36,18,50.00
20,66,732GS2030,GS,6100,6000,98.36
20,67,733GS2026,GS,950,750,78.95
20,68,734GS2064,GS,1083,1083,100.00
20,69,734IRFC28,N4,3,3,100.00
20,70,735NHAI31,N9,10814,7814,72.26
20,71,736GS2052,GS,3051,3026,99.18
20,72,736NTPC25D,NB,59,41,69.49
20,73,737GS2028,GS,211,106,50.24
20,74,738GS2027,GS,321326,311255,96.87
20,75,738REC27TF,N2,1016,1016,100.00
20,76,739NHAI26,N8,5,5,100.00
20,77,73GS2053,GS,5266,5266,100.00
20,78,741GS2036,GS,22102,22100,99.99
20,79,746GS2073,GS,2002,2002,100.00
20,80,74GS2062,GS,8188,7976,97.41
20,81,751HUDCO28,N5,100,100,100.00
20,82,753IRFC30,NJ,649,649,100.00
20,83,754GS2036,GS,299777,292518,97.58
20,84,759GS2026,GS,18,9,50.00
20,85,764HUDCO31,N8,550,500,90.91
20,86,764IRFC31,NO,501,501,100.00
20,87,769HUDCO31,N9,7,7,100.00
20,88,769NHAI31,NE,1387,1386,99.93
20,89,76IGT26,ND,81,81,100.00
20,90,76NHAI31,NA,275,275,100.00
20,91,773UP34,SG,100,100,100.00
20,92,774IREDA31,N7,664,558,84.04
20,93,797IGT31,NL,65,50,76.92
20,94,79NHIT35,N1,1117,682,61.06
20,95,79NHIT40,N2,665,660,99.25
20,96,79NHIT47,N3,257,257,100.00
20,97,810IRFC27,N2,2800,2677,95.61
20,98,812REC27,NI,1165,615,52.79
20,99,81TCHF28,N8,500,500,100.00
20,100,820IIFL27,N9,350,300,85.71
20,101,824GS2027,GS,497,497,100.00
20,102,828GS2032,GS,5003,5003,100.00
20,103,82GS2025,GS,2,1,50.00
20,104,82IGT31,NJ,329,211,64.13
20,105,830NHAI27,N2,12814,9511,74.22
20,106,830PFCL27,N5,5,5,100.00
20,107,833GS2026,GS,501,501,100.00
20,108,840CIFCL28,N4,2,2,100.00
20,109,842IIFL26,NL,645,645,100.00
20,110,843IHFL29,NC,165,165,100.00
20,111,847SCL25,Z2,30,30,100.00
20,112,849NTPC25,N7,272682,237682,87.16
20,113,84TCHF28,NA,38,38,100.00
20,114,850NHAI29,N5,44,44,100.00
20,115,851HUDCO28,NB,10,10,100.00
20,116,85LTF26,NM,694,694,100.00
20,117,865IFL28,NZ,210,210,100.00
20,118,865IIFL28,NS,140,140,100.00
20,119,865IRFC29,NA,1,1,100.00
20,120,865TCAPS27,N8,472,472,100.00
20,121,871REC28,N9,93,93,100.00
20,122,875IIFL26,NM,4,4,100.00
20,123,875NHAI29,N6,2846,2300,80.82
20,124,876HUDCO28,ND,500,500,100.00
20,125,880IREDA29,N5,150,150,100.00
20,126,880IREDA34,N6,78,78,100.00
20,127,885IHL26,N1,1,1,100.00
20,128,885MOFSL26,N0,80,80,100.00
20,129,885SCL26,N9,3,3,100.00
20,130,888ERFL28,N5,250,150,60.00
20,131,888IRFC29,NE,447,447,100.00
20,132,890NHB34,N7,96,96,100.00
20,133,891IIFCL34,N4,350,330,94.29
20,134,891NTPC33,N6,50,50,100.00
20,135,892PFCL33,N8,808,691,85.52
20,136,893NHB29,N6,1,1,100.00
20,137,897GS2030,GS,1010,1010,100.00
20,138,89IHFL29,N1,100,100,100.00
20,139,901HUDCO34,NE,290,290,100.00
20,140,901NHB34,N6,511,265,51.86
20,141,903SFL28,YI,405,400,98.77
20,142,905LTF27,NF,75,75,100.00
20,143,915SCL26,NE,350,350,100.00
20,144,915SCL27,Z7,10,10,100.00
20,145,915SCL27A,ZL,1,1,100.00
20,146,916SCL25,ZW,3,3,100.00
20,147,91D160125,TB,100,100,100.00
20,148,91D200325,TB,1100,1100,100.00
20,149,91MOFSL27,N2,100,100,100.00
20,150,920IIFLS26,N8,2,2,100.00
20,151,925IHFL25D,N6,50,50,100.00
20,152,925IHFL29,N1,20,20,100.00
20,153,925SCL25A,NH,6,6,100.00
20,154,925SCL26F,N1,74,74,100.00
20,155,92GS2030,GS,912,912,100.00
20,156,93MOFSL34,N6,2350,2100,89.36
20,157,943ECL28,NJ,934,500,53.53
20,158,948SCL26A,NN,90,90,100.00
20,159,94IFCI25,NL,283,283,100.00
20,160,94SFL28,YL,4,4,100.00
20,161,955SCL25,ZU,163,163,100.00
20,162,956AEL29,N6,428,428,100.00
20,163,957ISFL26,N2,355,355,100.00
20,164,960CAGL25,N3,331,331,100.00
20,165,965SCL25E,BF,20,20,100.00
20,166,965SCL26Y,N1,10,10,100.00
20,167,96IIFL28,N5,5029,4944,98.31
20,168,96IIFL28A,NF,7003,5703,81.44
20,169,970CAGL28,ND,225,225,100.00
20,170,97MOFSL34,N7,5046,3052,60.48
20,171,980SCL33D,YG,44,44,100.00
20,172,985ECL28,NK,40,40,100.00
20,173,985IIFL22,NC,1,1,100.00
20,174,990SCL26,N7,180,180,100.00
20,175,99SCL27V,N1,10,10,100.00
20,176,9IIFL28,Y0,207,207,100.00
20,177,9MMFSML,N2,228,228,100.00
20,178,9PCHFL31A,NA,76,56,73.68
20,179,9SFL25A,ZH,100,50,50.00
20,180,AAATECH,EQ,12989,7783,59.92
20,181,AADHARHFC,EQ,158750,86583,54.54
20,182,AAKASH,EQ,61946,50296,81.19
20,183,AARON,EQ,10701,3355,31.35
20,184,AARTECH,EQ,182869,163377,89.34
20,185,AARTIDRUGS,EQ,91325,43531,47.67
20,186,AARTIIND,EQ,7735966,1110557,14.36
20,187,AARTIPHARM,EQ,194295,95671,49.24
20,188,AARTISURF,EQ,6296,4389,69.71
20,189,AARVI,EQ,7979,7114,89.16
20,190,AATMAJ,SM,4000,4000,100.00
20,191,AAVAS,EQ,130454,91240,69.94
20,192,ABAN,EQ,67270,41105,61.10
20,193,ABB,EQ,193962,73754,38.02
20,194,ABBOTINDIA,EQ,7682,2641,34.38
20,195,ABCAPITAL,EQ,2507589,1007778,40.19
20,196,ABCOTS,ST,22500,16000,71.11
20,197,ABDL,EQ,391066,218407,55.85
20,198,ABFRL,EQ,3896302,1579120,40.53
20,199,ABGSEC,EQ,1165,1000,85.84
20,200,ABHAPOWER,ST,40000,36800,92.00
20,201,ABREL,EQ,197209,91950,46.63
20,202,ABSLAMC,EQ,409046,256155,62.62
20,203,ABSLBANETF,EQ,1458557,1447417,99.24
20,204,ABSLLIQUID,EQ,4194,3997,95.30
20,205,ABSLNN50ET,EQ,18486,16373,88.57
20,206,ABSLPSE,EQ,248045,227655,91.78
20,207,ABSMARINE,SM,94000,81000,86.17
20,208,ACC,EQ,489364,249812,51.05
20,209,ACCELYA,EQ,3097,1720,55.54
20,210,ACCENTMIC,SM,9500,7500,78.95
20,211,ACCORD,SM,10000,8000,80.00
20,212,ACCURACY,EQ,184302,111712,60.61
20,213,ACE,EQ,172160,72435,42.07
20,214,ACEINTEG,EQ,26049,9937,38.15
20,215,ACI,EQ,105021,37565,35.77
20,216,ACL,EQ,15576,8114,52.09
20,217,ACLGATI,EQ,307444,193763,63.02
20,218,ACMESOLAR,EQ,930189,411036,44.19
20,219,ADANIENSOL,EQ,770057,257707,33.47
20,220,ADANIENT,EQ,705838,199720,28.30
20,221,ADANIGREEN,EQ,1237540,385610,31.16
20,222,ADANIPORTS,EQ,1884725,744361,39.49
20,223,ADANIPOWER,EQ,1723426,534349,31.01
20,224,ADFFOODS,EQ,181176,57473,31.72
20,225,ADL,EQ,1376,972,70.64
20,226,ADORWELD,EQ,21692,16582,76.44
20,227,ADROITPP1,X1,72064,70060,97.22
20,228,ADSL,EQ,233676,128307,54.91
20,229,ADVANIHOTR,EQ,26063,15414,59.14
20,230,ADVENZYMES,EQ,595928,512848,86.06
20,231,AEGISLOG,EQ,10459717,496793,4.75
20,232,AEL120924,N2,50,50,100.00
20,233,AEROFLEX,EQ,417033,219866,52.72
20,234,AERON,SM,41000,30000,73.17
20,235,AESTHETIK,SM,26000,18000,69.23
20,236,AETHER,EQ,85158,32150,37.75
20,237,AFCONS,EQ,913781,400835,43.87
20,238,AFFLE,EQ,212879,146582,68.86
20,239,AFFORDABLE,EQ,12655,9022,71.29
20,240,AFIL,EQ,231214,159282,68.89
20,241,AGARIND,EQ,12431,6251,50.29
20,242,AGARWALFT,SM,58500,46500,79.49
20,243,AGARWALTUF,SM,90000,72000,80.00
20,244,AGI,EQ,83146,29877,35.93
20,245,AGIIL,EQ,5802,3607,62.17
20,246,AGNI,SM,5000,5000,100.00
20,247,AGRITECH,EQ,4178,2663,63.74
20,248,AGROPHOS,EQ,34653,16340,47.15
20,249,AGSTRA,EQ,303229,164583,54.28
20,250,AGUL,SM,10000,6000,60.00
20,251,AHIMSA,ST,9000,9000,100.00
20,252,AHL,EQ,90048,39342,43.69
20,253,AHLADA,EQ,17034,7814,45.87
20,254,AHLEAST,EQ,8953,5614,62.71
20,255,AHLUCONT,EQ,60682,34300,56.52
20,256,AIAENG,EQ,31760,10983,34.58
20,257,AIIL,EQ,78566,32846,41.81
20,258,AIMTRON,ST,69200,64000,92.49
20,259,AIRAN,EQ,254887,135500,53.16
20,260,AIROLAM,EQ,18598,5379,28.92
20,261,AIRTELPP,E1,36108,24405,67.59
20,262,AISL,ST,1200,1200,100.00
20,263,AJANTPHARM,EQ,71556,36340,50.79
20,264,AJMERA,EQ,114865,35488,30.90
20,265,AJOONI,EQ,614098,413994,67.41
20,266,AKANKSHA,ST,15000,14000,93.33
20,267,AKASH,EQ,4848,2788,57.51
20,268,AKG,EQ,11505,8969,77.96
20,269,AKIKO,SM,3200,3200,100.00
20,270,AKSHARCHEM,EQ,2626,854,32.52
20,271,AKUMS,EQ,235946,171549,72.71
20,272,AKZOINDIA,EQ,24580,12139,49.39
20,273,ALANKIT,EQ,372918,168043,45.06
20,274,ALBERTDAVD,EQ,4306,2465,57.25
20,275,ALEMBICLTD,EQ,464138,237796,51.23
20,276,ALICON,EQ,14248,8999,63.16
20,277,ALKALI,EQ,3894,2042,52.44
20,278,ALKEM,EQ,55782,22588,40.49
20,279,ALKYLAMINE,EQ,2355843,99091,4.21
20,280,ALLCARGO,EQ,1696925,908581,53.54
20,281,ALLDIGI,EQ,51171,25702,50.23
20,282,ALLETEC,ST,12800,11200,87.50
20,283,ALOKINDS,EQ,4780351,1607412,33.63
20,284,ALPA,EQ,76603,40703,53.13
20,285,ALPEXSOLAR,SM,46800,34400,73.50
20,286,ALPHA,EQ,1143233,928588,81.22
20,287,ALPHAETF,EQ,2296858,2107623,91.76
20,288,ALPHAGEO,EQ,48008,23640,49.24
20,289,ALPL30IETF,EQ,1438926,1284872,89.29
20,290,ALUWIND,SM,18000,16500,91.67
20,291,AMBANIORGO,ST,1000,1000,100.00
20,292,AMBER,EQ,698590,160135,22.92
20,293,AMBEY,SM,18000,18000,100.00
20,294,AMBICAAGAR,EQ,106974,52825,49.38
20,295,AMBIKCO,EQ,4804,3188,66.36
20,296,AMBUJACEM,EQ,1332797,653353,49.02
20,297,AMDIND,EQ,4977,3113,62.55
20,298,AMEYA,ST,18000,16000,88.89
20,299,AMIABLE,SM,3200,3200,100.00
20,300,AMIORG,EQ,377340,130527,34.59
20,301,AMJLAND,EQ,67159,26479,39.43
20,302,AMNPLST,EQ,94954,32979,34.73
20,303,AMRUTANJAN,EQ,5924,4512,76.16
20,304,ANANDRATHI,EQ,208713,58212,27.89
20,305,ANANTRAJ,EQ,1544009,500297,32.40
20,306,ANDHRAPAP,EQ,59482,22401,37.66
20,307,ANDHRSUGAR,EQ,109637,41037,37.43
20,308,ANGELONE,EQ,1290101,308877,23.94
20,309,ANLON,SM,6800,5200,76.47
20,310,ANMOL,EQ,26710,16452,61.59
20,311,ANNAPURNA,SM,70500,48250,68.44
20,312,ANTGRAPHIC,EQ,393844,284394,72.21
20,313,ANUHPHR,EQ,35500,19459,54.81
20,314,ANUP,EQ,63913,33140,51.85
20,315,ANURAS,EQ,84284,24090,28.58
20,316,ANYA,ST,1430000,1360000,95.10
20,317,APARINDS,EQ,109708,33671,30.69
20,318,APCL,EQ,5681,4167,73.35
20,319,APCOTEXIND,EQ,31660,18166,57.38
20,320,APEX,EQ,156494,54962,35.12
20,321,APEXECO,SM,356800,188800,52.91
20,322,APLAPOLLO,EQ,223277,111873,50.11
20,323,APLLTD,EQ,80300,35019,43.61
20,324,APOLLO,EQ,4875192,2039806,41.84
20,325,APOLLOHOSP,EQ,305521,107404,35.15
20,326,APOLLOPIPE,EQ,22684,14076,62.05
20,327,APOLLOTYRE,EQ,1426100,724635,50.81
20,328,APOLSINHOT,EQ,1047,795,75.93
20,329,APRAMEYA,ST,12000,12000,100.00
20,330,APS,ST,49500,37500,75.76
20,331,APTECHT,EQ,116079,57766,49.76
20,332,APTUS,EQ,248094,157002,63.28
20,333,ARABIAN,SM,16000,14000,87.50
20,334,ARCHIDPLY,EQ,14617,5813,39.77
20,335,ARCHIES,EQ,17466,13170,75.40
20,336,ARE&M,EQ,390224,166653,42.71
20,337,ARHAM,SM,7000,7000,100.00
20,338,ARIHANTACA,ST,3200,2400,75.00
20,339,ARIHANTCAP,EQ,116001,74758,64.45
20,340,ARIHANTSUP,EQ,50747,26835,52.88
20,341,ARISTO,ST,3200,3200,100.00
20,342,ARKADE,EQ,2053963,965664,47.01
20,343,ARMANFIN,EQ,34724,18387,52.95
20,344,AROGRANITE,EQ,10745,6515,60.63
20,345,ARROWGREEN,EQ,19330,11978,61.97
20,346,ARTEMISMED,EQ,117217,58450,49.86
20,347,ARVEE,EQ,890,413,46.40
20,348,ARVIND,EQ,453414,191916,42.33
20,349,ARVINDFASN,EQ,204212,103998,50.93
20,350,ARVINDPORT,ST,12000,12000,100.00
20,351,ARVSMART,EQ,50870,34819,68.45
20,352,ASAHIINDIA,EQ,44473,17706,39.81
20,353,ASAHISONG,EQ,2864,1785,62.33
20,354,ASAL,EQ,18794,9154,48.71
20,355,ASALCBR,EQ,56509,28124,49.77
20,356,ASHALOG,ST,13000,12000,92.31
20,357,ASHAPURMIN,EQ,634789,283806,44.71
20,358,ASHIANA,EQ,262076,61721,23.55
20,359,ASHOKA,EQ,1973592,858084,43.48
20,360,ASHOKLEY,EQ,6499456,2745853,42.25
20,361,ASIANENE,EQ,158172,75421,47.68
20,362,ASIANPAINT,EQ,1362314,765134,56.16
20,363,ASIANTILES,EQ,294060,151343,51.47
20,364,ASKAUTOLTD,EQ,168745,86876,51.48
20,365,ASMS,EQ,1876185,1268734,67.62
20,366,ASPINWALL,EQ,64960,41050,63.19
20,367,ASPIRE,ST,4000,4000,100.00
20,368,ASTEC,EQ,28889,12609,43.65
20,369,ASTERDM,EQ,816339,534429,65.47
20,370,ASTRAL,EQ,526365,354132,67.28
20,371,ASTRAMICRO,EQ,93084,46953,50.44
20,372,ASTRAZEN,EQ,175034,9734,5.56
20,373,ASTRON,EQ,39281,28424,72.36
20,374,ATAM,EQ,27300,16793,61.51
20,375,ATFL,EQ,22200,14151,63.74
20,376,ATGL,EQ,603345,209897,34.79
20,377,ATL,EQ,332293,194668,58.58
20,378,ATLASCYCLE,EQ,4976,4976,100.00
20,379,ATMASTCO,ST,59200,57600,97.30
20,380,ATUL,EQ,67890,21224,31.26
20,381,ATULAUTO,EQ,20620,11864,57.54
20,382,AUBANK,EQ,3212356,1886313,58.72
20,383,AURDIS,ST,3125,3125,100.00
20,384,AURIONPRO,EQ,22896,12971,56.65
20,385,AUROIMPEX,SM,4800,4800,100.00
20,386,AUROPHARMA,EQ,872743,378811,43.40
20,387,AURUM,EQ,66598,50106,75.24
20,388,AURUMPP1,E1,6592,6458,97.97
20,389,AUSL,SM,2000,2000,100.00
20,390,AUTOAXLES,EQ,3459,2028,58.63
20,391,AUTOBEES,EQ,69089,30038,43.48
20,392,AUTOIETF,EQ,174427,106160,60.86
20,393,AUTOIND,EQ,34300,21031,61.31
20,394,AVADHSUGAR,EQ,25818,16345,63.31
20,395,AVALON,EQ,1252305,340421,27.18
20,396,AVANTEL,EQ,430484,238051,55.30
20,397,AVANTIFEED,EQ,473484,105578,22.30
20,398,AVG,EQ,82004,30205,36.83
20,399,AVIANSH,ST,10000,4000,40.00
20,400,AVL,EQ,74468,46771,62.81
20,401,AVPINFRA,ST,6400,6400,100.00
20,402,AVTNPL,EQ,102221,65692,64.26
20,403,AWFIS,EQ,346831,137632,39.68
20,404,AWHCL,EQ,73291,52192,71.21
20,405,AWL,EQ,1189208,577449,48.56
20,406,AXISBANK,EQ,9054190,6406867,70.76
20,407,AXISBNKETF,EQ,811256,771346,95.08
20,408,AXISBPSETF,EQ,23834,18849,79.08
20,409,AXISCETF,EQ,4968,4116,82.85
20,410,AXISGOLD,EQ,54248,39300,72.45
20,411,AXISHCETF,EQ,3156,1657,52.50
20,412,AXISILVER,EQ,15538,11350,73.05
20,413,AXISNIFTY,EQ,2900,2899,99.97
20,414,AXISTECETF,EQ,555,339,61.08
20,415,AXITA,EQ,6988334,1525175,21.82
20,416,AXSENSEX,EQ,585,459,78.46
20,417,AYMSYNTEX,EQ,28589,20956,73.30
20,418,AZAD,EQ,94464,42689,45.19
20,419,BABAFP,SM,1600,1600,100.00
20,420,BAHETI,ST,3375,3000,88.89
20,421,BAIDFIN,EQ,1610764,686353,42.61
20,422,BAJAJ-AUTO,EQ,612457,228533,37.31
20,423,BAJAJCON,EQ,216080,101715,47.07
20,424,BAJAJELEC,EQ,25015,6367,25.45
20,425,BAJAJFINSV,EQ,1036731,545924,52.66
20,426,BAJAJHCARE,EQ,272388,123303,45.27
20,427,BAJAJHFL,EQ,5654550,2854263,50.48
20,428,BAJAJHIND,EQ,3442420,1466480,42.60
20,429,BAJAJHLDNG,EQ,32000,11460,35.81
20,430,BAJEL,EQ,154079,72861,47.29
20,431,BAJFINANCE,EQ,668141,346621,51.88
20,432,BALAJEE,EQ,54019,28160,52.13
20,433,BALAMINES,EQ,3363611,109098,3.24
20,434,BALAXI,EQ,37392,23455,62.73
20,435,BALCO,ST,1200,1200,100.00
20,436,BALKRISHNA,EQ,11091,5883,53.04
20,437,BALKRISIND,EQ,110398,60867,55.13
20,438,BALMLAWRIE,EQ,88893,41599,46.80
20,439,BALRAMCHIN,EQ,225330,95611,42.43
20,440,BALUFORGE,EQ,128282,44667,34.82
20,441,BANARISUG,EQ,426,362,84.98
20,442,BANCOINDIA,EQ,270163,125411,46.42
20,443,BANDHANBNK,EQ,8904498,4310051,48.40
20,444,BANKA,EQ,10148,7175,70.70
20,445,BANKBARODA,EQ,5382497,2047560,38.04
20,446,BANKBEES,EQ,831813,459221,55.21
20,447,BANKBETF,EQ,35304,23893,67.68
20,448,BANKETF,EQ,58825,58479,99.41
20,449,BANKETFADD,EQ,7948,7781,97.90
20,450,BANKIETF,EQ,5558161,5246568,94.39
20,451,BANKINDIA,EQ,4710225,1867438,39.65
20,452,BANKNIFTY1,EQ,49831,43906,88.11
20,453,BANKPSU,EQ,5095,4410,86.56
20,454,BANSALWIRE,EQ,96508,27020,28.00
20,455,BANSWRAS,EQ,24548,15675,63.85
20,456,BARBEQUE,EQ,43191,23662,54.78
20,457,BASF,EQ,107880,17709,16.42
20,458,BASILIC,ST,18600,18600,100.00
20,459,BASML,EQ,55842,32514,58.22
20,460,BATAINDIA,EQ,112693,35681,31.66
20,461,BAWEJA,SM,3200,2400,75.00
20,462,BAYERCROP,EQ,44323,11339,25.58
20,463,BBETF0432,EQ,5474,5470,99.93
20,464,BBL,EQ,40381,24800,61.42
20,465,BBNPNBETF,EQ,559,477,85.33
20,466,BBNPPGOLD,EQ,54,53,98.15
20,467,BBOX,EQ,121399,80673,66.45
20,468,BBTC,EQ,59868,15428,25.77
20,469,BBTCL,EQ,2751,1100,39.99
20,470,BCLIND,EQ,520186,305255,58.68
20,471,BCONCEPTS,EQ,7160,6066,84.72
20,472,BDL,EQ,756049,308710,40.83
20,473,BEACON,SM,15000,10000,66.67
20,474,BEARDSELL,EQ,54521,31976,58.65
20,475,BECTORFOOD,EQ,63362,34716,54.79
20,476,BEDMUTHA,EQ,12946,7733,59.73
20,477,BEL,EQ,12715512,6023852,47.37
20,478,BEML,EQ,345368,125109,36.22
20,479,BEPL,EQ,464833,171402,36.87
20,480,BERGEPAINT,EQ,1600589,512931,32.05
20,481,BESTAGRO,EQ,23459,13689,58.35
20,482,BETA,SM,1400,1200,85.71
20,483,BEWLTD,ST,15000,14000,93.33
20,484,BFINVEST,EQ,20452,12373,60.50
20,485,BFSI,EQ,99184,85101,85.80
20,486,BHAGCHEM,EQ,118939,72755,61.17
20,487,BHAGYANGR,EQ,20531,13929,67.84
20,488,BHANDARI,EQ,671924,304032,45.25
20,489,BHARATFORG,EQ,636615,371410,58.34
20,490,BHARATGEAR,EQ,46634,33769,72.41
20,491,BHARATRAS,EQ,2407,1354,56.25
20,492,BHARATWIRE,EQ,52073,33766,64.84
20,493,BHARTIARTL,EQ,4684859,2971404,63.43
20,494,BHARTIHEXA,EQ,204882,138858,67.77
20,495,BHEL,EQ,9403979,3034095,32.26
20,496,BHINVIT,IV,27909,24344,87.23
20,497,BIGBLOC,EQ,131522,52993,40.29
20,498,BIKAJI,EQ,305092,180903,59.29
20,499,BIKEWO,SM,18000,12000,66.67
20,500,BINANIIND,EQ,19850,13858,69.81
20,501,BIOCON,EQ,1698790,443919,26.13
20,502,BIOFILCHEM,EQ,28603,13144,45.95
20,503,BIRDYS,SM,51600,51600,100.00
20,504,BIRET,RR,191358,173010,90.41
20,505,BIRLACABLE,EQ,11656,6003,51.50
20,506,BIRLACORPN,EQ,37017,13943,37.67
20,507,BLACKBUCK,EQ,85267,44203,51.84
20,508,BLAL,EQ,36951,17830,48.25
20,509,BLBLIMITED,EQ,44582,23503,52.72
20,510,BLISSGVS,EQ,691431,217820,31.50
20,511,BLKASHYAP,EQ,260033,140432,54.01
20,512,BLS,EQ,1726668,713590,41.33
20,513,BLSE,EQ,1969498,191554,9.73
20,514,BLUEDART,EQ,8442,4033,47.77
20,515,BLUEJET,EQ,102140,45376,44.43
20,516,BLUEPEBBLE,SM,10400,9200,88.46
20,517,BLUESTARCO,EQ,495725,217796,43.93
20,518,BMETRICS,SM,5600,4800,85.71
20,519,BODALCHEM,EQ,301979,118433,39.22
20,520,BOMDYEING,EQ,920852,378006,41.05
20,521,BOROLTD,EQ,109192,49392,45.23
20,522,BOROSCI,EQ,76228,39372,51.65
20,523,BOSCHLTD,EQ,23782,16051,67.49
20,524,BPCL,EQ,6215902,3194190,51.39
20,525,BPL,EQ,91721,42187,45.99
20,526,BRACEPORT,ST,14400,14400,100.00
20,527,BRIGADE,EQ,192743,142717,74.05
20,528,BRITANNIA,EQ,832814,414390,49.76
20,529,BRNL,EQ,20029,11218,56.01
20,530,BSE,EQ,964500,288738,29.94
20,531,BSE500IETF,EQ,91003,59543,65.43
20,532,BSHSL,EQ,5337,3484,65.28
20,533,BSL,EQ,23989,12555,52.34
20,534,BSLGOLDETF,EQ,38755,30781,79.42
20,535,BSLNIFTY,EQ,276944,191504,69.15
20,536,BSLSENETFG,EQ,1443,1352,93.69
20,537,BSOFT,EQ,1516991,718152,47.34
20,538,BTML,EQ,1537562,509871,33.16
20,539,BULKCORP,SM,1200,1200,100.00
20,540,BURNPUR,EQ,215401,140381,65.17
20,541,BUTTERFLY,EQ,1885,910,48.28
20,542,BVCL,EQ,14503,6807,46.94
20,543,C2C,SM,232200,145800,62.79
20,544,CADSYS,ST,2000,1500,75.00
20,545,CAGL25,N8,30,30,100.00
20,546,CAGL27,NC,50,50,100.00
20,547,CALSOFT,EQ,96746,95265,98.47
20,548,CAMLINFINE,EQ,2151952,478739,22.25
20,549,CAMPUS,EQ,388641,157759,40.59
20,550,CAMS,EQ,233968,95552,40.84
20,551,CANARYS,SM,20000,16000,80.00
20,552,CANBK,EQ,19527220,9003031,46.11
20,553,CANFINHOME,EQ,243903,114442,46.92
20,554,CANTABIL,EQ,565552,215749,38.15
20,555,CAPACITE,EQ,294963,146169,49.56
20,556,CAPITALSFB,EQ,81835,51124,62.47
20,557,CAPLIPOINT,EQ,160902,49949,31.04
20,558,CARBORUNIV,EQ,55320,23442,42.38
20,559,CAREERP,EQ,4939,3548,71.84
20,560,CARERATING,EQ,23656,10688,45.18
20,561,CARRARO,EQ,154717,81144,52.45
20,562,CARTRADE,EQ,581632,216885,37.29
20,563,CARYSIL,EQ,28301,10644,37.61
20,564,CASTROLIND,EQ,1804622,479133,26.55
20,565,CBAZAAR,SM,48000,40000,83.33
20,566,CCHHL,EQ,43522,25846,59.39
20,567,CCL,EQ,94755,43752,46.17
20,568,CDSL,EQ,1757818,601700,34.23
20,569,CEATLTD,EQ,69467,28900,41.60
20,570,CEIGALL,EQ,86157,54851,63.66
20,571,CELEBRITY,EQ,156043,83714,53.65
20,572,CELLECOR,SM,516000,453000,87.79
20,573,CELLO,EQ,52338,24836,47.45
20,574,CELLPOINT,SM,1200,1200,100.00
20,575,CENTENKA,EQ,28014,16689,59.57
20,576,CENTEXT,EQ,92629,64836,70.00
20,577,CENTRALBK,EQ,2086980,663929,31.81
20,578,CENTRUM,EQ,215140,115756,53.80
20,579,CENTUM,EQ,12939,5651,43.67
20,580,CENTURYPLY,EQ,113848,58461,51.35
20,581,CERA,EQ,8278,3359,40.58
20,582,CESC,EQ,5606219,2457545,43.84
20,583,CEWATER,EQ,191771,65645,34.23
20,584,CGCL,EQ,469184,58376,12.44
20,585,CGPOWER,EQ,1387356,695892,50.16
20,586,CGRAPHICS,SM,52800,37600,71.21
20,587,CHALET,EQ,153364,88429,57.66
20,588,CHAMBLFERT,EQ,3436477,726501,21.14
20,589,CHAVDA,SM,89000,69000,77.53
20,590,CHEMBOND,EQ,5468,2190,40.05
20,591,CHEMCON,EQ,135473,37280,27.52
20,592,CHEMFAB,EQ,9902,4749,47.96
20,593,CHEMPLASTS,EQ,218745,49976,22.85
20,594,CHENNPETRO,EQ,644293,159660,24.78
20,595,CHETANA,SM,244800,142400,58.17
20,596,CHEVIOT,EQ,1175,713,60.68
20,597,CHOICEIN,EQ,204604,50236,24.55
20,598,CHOLAFIN,EQ,1603366,1070491,66.77
20,599,CHOLAHLDNG,EQ,359180,226160,62.97
20,600,CIEINDIA,EQ,75359,29892,39.67
20,601,CIFCZC25,ND,14,14,100.00
20,602,CIFCZC28,NH,2,2,100.00
20,603,CIGNITITEC,EQ,268641,162377,60.44
20,604,CINEVISTA,EQ,7053,5973,84.69
20,605,CIPLA,EQ,995821,532892,53.51
20,606,CLEAN,EQ,413476,81007,19.59
20,607,CLEDUCATE,EQ,126982,71896,56.62
20,608,CLOUD,SZ,124000,114000,91.94
20,609,CLSEL,EQ,70020,29933,42.75
20,610,CLSL,SM,12000,8000,66.67
20,611,CMMIPL,SZ,45000,45000,100.00
20,612,CMNL,ST,4500,3000,66.67
20,613,CMRSL,SM,3200,3200,100.00
20,614,CMSINFO,EQ,355843,176180,49.51
20,615,COALINDIA,EQ,6247612,3146482,50.36
20,616,COASTCORP,EQ,29866,16627,55.67
20,617,COCHINSHIP,EQ,299199,143804,48.06
20,618,COFORGE,EQ,249932,115637,46.27
20,619,COLPAL,EQ,1892039,951402,50.28
20,620,COMMITTED,ST,84800,84800,100.00
20,621,COMMOIETF,EQ,28121,24503,87.13
20,622,COMPUSOFT,EQ,41688,32421,77.77
20,623,CONCOR,EQ,1266516,801186,63.26
20,624,CONCORDBIO,EQ,334251,106845,31.97
20,625,CONFIPET,EQ,193704,99170,51.20
20,626,CONS,EQ,879,614,69.85
20,627,CONSOFINVT,EQ,8767,4901,55.90
20,628,CONSUMBEES,EQ,61221,37312,60.95
20,629,CONSUMER,EQ,108036,95232,88.15
20,630,CONSUMIETF,EQ,49741,34079,68.51
20,631,CONTI,ST,9999,9999,100.00
20,632,CONTROLPR,EQ,9031,5155,57.08
20,633,COOLCAPS,ST,16750,16750,100.00
20,634,CORALFINAC,EQ,114829,34594,30.13
20,635,CORDSCABLE,EQ,27788,15977,57.50
20,636,COROMANDEL,EQ,329372,136663,41.49
20,637,COSMOFIRST,EQ,106964,39857,37.26
20,638,COUNCODOS,EQ,89418,49579,55.45
20,639,CPS,ST,1800,1800,100.00
20,640,CPSEETF,EQ,1206501,668880,55.44
20,641,CRAFTSMAN,EQ,13492,6676,49.48
20,642,CRAYONS,SM,40000,35000,87.50
20,643,CREATIVE,EQ,76481,38127,49.85
20,644,CREDITACC,EQ,3343396,424310,12.69
20,645,CREST,EQ,9849,5053,51.30
20,646,CRISIL,EQ,42131,14340,34.04
20,647,CROMPTON,EQ,1415293,929634,65.68
20,648,CROWN,EQ,13855,10194,73.58
20,649,CSBBANK,EQ,624375,454738,72.83
20,650,CSLFINANCE,EQ,29112,23754,81.60
20,651,CTE,EQ,29179,18979,65.04
20,652,CUB,EQ,1278504,637385,49.85
20,653,CUBEXTUB,EQ,10413,8109,77.87
20,654,CUMMINSIND,EQ,762592,532525,69.83
20,655,CUPID,EQ,226755,105993,46.74
20,656,CYBERMEDIA,EQ,18214,9412,51.67
20,657,CYIENT,EQ,304015,123094,40.49
20,658,CYIENTDLM,EQ,154580,76190,49.29
20,659,DABUR,EQ,4084746,1569700,38.43
20,660,DALBHARAT,EQ,424042,255081,60.15
20,661,DALMIASUG,EQ,46426,23402,50.41
20,662,DAMCAPITAL,EQ,2231058,528243,23.68
20,663,DAMODARIND,EQ,10140,4461,43.99
20,664,DANGEE,EQ,150891,75079,49.76
20,665,DANISH,SM,101100,51000,50.45
20,666,DATAMATICS,EQ,115802,49054,42.36
20,667,DATAPATTNS,EQ,65431,21898,33.47
20,668,DAVANGERE,EQ,1309490,537664,41.06
20,669,DBCORP,EQ,89044,27787,31.21
20,670,DBEIL,EQ,198665,92403,46.51
20,671,DBL,EQ,123827,51317,41.44
20,672,DBOL,EQ,56848,36095,63.49
20,673,DBREALTY,EQ,1479859,653257,44.14
20,674,DBSTOCKBRO,EQ,9500,3794,39.94
20,675,DCAL,EQ,746628,316991,42.46
20,676,DCBBANK,EQ,470772,238235,50.61
20,677,DCG,SM,20400,15600,76.47
20,678,DCI,EQ,10089,6488,64.31
20,679,DCM,EQ,33341,21411,64.22
20,680,DCMNVL,EQ,31583,25860,81.88
20,681,DCMSHRIRAM,EQ,37102,19651,52.96
20,682,DCMSRIND,EQ,82179,46926,57.10
20,683,DCW,EQ,1231197,451215,36.65
20,684,DCXINDIA,EQ,1051008,386915,36.81
20,685,DECCANCE,EQ,13886,7796,56.14
20,686,DECCANTRAN,ST,4800,3600,75.00
20,687,DEEDEV,EQ,138435,79228,57.23
20,688,DEEM,SM,1000,1000,100.00
20,689,DEEPAKFERT,EQ,1813706,405249,22.34
20,690,DEEPAKNTR,EQ,536319,170579,31.81
20,691,DEEPINDS,EQ,180158,70194,38.96
20,692,DELAPLEX,SM,13200,10800,81.82
20,693,DELHIVERY,EQ,890777,408107,45.81
20,694,DELTACORP,EQ,1341131,435527,32.47
20,695,DELTAMAGNT,EQ,8904,3872,43.49
20,696,DEN,EQ,711067,228867,32.19
20,697,DENEERS,ST,600,600,100.00
20,698,DENORA,EQ,4844,3356,69.28
20,699,DENTALKART,SM,7750,5000,64.52
20,700,DESTINY,ST,9000,9000,100.00
20,701,DEVIT,EQ,716679,175524,24.49
20,702,DEVYANI,EQ,2140363,886011,41.40
20,703,DHAMPURSUG,EQ,131694,61133,46.42
20,704,DHANI,EQ,7145167,3614404,50.59
20,705,DHANLAXMI,ST,42000,36000,85.71
20,706,DHANUKA,EQ,21514,7744,36.00
20,707,DHARIWAL,SM,2400,2400,100.00
20,708,DHARMAJ,EQ,70567,28591,40.52
20,709,DHRUV,EQ,3814,1699,44.55
20,710,DHTL,ST,800,800,100.00
20,711,DHUNINV,EQ,1206,699,57.96
20,712,DIAMINESQ,EQ,18893,6843,36.22
20,713,DIAMONDYD,EQ,143938,52653,36.58
20,714,DICIND,EQ,1543,933,60.47
20,715,DIFFNKG,EQ,73171,44072,60.23
20,716,DIGIDRIVE,EQ,17296,11007,63.64
20,717,DIGIKORE,ST,3000,2800,93.33
20,718,DIGISPICE,EQ,81329,60185,74.00
20,719,DISHTV,EQ,8471914,1896703,22.39
20,720,DIVGIITTS,EQ,13679,8193,59.89
20,721,DIVISLAB,EQ,98271,47815,48.66
20,722,DIVOPPBEES,EQ,42175,25740,61.03
20,723,DIVYADHAN,SM,12000,12000,100.00
20,724,DIXON,EQ,607211,266422,43.88
20,725,DKEGL,SM,1500,1500,100.00
20,726,DLF,EQ,2395731,1162655,48.53
20,727,DLINKINDIA,EQ,97609,56273,57.65
20,728,DMART,EQ,727974,498514,68.48
20,729,DNAMEDIA,EQ,321991,143197,44.47
20,730,DODLA,EQ,20002,10766,53.82
20,731,DOLATALGO,EQ,373733,225276,60.28
20,732,DOLLAR,EQ,27482,15840,57.64
20,733,DOLLEX,SM,4000,4000,100.00
20,734,DOMS,EQ,104231,55385,53.14
20,735,DONEAR,EQ,250000,74136,29.65
20,736,DPABHUSHAN,EQ,15592,5781,37.08
20,737,DPEL,ST,10500,10500,100.00
20,738,DPSCLTD,EQ,144786,103136,71.23
20,739,DPWIRES,EQ,8627,5166,59.88
20,740,DRCSYSTEMS,EQ,293066,169049,57.68
20,741,DREAMFOLKS,EQ,93254,50168,53.80
20,742,DREDGECORP,EQ,19072,7908,41.46
20,743,DRL,SM,6000,6000,100.00
20,744,DRONE,ST,13500,13500,100.00
20,745,DRREDDY,EQ,1607980,894402,55.62
20,746,DRSDILIP,ST,800,800,100.00
20,747,DSSL,EQ,109254,40248,36.84
20,748,DTIL,EQ,8803,2459,27.93
20,749,DTL,SM,6000,4800,80.00
20,750,DUCOL,SM,4000,4000,100.00
20,751,DUCON,EQ,515499,313458,60.81
20,752,DUGLOBAL,SM,15000,10000,66.67
20,753,DURLAX,SM,26000,14000,53.85
20,754,DVL,EQ,62012,33876,54.63
20,755,DWARKESH,EQ,540169,293877,54.40
20,756,DYCL,EQ,40032,23814,59.49
20,757,DYNAMATECH,EQ,9137,3628,39.71
20,758,DYNAMIC,ST,24000,23500,97.92
20,759,DYNPRO,EQ,11802,7370,62.45
20,760,EASEMYTRIP,EQ,48685467,15716355,32.28
20,761,EBANKNIFTY,EQ,498,291,58.43
20,762,EBBETF0425,EQ,6358,6345,99.80
20,763,EBBETF0430,EQ,7245,5340,73.71
20,764,EBBETF0431,EQ,6535,5349,81.85
20,765,EBBETF0433,EQ,3886,3882,99.90
20,766,ECAPINSURE,EQ,5363,5113,95.34
20,767,ECLERX,EQ,45112,25450,56.42
20,768,ECOSMOBLTY,EQ,66132,32711,49.46
20,769,EDELWEISS,EQ,1692919,862587,50.95
20,770,EFACTOR,ST,4800,4800,100.00
20,771,EFFWA,ST,8800,8800,100.00
20,772,EFORCE,SM,103200,73200,70.93
20,773,EGOLD,EQ,102477,102083,99.62
20,774,EICHERMOT,EQ,239408,119900,50.08
20,775,EIDPARRY,EQ,108519,49511,45.62
20,776,EIEL,EQ,3660748,867798,23.71
20,777,EIFFL,EQ,31113,28930,92.98
20,778,EIHAHOTELS,EQ,28396,13026,45.87
20,779,EIHOTEL,EQ,295616,125152,42.34
20,780,EIMCOELECO,EQ,5233,3116,59.55
20,781,EKC,EQ,578778,201527,34.82
20,782,ELDEHSG,EQ,853,727,85.23
20,783,ELECON,EQ,181768,114021,62.73
20,784,ELECTCAST,EQ,645276,308958,47.88
20,785,ELGIEQUIP,EQ,105370,45512,43.19
20,786,ELIN,EQ,145721,95697,65.67
20,787,EMAMILTD,EQ,1127124,366033,32.47
20,788,EMAMIPAP,EQ,23527,12188,51.80
20,789,EMBASSY,RR,656678,624556,95.11
20,790,EMBDL,EQ,9275587,3658370,39.44
20,791,EMCURE,EQ,95339,70748,74.21
20,792,EMIL,EQ,394325,260364,66.03
20,793,EMKAYTOOLS,SM,55050,54150,98.37
20,794,EMMBI,EQ,179260,82708,46.14
20,795,EMMIL,ST,14000,13500,96.43
20,796,EMSLIMITED,EQ,243729,116530,47.81
20,797,EMUDHRA,EQ,66508,19537,29.38
20,798,EMULTIMQ,EQ,70842,62888,88.77
20,799,ENDURANCE,EQ,30192,15323,50.75
20,800,ENFUSE,ST,1800,1200,66.67
20,801,ENGINERSIN,EQ,1468690,554326,37.74
20,802,ENIL,EQ,16672,10867,65.18
20,803,ENSER,ST,19000,19000,100.00
20,804,ENTERO,EQ,67982,46097,67.81
20,805,ENVIRO,SM,116000,96000,82.76
20,806,EPACK,EQ,605575,303751,50.16
20,807,EPIGRAL,EQ,56597,24167,42.70
20,808,EPL,EQ,886431,415482,46.87
20,809,EQUAL50ADD,EQ,2483,1718,69.19
20,810,EQUITASBNK,EQ,4633211,2955635,63.79
20,811,ERIS,EQ,109951,74417,67.68
20,812,ESABINDIA,EQ,2254,560,24.84
20,813,ESAFSFB,EQ,253951,118079,46.50
20,814,ESCONET,ST,22800,22800,100.00
20,815,ESCORTS,EQ,241518,80317,33.26
20,816,ESFL,ST,297720,279720,93.95
20,817,ESG,EQ,11909,10535,88.46
20,818,ESILVER,EQ,5545,3700,66.73
20,819,ESPRIT,SM,134400,83200,61.90
20,820,ESTER,EQ,312380,140249,44.90
20,821,ETHOSLTD,EQ,36459,16045,44.01
20,822,ETML,SM,448800,402000,89.57
20,823,EUREKAFORB,EQ,112737,76292,67.67
20,824,EUROBOND,SM,7000,5000,71.43
20,825,EVEREADY,EQ,33345,21028,63.06
20,826,EVERESTIND,EQ,29566,17767,60.09
20,827,EVINDIA,EQ,437359,210656,48.17
20,828,EXCELINDUS,EQ,7996,3584,44.82
20,829,EXICOM,EQ,52292,52292,100.00
20,830,EXIDEIND,EQ,1898879,722318,38.04
20,831,EXPLEOSOL,EQ,8495,4450,52.38
20,832,EXXARO,EQ,1476405,788957,53.44
20,833,FACT,EQ,1601261,163761,10.23
20,834,FAIRCHEMOR,EQ,18311,9527,52.03
20,835,FAZE3Q,EQ,4499,2933,65.19
20,836,FCL,EQ,597449,189734,31.76
20,837,FCSSOFT,EQ,2653352,1418688,53.47
20,838,FDC,EQ,39171,19720,50.34
20,839,FEDERALBNK,EQ,6131064,3384668,55.21
20,840,FEDFINA,EQ,260690,143674,55.11
20,841,FELIX,ST,29000,28500,98.28
20,842,FIBERWEB,EQ,117730,55522,47.16
20,843,FIDEL,ST,14000,14000,100.00
20,844,FIEMIND,EQ,40217,23880,59.38
20,845,FILATEX,EQ,1114176,542991,48.73
20,846,FINCABLES,EQ,75831,28607,37.72
20,847,FINEORG,EQ,78202,27400,35.04
20,848,FINIETF,EQ,222504,117076,52.62
20,849,FINOPB,EQ,65193,34949,53.61
20,850,FINPIPE,EQ,1133674,649599,57.30
20,851,FIRSTCRY,EQ,636225,423770,66.61
20,852,FIVESTAR,EQ,134358,72048,53.62
20,853,FLAIR,EQ,168220,105729,62.85
20,854,FLUOROCHEM,EQ,550646,93774,17.03
20,855,FMCGIETF,EQ,921048,456977,49.61
20,856,FMGOETZE,EQ,75949,43247,56.94
20,857,FOCUS,EQ,68710,48429,70.48
20,858,FONEBOX,SM,8000,6000,75.00
20,859,FOODSIN,EQ,57976,38924,67.14
20,860,FORCAS,ST,22400,22400,100.00
20,861,FORCEMOT,EQ,27233,13186,48.42
20,862,FORGEAUTO,SM,22800,13200,57.89
20,863,FORTIS,EQ,1000535,480830,48.06
20,864,FOSECOIND,EQ,10552,2774,26.29
20,865,FRESHARA,ST,82800,82800,100.00
20,866,FROG,SM,14400,11200,77.78
20,867,FSL,EQ,2373946,493279,20.78
20,868,FUSION,EQ,765619,207842,27.15
20,869,GABRIEL,EQ,84732,39453,46.56
20,870,GAEL,EQ,598407,305709,51.09
20,871,GAIL,EQ,14447702,8244097,57.06
20,872,GAJANAND,ST,12000,9000,75.00
20,873,GALAPREC,EQ,53071,20070,37.82
20,874,GALAXYSURF,EQ,16180,8748,54.07
20,875,GALLANTT,EQ,29329,22792,77.71
20,876,GANDHAR,EQ,120072,59649,49.68
20,877,GANDHITUBE,EQ,2289,1425,62.25
20,878,GANECOS,EQ,33690,18355,54.48
20,879,GANESHBE,EQ,218949,74575,34.06
20,880,GANESHHOUC,EQ,368937,166942,45.25
20,881,GANESHIN,SM,112000,76800,68.57
20,882,GANGAFORGE,EQ,545852,265748,48.68
20,883,GANGESSECU,EQ,10872,4644,42.72
20,884,GARFIBRES,EQ,75663,42035,55.56
20,885,GARUDA,EQ,2459338,982334,39.94
20,886,GATEWAY,EQ,600185,283043,47.16
20,887,GEECEE,EQ,6271,3833,61.12
20,888,GEEKAYWIRE,EQ,65327,34077,52.16
20,889,GENCON,EQ,42299,22478,53.14
20,890,GENESYS,EQ,663094,230049,34.69
20,891,GENSOL,EQ,66318,32379,48.82
20,892,GENUSPAPER,EQ,97763,59844,61.21
20,893,GENUSPOWER,EQ,509515,256137,50.27
20,894,GEOJITFSL,EQ,210836,110163,52.25
20,895,GEPIL,EQ,135077,65793,48.71
20,896,GESHIP,EQ,258418,149228,57.75
20,897,GFLLIMITED,EQ,81719,36994,45.27
20,898,GGBL,SM,49500,31800,64.24
20,899,GHCL,EQ,171512,59732,34.83
20,900,GHCLTEXTIL,EQ,158643,72411,45.64
20,901,GICHSGFIN,EQ,84867,38821,45.74
20,902,GICL,ST,60000,54000,90.00
20,903,GICRE,EQ,6269185,889473,14.19
20,904,GILLETTE,EQ,16094,6252,38.85
20,905,GILT5YBEES,EQ,317123,261267,82.39
20,906,GINNIFILA,EQ,64378,44486,69.10
20,907,GIPCL,EQ,585388,285950,48.85
20,908,GKWLIMITED,EQ,59,43,72.88
20,909,GLAND,EQ,120723,72311,59.90
20,910,GLAXO,EQ,34234,17762,51.88
20,911,GLENMARK,EQ,349155,171533,49.13
20,912,GLOBAL,EQ,80774,45638,56.50
20,913,GLOBALPET,SM,3000,1500,50.00
20,914,GLOBE,EQ,1475247,886497,60.09
20,915,GLOBUSSPR,EQ,74113,51862,69.98
20,916,GLOSTERLTD,EQ,2577,1867,72.45
20,917,GLS,EQ,52143,25422,48.75
20,918,GMBREW,EQ,44843,20261,45.18
20,919,GMDCLTD,EQ,320387,134631,42.02
20,920,GMMPFAUDLR,EQ,61566,32633,53.00
20,921,GMRAIRPORT,EQ,5515487,2798169,50.73
20,922,GMRP&UI,EQ,1276956,786543,61.60
20,923,GNA,EQ,26860,16098,59.93
20,924,GNFC,EQ,987405,428835,43.43
20,925,GOACARBON,EQ,21432,7208,33.63
20,926,GOCLCORP,EQ,25749,14954,58.08
20,927,GOCOLORS,EQ,292821,275414,94.06
20,928,GODAVARIB,EQ,93708,62481,66.68
20,929,GODFRYPHLP,EQ,32213,16109,50.01
20,930,GODIGIT,EQ,1142545,361625,31.65
20,931,GODREJAGRO,EQ,94905,48776,51.39
20,932,GODREJCP,EQ,1276198,410300,32.15
20,933,GODREJIND,EQ,74863,32594,43.54
20,934,GODREJPROP,EQ,441535,201278,45.59
20,935,GOKEX,EQ,51774,19140,36.97
20,936,GOKULAGRO,EQ,117383,50706,43.20
20,937,GOLD1,EQ,144319,89435,61.97
20,938,GOLDBEES,EQ,8565601,5870623,68.54
20,939,GOLDCASE,EQ,516399,422599,81.84
20,940,GOLDETF,EQ,230810,205206,88.91
20,941,GOLDETFADD,EQ,9144,7990,87.38
20,942,GOLDIAM,EQ,1856886,547836,29.50
20,943,GOLDIETF,EQ,1979403,1617710,81.73
20,944,GOLDSHARE,EQ,162372,142922,88.02
20,945,GOLDSTAR,SM,45000,33750,75.00
20,946,GOODLUCK,EQ,152302,91229,59.90
20,947,GOPAL,EQ,99622,46002,46.18
20,948,GOYALALUM,EQ,316356,235566,74.46
20,949,GOYALSALT,SM,175200,145200,82.88
20,950,GPECO,ST,12600,12600,100.00
20,951,GPIL,EQ,1039250,439282,42.27
20,952,GPPL,EQ,431837,201940,46.76
20,953,GPTHEALTH,EQ,75271,43050,57.19
20,954,GPTINFRA,EQ,117043,64437,55.05
20,955,GRANULES,EQ,707847,245886,34.74
20,956,GRAPHISAD,ST,8400,8400,100.00
20,957,GRAPHITE,EQ,853485,669092,78.40
20,958,GRASIM,EQ,766796,517962,67.55
20,959,GRAVITA,EQ,107541,38805,36.08
20,960,GRCL,ST,1500,1250,83.33
20,961,GREAVESCOT,EQ,3931227,1162822,29.58
20,962,GREENCHEF,SM,8000,5600,70.00
20,963,GREENLAM,EQ,18471,7742,41.91
20,964,GREENPANEL,EQ,46172,17771,38.49
20,965,GREENPLY,EQ,68278,31766,46.52
20,966,GREENPOWER,EQ,2257461,1366264,60.52
20,967,GRINDWELL,EQ,21421,8424,39.33
20,968,GRINFRA,EQ,9080,3943,43.43
20,969,GRMOVER,EQ,30578,18829,61.58
20,970,GROBTEA,EQ,376,287,76.33
20,971,GROWWDEFNC,EQ,100178,67133,67.01
20,972,GROWWEV,EQ,405624,291196,71.79
20,973,GROWWGOLD,EQ,131469,36481,27.75
20,974,GROWWLIQID,EQ,80434,56260,69.95
20,975,GRPLTD,EQ,1299,987,75.98
20,976,GRSE,EQ,370342,85137,22.99
20,977,GRWRHITECH,EQ,46605,25219,54.11
20,978,GSEC10ABSL,EQ,30,30,100.00
20,979,GSEC10IETF,EQ,1156,1106,95.67
20,980,GSEC10YEAR,EQ,1249,808,64.69
20,981,GSEC5IETF,EQ,746,410,54.96
20,982,GSFC,EQ,1794590,733725,40.89
20,983,GSLSU,EQ,1037448,125209,12.07
20,984,GSMFOILS,ST,14000,14000,100.00
20,985,GSPL,EQ,339647,119330,35.13
20,986,GSS,EQ,96447,74914,77.67
20,987,GSTL,ST,45000,43000,95.56
20,988,GTL,EQ,676308,325848,48.18
20,989,GTLINFRA,EQ,30359002,13247565,43.64
20,990,GTPL,EQ,1269322,238114,18.76
20,991,GUFICBIO,EQ,40557,19213,47.37
20,992,GUJALKALI,EQ,43098,9558,22.18
20,993,GUJAPOLLO,EQ,24534,13269,54.08
20,994,GUJGASLTD,EQ,589257,188574,32.00
20,995,GULFOILLUB,EQ,34726,18092,52.10
20,996,GULFPETRO,EQ,118593,64386,54.29
20,997,GULPOLY,EQ,57403,27420,47.77
20,998,GVPTECH,EQ,89232,48120,53.93
20,999,GVT&D,EQ,683580,597809,87.45
20,1000,HAL,EQ,1134421,552565,48.71
20,1001,HAPPSTMNDS,EQ,138563,69906,50.45
20,1002,HAPPYFORGE,EQ,21181,9980,47.12
20,1003,HARDWYN,EQ,609290,243908,40.03
20,1004,HARIOMPIPE,EQ,138727,68075,49.07
20,1005,HARRMALAYA,EQ,23663,13912,58.79
20,1006,HARSHA,EQ,20928,11729,56.04
20,1007,HATHWAY,EQ,2483583,878360,35.37
20,1008,HATSUN,EQ,10127,4867,48.06
20,1009,HAVELLS,EQ,1034497,648958,62.73
20,1010,HAVISHA,EQ,90760,70027,77.16
20,1011,HBLENGINE,EQ,683107,350217,51.27
20,1012,HBSL,EQ,10229,5369,52.49
20,1013,HCC,EQ,55210186,17411702,31.54
20,1014,HCG,EQ,118064,71079,60.20
20,1015,HCL-INSYS,EQ,168723,96331,57.09
20,1016,HCLTECH,EQ,2742139,1754355,63.98
20,1017,HDFCAMC,EQ,179478,89400,49.81
20,1018,HDFCBANK,EQ,20210111,15902698,78.69
20,1019,HDFCBSE500,EQ,11933,8001,67.05
20,1020,HDFCGOLD,EQ,4135448,3868524,93.55
20,1021,HDFCGROWTH,EQ,4602,2475,53.78
20,1022,HDFCLIFE,EQ,2141675,1359328,63.47
20,1023,HDFCLIQUID,EQ,4474,4403,98.41
20,1024,HDFCLOWVOL,EQ,11019,10596,96.16
20,1025,HDFCMID150,EQ,162670,129371,79.53
20,1026,HDFCMOMENT,EQ,167386,142503,85.13
20,1027,HDFCNEXT50,EQ,73527,62313,84.75
20,1028,HDFCNIF100,EQ,124333,116173,93.44
20,1029,HDFCNIFBAN,EQ,14488,12968,89.51
20,1030,HDFCNIFIT,EQ,5477,4215,76.96
20,1031,HDFCNIFTY,EQ,60433,46282,76.58
20,1032,HDFCPSUBK,EQ,40989,23062,56.26
20,1033,HDFCPVTBAN,EQ,144094,137939,95.73
20,1034,HDFCQUAL,EQ,3240,1842,56.85
20,1035,HDFCSENSEX,EQ,19253,14581,75.73
20,1036,HDFCSILVER,EQ,312067,219483,70.33
20,1037,HDFCSML250,EQ,353212,263362,74.56
20,1038,HDFCVALUE,EQ,3928,2516,64.05
20,1039,HEADSUP,EQ,22484,10224,45.47
20,1040,HEALTHADD,EQ,234,233,99.57
20,1041,HEALTHIETF,EQ,40083,13689,34.15
20,1042,HEALTHY,EQ,170684,127091,74.46
20,1043,HEG,EQ,565293,216041,38.22
20,1044,HEIDELBERG,EQ,117600,50628,43.05
20,1045,HEMIPROP,EQ,256365,124380,48.52
20,1046,HERANBA,EQ,100739,37049,36.78
20,1047,HERITGFOOD,EQ,165311,95672,57.87
20,1048,HEROMOTOCO,EQ,340998,179710,52.70
20,1049,HESTERBIO,EQ,2684,1839,68.52
20,1050,HEUBACHIND,EQ,14147,9938,70.25
20,1051,HEXATRADEX,EQ,8133,4766,58.60
20,1052,HFCL,EQ,8961866,2871939,32.05
20,1053,HGINFRA,EQ,37329,16105,43.14
20,1054,HGS,EQ,16748,8650,51.65
20,1055,HIGREEN,ST,22400,22400,100.00
20,1056,HIKAL,EQ,208169,85460,41.05
20,1057,HIL,EQ,6912,4993,72.24
20,1058,HILTON,EQ,307804,164472,53.43
20,1059,HIMATSEIDE,EQ,628772,268352,42.68
20,1060,HINDALCO,EQ,7595188,3254392,42.85
20,1061,HINDCOMPOS,EQ,6335,1704,26.90
20,1062,HINDCOPPER,EQ,2039704,945688,46.36
20,1063,HINDMOTORS,EQ,556055,246248,44.28
20,1064,HINDOILEXP,EQ,398105,210609,52.90
20,1065,HINDPETRO,EQ,2525567,887297,35.13
20,1066,HINDUNILVR,EQ,2425267,1264603,52.14
20,1067,HINDWAREAP,EQ,42364,25285,59.69
20,1068,HINDZINC,EQ,2009603,1100262,54.75
20,1069,HIRECT,EQ,21335,8874,41.59
20,1070,HISARMETAL,EQ,14094,10099,71.65
20,1071,HITECH,EQ,181543,95487,52.60
20,1072,HITECHCORP,EQ,17853,6385,35.76
20,1073,HLEGLAS,EQ,159942,23448,14.66
20,1074,HLVLTD,EQ,702098,389434,55.47
20,1075,HMAAGRO,EQ,122274,68014,55.62
20,1076,HMVL,EQ,13103,7016,53.54
20,1077,HNDFDS,EQ,32501,16843,51.82
20,1078,HNGSNGBEES,EQ,43706,27047,61.88
20,1079,HOACFOODS,ST,9750,8250,84.62
20,1080,HOLMARC,ST,12000,12000,100.00
20,1081,HOMEFIRST,EQ,189436,120209,63.46
20,1082,HOMESFY,SM,600,600,100.00
20,1083,HONASA,EQ,756077,426357,56.39
20,1084,HONAUT,EQ,2018,838,41.53
20,1085,HONDAPOWER,EQ,2989,1319,44.13
20,1086,HOVS,EQ,20312,8933,43.98
20,1087,HPAL,EQ,42356,21273,50.22
20,1088,HPIL,EQ,54693,16753,30.63
20,1089,HPL,EQ,162021,78433,48.41
20,1090,HRHNEXT,ST,1500,1500,100.00
20,1091,HSCL,EQ,1323737,476525,36.00
20,1092,HTMEDIA,EQ,121138,76504,63.15
20,1093,HUDCO,EQ,4545864,1581741,34.80
20,1094,HUHTAMAKI,EQ,62500,25119,40.19
20,1095,HVAX,ST,6900,6300,91.30
20,1096,HYUNDAI,EQ,445286,277092,62.23
20,1097,IBLFL,ST,16000,12000,75.00
20,1098,ICEMAKE,EQ,8654,5169,59.73
20,1099,ICICIB22,EQ,359821,217463,60.44
20,1100,ICICIBANK,EQ,8684920,5342972,61.52
20,1101,ICICIGI,EQ,498197,276984,55.60
20,1102,ICICIPRULI,EQ,790168,476680,60.33
20,1103,ICIL,EQ,188759,77856,41.25
20,1104,ICRA,EQ,8604,4975,57.82
20,1105,IDBI,EQ,2595950,966437,37.23
20,1106,IDEA,EQ,338935170,80119269,23.64
20,1107,IDEAFORGE,EQ,56116,25084,44.70
20,1108,IDEALTECHO,SM,8000,5000,62.50
20,1109,IDENTICAL,SM,430000,252000,58.60
20,1110,IDFCFIRSTB,EQ,15053111,7389362,49.09
20,1111,IDFNIFTYET,EQ,340,339,99.71
20,1112,IEML,SM,13000,9000,69.23
20,1113,IEX,EQ,5301026,1401056,26.43
20,1114,IFBAGRO,EQ,3172,2051,64.66
20,1115,IFBIND,EQ,50919,19830,38.94
20,1116,IFCI,EQ,4202349,1551673,36.92
20,1117,IFGLEXPOR,EQ,14571,8410,57.72
20,1118,IGARASHI,EQ,29826,16089,53.94
20,1119,IGIL,EQ,3252335,1105601,33.99
20,1120,IGL,EQ,22865384,2499298,10.93
20,1121,IGPL,EQ,24295,8451,34.78
20,1122,IIFL,EQ,1604937,575081,35.83
20,1123,IIFLCAPS,EQ,248791,146964,59.07
20,1124,IIFLZC26,NN,57,25,43.86
20,1125,IIFLZC28,NG,103,103,100.00
20,1126,IIFLZC28A,NU,2,2,100.00
20,1127,IIFLZC28B,Y1,16,16,100.00
20,1128,IIFLZC28C,N6,243,53,21.81
20,1129,IKIO,EQ,67803,42167,62.19
20,1130,IKS,EQ,200486,95237,47.50
20,1131,IMAGICAA,EQ,734317,299201,40.75
20,1132,IMC1,N1,290,166,57.24
20,1133,IMC1,N2,248,124,50.00
20,1134,IMFA,EQ,43989,22328,50.76
20,1135,IMPAL,EQ,1700,1249,73.47
20,1136,INCREDIBLE,EQ,16575,11763,70.97
20,1137,INDBANK,EQ,25262,13779,54.54
20,1138,INDGN,EQ,475709,255809,53.77
20,1139,INDHOTEL,EQ,3473380,2245891,64.66
20,1140,INDIACEM,EQ,600052,461147,76.85
20,1141,INDIAGLYCO,EQ,146084,60781,41.61
20,1142,INDIAMART,EQ,239180,94588,39.55
20,1143,INDIANB,EQ,1083498,563001,51.96
20,1144,INDIANHUME,EQ,51669,10764,20.83
20,1145,INDIASHLTR,EQ,52056,33648,64.64
20,1146,INDIFRA,SM,8000,8000,100.00
20,1147,INDIGO,EQ,516365,377351,73.08
20,1148,INDIGOPNTS,EQ,23850,12022,50.41
20,1149,INDIGRID,IV,179113,161115,89.95
20,1150,INDNIPPON,EQ,7797,4373,56.09
20,1151,INDOAMIN,EQ,2664300,271835,10.20
20,1152,INDOBORAX,EQ,60644,24484,40.37
20,1153,INDOCO,EQ,123784,51731,41.79
20,1154,INDOFARM,EQ,3404937,978874,28.75
20,1155,INDORAMA,EQ,805740,433003,53.74
20,1156,INDOSTAR,EQ,85562,52930,61.86
20,1157,INDOWIND,EQ,623050,253313,40.66
20,1158,INDRAMEDCO,EQ,289107,143021,49.47
20,1159,INDTERRAIN,EQ,55540,41544,74.80
20,1160,INDUSINDBK,EQ,3134034,1606711,51.27
20,1161,INDUSTOWER,EQ,7595457,3870870,50.96
20,1162,INFIBEAM,EQ,5309260,2722746,51.28
20,1163,INFOBEAN,EQ,11861,4538,38.26
20,1164,INFOLLION,ST,7200,6800,94.44
20,1165,INFOMEDIA,EQ,23959,18016,75.20
20,1166,INFRABEES,EQ,7183,4682,65.18
20,1167,INFRAIETF,EQ,60503,29572,48.88
20,1168,INFY,EQ,6833503,4146705,60.68
20,1169,INGERRAND,EQ,5508,2732,49.60
20,1170,INM,SM,600,600,100.00
20,1171,INNOMET,SM,22800,20400,89.47
20,1172,INNOVACAP,EQ,114673,50722,44.23
20,1173,INNOVANA,EQ,2732,1501,54.94
20,1174,INOXGREEN,EQ,908981,442704,48.70
20,1175,INOXINDIA,EQ,94811,55458,58.49
20,1176,INOXWIND,EQ,3150564,1479910,46.97
20,1177,INSECTICID,EQ,64773,48167,74.36
20,1178,INSPIRISYS,EQ,1666,1282,76.95
20,1179,INTELLECT,EQ,954109,201745,21.14
20,1180,INTENTECH,EQ,45123,30760,68.17
20,1181,INTERARCH,EQ,98798,42219,42.73
20,1182,INTLCONV,EQ,120832,59262,49.04
20,1183,INVENTURE,EQ,1497533,959651,64.08
20,1184,IOB,EQ,3046993,1046328,34.34
20,1185,IOC,EQ,9734279,4843391,49.76
20,1186,IOLCP,EQ,264333,91719,34.70
20,1187,IONEXCHANG,EQ,368329,262876,71.37
20,1188,IPCALAB,EQ,219126,84477,38.55
20,1189,IPHL,ST,20400,19200,94.12
20,1190,IPL,EQ,192409,84800,44.07
20,1191,IRB,EQ,10709151,4149260,38.74
20,1192,IRBINVIT,IV,114994,99034,86.12
20,1193,IRCON,EQ,2709569,816008,30.12
20,1194,IRCTC,EQ,607785,291757,48.00
20,1195,IREDA,EQ,20675319,4849114,23.45
20,1196,IRFC,EQ,12452173,3973139,31.91
20,1197,IRISDOREME,EQ,64002,7620,11.91
20,1198,IRMENERGY,EQ,46707,28447,60.91
20,1199,ISEC,EQ,218160,141828,65.01
20,1200,ISFT,EQ,32022,14275,44.58
20,1201,ISGEC,EQ,142984,73334,51.29
20,1202,ISHAN,ST,288000,288000,100.00
20,1203,IT,EQ,26902,13028,48.43
20,1204,ITALIANE,ST,2000,2000,100.00
20,1205,ITBEES,EQ,14667351,13020570,88.77
20,1206,ITC,EQ,19732649,12020193,60.92
20,1207,ITDC,EQ,199093,31208,15.68
20,1208,ITDCEM,EQ,452568,306306,67.68
20,1209,ITETF,EQ,128863,75831,58.85
20,1210,ITETFADD,EQ,1960,1469,74.95
20,1211,ITI,EQ,16277374,2515491,15.45
20,1212,ITIETF,EQ,928585,401937,43.28
20,1213,IVC,EQ,111956,72564,64.81
20,1214,IVP,EQ,6798,5081,74.74
20,1215,IVZINGOLD,EQ,44,37,84.09
20,1216,IVZINNIFTY,EQ,19,13,68.42
20,1217,IWEL,EQ,19822,13712,69.18
20,1218,IXIGO,EQ,670352,287915,42.95
20,1219,JAGRAN,EQ,90111,44629,49.53
20,1220,JAGSNPHARM,EQ,134079,49857,37.18
20,1221,JAIBALAJI,EQ,63258,34116,53.93
20,1222,JAICORPLTD,EQ,1674501,612933,36.60
20,1223,JAINAM,ST,4000,4000,100.00
20,1224,JAIPURKURT,EQ,26408,12862,48.70
20,1225,JAKHARIA,ST,4800,4800,100.00
20,1226,JALAN,ST,282000,282000,100.00
20,1227,JAMNAAUTO,EQ,445465,172233,38.66
20,1228,JASH,EQ,100000,43083,43.08
20,1229,JAYAGROGN,EQ,8502,6093,71.67
20,1230,JAYBARMARU,EQ,68992,33486,48.54
20,1231,JAYBEE,ST,22000,20000,90.91
20,1232,JAYNECOIND,EQ,96091,61119,63.61
20,1233,JAYSREETEA,EQ,110518,51535,46.63
20,1234,JBCHEPHARM,EQ,101449,78830,77.70
20,1235,JBMA,EQ,60300,28283,46.90
20,1236,JCHAC,EQ,9747,5095,52.27
20,1237,JEYYAM,SM,76000,56000,73.68
20,1238,JGCHEM,EQ,104301,29398,28.19
20,1239,JHS,EQ,328239,211500,64.43
20,1240,JINDALPHOT,EQ,5142,2928,56.94
20,1241,JINDALPOLY,EQ,40726,15406,37.83
20,1242,JINDALSAW,EQ,704479,371942,52.80
20,1243,JINDALSTEL,EQ,1652891,970326,58.70
20,1244,JINDRILL,EQ,42842,24018,56.06
20,1245,JINDWORLD,EQ,433321,189264,43.68
20,1246,JIOFIN,EQ,15072307,8703136,57.74
20,1247,JISLDVREQS,EQ,38475,19439,50.52
20,1248,JISLJALEQS,EQ,4893553,2454816,50.16
20,1249,JITFINFRA,EQ,25769,16384,63.58
20,1250,JIWANRAM,SM,636000,558000,87.74
20,1251,J&KBANK,EQ,1032627,423576,41.02
20,1252,JKCEMENT,EQ,113111,80696,71.34
20,1253,JKIL,EQ,87197,41765,47.90
20,1254,JKLAKSHMI,EQ,53948,31215,57.86
20,1255,JKPAPER,EQ,233885,127794,54.64
20,1256,JKTYRE,EQ,123919,55777,45.01
20,1257,JLHL,EQ,23430,12689,54.16
20,1258,JMA,EQ,2495,1829,73.31
20,1259,JMFINANCIL,EQ,2074390,633344,30.53
20,1260,JNKINDIA,EQ,9631,5890,61.16
20,1261,JOCIL,EQ,4642,3997,86.11
20,1262,JPOLYINVST,EQ,14187,6989,49.26
20,1263,JPPOWER,EQ,20358737,8210494,40.33
20,1264,JSFB,EQ,56138,26575,47.34
20,1265,JSL,EQ,985284,476080,48.32
20,1266,JSLL,SM,8550,5310,62.11
20,1267,JSWENERGY,EQ,2418243,899832,37.21
20,1268,JSWINFRA,EQ,962081,504190,52.41
20,1269,JSWSTEEL,EQ,1459142,742282,50.87
20,1270,JTEKTINDIA,EQ,82752,38864,46.96
20,1271,JTLIND,EQ,1762310,939982,53.34
20,1272,JUBLFOOD,EQ,699485,252540,36.10
20,1273,JUBLINGREA,EQ,722710,385327,53.32
20,1274,JUBLPHARMA,EQ,134562,59517,44.23
20,1275,JUNIORBEES,EQ,289225,225009,77.80
20,1276,JUNIPER,EQ,173336,84382,48.68
20,1277,JUSTDIAL,EQ,178229,74596,41.85
20,1278,JWL,EQ,642827,342692,53.31
20,1279,JYOTHYLAB,EQ,1104008,296559,26.86
20,1280,JYOTICNC,EQ,206566,109653,53.08
20,1281,JYOTISTRUC,EQ,33427722,10658836,31.89
20,1282,K2INFRA,ST,64800,52800,81.48
20,1283,KABRAEXTRU,EQ,60954,31834,52.23
20,1284,KAJARIACER,EQ,104070,56178,53.98
20,1285,KAKATCEM,EQ,983,718,73.04
20,1286,KALAMANDIR,EQ,113599,68099,59.95
20,1287,KALANA,SM,152000,118000,77.63
20,1288,KALYANIFRG,EQ,6511,5979,91.83
20,1289,KALYANKJIL,EQ,12811828,3825666,29.86
20,1290,KAMATHOTEL,EQ,19610,11118,56.70
20,1291,KAMDHENU,EQ,12414446,1973335,15.90
20,1292,KANANIIND,EQ,364693,207199,56.81
20,1293,KANDARP,ST,12000,12000,100.00
20,1294,KANORICHEM,EQ,115667,38466,33.26
20,1295,KANPRPLA,EQ,4112,1988,48.35
20,1296,KANSAINER,EQ,146251,77958,53.30
20,1297,KAPSTON,EQ,4434,3057,68.94
20,1298,KARMAENG,EQ,21291,13316,62.54
20,1299,KARNIKA,ST,1200,1200,100.00
20,1300,KARURVYSYA,EQ,1168146,641752,54.94
20,1301,KATARIA,SM,30000,18000,60.00
20,1302,KAUSHALYA,EQ,1187,699,58.89
20,1303,KAYNES,EQ,423086,157681,37.27
20,1304,KBCGLOBAL,EQ,7547283,3590855,47.58
20,1305,KCEIL,ST,77500,67000,86.45
20,1306,KCP,EQ,244369,125346,51.29
20,1307,KCPSUGIND,EQ,149730,74315,49.63
20,1308,KDDL,EQ,4485,2452,54.67
20,1309,KDL,ST,5800,5550,95.69
20,1310,KEC,EQ,1377957,580014,42.09
20,1311,KECL,EQ,116438,59509,51.11
20,1312,KEI,EQ,157635,87345,55.41
20,1313,KEL,ST,2400,2400,100.00
20,1314,KELLTONTEC,EQ,1365323,535927,39.25
20,1315,KESORAMIND,EQ,194781,98161,50.40
20,1316,KFINTECH,EQ,536251,288923,53.88
20,1317,KHADIM,EQ,4725,2701,57.16
20,1318,KHAICHEM,EQ,412226,94509,22.93
20,1319,KHAITANLTD,EQ,2294,1883,82.08
20,1320,KHANDSE,EQ,20895,13238,63.35
20,1321,KICL,EQ,2386,1353,56.71
20,1322,KILITCH,EQ,67899,60004,88.37
20,1323,KIMS,EQ,596577,359641,60.28
20,1324,KINGFA,EQ,16968,6257,36.88
20,1325,KIOCL,EQ,570123,105132,18.44
20,1326,KIRIINDUS,EQ,244417,137931,56.43
20,1327,KIRLOSBROS,EQ,215198,39180,18.21
20,1328,KIRLOSENG,EQ,156695,93892,59.92
20,1329,KIRLOSIND,EQ,696,362,52.01
20,1330,KIRLPNU,EQ,82765,35605,43.02
20,1331,KKCL,EQ,19992,12725,63.65
20,1332,KLL,SM,12000,8800,73.33
20,1333,KMEW,EQ,5093,2208,43.35
20,1334,KMSUGAR,EQ,79551,41905,52.68
20,1335,KNAGRI,ST,11600,11600,100.00
20,1336,KNRCON,EQ,655326,207878,31.72
20,1337,KODYTECH,SM,7100,3900,54.93
20,1338,KOHINOOR,EQ,106509,44260,41.56
20,1339,KOKUYOCMLN,EQ,71056,47611,67.00
20,1340,KOLTEPATIL,EQ,88729,44801,50.49
20,1341,KONSTELEC,ST,9000,9000,100.00
20,1342,KONTOR,ST,2400,2400,100.00
20,1343,KORE,ST,1500,1500,100.00
20,1344,KOTAKBANK,EQ,5469827,3706098,67.76
20,1345,KOTARISUG,EQ,40175,31762,79.06
20,1346,KOTHARIPET,EQ,65021,35076,53.95
20,1347,KOTYARK,SM,20400,13000,63.73
20,1348,KPEL,EQ,422815,215089,50.87
20,1349,KPIGREEN,EQ,473214,293616,62.05
20,1350,KPIL,EQ,143760,94613,65.81
20,1351,KPITTECH,EQ,864314,485477,56.17
20,1352,KPRMILL,EQ,137965,54821,39.74
20,1353,KRBL,EQ,421932,104850,24.85
20,1354,KRISHANA,EQ,28624,18766,65.56
20,1355,KRISHCA,SM,6500,3500,53.85
20,1356,KRISHNADEF,ST,20000,17500,87.50
20,1357,KRITINUT,EQ,72668,47180,64.93
20,1358,KRN,EQ,326407,130732,40.05
20,1359,KRONOX,EQ,148416,58057,39.12
20,1360,KROSS,EQ,148646,64780,43.58
20,1361,KRSNAA,EQ,44268,22070,49.86
20,1362,KRYSTAL,EQ,12861,4487,34.89
20,1363,KSB,EQ,54423,27926,51.31
20,1364,KSCL,EQ,74317,35891,48.29
20,1365,KSHITIJPOL,EQ,200167,159164,79.52
20,1366,KSL,EQ,43992,24650,56.03
20,1367,KSOLVES,EQ,24396,14106,57.82
20,1368,KTKBANK,EQ,717914,377401,52.57
20,1369,KTL,ST,42000,39000,92.86
20,1370,KUANTUM,EQ,45615,26880,58.93
20,1371,LAGNAM,EQ,25143,7077,28.15
20,1372,LAKSHYA,SM,40800,24800,60.78
20,1373,LAL,EQ,311331,242285,77.82
20,1374,LALPATHLAB,EQ,96472,41808,43.34
20,1375,LAMOSAIC,ST,1200,1200,100.00
20,1376,LANCORHOL,EQ,76522,40275,52.63
20,1377,LANDMARK,EQ,75211,58691,78.04
20,1378,LAOPALA,EQ,38041,20245,53.22
20,1379,LASA,EQ,137765,57194,41.52
20,1380,LATENTVIEW,EQ,167004,100903,60.42
20,1381,LAURUSLABS,EQ,1400832,768680,54.87
20,1382,LAWSIKHO,SM,15000,9500,63.33
20,1383,LAXMICOT,EQ,31183,23308,74.75
20,1384,LEMERITE,ST,54400,36800,67.65
20,1385,LEMONTREE,EQ,1786886,702455,39.31
20,1386,LEXUS,EQ,8297,5392,64.99
20,1387,LFIC,EQ,2721,1910,70.19
20,1388,LGBBROSLTD,EQ,13008,8141,62.58
20,1389,LIBAS,EQ,12769,10862,85.07
20,1390,LIBERTSHOE,EQ,8276,4676,56.50
20,1391,LICHSGFIN,EQ,2416674,1255407,51.95
20,1392,LICI,EQ,1486683,769528,51.76
20,1393,LICMFGOLD,EQ,974,796,81.72
20,1394,LICNETFGSC,EQ,7773,6779,87.21
20,1395,LICNETFN50,EQ,1576,336,21.32
20,1396,LICNETFSEN,EQ,110,30,27.27
20,1397,LICNFNHGP,EQ,1066,752,70.54
20,1398,LICNMID100,EQ,4936,2792,56.56
20,1399,LIKHITHA,EQ,24854,13530,54.44
20,1400,LINC,EQ,85297,48867,57.29
20,1401,LINCOLN,EQ,42925,20957,48.82
20,1402,LINDEINDIA,EQ,53951,16536,30.65
20,1403,LIQUID,EQ,230166,109984,47.78
20,1404,LIQUID1,EQ,137612,102615,74.57
20,1405,LIQUIDADD,EQ,323455,223238,69.02
20,1406,LIQUIDBEES,EQ,5940965,5778844,97.27
20,1407,LIQUIDBETF,EQ,18667,15290,81.91
20,1408,LIQUIDCASE,EQ,6308500,5378632,85.26
20,1409,LIQUIDETF,EQ,326011,206454,63.33
20,1410,LIQUIDIETF,EQ,1324252,956892,72.26
20,1411,LIQUIDPLUS,EQ,57,56,98.25
20,1412,LIQUIDSBI,EQ,12919,10496,81.24
20,1413,LIQUIDSHRI,EQ,8448,6565,77.71
20,1414,LLOYDS,SM,14000,10000,71.43
20,1415,LLOYDSENGG,EQ,9742729,2786368,28.60
20,1416,LLOYDSENT,EQ,3161640,2100654,66.44
20,1417,LLOYDSME,EQ,789529,353789,44.81
20,1418,LMW,EQ,1598,880,55.07
20,1419,LODHA,EQ,459750,184334,40.09
20,1420,LOKESHMACH,EQ,29373,18485,62.93
20,1421,LOTUSEYE,EQ,21845,15693,71.84
20,1422,LOVABLE,EQ,20160,10553,52.35
20,1423,LOWVOL,EQ,6418,6213,96.81
20,1424,LOWVOL1,EQ,465051,420484,90.42
20,1425,LOWVOLIETF,EQ,1195677,776604,64.95
20,1426,LRRPL,ST,3000,3000,100.00
20,1427,LT,EQ,2921681,1739651,59.54
20,1428,LTF,EQ,5446905,2267295,41.63
20,1429,LTFOODS,EQ,287255,139695,48.63
20,1430,LTGILTBEES,EQ,2266503,2032511,89.68
20,1431,LTIM,EQ,211300,97126,45.97
20,1432,LTTS,EQ,113356,55259,48.75
20,1433,LUMAXIND,EQ,3250,2274,69.97
20,1434,LUMAXTECH,EQ,58820,28691,48.78
20,1435,LUPIN,EQ,931525,324140,34.80
20,1436,LUXIND,EQ,65990,33706,51.08
20,1437,LXCHEM,EQ,1656592,516390,31.17
20,1438,LYKALABS,EQ,110756,55362,49.99
20,1439,LYPSAGEMS,EQ,63883,21782,34.10
20,1440,MACOBSTECH,SM,800,800,100.00
20,1441,MACPOWER,EQ,13998,9995,71.40
20,1442,MADHAV,EQ,33523,13739,40.98
20,1443,MADHAVBAUG,SM,400,400,100.00
20,1444,MADHUCON,EQ,31789,25295,79.57
20,1445,MADHUSUDAN,SM,14000,9000,64.29
20,1446,MADRASFERT,EQ,605947,159576,26.33
20,1447,MAFANG,EQ,138419,127129,91.84
20,1448,MAGADSUGAR,EQ,9384,4466,47.59
20,1449,MAGNUM,EQ,24637,14379,58.36
20,1450,MAGSON,SM,2000,2000,100.00
20,1451,MAHABANK,EQ,10247760,4096541,39.97
20,1452,MAHAPEXLTD,EQ,6824,3194,46.81
20,1453,MAHEPC,EQ,71768,39654,55.25
20,1454,MAHESHWARI,EQ,60993,36904,60.51
20,1455,MAHKTECH,EQ,649010,517097,79.67
20,1456,MAHLIFE,EQ,120696,58004,48.06
20,1457,MAHLOG,EQ,47391,24048,50.74
20,1458,MAHSCOOTER,EQ,1933,1224,63.32
20,1459,MAHSEAMLES,EQ,158841,75249,47.37
20,1460,MAITHANALL,EQ,33209,14562,43.85
20,1461,MAITREYA,ST,3600,2400,66.67
20,1462,MAKEINDIA,EQ,16943,10203,60.22
20,1463,MAKS,SM,1500,1500,100.00
20,1464,MAL,SM,8000,6400,80.00
20,1465,MALLCOM,EQ,1773,1137,64.13
20,1466,MALUPAPER,EQ,6789,5513,81.20
20,1467,MANAKALUCO,EQ,13042,6757,51.81
20,1468,MANAKSIA,EQ,22523,13275,58.94
20,1469,MANAKSTEEL,EQ,19612,14390,73.37
20,1470,MANALIPETC,EQ,235962,125127,53.03
20,1471,MANAPPURAM,EQ,47792528,11505228,24.07
20,1472,MANBA,EQ,439991,214069,48.65
20,1473,MANCREDIT,EQ,29210,4020,13.76
20,1474,MANDEEP,SM,2000,2000,100.00
20,1475,MANGALAM,EQ,51568,20543,39.84
20,1476,MANGCHEFER,EQ,605317,314095,51.89
20,1477,MANGLMCEM,EQ,102513,60867,59.37
20,1478,MANINDS,EQ,526946,206142,39.12
20,1479,MANINFRA,EQ,1307195,591280,45.23
20,1480,MANKIND,EQ,318824,179340,56.25
20,1481,MANOMAY,EQ,8597,6486,75.44
20,1482,MANORAMA,EQ,26268,16558,63.03
20,1483,MANORG,EQ,8235,6174,74.97
20,1484,MANUGRAPH,EQ,14857,8326,56.04
20,1485,MANYAVAR,EQ,189260,133390,70.48
20,1486,MAPMYINDIA,EQ,70086,29780,42.49
20,1487,MARALOVER,EQ,12021,7200,59.90
20,1488,MARATHON,EQ,358974,209445,58.35
20,1489,MARCO,SM,27000,21000,77.78
20,1490,MARICO,EQ,2573131,719107,27.95
20,1491,MARINETRAN,ST,12000,8000,66.67
20,1492,MARKSANS,EQ,767115,316267,41.23
20,1493,MARUTI,EQ,266413,132159,49.61
20,1494,MASFIN,EQ,53686,26073,48.57
20,1495,MASON,ST,48000,48000,100.00
20,1496,MASPTOP50,EQ,50725,48994,96.59
20,1497,MASTEK,EQ,42703,19969,46.76
20,1498,MASTERTR,EQ,12303,6820,55.43
20,1499,MATRIMONY,EQ,7360,3883,52.76
20,1500,MAWANASUG,EQ,23970,13818,57.65
20,1501,MAXESTATES,EQ,162452,89895,55.34
20,1502,MAXHEALTH,EQ,1851938,1071208,57.84
20,1503,MAXIND,EQ,34792,22013,63.27
20,1504,MAXPOSURE,SM,38000,27000,71.05
20,1505,MAYURUNIQ,EQ,30673,16558,53.98
20,1506,MAZDA,EQ,41375,14362,34.71
20,1507,MAZDOCK,EQ,2089236,543593,26.02
20,1508,MBAPL,EQ,23041,13784,59.82
20,1509,MBLINFRA,EQ,159839,62592,39.16
20,1510,MCON,ST,3000,3000,100.00
20,1511,MCX,EQ,168723,74220,43.99
20,1512,MDL,SM,1000,1000,100.00
20,1513,MEDANTA,EQ,146573,87759,59.87
20,1514,MEDIASSIST,EQ,71923,40976,56.97
20,1515,MEDICAMEQ,EQ,6994,3554,50.81
20,1516,MEDICO,EQ,1631807,522452,32.02
20,1517,MEDIORG,ST,2000,2000,100.00
20,1518,MEDPLUS,EQ,63738,35938,56.38
20,1519,MEGAFLEX,ST,3000,3000,100.00
20,1520,MEGASOFT,EQ,775247,404650,52.20
20,1521,MEGASTAR,EQ,12870,8445,65.62
20,1522,MEGATHERM,SM,18800,10800,57.45
20,1523,MENONBE,EQ,34432,19171,55.68
20,1524,METAL,EQ,166180,84782,51.02
20,1525,METALIETF,EQ,2413891,1641223,67.99
20,1526,METROBRAND,EQ,120816,72807,60.26
20,1527,METROPOLIS,EQ,111304,42566,38.24
20,1528,MFSL,EQ,162965,56704,34.80
20,1529,MGEL,EQ,7703675,1308556,16.99
20,1530,MGL,EQ,2183246,397670,18.21
20,1531,MHHL,SM,72000,48000,66.67
20,1532,MHRIL,EQ,86607,34737,40.11
20,1533,MICEL,EQ,194018,112960,58.22
20,1534,MID150BEES,EQ,264852,196027,74.01
20,1535,MID150CASE,EQ,136872,106716,77.97
20,1536,MIDCAP,EQ,8372,4536,54.18
20,1537,MIDCAPETF,EQ,580944,454029,78.15
20,1538,MIDCAPIETF,EQ,477413,180658,37.84
20,1539,MIDHANI,EQ,165544,71664,43.29
20,1540,MIDQ50ADD,EQ,1824,1551,85.03
20,1541,MIDSELIETF,EQ,267905,118914,44.39
20,1542,MIDSMALL,EQ,186281,118147,63.42
20,1543,MIEL,ST,2000,2000,100.00
20,1544,MINDACORP,EQ,706576,242989,34.39
20,1545,MINDSPACE,RR,228524,216460,94.72
20,1546,MINDTECK,EQ,21104,10927,51.78
20,1547,MIRCELECTR,EQ,523580,282287,53.91
20,1548,MIRZAINT,EQ,123024,97221,79.03
20,1549,MITCON,EQ,7258,5152,70.98
20,1550,MITCONPP,E1,71,71,100.00
20,1551,MITTAL,EQ,5142948,3279852,63.77
20,1552,M&M,EQ,2434207,1242099,51.03
20,1553,M&MFIN,EQ,1074194,349766,32.56
20,1554,MMFL,EQ,30742,15042,48.93
20,1555,MMP,EQ,9538,6464,67.77
20,1556,MMTC,EQ,5656151,706744,12.50
20,1557,MNC,EQ,11563,8512,73.61
20,1558,MOBIKWIK,EQ,9603714,1094539,11.40
20,1559,MODEFENCE,EQ,255650,160672,62.85
20,1560,MODIRUBBER,EQ,3340,2700,80.84
20,1561,MODISONLTD,EQ,26613,14674,55.14
20,1562,MOGSEC,EQ,3450,3330,96.52
20,1563,MOHEALTH,EQ,57733,40546,70.23
20,1564,MOIL,EQ,2018366,622436,30.84
20,1565,MOKSH,EQ,106496,75197,70.61
20,1566,MOL,EQ,1579347,415492,26.31
20,1567,MOLDTECH,EQ,34081,22355,65.59
20,1568,MOLDTKPAC,EQ,32830,20992,63.94
20,1569,MOLOWVOL,EQ,152177,80734,53.05
20,1570,MOM100,EQ,3260472,3057882,93.79
20,1571,MOM30IETF,EQ,1296465,1023044,78.91
20,1572,MOM50,EQ,5219,4877,93.45
20,1573,MOMENTUM,EQ,127514,118281,92.76
20,1574,MOMENTUM50,EQ,683268,667739,97.73
20,1575,MOMOMENTUM,EQ,157187,123389,78.50
20,1576,MON100,EQ,572275,372013,65.01
20,1577,MONARCH,EQ,127863,60156,47.05
20,1578,MONIFTY500,EQ,276980,243106,87.77
20,1579,MONQ50,EQ,150150,101755,67.77
20,1580,MONTECARLO,EQ,29897,12681,42.42
20,1581,MOQUALITY,EQ,426,369,86.62
20,1582,MOREALTY,EQ,220096,173324,78.75
20,1583,MOREPENLAB,EQ,4337236,1863738,42.97
20,1584,MOS,ST,90800,80400,88.55
20,1585,MOSMALL250,EQ,402222,318881,79.28
20,1586,MOTHERSON,EQ,8179798,4699107,57.45
20,1587,MOTILALOFS,EQ,1103252,547271,49.61
20,1588,MOTISONS,EQ,1071266,704645,65.78
20,1589,MOTOGENFIN,EQ,8829,5499,62.28
20,1590,MOVALUE,EQ,139593,133509,95.64
20,1591,MOXSH,SM,6400,6400,100.00
20,1592,MPHASIS,EQ,202661,100661,49.67
20,1593,MPSLTD,EQ,8319,4397,52.85
20,1594,MRF,EQ,5782,1764,30.51
20,1595,MRO-TEK,EQ,5382,3298,61.28
20,1596,MRPL,EQ,1713107,496894,29.01
20,1597,MSPL,EQ,412905,317781,76.96
20,1598,MSTCLTD,EQ,174842,71143,40.69
20,1599,MSUMI,EQ,4875038,2784599,57.12
20,1600,MTARTECH,EQ,165662,73844,44.58
20,1601,MTNL,EQ,2367330,708010,29.91
20,1602,MUFIN,EQ,100795,70741,70.18
20,1603,MUFTI,EQ,100560,55482,55.17
20,1604,MUKANDLTD,EQ,102449,31520,30.77
20,1605,MUKKA,EQ,375059,159316,42.48
20,1606,MUKTAARTS,EQ,70559,33258,47.14
20,1607,MULTICAP,EQ,147364,126764,86.02
20,1608,MUNJALAU,EQ,97997,51706,52.76
20,1609,MUNJALSHOW,EQ,16686,10245,61.40
20,1610,MURUDCERA,EQ,38863,17197,44.25
20,1611,MUTHOOTCAP,EQ,11811,6045,51.18
20,1612,MUTHOOTFIN,EQ,238684,110832,46.43
20,1613,MUTHOOTMF,EQ,144501,93816,64.92
20,1614,MVGJL,EQ,895154,269136,30.07
20,1615,MVKAGRO,SM,10800,6000,55.56
20,1616,MWL,SM,6000,6000,100.00
20,1617,MYMUDRA,SM,9600,9600,100.00
20,1618,NACLIND,EQ,239973,111182,46.33
20,1619,NAGAFERT,EQ,963135,352653,36.62
20,1620,NAHARCAP,EQ,7981,3611,45.24
20,1621,NAHARINDUS,EQ,11873,7104,59.83
20,1622,NAHARPOLY,EQ,18903,10312,54.55
20,1623,NAHARSPING,EQ,12771,7471,58.50
20,1624,NAMAN,ST,5600,5600,100.00
20,1625,NAM-INDIA,EQ,726697,378308,52.06
20,1626,NAMOEWASTE,ST,54400,44800,82.35
20,1627,NARMADA,EQ,430356,257784,59.90
20,1628,NATCOPHARM,EQ,411806,277846,67.47
20,1629,NATHBIOGEN,EQ,10540,6215,58.97
20,1630,NATIONALUM,EQ,7773910,3219937,41.42
20,1631,NAUKRI,EQ,408217,262558,64.32
20,1632,NAVA,EQ,63921,37523,58.70
20,1633,NAVINFLUOR,EQ,3487405,659280,18.90
20,1634,NAVKARCORP,EQ,464922,203998,43.88
20,1635,NAVNETEDUL,EQ,59110,32496,54.98
20,1636,NAZARA,EQ,156706,80208,51.18
20,1637,NBCC,EQ,5630997,2342225,41.60
20,1638,NCC,EQ,2498157,1119091,44.80
20,1639,NCLIND,EQ,140524,79575,56.63
20,1640,NDL,EQ,2153752,1241779,57.66
20,1641,NDLVENTURE,EQ,6936,4675,67.40
20,1642,NDRAUTO,EQ,82671,45849,55.46
20,1643,NDTV,EQ,45667,22452,49.16
20,1644,NECCLTD,EQ,1087474,434426,39.95
20,1645,NEELAM,ST,48000,36000,75.00
20,1646,NELCAST,EQ,47096,19010,40.36
20,1647,NELCO,EQ,55923,21643,38.70
20,1648,NEOGEN,EQ,65390,33702,51.54
20,1649,NEPHROCARE,ST,2000,2000,100.00
20,1650,NESCO,EQ,39540,14991,37.91
20,1651,NESTLEIND,EQ,1147318,479695,41.81
20,1652,NETF,EQ,2499,1354,54.18
20,1653,NETWEB,EQ,85713,46275,53.99
20,1654,NETWORK18,EQ,3558828,1837111,51.62
20,1655,NEULANDLAB,EQ,23664,9061,38.29
20,1656,NEWGEN,EQ,251330,87745,34.91
20,1657,NEWJAISA,SM,9000,9000,100.00
20,1658,NEXT50,EQ,59743,57563,96.35
20,1659,NEXT50IETF,EQ,1119573,528079,47.17
20,1660,NFL,EQ,3093125,623273,20.15
20,1661,NGIL,EQ,91525,7991,8.73
20,1662,NGILPP1,E1,3,3,100.00
20,1663,NGLFINE,EQ,1864,1017,54.56
20,1664,NH,EQ,245833,112940,45.94
20,1665,NHPC,EQ,11962206,5834313,48.77
20,1666,NIACL,EQ,1730812,228628,13.21
20,1667,NIDAN,SM,3000,3000,100.00
20,1668,NIF100BEES,EQ,26849,12683,47.24
20,1669,NIF100IETF,EQ,206928,101161,48.89
20,1670,NIF10GETF,EQ,20359,16100,79.08
20,1671,NIF5GETF,EQ,10317,7876,76.34
20,1672,NIFITETF,EQ,436,320,73.39
20,1673,NIFMID150,EQ,902,589,65.30
20,1674,NIFTY1,EQ,55856,31696,56.75
20,1675,NIFTY50ADD,EQ,6380,5854,91.76
20,1676,NIFTYBEES,EQ,3929443,2941730,74.86
20,1677,NIFTYBETF,EQ,5333,4756,89.18
20,1678,NIFTYETF,EQ,162687,112063,68.88
20,1679,NIFTYIETF,EQ,550978,321675,58.38
20,1680,NIFTYQLITY,EQ,29961,24869,83.00
20,1681,NIITLTD,EQ,621451,249309,40.12
20,1682,NIITMTS,EQ,32780,19696,60.09
20,1683,NILAINFRA,EQ,2376284,616706,25.95
20,1684,NILKAMAL,EQ,3115,2491,79.97
20,1685,NINSYS,EQ,6053,3435,56.75
20,1686,NIPPOBATRY,EQ,2888,1987,68.80
20,1687,NIRMAN,ST,41700,38400,92.09
20,1688,NITINSPIN,EQ,57571,29276,50.85
20,1689,NITIRAJ,EQ,3083,2355,76.39
20,1690,NIVABUPA,EQ,712900,357429,50.14
20,1691,NLCINDIA,EQ,5656175,1066190,18.85
20,1692,NMDC,EQ,14824626,6227206,42.01
20,1693,NMSTEEL,ST,80000,80000,100.00
20,1694,NOCIL,EQ,486990,190646,39.15
20,1695,NORTHARC,EQ,154977,81162,52.37
20,1696,NOVAAGRI,EQ,319660,133219,41.68
20,1697,NPBET,EQ,843,700,83.04
20,1698,NPST,SM,10800,7150,66.20
20,1699,NRAIL,EQ,2447,1212,49.53
20,1700,NRBBEARING,EQ,80820,40888,50.59
20,1701,NSIL,EQ,7409,3190,43.06
20,1702,NSLNISP,EQ,2114730,958404,45.32
20,1703,NTPC,EQ,12403467,8917962,71.90
20,1704,NTPCGREEN,EQ,12536030,5126363,40.89
20,1705,NUCLEUS,EQ,13564,7165,52.82
20,1706,NURECA,EQ,257181,48158,18.73
20,1707,NUVAMA,EQ,35783,17936,50.12
20,1708,NUVOCO,EQ,259996,172746,66.44
20,1709,NV20,EQ,7934,3799,47.88
20,1710,NV20BEES,EQ,10897,6459,59.27
20,1711,NV20IETF,EQ,451930,258214,57.14
20,1712,NXST,RR,193238,187499,97.03
20,1713,NYKAA,EQ,4982727,1985459,39.85
20,1714,OAL,EQ,15306,5528,36.12
20,1715,OBCL,EQ,13396,6913,51.60
20,1716,OBEROIRLTY,EQ,864248,438088,50.69
20,1717,OBSCP,ST,18000,18000,100.00
20,1718,OCCL,EQ,31027,20096,64.77
20,1719,OCCLLTD,EQ,253159,135813,53.65
20,1720,OFSS,EQ,92192,41241,44.73
20,1721,OIL,EQ,9333706,2697653,28.90
20,1722,OILIETF,EQ,1325764,816283,61.57
20,1723,OLAELEC,EQ,24971633,7816904,31.30
20,1724,OLECTRA,EQ,125858,51639,41.03
20,1725,OLIL,SM,56400,40800,72.34
20,1726,OMAXAUTO,EQ,11441,8185,71.54
20,1727,OMAXE,EQ,151788,92171,60.72
20,1728,OMFURN,ST,266400,266400,100.00
20,1729,OMINFRAL,EQ,107710,63041,58.53
20,1730,ONDOOR,ST,20700,20400,98.55
20,1731,ONELIFECAP,EQ,6615,3936,59.50
20,1732,ONEPOINT,EQ,1118136,541610,48.44
20,1733,ONGC,EQ,14706472,4708875,32.02
20,1734,ONMOBILE,EQ,239928,121405,50.60
20,1735,ONWARDTEC,EQ,26296,14955,56.87
20,1736,ONYX,ST,40000,40000,100.00
20,1737,OPTIEMUS,EQ,125213,64870,51.81
20,1738,ORCHPHARMA,EQ,43813,25441,58.07
20,1739,ORIANA,SM,86250,44775,51.91
20,1740,ORICONENT,EQ,491574,248604,50.57
20,1741,ORIENTALTL,EQ,275894,145952,52.90
20,1742,ORIENTBELL,EQ,13893,11663,83.95
20,1743,ORIENTCEM,EQ,845064,720881,85.30
20,1744,ORIENTCER,EQ,40535,21148,52.17
20,1745,ORIENTELEC,EQ,329318,194496,59.06
20,1746,ORIENTHOT,EQ,272816,129282,47.39
20,1747,ORIENTPPR,EQ,825283,333126,40.37
20,1748,ORIENTTECH,EQ,643128,243423,37.85
20,1749,ORISSAMINE,EQ,2767,1340,48.43
20,1750,ORTINGLOBE,EQ,4833,3234,66.91
20,1751,OSELDEVICE,ST,44800,43200,96.43
20,1752,OSWALAGRO,EQ,15583,7752,49.75
20,1753,OSWALGREEN,EQ,500642,144482,28.86
20,1754,OWAIS,SM,78500,40700,51.85
20,1755,PAGEIND,EQ,10595,3802,35.88
20,1756,PAISALO,EQ,1224679,631337,51.55
20,1757,PAKKA,EQ,75360,36051,47.84
20,1758,PALASHSECU,EQ,7871,4666,59.28
20,1759,PANACEABIO,EQ,71498,36123,50.52
20,1760,PANAMAPET,EQ,26643,13570,50.93
20,1761,PANSARI,EQ,379,345,91.03
20,1762,PAR,EQ,119176,26737,22.43
20,1763,PARACABLES,EQ,1667326,956952,57.39
20,1764,PARADEEP,EQ,6917713,2200079,31.80
20,1765,PARAGMILK,EQ,244526,105919,43.32
20,1766,PARAGON,ST,1200,1200,100.00
20,1767,PARAMATRIX,SM,3600,3600,100.00
20,1768,PARAS,EQ,222704,79758,35.81
20,1769,PARASPETRO,EQ,217131,176508,81.29
20,1770,PARIN,ST,5000,4000,80.00
20,1771,PARKHOTELS,EQ,682309,325856,47.76
20,1772,PARTYCRUS,SM,8000,8000,100.00
20,1773,PASHUPATI,ST,33400,32800,98.20
20,1774,PATANJALI,EQ,321548,212965,66.23
20,1775,PATELENG,EQ,2394624,1213949,50.69
20,1776,PATINTLOG,EQ,187612,94564,50.40
20,1777,PAYTM,EQ,5265657,1449903,27.54
20,1778,PCBL,EQ,3650214,1981511,54.28
20,1779,PCCL,SM,12000,9200,76.67
20,1780,PCJEWELLER,EQ,18129937,9137617,50.40
20,1781,PDMJEPAPER,EQ,489415,199368,40.74
20,1782,PDSL,EQ,97024,40091,41.32
20,1783,PEARLPOLY,EQ,27508,16864,61.31
20,1784,PEL,EQ,526387,206183,39.17
20,1785,PELATRO,ST,16200,13800,85.19
20,1786,PENIND,EQ,327508,193287,59.02
20,1787,PENINLAND,EQ,348181,216522,62.19
20,1788,PENTAGON,SM,12000,11000,91.67
20,1789,PERFECT,ST,39000,36000,92.31
20,1790,PERSISTENT,EQ,377541,188103,49.82
20,1791,PETRONET,EQ,3499713,2056220,58.75
20,1792,PFC,EQ,6771171,3116822,46.03
20,1793,PFIZER,EQ,18611,6489,34.87
20,1794,PFOCUS,EQ,33131,17835,53.83
20,1795,PFS,EQ,519415,243895,46.96
20,1796,PGEL,EQ,924151,457660,49.52
20,1797,PGHH,EQ,2474,1021,41.27
20,1798,PGHL,EQ,2426,932,38.42
20,1799,PGIL,EQ,142721,74068,51.90
20,1800,PGINVIT,IV,1000472,850745,85.03
20,1801,PHANTOMFX,ST,10200,8400,82.35
20,1802,PHARMABEES,EQ,2446157,1472008,60.18
20,1803,PHOENIXLTD,EQ,1935702,184854,9.55
20,1804,PHOGLOBAL,ST,6000,6000,100.00
20,1805,PIDILITIND,EQ,497474,312585,62.83
20,1806,PIIND,EQ,388008,173357,44.68
20,1807,PILANIINVS,EQ,2980,1236,41.48
20,1808,PILITA,EQ,86155,54780,63.58
20,1809,PITTIENG,EQ,32983,13880,42.08
20,1810,PIXTRANS,EQ,15786,8603,54.50
20,1811,PLASTIBLEN,EQ,6961,4549,65.35
20,1812,PLATIND,EQ,364503,192107,52.70
20,1813,PLAZACABLE,EQ,18683,13335,71.38
20,1814,PNB,EQ,25169272,10598369,42.11
20,1815,PNBGILTS,EQ,236938,126413,53.35
20,1816,PNBHOUSING,EQ,917668,460258,50.16
20,1817,PNC,EQ,138277,61088,44.18
20,1818,PNCINFRA,EQ,260420,104013,39.94
20,1819,PNGJL,EQ,872010,371650,42.62
20,1820,POCL,EQ,56802,36679,64.57
20,1821,PODDARMENT,EQ,2008,1546,76.99
20,1822,POKARNA,EQ,350031,71194,20.34
20,1823,POLICYBZR,EQ,1033509,589097,57.00
20,1824,POLYCAB,EQ,174394,52927,30.35
20,1825,POLYMED,EQ,69271,25600,36.96
20,1826,POLYPLEX,EQ,90088,51238,56.88
20,1827,POLYSIL,SM,2000,2000,100.00
20,1828,PONNIERODE,EQ,17990,11746,65.29
20,1829,POONAWALLA,EQ,1948953,857175,43.98
20,1830,POSITRON,ST,15300,15300,100.00
20,1831,POWERGRID,EQ,8244909,4680709,56.77
20,1832,POWERINDIA,EQ,31893,14281,44.78
20,1833,POWERMECH,EQ,67813,34722,51.20
20,1834,PPAP,EQ,11744,8191,69.75
20,1835,PPL,EQ,51262,25584,49.91
20,1836,PPLPHARMA,EQ,4058189,1673356,41.23
20,1837,PPSL,SM,930000,594000,63.87
20,1838,PRAENG,EQ,136788,108370,79.22
20,1839,PRAJIND,EQ,710803,343152,48.28
20,1840,PRAKASH,EQ,844884,372223,44.06
20,1841,PRAKASHSTL,EQ,470163,298589,63.51
20,1842,PRAMARA,SM,4000,4000,100.00
20,1843,PRANIK,SM,65600,43200,65.85
20,1844,PRATHAM,ST,19600,19200,97.96
20,1845,PRECAM,EQ,222702,94269,42.33
20,1846,PRECISION,ST,8000,8000,100.00
20,1847,PRECWIRE,EQ,655447,297581,45.40
20,1848,PREMEXPLN,EQ,85731,43894,51.20
20,1849,PREMIERENE,EQ,1242117,411250,33.11
20,1850,PREMIUM,SM,105000,105000,100.00
20,1851,PRESSTONIC,ST,6400,6400,100.00
20,1852,PRESTIGE,EQ,368327,168045,45.62
20,1853,PRICOLLTD,EQ,474781,243294,51.24
20,1854,PRIMESECU,EQ,29270,19235,65.72
20,1855,PRINCEPIPE,EQ,88653,40558,45.75
20,1856,PRITI,EQ,35745,23561,65.91
20,1857,PRITIKA,ST,4000,3000,75.00
20,1858,PRITIKAUTO,EQ,129472,83194,64.26
20,1859,PRIVISCL,EQ,22200,11652,52.49
20,1860,PRIZOR,ST,35200,35200,100.00
20,1861,PRLIND,SM,55000,42000,76.36
20,1862,PROLIFE,SM,3500,2000,57.14
20,1863,PROPEQUITY,SM,600,600,100.00
20,1864,PROV,SM,640,640,100.00
20,1865,PRSMJOHNSN,EQ,126172,54676,43.33
20,1866,PRUDENT,EQ,39476,26589,67.35
20,1867,PSB,EQ,433464,169083,39.01
20,1868,PSFL,SM,30000,18000,60.00
20,1869,PSPPROJECT,EQ,162512,73043,44.95
20,1870,PSUBANK,EQ,22376,15885,70.99
20,1871,PSUBANKADD,EQ,10472,10280,98.17
20,1872,PSUBNKBEES,EQ,5375323,4339560,80.73
20,1873,PSUBNKIETF,EQ,218772,77797,35.56
20,1874,PTC,EQ,2639697,1535031,58.15
20,1875,PTCIL,EQ,30878,15104,48.92
20,1876,PTL,EQ,51183,36940,72.17
20,1877,PULZ,ST,14000,14000,100.00
20,1878,PUNJABCHEM,EQ,6088,3401,55.86
20,1879,PURPLEUTED,SM,41000,34000,82.93
20,1880,PURVA,EQ,176628,34371,19.46
20,1881,PURVFLEXI,SM,12800,8000,62.50
20,1882,PVP,EQ,397752,257227,64.67
20,1883,PVRINOX,EQ,844435,263895,31.25
20,1884,PVSL,EQ,80190,51632,64.39
20,1885,PVTBANIETF,EQ,1153512,489502,42.44
20,1886,PVTBANKADD,EQ,48201,35006,72.63
20,1887,PYRAMID,EQ,63969,29193,45.64
20,1888,QFIL,SM,3000,3000,100.00
20,1889,QGOLDHALF,EQ,9333,8454,90.58
20,1890,QMSMEDI,SM,26000,22000,84.62
20,1891,QNIFTY,EQ,454,305,67.18
20,1892,QUADPRO,SM,108000,96000,88.89
20,1893,QUAL30IETF,EQ,252901,122553,48.46
20,1894,QUESS,EQ,177973,73905,41.53
20,1895,QUESTLAB,SM,70800,39600,55.93
20,1896,QUICKHEAL,EQ,274454,221907,80.85
20,1897,QUICKTOUCH,ST,500,500,100.00
20,1898,QVCEL,ST,4800,4800,100.00
20,1899,RACE,EQ,3420,2261,66.11
20,1900,RACLGEAR,EQ,3209,2112,65.81
20,1901,RADHIKAJWE,EQ,516683,258099,49.95
20,1902,RADIANTCMS,EQ,69793,45653,65.41
20,1903,RADICO,EQ,296578,219197,73.91
20,1904,RADIOCITY,EQ,208375,126490,60.70
20,1905,RADIOCITY,P1,190,190,100.00
20,1906,RADIOWALLA,SM,6400,6400,100.00
20,1907,RAILTEL,EQ,844932,257378,30.46
20,1908,RAIN,EQ,820034,321200,39.17
20,1909,RAINBOW,EQ,59720,25685,43.01
20,1910,RAJESHEXPO,EQ,185245,80768,43.60
20,1911,RAJINDLTD,SM,43500,36000,82.76
20,1912,RAJMET,EQ,513884,334473,65.09
20,1913,RAJPUTANA,SM,20000,14000,70.00
20,1914,RAJRATAN,EQ,23139,12669,54.75
20,1915,RAJSREESUG,EQ,55638,32715,58.80
20,1916,RALLIS,EQ,172076,86890,50.50
20,1917,RAMANEWS,EQ,40184,29010,72.19
20,1918,RAMAPHO,EQ,500364,139807,27.94
20,1919,RAMASTEEL,EQ,23092075,3200756,13.86
20,1920,RAMCOCEM,EQ,137821,47703,34.61
20,1921,RAMCOIND,EQ,44701,21117,47.24
20,1922,RAMCOSYS,EQ,32182,14388,44.71
20,1923,RAMKY,EQ,30021,22443,74.76
20,1924,RAMRAT,EQ,9771,5443,55.71
20,1925,RANASUG,EQ,302202,155038,51.30
20,1926,RANEENGINE,EQ,4555,2905,63.78
20,1927,RANEHOLDIN,EQ,2962,1696,57.26
20,1928,RAPPID,ST,18000,18000,100.00
20,1929,RATEGAIN,EQ,67514,39843,59.01
20,1930,RATNAMANI,EQ,9321,4802,51.52
20,1931,RATNAVEER,EQ,163330,85516,52.36
20,1932,RAYMOND,EQ,237390,66970,28.21
20,1933,RAYMONDLSL,EQ,58225,20689,35.53
20,1934,RBA,EQ,529284,287291,54.28
20,1935,RBL,EQ,2463,1101,44.70
20,1936,RBLBANK,EQ,5805468,2219765,38.24
20,1937,RBMINFRA,ST,23000,21600,93.91
20,1938,RBS,ST,12800,11200,87.50
20,1939,RBZJEWEL,EQ,415960,181059,43.53
20,1940,RCDL,SM,9000,9000,100.00
20,1941,RCF,EQ,6186837,914880,14.79
20,1942,RECLTD,EQ,4468056,1957135,43.80
20,1943,REDINGTON,EQ,837927,339518,40.52
20,1944,REDTAPE,EQ,72227,26169,36.23
20,1945,REFEX,EQ,446469,172215,38.57
20,1946,REFRACTORY,ST,47000,46000,97.87
20,1947,RELAXO,EQ,32784,18499,56.43
20,1948,RELCHEMQ,EQ,3069,1858,60.54
20,1949,RELIABLE,EQ,1497,1002,66.93
20,1950,RELIANCE,EQ,12794704,7866010,61.48
20,1951,RELIGARE,EQ,5107874,2728659,53.42
20,1952,RELINFRA,EQ,2478812,1924358,77.63
20,1953,RELTD,EQ,84013,54913,65.36
20,1954,REMSONSIND,EQ,66693,36199,54.28
20,1955,REMUS,SM,4150,3450,83.13
20,1956,RENUKA,EQ,2449819,862485,35.21
20,1957,REPCOHOME,EQ,281519,239277,84.99
20,1958,REPRO,EQ,5749,4191,72.90
20,1959,RESPONIND,EQ,366760,198107,54.02
20,1960,RETAIL,EQ,4655,3316,71.24
20,1961,REXPIPES,SM,2000,2000,100.00
20,1962,RGL,EQ,675683,512169,75.80
20,1963,RHIM,EQ,169821,50368,29.66
20,1964,RICHA,SM,37000,23000,62.16
20,1965,RICOAUTO,EQ,353567,167447,47.36
20,1966,RIIL,EQ,114974,39174,34.07
20,1967,RILINFRA,ST,26400,26300,99.62
20,1968,RISHABH,EQ,26916,13966,51.89
20,1969,RITCO,EQ,109831,51187,46.61
20,1970,RITES,EQ,691039,246848,35.72
20,1971,RITEZONE,SM,1600,1600,100.00
20,1972,RKEC,EQ,32210,14979,46.50
20,1973,RKFORGE,EQ,283541,139205,49.10
20,1974,RKSWAMY,EQ,31268,16956,54.23
20,1975,RMDRIP,ST,1500,1500,100.00
20,1976,RML,EQ,4621,3471,75.11
20,1977,RNFI,ST,151200,140400,92.86
20,1978,ROCKINGDCE,SM,42250,30500,72.19
20,1979,ROHLTD,EQ,39426,19518,49.51
20,1980,ROLEXRINGS,EQ,7760,4182,53.89
20,1981,ROML,EQ,3772,2004,53.13
20,1982,ROSSARI,EQ,75083,26669,35.52
20,1983,ROSSTECH,EQ,11899,6353,53.39
20,1984,ROTO,EQ,160894,75047,46.64
20,1985,ROUTE,EQ,22494,10896,48.44
20,1986,ROXHITECH,SM,78400,64000,81.63
20,1987,RPEL,EQ,24655,16722,67.82
20,1988,RPGLIFE,EQ,11201,4609,41.15
20,1989,RPOWER,EQ,15797608,9459259,59.88
20,1990,RPPL,EQ,26771,22034,82.31
20,1991,RPSGVENT,EQ,42086,23337,55.45
20,1992,RPTECH,EQ,75539,32130,42.53
20,1993,RRKABEL,EQ,89673,71208,79.41
20,1994,RSWM,EQ,17941,10660,59.42
20,1995,RSYSTEMS,EQ,58232,33258,57.11
20,1996,RTNINDIA,EQ,1308802,622659,47.57
20,1997,RTNPOWER,EQ,6973769,3708135,53.17
20,1998,RUBFILA,EQ,66773,33607,50.33
20,1999,RUBYMILLS,EQ,15678,8632,55.06
20,2000,RUCHINFRA,EQ,68346,44834,65.60
20,2001,RUCHIRA,EQ,11821,5605,47.42
20,2002,RULKA,SM,50400,35100,69.64
20,2003,RUPA,EQ,68644,37079,54.02
20,2004,RUSHIL,EQ,494593,279971,56.61
20,2005,RUSTOMJEE,EQ,37931,7493,19.75
20,2006,RVNL,EQ,1712306,608131,35.52
20,2007,SAAKSHI,SM,16200,12600,77.78
20,2008,SADBHAV,EQ,873413,436989,50.03
20,2009,SADBHIN,EQ,453174,302188,66.68
20,2010,SADHAV,SM,5400,3600,66.67
20,2011,SADHNANIQ,EQ,140686,77179,54.86
20,2012,SAFARI,EQ,8123,4687,57.70
20,2013,SAGARDEEP,EQ,10074,8386,83.24
20,2014,SAGCEM,EQ,31328,15975,50.99
20,2015,SAGILITY,EQ,14742898,7496293,50.85
20,2016,SAHAJ,SM,12000,12000,100.00
20,2017,SAHAJSOLAR,ST,16600,14800,89.16
20,2018,SAHANA,ST,30125,29125,96.68
20,2019,SAHASRA,SM,46800,39200,83.76
20,2020,SAHYADRI,EQ,6015,3454,57.42
20,2021,SAIFL,SM,8000,6400,80.00
20,2022,SAIL,EQ,11144353,4205885,37.74
20,2023,SAILIFE,EQ,486442,194858,40.06
20,2024,SAJHOTELS,SM,2000,2000,100.00
20,2025,SAKAR,EQ,7727,4652,60.20
20,2026,SAKHTISUG,EQ,115127,92045,79.95
20,2027,SAKSOFT,EQ,87278,47393,54.30
20,2028,SALASAR,EQ,5262943,1956986,37.18
20,2029,SALONA,EQ,334,181,54.19
20,2030,SALSTEEL,EQ,37418,26340,70.39
20,2031,SALZERELEC,EQ,128980,59474,46.11
20,2032,SAMHI,EQ,3497719,1601619,45.79
20,2033,SAMMAANCAP,EQ,4750347,2462807,51.84
20,2034,SANATHAN,EQ,362115,196017,54.13
20,2035,SANDESH,EQ,603,424,70.32
20,2036,SANDHAR,EQ,62225,29786,47.87
20,2037,SANDUMA,EQ,103215,56008,54.26
20,2038,SANGAMIND,EQ,19811,7751,39.12
20,2039,SANGANI,ST,6000,6000,100.00
20,2040,SANGHIIND,EQ,301369,137194,45.52
20,2041,SANGHVIMOV,EQ,210889,114244,54.17
20,2042,SANGINITA,EQ,41713,30729,73.67
20,2043,SANOFI,EQ,9189,5641,61.39
20,2044,SANOFICONR,EQ,13355,11254,84.27
20,2045,SANSERA,EQ,46830,19212,41.02
20,2046,SANSTAR,EQ,289768,138311,47.73
20,2047,SAPPHIRE,EQ,268914,71711,26.67
20,2048,SARDAEN,EQ,220293,110565,50.19
20,2049,SAREGAMA,EQ,8527311,647910,7.60
20,2050,SAROJA,SM,1600,1600,100.00
20,2051,SARTELE,SM,56500,43000,76.11
20,2052,SARVESHWAR,EQ,3778476,1492064,39.49
20,2053,SASKEN,EQ,3517,2542,72.28
20,2054,SASTASUNDR,EQ,8468,5344,63.11
20,2055,SATECH,ST,32000,30000,93.75
20,2056,SATIA,EQ,59775,31346,52.44
20,2057,SATIN,EQ,348623,109674,31.46
20,2058,SATINDLTD,EQ,244278,101448,41.53
20,2059,SAURASHCEM,EQ,128183,97890,76.37
20,2060,SBC,EQ,1915221,1462554,76.36
20,2061,SBCL,EQ,77166,33277,43.12
20,2062,SBFC,EQ,605113,318806,52.69
20,2063,SBGLP,EQ,120673,78839,65.33
20,2064,SBICARD,EQ,1008063,408475,40.52
20,2065,SBIETFCON,EQ,3760,994,26.44
20,2066,SBIETFIT,EQ,6466,6016,93.04
20,2067,SBIETFPB,EQ,7664,5916,77.19
20,2068,SBIETFQLTY,EQ,22256,20357,91.47
20,2069,SBILIFE,EQ,1253461,573232,45.73
20,2070,SBIN,EQ,15351029,5749049,37.45
20,2071,SBIN,T0,145,145,100.00
20,2072,SBINEQWETF,EQ,19636,14642,74.57
20,2073,SBISILVER,EQ,24315,15943,65.57
20,2074,SCHAEFFLER,EQ,23558,9855,41.83
20,2075,SCHAND,EQ,60582,38493,63.54
20,2076,SCHNEIDER,EQ,76270,36332,47.64
20,2077,SCI,EQ,1626792,443867,27.28
20,2078,SCILAL,EQ,386684,201122,52.01
20,2079,SCLZC25B,AT,2,2,100.00
20,2080,SCLZC26E,NP,100,50,50.00
20,2081,SCML,SM,8000,5000,62.50
20,2082,SDBL,EQ,552790,262497,47.49
20,2083,SDL26BEES,EQ,141758,141234,99.63
20,2084,SEAMECLTD,EQ,9750,5789,59.37
20,2085,SECL,ST,6250,6250,100.00
20,2086,SECMARK,EQ,1116,734,65.77
20,2087,SECURKLOUD,EQ,24052,14144,58.81
20,2088,SEL,ST,1200,1200,100.00
20,2089,SELAN,EQ,13900,8018,57.68
20,2090,SELMC,EQ,18910,14883,78.70
20,2091,SENCO,EQ,171830,82678,48.12
20,2092,SENORES,EQ,467087,206581,44.23
20,2093,SENSEXADD,EQ,361,314,86.98
20,2094,SENSEXETF,EQ,6639,5671,85.42
20,2095,SENSEXIETF,EQ,13709,4336,31.63
20,2096,SEPC,EQ,5316592,2308953,43.43
20,2097,SEQUENT,EQ,275879,156331,56.67
20,2098,SERVICE,SM,10000,10000,100.00
20,2099,SERVOTECH,EQ,416179,206145,49.53
20,2100,SESHAPAPER,EQ,11800,7116,60.31
20,2101,SETF10GILT,EQ,20100,9536,47.44
20,2102,SETFGOLD,EQ,1789546,1467869,82.02
20,2103,SETFNIF50,EQ,482070,446383,92.60
20,2104,SETFNIFBK,EQ,31002,23839,76.90
20,2105,SETFNN50,EQ,69088,62666,90.70
20,2106,SFL,EQ,71837,34781,48.42
20,2107,SFLZC25A,ZK,284,284,100.00
20,2108,SFML,SM,92800,59200,63.79
20,2109,SGBAPR28I,GB,113,104,92.04
20,2110,SGBAUG27,GB,7,7,100.00
20,2111,SGBAUG28V,GB,1614,1238,76.70
20,2112,SGBAUG29V,GB,39,29,74.36
20,2113,SGBAUG30,GB,346,203,58.67
20,2114,SGBD29VIII,GB,74,71,95.95
20,2115,SGBDC27VII,GB,2,1,50.00
20,2116,SGBDE30III,GB,330,265,80.30
20,2117,SGBDE31III,GB,1409,1209,85.81
20,2118,SGBDEC26,GB,2,2,100.00
20,2119,SGBFEB27,GB,2,2,100.00
20,2120,SGBFEB29XI,GB,92,90,97.83
20,2121,SGBFEB32IV,GB,1118,742,66.37
20,2122,SGBJAN27,GB,19,19,100.00
20,2123,SGBJAN29IX,GB,262,199,75.95
20,2124,SGBJAN29X,GB,329,307,93.31
20,2125,SGBJAN30IX,GB,77,59,76.62
20,2126,SGBJU29III,GB,52,35,67.31
20,2127,SGBJUL25,GB,16,16,100.00
20,2128,SGBJUL27,GB,46,46,100.00
20,2129,SGBJUL28IV,GB,615,576,93.66
20,2130,SGBJUL29IV,GB,189,180,95.24
20,2131,SGBJUN27,GB,4,2,50.00
20,2132,SGBJUN28,GB,157,147,93.63
20,2133,SGBJUN29II,GB,10,7,70.00
20,2134,SGBJUN30,GB,411,390,94.89
20,2135,SGBJUN31I,GB,390,286,73.33
20,2136,SGBMAR25,GB,54,54,100.00
20,2137,SGBMAR28X,GB,120,106,88.33
20,2138,SGBMAR30X,GB,53,53,100.00
20,2139,SGBMAR31IV,GB,186,173,93.01
20,2140,SGBMAY25,GB,24,21,87.50
20,2141,SGBMAY28,GB,712,602,84.55
20,2142,SGBMAY29I,GB,33,33,100.00
20,2143,SGBMR29XII,GB,91,65,71.43
20,2144,SGBN28VIII,GB,351,295,84.05
20,2145,SGBNOV25,GB,1,1,100.00
20,2146,SGBNOV258,GB,1,1,100.00
20,2147,SGBNV29VII,GB,84,62,73.81
20,2148,SGBOCT25IV,GB,10,10,100.00
20,2149,SGBOCT27,GB,7,7,100.00
20,2150,SGBOCT27VI,GB,1,1,100.00
20,2151,SGBSEP27,GB,12,12,100.00
20,2152,SGBSEP28VI,GB,241,202,83.82
20,2153,SGBSEP29VI,GB,176,126,71.59
20,2154,SGBSEP31II,GB,590,425,72.03
20,2155,SGL,EQ,12625,7282,57.68
20,2156,SHAH,EQ,664640,479195,72.10
20,2157,SHALBY,EQ,45767,23704,51.79
20,2158,SHALPAINTS,EQ,20398,12646,62.00
20,2159,SHANKARA,EQ,34330,19185,55.88
20,2160,SHANTHALA,ST,1200,1200,100.00
20,2161,SHANTI,EQ,1274804,134139,10.52
20,2162,SHANTIGEAR,EQ,7805,3931,50.37
20,2163,SHARDACROP,EQ,171471,44402,25.89
20,2164,SHARDAMOTR,EQ,23586,11349,48.12
20,2165,SHAREINDIA,EQ,371392,172023,46.32
20,2166,SHARIABEES,EQ,3627,1857,51.20
20,2167,SHEETAL,SM,18000,14000,77.78
20,2168,SHEMAROO,EQ,11143,7105,63.76
20,2169,SHERA,SM,64000,61000,95.31
20,2170,SHIGAN,SM,7500,7500,100.00
20,2171,SHILPAMED,EQ,156427,77607,49.61
20,2172,SHIVALIK,EQ,14908,7508,50.36
20,2173,SHIVAMAUTO,EQ,102327,43027,42.05
20,2174,SHIVAMILLS,EQ,16761,5412,32.29
20,2175,SHIVATEX,EQ,6880,3624,52.67
20,2176,SHIVAUM,ST,50000,50000,100.00
20,2177,SHK,EQ,212510,95531,44.95
20,2178,SHOPERSTOP,EQ,131260,28922,22.03
20,2179,SHREDIGCEM,EQ,119524,75657,63.30
20,2180,SHREECEM,EQ,26639,11175,41.95
20,2181,SHREEKARNI,SM,38250,29550,77.25
20,2182,SHREEOSFM,SM,1000,1000,100.00
20,2183,SHREEPUSHK,EQ,253691,60377,23.80
20,2184,SHRENIK,EQ,1582893,989371,62.50
20,2185,SHREYANIND,EQ,4383,3032,69.18
20,2186,SHRIPISTON,EQ,58812,32057,54.51
20,2187,SHRIRAMFIN,EQ,1081641,683946,63.23
20,2188,SHRIRAMPPS,EQ,598063,321928,53.83
20,2189,SHRITECH,SM,62000,48000,77.42
20,2190,SHUBHLAXMI,ST,24000,24000,100.00
20,2191,SHUBHSHREE,ST,9600,9600,100.00
20,2192,SHYAMCENT,EQ,129953,91032,70.05
20,2193,SHYAMMETL,EQ,214829,151056,70.31
20,2194,SIDDHIKA,SM,9000,6000,66.67
20,2195,SIEMENS,EQ,341480,159569,46.73
20,2196,SIGACHI,EQ,755963,384386,50.85
20,2197,SIGIND,EQ,9687,6354,65.59
20,2198,SIGMA,EQ,26491,5997,22.64
20,2199,SIGNATURE,EQ,556095,85999,15.46
20,2200,SIGNORIA,SM,9000,9000,100.00
20,2201,SIKKO,EQ,32160,18850,58.61
20,2202,SIL,EQ,36502,20175,55.27
20,2203,SILGO,EQ,63080,24817,39.34
20,2204,SILKFLEX,ST,2000,2000,100.00
20,2205,SILLYMONKS,EQ,4939,3991,80.81
20,2206,SILVER,EQ,526761,506589,96.17
20,2207,SILVER1,EQ,32670,21970,67.25
20,2208,SILVERADD,EQ,4080,2940,72.06
20,2209,SILVERBEES,EQ,5401960,3953345,73.18
20,2210,SILVERETF,EQ,209706,126866,60.50
20,2211,SILVERIETF,EQ,432674,357064,82.52
20,2212,SILVERTUC,EQ,13461,3302,24.53
20,2213,SILVRETF,EQ,13759,12263,89.13
20,2214,SINCLAIR,EQ,104144,56728,54.47
20,2215,SINDHUTRAD,EQ,5485258,1066799,19.45
20,2216,SINTERCOM,EQ,4009,2119,52.86
20,2217,SIRCA,EQ,107865,46221,42.85
20,2218,SIS,EQ,22820,11828,51.83
20,2219,SIYSIL,EQ,429204,115028,26.80
20,2220,SJLOGISTIC,ST,30000,27000,90.00
20,2221,SJS,EQ,49571,24191,48.80
20,2222,SJVN,EQ,5329003,1998900,37.51
20,2223,SKFINDIA,EQ,10529,3996,37.95
20,2224,SKIPPER,EQ,493189,231756,46.99
20,2225,SKMEGGPROD,EQ,30621,17010,55.55
20,2226,SKP,SM,14000,10000,71.43
20,2227,SLONE,ST,1600,1600,100.00
20,2228,SMALLCAP,EQ,1333471,825229,61.89
20,2229,SMCGLOBAL,EQ,41103,23814,57.94
20,2230,SMLISUZU,EQ,6457,2885,44.68
20,2231,SMLT,EQ,11302,6994,61.88
20,2232,SMSPHARMA,EQ,75357,38792,51.48
20,2233,SMVD,SM,4040,4040,100.00
20,2234,SNOWMAN,EQ,277421,133982,48.30
20,2235,SOBHA,EQ,342820,147467,43.02
20,2236,SOLARA,EQ,32624,20845,63.89
20,2237,SOLARAPP,E1,682,478,70.09
20,2238,SOLARINDS,EQ,61746,38943,63.07
20,2239,SOLEX,SM,53000,26500,50.00
20,2240,SOMANYCERA,EQ,11897,7543,63.40
20,2241,SOMICONVEY,EQ,12412,9958,80.23
20,2242,SONACOMS,EQ,1288063,757244,58.79
20,2243,SONAMAC,ST,10000,9000,90.00
20,2244,SONATSOFTW,EQ,320603,150588,46.97
20,2245,SONUINFRA,ST,3000,3000,100.00
20,2246,SOTAC,SM,2400,2400,100.00
20,2247,SOTL,EQ,48748,17444,35.78
20,2248,SOUTHBANK,EQ,13030579,6901681,52.97
20,2249,SOUTHWEST,EQ,52215,38551,73.83
20,2250,SPAL,EQ,7684,4089,53.21
20,2251,SPANDANA,EQ,14634013,1558930,10.65
20,2252,SPARC,EQ,451817,243253,53.84
20,2253,SPCL,ST,36000,33600,93.33
20,2254,SPECIALITY,EQ,33600,23854,70.99
20,2255,SPECTRUM,SM,9250,7000,75.68
20,2256,SPECTSTM,ST,40800,37600,92.16
20,2257,SPENCERS,EQ,233980,94331,40.32
20,2258,SPIC,EQ,566805,168185,29.67
20,2259,SPLIL,EQ,19849,12406,62.50
20,2260,SPLPETRO,EQ,81809,60172,73.55
20,2261,SPORTKING,EQ,64871,37620,57.99
20,2262,SPPPOLY,ST,20000,20000,100.00
20,2263,SREEL,EQ,5185,3375,65.09
20,2264,SRF,EQ,10340857,2759797,26.69
20,2265,SRGHFL,EQ,936,742,79.27
20,2266,SRHHYPOLTD,EQ,48591,16792,34.56
20,2267,SRIVASAVI,SM,8000,8000,100.00
20,2268,SSDL,EQ,30987,16336,52.72
20,2269,SSEGL,ST,31400,30400,96.82
20,2270,SSFL,ST,20000,19500,97.50
20,2271,SSWL,EQ,109674,62863,57.32
20,2272,STANLEY,EQ,39589,23929,60.44
20,2273,STAR,EQ,332367,219016,65.90
20,2274,STARCEMENT,EQ,337889,102254,30.26
20,2275,STARHEALTH,EQ,276593,164989,59.65
20,2276,STARPAPER,EQ,5084,2753,54.15
20,2277,STARTECK,EQ,12764,481,3.77
20,2278,STCINDIA,EQ,388165,94084,24.24
20,2279,STEELCAS,EQ,18872,12216,64.73
20,2280,STEELCITY,EQ,15187,8088,53.26
20,2281,STEELXIND,EQ,802576,489201,60.95
20,2282,STEL,EQ,71032,14664,20.64
20,2283,STERTOOLS,EQ,95137,47744,50.18
20,2284,STLTECH,EQ,492832,239081,48.51
20,2285,STOVEKRAFT,EQ,54917,28586,52.05
20,2286,STYLAMIND,EQ,23921,18591,77.72
20,2287,STYLEBAAZA,EQ,137692,76592,55.63
20,2288,STYRENIX,EQ,27989,15233,54.42
20,2289,SUBEXLTD,EQ,1751567,792433,45.24
20,2290,SUBROS,EQ,39949,15176,37.99
20,2291,SUDARSCHEM,EQ,401239,322574,80.39
20,2292,SUKHJITS,EQ,6795,3307,48.67
20,2293,SULA,EQ,105467,60225,57.10
20,2294,SUMICHEM,EQ,484955,180755,37.27
20,2295,SUMMITSEC,EQ,7160,3762,52.54
20,2296,SUNCLAY,EQ,31167,14540,46.65
20,2297,SUNDARAM,EQ,565738,498484,88.11
20,2298,SUNDARMFIN,EQ,1636250,90731,5.55
20,2299,SUNDARMHLD,EQ,88779,35466,39.95
20,2300,SUNDRMFAST,EQ,59843,28168,47.07
20,2301,SUNLITE,SM,6000,4800,80.00
20,2302,SUNPHARMA,EQ,1199181,684965,57.12
20,2303,SUNTECK,EQ,162372,88297,54.38
20,2304,SUNTV,EQ,454648,95756,21.06
20,2305,SUPERHOUSE,EQ,9345,5603,59.96
20,2306,SUPRAJIT,EQ,126450,71359,56.43
20,2307,SUPREMEIND,EQ,335334,264699,78.94
20,2308,SUPREMEPWR,ST,32000,24500,76.56
20,2309,SUPRIYA,EQ,193874,100420,51.80
20,2310,SURAJEST,EQ,27826,16726,60.11
20,2311,SURAKSHA,EQ,112652,45015,39.96
20,2312,SURANASOL,EQ,131075,84511,64.48
20,2313,SURANAT&P,EQ,124209,77029,62.02
20,2314,SURANI,ST,600,600,100.00
20,2315,SURYALAXMI,EQ,23606,13689,57.99
20,2316,SURYAROSNI,EQ,327708,163803,49.98
20,2317,SURYODAY,EQ,123612,67853,54.89
20,2318,SUTLEJTEX,EQ,68762,38592,56.12
20,2319,SUVEN,EQ,1115760,274728,24.62
20,2320,SUVENPHAR,EQ,168726,90975,53.92
20,2321,SUVIDHAA,EQ,3490035,1178801,33.78
20,2322,SUYOG,EQ,35060,15501,44.21
20,2323,SUZLON,EQ,35053006,19837966,56.59
20,2324,SWANENERGY,EQ,1808124,546597,30.23
20,2325,SWARAJ,ST,17500,17000,97.14
20,2326,SWARAJENG,EQ,4408,2161,49.02
20,2327,SWASTIK,SM,429600,205200,47.77
20,2328,SWELECTES,EQ,12526,6780,54.13
20,2329,SWIGGY,EQ,14972600,2614249,17.46
20,2330,SWSOLAR,EQ,484429,263298,54.35
20,2331,SYLVANPLY,SM,10000,10000,100.00
20,2332,SYMPHONY,EQ,142164,58512,41.16
20,2333,SYNCOMF,EQ,1783056,1086658,60.94
20,2334,SYNGENE,EQ,805297,516202,64.10
20,2335,SYNOPTICS,SM,3600,3600,100.00
20,2336,SYRMA,EQ,610529,229557,37.60
20,2337,SYSTANGO,SM,67600,45600,67.46
20,2338,TAC,ST,22200,21600,97.30
20,2339,TAINWALCHM,EQ,4366,1549,35.48
20,2340,TAJGVK,EQ,254898,107058,42.00
20,2341,TAKE,EQ,75295,54597,72.51
20,2342,TALBROAUTO,EQ,62421,35937,57.57
20,2343,TANLA,EQ,578449,204257,35.31
20,2344,TAPIFRUIT,SM,1500,1500,100.00
20,2345,TARACHAND,EQ,280527,176057,62.76
20,2346,TARC,EQ,257041,126755,49.31
20,2347,TARMAT,EQ,35599,21081,59.22
20,2348,TARSONS,EQ,31695,17912,56.51
20,2349,TASTYBITE,EQ,1128,774,68.62
20,2350,TATACHEM,EQ,1712582,670038,39.12
20,2351,TATACOMM,EQ,476320,195494,41.04
20,2352,TATACONSUM,EQ,2130681,864031,40.55
20,2353,TATAELXSI,EQ,346979,80449,23.19
20,2354,TATAGOLD,EQ,3241920,1908011,58.85
20,2355,TATAINVEST,EQ,21401,8434,39.41
20,2356,TATAMOTORS,EQ,17948464,5560219,30.98
20,2357,TATAPOWER,EQ,6423717,2559309,39.84
20,2358,TATASTEEL,EQ,31903107,16417897,51.46
20,2359,TATATECH,EQ,576021,344539,59.81
20,2360,TATSILV,EQ,1084198,904617,83.44
20,2361,TATVA,EQ,27384,10207,37.27
20,2362,TBI,ST,23400,23400,100.00
20,2363,TBOTEK,EQ,70265,24423,34.76
20,2364,TBZ,EQ,544900,248148,45.54
20,2365,TCHF30,NB,7,7,100.00
20,2366,TCI,EQ,22652,9594,42.35
20,2367,TCIEXP,EQ,12600,7330,58.17
20,2368,TCL,SM,21600,13600,62.96
20,2369,TCLCONS,EQ,83020,51294,61.79
20,2370,TCPLPACK,EQ,2366,1700,71.85
20,2371,TCS,EQ,2392472,1162001,48.57
20,2372,TDPOWERSYS,EQ,345273,198835,57.59
20,2373,TEAMLEASE,EQ,9093,5410,59.50
20,2374,TECH,EQ,2666,1511,56.68
20,2375,TECHERA,ST,11200,11200,100.00
20,2376,TECHLABS,ST,69375,63000,90.81
20,2377,TECHM,EQ,774065,365123,47.17
20,2378,TECHNOE,EQ,84815,39480,46.55
20,2379,TECILCHEM,EQ,312,310,99.36
20,2380,TEGA,EQ,27078,13112,48.42
20,2381,TEJASNET,EQ,737897,328849,44.57
20,2382,TEXINFRA,EQ,351900,208291,59.19
20,2383,TEXMOPIPES,EQ,33168,22405,67.55
20,2384,TEXRAIL,EQ,764528,339921,44.46
20,2385,TFCILTD,EQ,276261,92842,33.61
20,2386,TGBHOTELS,EQ,80923,36645,45.28
20,2387,TGL,ST,18800,18200,96.81
20,2388,THANGAMAYL,EQ,10686,4991,46.71
20,2389,THEINVEST,EQ,5751,2691,46.79
20,2390,THEJO,EQ,2650,2020,76.23
20,2391,THEMISMED,EQ,304814,158302,51.93
20,2392,THERMAX,EQ,48850,23474,48.05
20,2393,THOMASCOOK,EQ,617697,362617,58.70
20,2394,THYROCARE,EQ,45041,20336,45.15
20,2395,TI,EQ,555332,242026,43.58
20,2396,TIIL,EQ,7119,3636,51.07
20,2397,TIINDIA,EQ,303185,145681,48.05
20,2398,TIMESCAN,SM,2000,2000,100.00
20,2399,TIMETECHNO,EQ,878437,483112,55.00
20,2400,TIMKEN,EQ,255285,180435,70.68
20,2401,TIPSMUSIC,EQ,276984,131906,47.62
20,2402,TIRUMALCHM,EQ,331187,102964,31.09
20,2403,TIRUPATI,SM,750,750,100.00
20,2404,TITAGARH,EQ,532009,189944,35.70
20,2405,TITAN,EQ,826237,455045,55.07
20,2406,TMB,EQ,45400,26977,59.42
20,2407,TNIDETF,EQ,49548,45050,90.92
20,2408,TNPETRO,EQ,69042,31810,46.07
20,2409,TNPL,EQ,183406,80384,43.83
20,2410,TOKYOPLAST,EQ,5246,2598,49.52
20,2411,TOLINS,EQ,125895,64092,50.91
20,2412,TOP100CASE,EQ,410014,388176,94.67
20,2413,TOP10ADD,EQ,78598,73932,94.06
20,2414,TORNTPHARM,EQ,183881,116166,63.17
20,2415,TORNTPOWER,EQ,730612,508965,69.66
20,2416,TOTAL,EQ,7282,2237,30.72
20,2417,TOUCHWOOD,EQ,25333,4070,16.07
20,2418,TPLPLASTEH,EQ,155511,35959,23.12
20,2419,TRACXN,EQ,189372,106143,56.05
20,2420,TRANSRAILL,EQ,9557505,1199279,12.55
20,2421,TRANSTEEL,ST,168000,160000,95.24
20,2422,TRANSWIND,ST,4000,4000,100.00
20,2423,TRANSWORLD,EQ,27100,11600,42.80
20,2424,TREJHARA,EQ,35034,19306,55.11
20,2425,TREL,EQ,252341,134437,53.28
20,2426,TRENT,EQ,592991,290460,48.98
20,2427,TRF,EQ,18314,9132,49.86
20,2428,TRIDENT,EQ,3272589,1169446,35.73
20,2429,TRIDHYA,SM,3000,3000,100.00
20,2430,TRIGYN,EQ,60682,30529,50.31
20,2431,TRITURBINE,EQ,290260,117416,40.45
20,2432,TRIVENI,EQ,285469,83918,29.40
20,2433,TROM,SM,14400,9000,62.50
20,2434,TRUST,SM,97200,71400,73.46
20,2435,TTKHLTCARE,EQ,3375,2204,65.30
20,2436,TTKPRESTIG,EQ,14023,6047,43.12
20,2437,TTML,EQ,2796630,667462,23.87
20,2438,TUNWAL,SM,70000,44000,62.86
20,2439,TVSELECT,EQ,215727,38937,18.05
20,2440,TVSHLTD,EQ,10441,6755,64.70
20,2441,TVSMOTOR,EQ,956229,584029,61.08
20,2442,TVSSCS,EQ,287793,119989,41.69
20,2443,TVSSRICHAK,EQ,1285,876,68.17
20,2444,TVTODAY,EQ,739969,220406,29.79
20,2445,UBL,EQ,344496,129480,37.59
20,2446,UCL,SM,10000,6000,60.00
20,2447,UCOBANK,EQ,2712396,955871,35.24
20,2448,UDAICEMENT,EQ,216498,154128,71.19
20,2449,UDS,EQ,107286,54575,50.87
20,2450,UFLEX,EQ,22266,12310,55.29
20,2451,UFO,EQ,32124,17253,53.71
20,2452,UGARSUGAR,EQ,225600,112425,49.83
20,2453,UGROCAP,EQ,116860,36218,30.99
20,2454,UHTL,ST,24000,22000,91.67
20,2455,UJJIVANSFB,EQ,14518570,5750372,39.61
20,2456,ULTRACEMCO,EQ,196555,108992,55.45
20,2457,UMA,SM,44000,32000,72.73
20,2458,UMAEXPORTS,EQ,55568,24332,43.79
20,2459,UMESLTD,EQ,34854,17771,50.99
20,2460,UNICHEMLAB,EQ,8888,5134,57.76
20,2461,UNIDT,EQ,13095,7497,57.25
20,2462,UNIECOM,EQ,276845,146550,52.94
20,2463,UNIENTER,EQ,5368,3205,59.71
20,2464,UNIHEALTH,SM,24000,15000,62.50
20,2465,UNIINFO,EQ,11221,5853,52.16
20,2466,UNILEX,SM,22400,19200,85.71
20,2467,UNIMECH,EQ,769070,233793,30.40
20,2468,UNIONBANK,EQ,10705000,3592318,33.56
20,2469,UNIPARTS,EQ,58930,47841,81.18
20,2470,UNITDSPR,EQ,777640,458377,58.94
20,2471,UNITEDTEA,EQ,4290,2475,57.69
20,2472,UNIVASTU,EQ,18674,10134,54.27
20,2473,UNIVCABLES,EQ,116622,54402,46.65
20,2474,UNOMINDA,EQ,291553,126221,43.29
20,2475,UPL,EQ,2805890,871657,31.07
20,2476,UPLPP,E1,474407,324406,68.38
20,2477,URAVI,EQ,322,246,76.40
20,2478,URBAN,ST,4000,4000,100.00
20,2479,USASEEDS,SM,1800,1200,66.67
20,2480,USHAFIN,SM,1600,1600,100.00
20,2481,USHAMART,EQ,224670,93852,41.77
20,2482,USK,EQ,121917,71665,58.78
20,2483,UTIAMC,EQ,293985,162734,55.35
20,2484,UTIBANKETF,EQ,70432,62605,88.89
20,2485,UTINEXT50,EQ,77877,68711,88.23
20,2486,UTINIFTETF,EQ,20742,20349,98.11
20,2487,UTISENSETF,EQ,963,892,92.63
20,2488,UTISXN50,EQ,3777,1724,45.64
20,2489,UTKARSHBNK,EQ,2019549,1090109,53.98
20,2490,UTSSAV,ST,54600,54600,100.00
20,2491,UTTAMSUGAR,EQ,31108,13870,44.59
20,2492,UYFINCORP,EQ,135311,60566,44.76
20,2493,VADILALIND,EQ,5506,3863,70.16
20,2494,VAIBHAVGBL,EQ,886425,332454,37.51
20,2495,VAKRANGEE,EQ,24548836,10127287,41.25
20,2496,VAL30IETF,EQ,98850,53754,54.38
20,2497,VALIANTLAB,EQ,50580,22835,45.15
20,2498,VALIANTORG,EQ,57565,25396,44.12
20,2499,VARDHACRLC,EQ,24647,17283,70.12
20,2500,VARROC,EQ,249317,124330,49.87
20,2501,VASA,ST,4000,4000,100.00
20,2502,VASCONEQ,EQ,315914,156221,49.45
20,2503,VASWANI,EQ,195921,95353,48.67
20,2504,VBL,EQ,3645958,2433583,66.75
20,2505,VDEAL,SM,6000,6000,100.00
20,2506,VEDL,EQ,4870742,2123561,43.60
20,2507,VEEDOL,EQ,12063,6342,52.57
20,2508,VEEKAYEM,ST,500,500,100.00
20,2509,VELS,SM,3600,3600,100.00
20,2510,VENKEYS,EQ,11212,4804,42.85
20,2511,VENTIVE,EQ,342111,155082,45.33
20,2512,VENUSPIPES,EQ,37775,19738,52.25
20,2513,VENUSREM,EQ,7401,4379,59.17
20,2514,VERA,ST,7500,7500,100.00
20,2515,VERANDA,EQ,47801,22953,48.02
20,2516,VERTEXPLUS,SM,600,600,100.00
20,2517,VERTOZ,EQ,3306844,1220985,36.92
20,2518,VESUVIUS,EQ,4465,1891,42.35
20,2519,VGUARD,EQ,102991,47049,45.68
20,2520,VHL,EQ,899,593,65.96
20,2521,VIAZ,SM,26000,18000,69.23
20,2522,VIDHIING,EQ,19458,10877,55.90
20,2523,VIESL,SM,41600,29600,71.15
20,2524,VIJAYA,EQ,876493,268791,30.67
20,2525,VIKASECO,EQ,3526493,1581281,44.84
20,2526,VIKASLIFE,EQ,3142486,1919836,61.09
20,2527,VILAS,ST,10750,9500,88.37
20,2528,VILINBIO,SM,24000,16000,66.67
20,2529,VIMTALABS,EQ,36891,15615,42.33
20,2530,VINATIORGA,EQ,113618,19753,17.39
20,2531,VINCOFE,EQ,283527,204827,72.24
20,2532,VINDHYATEL,EQ,10095,5192,51.43
20,2533,VINEETLAB,EQ,19326,12669,65.55
20,2534,VINSYS,SM,30500,27500,90.16
20,2535,VINYAS,ST,14400,14400,100.00
20,2536,VINYLINDIA,EQ,20626,9413,45.64
20,2537,VIPCLOTHNG,EQ,113191,74164,65.52
20,2538,VIPIND,EQ,163687,85855,52.45
20,2539,VIRINCHI,EQ,216142,111578,51.62
20,2540,VISAKAIND,EQ,1863225,434689,23.33
20,2541,VISHNU,EQ,89431,44919,50.23
20,2542,VISHNUINFR,ST,10000,10000,100.00
20,2543,VISHWARAJ,EQ,549817,259881,47.27
20,2544,VISHWAS,SM,11200,9600,85.71
20,2545,VITAL,SM,13200,10800,81.82
20,2546,VIVIANA,ST,6375,5625,88.24
20,2547,VIVIDHA,EQ,269650,159539,59.17
20,2548,VLEGOV,EQ,865672,492027,56.84
20,2549,VLINFRA,ST,6000,6000,100.00
20,2550,VLSFINANCE,EQ,22472,13004,57.87
20,2551,VMARCIND,ST,54750,54750,100.00
20,2552,VMART,EQ,23814,12468,52.36
20,2553,VMM,EQ,37520221,9805664,26.13
20,2554,VOLTAMP,EQ,32611,20513,62.90
20,2555,VOLTAS,EQ,622759,367763,59.05
20,2556,VPRPL,EQ,539477,216431,40.12
20,2557,VR,ST,400,400,100.00
20,2558,VRAJ,EQ,35181,19774,56.21
20,2559,VRLLOG,EQ,42906,21890,51.02
20,2560,VSSL,EQ,10034,4616,46.00
20,2561,VSTIND,EQ,88654,47985,54.13
20,2562,VSTL,EQ,8178,5967,72.96
20,2563,VSTTILLERS,EQ,1166,512,43.91
20,2564,VTL,EQ,81768,35900,43.90
20,2565,WAAREEENER,EQ,1032882,355554,34.42
20,2566,WABAG,EQ,219192,108241,49.38
20,2567,WALCHANNAG,EQ,761432,270713,35.55
20,2568,WALPAR,SM,4000,4000,100.00
20,2569,WCIL,EQ,139122,64082,46.06
20,2570,WEIZMANIND,EQ,1992,1069,53.66
20,2571,WEL,EQ,426324,164997,38.70
20,2572,WELCORP,EQ,384927,195216,50.72
20,2573,WELENT,EQ,151698,49356,32.54
20,2574,WELINV,EQ,2610,1974,75.63
20,2575,WELSPUNLIV,EQ,1137492,655424,57.62
20,2576,WENDT,EQ,184,109,59.24
20,2577,WESTLIFE,EQ,36655,13456,36.71
20,2578,WEWIN,EQ,4133,3111,75.27
20,2579,WHEELS,EQ,23103,14962,64.76
20,2580,WHIRLPOOL,EQ,54010,30992,57.38
20,2581,WILLAMAGOR,EQ,8991,883,9.82
20,2582,WINDLAS,EQ,29558,14209,48.07
20,2583,WINDMACHIN,EQ,320495,125866,39.27
20,2584,WINNY,ST,44500,38500,86.52
20,2585,WINSOL,SM,25200,18800,74.60
20,2586,WIPRO,EQ,7964702,3629759,45.57
20,2587,WOCKPHARMA,EQ,227349,119699,52.65
20,2588,WOL3D,SM,2000,2000,100.00
20,2589,WOMANCART,ST,4800,4800,100.00
20,2590,WONDERLA,EQ,34402,12544,36.46
20,2591,WORTH,EQ,29841,17792,59.62
20,2592,WSI,EQ,39649,20177,50.89
20,2593,WSTCSTPAPR,EQ,45953,24026,52.28
20,2594,WTICAB,ST,35000,35000,100.00
20,2595,XCHANGING,EQ,97847,57009,58.26
20,2596,XELPMOC,EQ,7557,4198,55.55
20,2597,XPROINDIA,EQ,34819,11282,32.40
20,2598,XTGLOBAL,EQ,79741,44570,55.89
20,2599,YASHO,EQ,7856,3449,43.90
20,2600,YASHOPTICS,SM,35200,35200,100.00
20,2601,YATHARTH,EQ,369031,226393,61.35
20,2602,YATRA,EQ,84361,44538,52.79
20,2603,YCCL,SM,12000,12000,100.00
20,2604,YESBANK,EQ,71629389,27559617,38.48
20,2605,YUDIZ,SM,1600,1600,100.00
20,2606,YUKEN,EQ,125900,36201,28.75
20,2607,ZAGGLE,EQ,417985,276020,66.04
20,2608,ZEAL,SM,6000,3600,60.00
20,2609,ZEEL,EQ,9825159,2744401,27.93
20,2610,ZEELEARN,EQ,3844830,2297035,59.74
20,2611,ZEEMEDIA,EQ,3151455,1633424,51.83
20,2612,ZENITHDRUG,ST,62400,61600,98.72
20,2613,ZENITHEXPO,EQ,97,71,73.20
20,2614,ZENITHSTL,EQ,77590,61351,79.07
20,2615,ZENSARTECH,EQ,502402,168289,33.50
20,2616,ZENTEC,EQ,464707,138364,29.77
20,2617,ZFCVINDIA,EQ,13482,10024,74.35
20,2618,ZIMLAB,EQ,49988,31526,63.07
20,2619,ZODIAC,EQ,6829,4361,63.86
20,2620,ZODIACLOTH,EQ,7716,4018,52.07
20,2621,ZOMATO,EQ,49569418,23725698,47.86
20,2622,ZOTA,EQ,224591,79419,35.36
20,2623,ZTECH,ST,2400,2400,100.00
20,2624,ZUARI,EQ,233242,103262,44.27
20,2625,ZUARIIND,EQ,40404,22922,56.73
20,2626,ZYDUSLIFE,EQ,4533779,1234616,27.23
20,2627,ZYDUSWELL,EQ,7581,3750,49.47
