Security Wise Delivery Position - Compulsory Rolling Settlement
10,MTO,24012025,935392058,0002618
Trade Date <24-JAN-2025>,Settlement Type <N>
Record Type,Sr No,Name of Security,Quantity Traded,Deliverable Quantity(gross across client level),% of Deliverable Quantity to Traded Quantity
20,1,0MOFSL26,N1,56,56,100.00
20,2,0MOFSL27,N3,50,50,100.00
20,3,1003IIFL29,NC,20,20,100.00
20,4,1003ISFL28,N4,5651,5651,100.00
20,5,1015ECL29,NR,62,53,85.48
20,6,1018GS2026,GS,2020,2020,100.00
20,7,1025UCL25,N8,10,10,100.00
20,8,1035UCL26,NA,15,15,100.00
20,9,1040NFL26,NA,48,48,100.00
20,10,1049DLS25A,Y5,9,9,100.00
20,11,1050IIFL29,ND,20,20,100.00
20,12,1050ISFL28,N5,30,30,100.00
20,13,1050NFL26,N7,23,23,100.00
20,14,1050UCL25,N7,67,67,100.00
20,15,105IIFL29,N7,154,152,98.70
20,16,105UCL2026,NB,3,3,100.00
20,17,1060ECL29,NS,395,365,92.41
20,18,1075UCL25,N9,3,3,100.00
20,19,10IIFL28,N4,569,569,100.00
20,20,10IIFL28A,NE,81,80,98.77
20,21,10IIFL29,N6,5,5,100.00
20,22,10ISFL26,N3,30,30,100.00
20,23,10NFL25,N9,3,3,100.00
20,24,10NIDO26,N6,200,200,100.00
20,25,119VCCL26,N0,1,1,100.00
20,26,182D030725,TB,100,100,100.00
20,27,182D050625,TB,100,100,100.00
20,28,182D130325,TB,300,200,66.67
20,29,182D270225,TB,100,100,100.00
20,30,20MICRONS,EQ,179701,87400,48.64
20,31,360ONE,EQ,297675,154636,51.95
20,32,364D030425,TB,900,500,55.56
20,33,364D120625,TB,15000,15000,100.00
20,34,364D161025,TB,1500,1500,100.00
20,35,364D180425,TB,100,100,100.00
20,36,364D190625,TB,200,100,50.00
20,37,364D200325,TB,4000,3900,97.50
20,38,364D310725,TB,100,100,100.00
20,39,3IINFOLTD,EQ,206388,99144,48.04
20,40,3MINDIA,EQ,8761,1437,16.40
20,41,579GS2030,GS,50,50,100.00
20,42,5PAISA,EQ,26745,12606,47.13
20,43,622GS2035,GS,682,341,50.00
20,44,63MOONS,EQ,145737,67644,46.42
20,45,667GS2035,GS,3,3,100.00
20,46,667GS2050,GS,7,2,28.57
20,47,675GS2029,GS,200,200,100.00
20,48,676GS2061,GS,64,64,100.00
20,49,679GS2034,GS,200,200,100.00
20,50,679GS2034A,GS,1200,1200,100.00
20,51,68GS2060,GS,408,408,100.00
20,52,692GS2039,GS,1000,1000,100.00
20,53,695GS2061,GS,5701,5701,100.00
20,54,698GR2054,GS,100,100,100.00
20,55,699GS2026,GS,250,250,100.00
20,56,699GS2051,GS,10,10,100.00
20,57,702GS2031,GS,6001,6000,99.98
20,58,704GS2029,GS,1000,1000,100.00
20,59,706GS2028,GS,4500,4400,97.78
20,60,709GS2054,GS,100,100,100.00
20,61,709GS2074,GS,300,300,100.00
20,62,710GS2029,GS,3506,3506,100.00
20,63,717GS2030,GS,201,201,100.00
20,64,718GS2037,GS,134541,133741,99.41
20,65,71GS2034,GS,491,490,99.80
20,66,725GS2063,GS,25498,25498,100.00
20,67,726GS2032,GS,25001,25001,100.00
20,68,726GS2033,GS,15000,15000,100.00
20,69,729IRFC26,NN,14,14,100.00
20,70,729NHAI26,NC,109,100,91.74
20,71,732GS2030,GS,100,100,100.00
20,72,733GS2026,GS,3630,3630,100.00
20,73,734GS2064,GS,4200,4200,100.00
20,74,736GS2052,GS,494,419,84.82
20,75,737NTPC35C,NA,40,40,100.00
20,76,738GS2027,GS,60678,57007,93.95
20,77,738REC27TF,N2,2003,1003,50.07
20,78,739NHAI26,N8,294,294,100.00
20,79,73GS2053,GS,5104,5104,100.00
20,80,741GS2036,GS,1,1,100.00
20,81,743REC35,NH,151,151,100.00
20,82,746GS2073,GS,8976,8976,100.00
20,83,74GS2062,GS,34,32,94.12
20,84,753IRFC30,NJ,1,1,100.00
20,85,754GS2036,GS,160655,158405,98.60
20,86,759GS2026,GS,40,20,50.00
20,87,762NTPC35F,ND,124,124,100.00
20,88,764HUDCO31,N8,569,500,87.87
20,89,764IRFC31,NO,1000,1000,100.00
20,90,764NABAR31,N2,1680,1370,81.55
20,91,766GJ30A,SG,1000,1000,100.00
20,92,769HUDCO31,N9,532,521,97.93
20,93,769NHAI31,NE,1371,1092,79.65
20,94,76IGT26,ND,250,250,100.00
20,95,76NHAI31,NA,7061,6850,97.01
20,96,772GS2055,GS,330,165,50.00
20,97,774IREDA31,N7,50,50,100.00
20,98,79IGT28,NF,46,46,100.00
20,99,79NHIT35,N1,30,30,100.00
20,100,802WB37,SG,100,100,100.00
20,101,810IRFC27,N2,3128,2911,93.06
20,102,812REC27,NI,591,591,100.00
20,103,815GS2026,GS,2,2,100.00
20,104,81TCHF28,N8,554,401,72.38
20,105,820IIFL27,N9,500,500,100.00
20,106,824GS2027,GS,2068,2034,98.36
20,107,82HUDCO27,N2,740,450,60.81
20,108,830NHAI27,N2,8284,5450,65.79
20,109,830PFCL27,N5,100,100,100.00
20,110,833GS2026,GS,5,4,80.00
20,111,835IFL25,NV,119,118,99.16
20,112,842IIFL26,NL,9,9,100.00
20,113,843IHFL29,NC,162,148,91.36
20,114,849NTPC25,N7,753340,500878,66.49
20,115,84TCHF28,NA,600,600,100.00
20,116,850NHAI29,N5,144,144,100.00
20,117,865IFL28,NZ,590,590,100.00
20,118,865IIFL28,NS,1018,1018,100.00
20,119,865IRFC29,NA,1,1,100.00
20,120,865LTF26,NN,150,150,100.00
20,121,865TCAPS27,N8,240,170,70.83
20,122,871REC28,N9,3523,2647,75.13
20,123,875NHAI29,N6,291,200,68.73
20,124,875PCHFL26,N8,87,87,100.00
20,125,875SCL23A,YI,10,10,100.00
20,126,875SFL27,ZF,759,500,65.88
20,127,876HUDCO28,ND,100,100,100.00
20,128,87LTF27,NH,197,148,75.13
20,129,885IHL26,N1,148,148,100.00
20,130,885MOFSL26,N0,50,50,100.00
20,131,888ERFL28,N5,5,5,100.00
20,132,888IHFL25F,NC,61,61,100.00
20,133,888REC29,NF,3,2,66.67
20,134,888SCL25E,N4,1,1,100.00
20,135,890SFIL23A,NZ,18,18,100.00
20,136,891IIFCL34,N4,97,72,74.23
20,137,891NTPC33,N6,2600,1210,46.54
20,138,892NHPC33,N6,81,81,100.00
20,139,892PFCL33,N8,294,84,28.57
20,140,894SCL27,ZY,5,5,100.00
20,141,897GS2030,GS,1100,1100,100.00
20,142,898LTF29,N7,761,564,74.11
20,143,901HUDCO34,NE,89,89,100.00
20,144,901NHB34,N6,533,70,13.13
20,145,905PEL26,N1,25,25,100.00
20,146,905SC24B,Z9,50,50,100.00
20,147,910TCAP28,NA,200,200,100.00
20,148,915SCL26,NE,1474,1474,100.00
20,149,916SCL25,ZW,6,6,100.00
20,150,91D200325,TB,100,100,100.00
20,151,91D280325,TB,1000,1000,100.00
20,152,91D300125,TB,100,100,100.00
20,153,91MOFSL27,N2,10,10,100.00
20,154,921ISFL25,N0,100,100,100.00
20,155,925AEL26,N1,37,37,100.00
20,156,925IHFL25D,N6,100,100,100.00
20,157,925IHFL25E,N8,100,100,100.00
20,158,92GS2030,GS,21793,21592,99.08
20,159,92SFIL28,ND,50,50,100.00
20,160,935TSI34,N0,5,5,100.00
20,161,943ECL28,NJ,60,60,100.00
20,162,948SCL26,N9,20,20,100.00
20,163,948SCL26A,NN,50,50,100.00
20,164,948SCL26B,Y8,250,250,100.00
20,165,94IFCI25,NL,1590,1590,100.00
20,166,950SCL23A,AP,100,100,100.00
20,167,956AEL29,N6,326,276,84.66
20,168,957ICCL25,YW,6,5,83.33
20,169,957ISFL26,N2,388,388,100.00
20,170,960ISFL25,N1,31,31,100.00
20,171,965AEL27,N4,74,74,100.00
20,172,965SCFL25,AB,1,1,100.00
20,173,965SCL25B,Y1,20,15,75.00
20,174,965SCL25C,N0,30,30,100.00
20,175,96IIFL28,N5,1724,1724,100.00
20,176,96IIFL28A,NF,917,917,100.00
20,177,970CAGL28,ND,433,433,100.00
20,178,971SCL28,AN,145,145,100.00
20,179,97MOFSL34,N7,65,65,100.00
20,180,97SFL29,YZ,303,303,100.00
20,181,980SCL33D,YG,22,22,100.00
20,182,985ECL28,NK,3,1,33.33
20,183,985IIFL22,NC,550,500,90.91
20,184,990SCL26D,AH,35,35,100.00
20,185,99AEL29,N7,300,250,83.33
20,186,9IIFL28,Y0,70,70,100.00
20,187,9IIFL28A,NT,249,249,100.00
20,188,9MMFSML,N2,603,601,99.67
20,189,9PCHFL31A,NA,40,40,100.00
20,190,9PEL25,N0,375,306,81.60
20,191,9SCL26BA,NA,376,376,100.00
20,192,AAATECH,EQ,21071,12393,58.82
20,193,AADHARHFC,EQ,187325,78057,41.67
20,194,AAKASH,EQ,320100,160601,50.17
20,195,AARON,EQ,10063,4608,45.79
20,196,AARTIDRUGS,EQ,74447,40552,54.47
20,197,AARTIIND,EQ,1822249,663864,36.43
20,198,AARTIPHARM,EQ,166535,87623,52.62
20,199,AARTISURF,EQ,19937,14083,70.64
20,200,AARVI,EQ,2024,1138,56.23
20,201,AATMAJ,SM,18000,18000,100.00
20,202,AAVAS,EQ,185085,89936,48.59
20,203,ABAN,EQ,128162,87377,68.18
20,204,ABB,EQ,145838,63166,43.31
20,205,ABBOTINDIA,EQ,5536,1851,33.44
20,206,ABCAPITAL,EQ,1850615,637227,34.43
20,207,ABCOTS,ST,35500,17500,49.30
20,208,ABDL,EQ,738814,497572,67.35
20,209,ABFRL,EQ,7751636,5022321,64.79
20,210,ABGSEC,EQ,3662,3654,99.78
20,211,ABHAPOWER,ST,25600,19200,75.00
20,212,ABINFRA,EQ,119609,33743,28.21
20,213,ABREL,EQ,112899,49369,43.73
20,214,ABSLAMC,EQ,180244,103010,57.15
20,215,ABSLBANETF,EQ,6568,5576,84.90
20,216,ABSLLIQUID,EQ,13772,13653,99.14
20,217,ABSLNN50ET,EQ,16610,14096,84.86
20,218,ABSLPSE,EQ,273923,193557,70.66
20,219,ABSMARINE,SM,24000,18500,77.08
20,220,ACC,EQ,309897,148761,48.00
20,221,ACCELYA,EQ,95518,54986,57.57
20,222,ACCENTMIC,SM,7500,6500,86.67
20,223,ACCURACY,EQ,127128,69990,55.05
20,224,ACE,EQ,147054,61891,42.09
20,225,ACEINTEG,EQ,15084,11617,77.02
20,226,ACI,EQ,61680,28652,46.45
20,227,ACL,EQ,23559,11810,50.13
20,228,ACLGATI,EQ,199902,97311,48.68
20,229,ACMESOLAR,EQ,591041,309262,52.32
20,230,ADANIENSOL,EQ,2773445,927616,33.45
20,231,ADANIENT,EQ,1388583,359234,25.87
20,232,ADANIGREEN,EQ,4978974,677410,13.61
20,233,ADANIPORTS,EQ,2400140,1002660,41.78
20,234,ADANIPOWER,EQ,4943171,863759,17.47
20,235,ADFFOODS,EQ,186194,91270,49.02
20,236,ADL,EQ,1625,1174,72.25
20,237,ADORWELD,EQ,11117,4015,36.12
20,238,ADSL,EQ,469481,130795,27.86
20,239,ADVANIHOTR,EQ,16610,9860,59.36
20,240,ADVENZYMES,EQ,244425,198671,81.28
20,241,AEGISLOG,EQ,12475594,755588,6.06
20,242,AEROFLEX,EQ,3725113,795386,21.35
20,243,AERON,SM,191000,96000,50.26
20,244,AESTHETIK,SM,36000,26000,72.22
20,245,AETHER,EQ,28871,17675,61.22
20,246,AFCONS,EQ,599647,226951,37.85
20,247,AFFLE,EQ,121593,60267,49.56
20,248,AFFORDABLE,EQ,8290,4373,52.75
20,249,AFIL,EQ,650646,327087,50.27
20,250,AGARIND,EQ,14662,7508,51.21
20,251,AGARWALFT,SM,9000,6000,66.67
20,252,AGARWALTUF,SM,217200,204000,93.92
20,253,AGI,EQ,173434,74917,43.20
20,254,AGIIL,EQ,4049,2838,70.09
20,255,AGNI,SM,10000,10000,100.00
20,256,AGRITECH,EQ,5758,2495,43.33
20,257,AGROPHOS,EQ,22785,10939,48.01
20,258,AGSTRA,EQ,275830,155234,56.28
20,259,AHIMSA,ST,3000,3000,100.00
20,260,AHL,EQ,299249,169572,56.67
20,261,AHLADA,EQ,7923,6323,79.81
20,262,AHLEAST,EQ,5545,3764,67.88
20,263,AHLUCONT,EQ,80276,42364,52.77
20,264,AIAENG,EQ,55445,35324,63.71
20,265,AIIL,EQ,41047,13322,32.46
20,266,AILIMITED,ST,7500,7500,100.00
20,267,AIMTRON,SM,34800,30800,88.51
20,268,AIRAN,EQ,153854,76091,49.46
20,269,AIROLAM,EQ,9581,4085,42.64
20,270,AIRTELPP,E1,718037,606046,84.40
20,271,AISL,SM,8400,7800,92.86
20,272,AJANTPHARM,EQ,39116,16486,42.15
20,273,AJMERA,EQ,62561,34347,54.90
20,274,AJOONI,EQ,456014,228257,50.05
20,275,AKANKSHA,ST,29000,23000,79.31
20,276,AKASH,EQ,3636,2449,67.35
20,277,AKG,EQ,28880,20925,72.45
20,278,AKIKO,SM,139200,62400,44.83
20,279,AKSHARCHEM,EQ,2892,1585,54.81
20,280,AKUMS,EQ,241679,112690,46.63
20,281,AKZOINDIA,EQ,12685,5282,41.64
20,282,ALANKIT,EQ,394396,227774,57.75
20,283,ALBERTDAVD,EQ,2647,1502,56.74
20,284,ALEMBICLTD,EQ,336276,171548,51.01
20,285,ALICON,EQ,5738,2851,49.69
20,286,ALIVUS,EQ,257760,136824,53.08
20,287,ALKALI,EQ,13639,9110,66.79
20,288,ALKEM,EQ,131775,78443,59.53
20,289,ALKYLAMINE,EQ,21711,9967,45.91
20,290,ALLCARGO,EQ,1329074,575547,43.30
20,291,ALLDIGI,EQ,21960,10957,49.90
20,292,ALLETEC,ST,31200,28000,89.74
20,293,ALOKINDS,EQ,4001301,1277795,31.93
20,294,ALPA,EQ,51347,31072,60.51
20,295,ALPEXSOLAR,SM,140400,95200,67.81
20,296,ALPHA,EQ,2231209,983454,44.08
20,297,ALPHAETF,EQ,675469,381565,56.49
20,298,ALPHAGEO,EQ,10292,5509,53.53
20,299,ALPL30IETF,EQ,1934272,1824858,94.34
20,300,ALUWIND,SM,177000,115500,65.25
20,301,AMBER,EQ,1829132,279259,15.27
20,302,AMBEY,SM,74000,42000,56.76
20,303,AMBICAAGAR,EQ,22686,7964,35.11
20,304,AMBIKCO,EQ,5473,3404,62.20
20,305,AMBUJACEM,EQ,3859868,1339644,34.71
20,306,AMDIND,EQ,3297,2332,70.73
20,307,AMEYA,SM,3000,3000,100.00
20,308,AMIORG,EQ,132615,73121,55.14
20,309,AMJLAND,EQ,40254,21763,54.06
20,310,AMNPLST,EQ,14880,5856,39.35
20,311,AMRUTANJAN,EQ,18017,8451,46.91
20,312,ANANDRATHI,EQ,69031,37733,54.66
20,313,ANANTRAJ,EQ,1207696,418661,34.67
20,314,ANDHRAPAP,EQ,103374,66135,63.98
20,315,ANDHRSUGAR,EQ,65985,37162,56.32
20,316,ANGELONE,EQ,1348312,261601,19.40
20,317,ANIKINDS,EQ,3894,2546,65.38
20,318,ANLON,SM,14400,7600,52.78
20,319,ANMOL,EQ,28012,20921,74.69
20,320,ANNAPURNA,SM,84250,67500,80.12
20,321,ANTGRAPHIC,EQ,202154,144376,71.42
20,322,ANUHPHR,EQ,14047,7364,52.42
20,323,ANUP,EQ,29615,10982,37.08
20,324,ANURAS,EQ,42942,9993,23.27
20,325,ANYA,SM,1750000,1370000,78.29
20,326,APARINDS,EQ,195857,152032,77.62
20,327,APCL,EQ,5202,3870,74.39
20,328,APCOTEXIND,EQ,23889,11522,48.23
20,329,APEX,EQ,323089,73270,22.68
20,330,APEXECO,SM,68800,46400,67.44
20,331,APLAPOLLO,EQ,539946,293561,54.37
20,332,APLLTD,EQ,388438,291590,75.07
20,333,APOLLO,EQ,5967535,1949104,32.66
20,334,APOLLOHOSP,EQ,317194,138408,43.64
20,335,APOLLOPIPE,EQ,42935,27235,63.43
20,336,APOLLOTYRE,EQ,1226651,561698,45.79
20,337,APOLSINHOT,EQ,1236,808,65.37
20,338,APRAMEYA,ST,14000,14000,100.00
20,339,APS,SM,95000,48750,51.32
20,340,APTECHT,EQ,60989,22758,37.31
20,341,APTUS,EQ,283007,156266,55.22
20,342,ARABIAN,SM,12000,10000,83.33
20,343,ARCHIDPLY,EQ,6973,2031,29.13
20,344,ARCHIES,EQ,10206,6026,59.04
20,345,ARE&M,EQ,409570,201861,49.29
20,346,ARHAM,SM,11000,9000,81.82
20,347,ARIHANTACA,ST,800,800,100.00
20,348,ARIHANTCAP,EQ,287506,154826,53.85
20,349,ARIHANTSUP,EQ,67547,41926,62.07
20,350,ARKADE,EQ,3543042,1158245,32.69
20,351,ARMANFIN,EQ,49200,25839,52.52
20,352,AROGRANITE,EQ,6674,3909,58.57
20,353,ARROWGREEN,EQ,23599,15450,65.47
20,354,ARTEMISMED,EQ,114645,65496,57.13
20,355,ARVEE,EQ,772,385,49.87
20,356,ARVIND,EQ,1178675,1026677,87.10
20,357,ARVINDFASN,EQ,140972,65821,46.69
20,358,ARVINDPORT,ST,27000,27000,100.00
20,359,ARVSMART,EQ,161890,81566,50.38
20,360,ASAHIINDIA,EQ,95570,69423,72.64
20,361,ASAHISONG,EQ,5611,4217,75.16
20,362,ASAL,EQ,18628,7242,38.88
20,363,ASALCBR,EQ,92787,55142,59.43
20,364,ASHALOG,ST,22000,22000,100.00
20,365,ASHAPURMIN,EQ,359544,183598,51.06
20,366,ASHIANA,EQ,22378,11940,53.36
20,367,ASHOKA,EQ,1758750,779507,44.32
20,368,ASHOKAMET,EQ,36434,28969,79.51
20,369,ASHOKLEY,EQ,9889920,5713029,57.77
20,370,ASIANENE,EQ,110491,65120,58.94
20,371,ASIANPAINT,EQ,543217,252023,46.39
20,372,ASIANTILES,EQ,260923,163319,62.59
20,373,ASKAUTOLTD,EQ,79576,42830,53.82
20,374,ASLIND,SM,2000,2000,100.00
20,375,ASMS,EQ,609356,333953,54.80
20,376,ASPINWALL,EQ,63659,41239,64.78
20,377,ASPIRE,ST,16000,10000,62.50
20,378,ASTEC,EQ,10630,5722,53.83
20,379,ASTERDM,EQ,666889,518233,77.71
20,380,ASTRAL,EQ,380626,182432,47.93
20,381,ASTRAMICRO,EQ,317864,162297,51.06
20,382,ASTRAZEN,EQ,14048,6728,47.89
20,383,ASTRON,EQ,18687,12721,68.07
20,384,ATAM,EQ,15215,5679,37.33
20,385,ATFL,EQ,19248,12576,65.34
20,386,ATGL,EQ,469301,125139,26.66
20,387,ATL,EQ,188060,119261,63.42
20,388,ATMASTCO,ST,27600,26800,97.10
20,389,ATUL,EQ,242572,78508,32.36
20,390,ATULAUTO,EQ,15914,7657,48.11
20,391,AUBANK,EQ,5080264,445475,8.77
20,392,AURDIS,ST,3125,3125,100.00
20,393,AURIONPRO,EQ,28889,13932,48.23
20,394,AUROIMPEX,SM,3200,3200,100.00
20,395,AUROPHARMA,EQ,553259,191158,34.55
20,396,AURUM,EQ,51473,27938,54.28
20,397,AURUMPP1,E1,236,181,76.69
20,398,AUTOAXLES,EQ,3241,2401,74.08
20,399,AUTOBEES,EQ,121275,80643,66.50
20,400,AUTOIETF,EQ,340428,130193,38.24
20,401,AUTOIND,EQ,64506,37675,58.41
20,402,AVADHSUGAR,EQ,56967,29687,52.11
20,403,AVALON,EQ,650782,175936,27.03
20,404,AVANTEL,EQ,571439,241054,42.18
20,405,AVANTIFEED,EQ,6811568,452112,6.64
20,406,AVIANSH,ST,14000,10000,71.43
20,407,AVL,EQ,49896,25301,50.71
20,408,AVPINFRA,ST,800,800,100.00
20,409,AVTNPL,EQ,29458,19334,65.63
20,410,AWFIS,EQ,188723,128247,67.96
20,411,AWHCL,EQ,44850,25227,56.25
20,412,AWL,EQ,2965651,1558173,52.54
20,413,AXISBANK,EQ,14421921,10384597,72.01
20,414,AXISBNKETF,EQ,123,116,94.31
20,415,AXISBPSETF,EQ,15465,13065,84.48
20,416,AXISCETF,EQ,2919,2514,86.13
20,417,AXISGOLD,EQ,140682,105074,74.69
20,418,AXISHCETF,EQ,3884,3207,82.57
20,419,AXISILVER,EQ,15751,9980,63.36
20,420,AXISNIFTY,EQ,5260,5107,97.09
20,421,AXISTECETF,EQ,943,377,39.98
20,422,AXITA,EQ,1614299,400984,24.84
20,423,AXSENSEX,EQ,1100,999,90.82
20,424,AYMSYNTEX,EQ,30984,21114,68.14
20,425,AZAD,EQ,104482,57334,54.87
20,426,BAHETI,ST,1125,1125,100.00
20,427,BAIDFIN,EQ,143077,72375,50.58
20,428,BAJAJ-AUTO,EQ,232317,113759,48.97
20,429,BAJAJCON,EQ,198370,122234,61.62
20,430,BAJAJELEC,EQ,20420,9173,44.92
20,431,BAJAJFINSV,EQ,747930,284120,37.99
20,432,BAJAJHCARE,EQ,228224,83979,36.80
20,433,BAJAJHFL,EQ,8652288,4133420,47.77
20,434,BAJAJHIND,EQ,3929298,1576156,40.11
20,435,BAJAJHLDNG,EQ,28427,12470,43.87
20,436,BAJEL,EQ,108875,50600,46.48
20,437,BAJFINANCE,EQ,679687,293566,43.19
20,438,BALAJEE,EQ,79643,39706,49.85
20,439,BALAMINES,EQ,28928,16140,55.79
20,440,BALAXI,EQ,14494,9704,66.95
20,441,BALCO,ST,1200,1200,100.00
20,442,BALKRISHNA,EQ,25142,12580,50.04
20,443,BALKRISIND,EQ,310533,180669,58.18
20,444,BALMLAWRIE,EQ,130773,62518,47.81
20,445,BALPHARMA,EQ,14794,6587,44.52
20,446,BALRAMCHIN,EQ,500026,204776,40.95
20,447,BALUFORGE,EQ,389268,113231,29.09
20,448,BANARISUG,EQ,1066,1028,96.44
20,449,BANCOINDIA,EQ,84777,45019,53.10
20,450,BANDHANBNK,EQ,2782878,904016,32.48
20,451,BANKA,EQ,13386,7223,53.96
20,452,BANKBARODA,EQ,7498269,2409169,32.13
20,453,BANKBEES,EQ,649855,350925,54.00
20,454,BANKBETF,EQ,23406,8799,37.59
20,455,BANKETF,EQ,851,706,82.96
20,456,BANKETFADD,EQ,1855,842,45.39
20,457,BANKIETF,EQ,150225,64374,42.85
20,458,BANKINDIA,EQ,4111994,1096081,26.66
20,459,BANKNIFTY1,EQ,63269,36138,57.12
20,460,BANKPSU,EQ,2270,800,35.24
20,461,BANSALWIRE,EQ,42317,19734,46.63
20,462,BANSWRAS,EQ,13262,9528,71.84
20,463,BARBEQUE,EQ,107169,58537,54.62
20,464,BARFLEX,ST,490000,426000,86.94
20,465,BASF,EQ,23102,9337,40.42
20,466,BASILIC,ST,47700,46200,96.86
20,467,BASML,EQ,60286,41099,68.17
20,468,BATAINDIA,EQ,116664,40364,34.60
20,469,BAWEJA,SM,6400,4800,75.00
20,470,BAYERCROP,EQ,15721,8644,54.98
20,471,BBETF0432,EQ,857,849,99.07
20,472,BBL,EQ,15918,8458,53.13
20,473,BBNPNBETF,EQ,1204,1033,85.80
20,474,BBNPPGOLD,EQ,439,391,89.07
20,475,BBOX,EQ,526291,347929,66.11
20,476,BBTC,EQ,158736,23950,15.09
20,477,BBTCL,EQ,2503,192,7.67
20,478,BCLIND,EQ,518888,212338,40.92
20,479,BCONCEPTS,EQ,8150,3794,46.55
20,480,BDL,EQ,775369,185994,23.99
20,481,BEACON,SM,12000,8000,66.67
20,482,BEARDSELL,EQ,25410,12339,48.56
20,483,BECTORFOOD,EQ,48736,30305,62.18
20,484,BEDMUTHA,EQ,2851,1956,68.61
20,485,BEL,EQ,10164897,3742733,36.82
20,486,BEML,EQ,133424,40012,29.99
20,487,BEPL,EQ,354111,174593,49.30
20,488,BERGEPAINT,EQ,540500,233368,43.18
20,489,BESTAGRO,EQ,17270,7620,44.12
20,490,BETA,SM,1800,1600,88.89
20,491,BEWLTD,ST,27500,24500,89.09
20,492,BFINVEST,EQ,28891,10134,35.08
20,493,BFSI,EQ,74877,46320,61.86
20,494,BHAGCHEM,EQ,57126,29940,52.41
20,495,BHAGERIA,EQ,42346,22566,53.29
20,496,BHAGYANGR,EQ,36955,19751,53.45
20,497,BHANDARI,EQ,290038,172959,59.63
20,498,BHARATFORG,EQ,459008,192389,41.91
20,499,BHARATGEAR,EQ,38865,11977,30.82
20,500,BHARATRAS,EQ,2294,1217,53.05
20,501,BHARATWIRE,EQ,68945,39276,56.97
20,502,BHARTIARTL,EQ,3620058,2121713,58.61
20,503,BHARTIHEXA,EQ,286293,90854,31.73
20,504,BHEL,EQ,9344993,2819186,30.17
20,505,BIGBLOC,EQ,93069,38939,41.84
20,506,BIKAJI,EQ,127984,67861,53.02
20,507,BIKEWO,SM,6000,6000,100.00
20,508,BINANIIND,EQ,20875,16332,78.24
20,509,BIOCON,EQ,2939290,932790,31.74
20,510,BIOFILCHEM,EQ,29443,10834,36.80
20,511,BIRDYS,SM,1200,1200,100.00
20,512,BIRET,RR,121866,109153,89.57
20,513,BIRLACABLE,EQ,15479,8888,57.42
20,514,BIRLACORPN,EQ,56581,30795,54.43
20,515,BLACKBUCK,EQ,90082,38081,42.27
20,516,BLAL,EQ,50077,24879,49.68
20,517,BLBLIMITED,EQ,71649,39543,55.19
20,518,BLISSGVS,EQ,499543,162564,32.54
20,519,BLKASHYAP,EQ,194168,113791,58.60
20,520,BLS,EQ,2402791,594935,24.76
20,521,BLSE,EQ,214957,121526,56.54
20,522,BLUEDART,EQ,6822,1842,27.00
20,523,BLUEJET,EQ,155912,73725,47.29
20,524,BLUEPEBBLE,SM,20400,15200,74.51
20,525,BLUESTARCO,EQ,450609,348191,77.27
20,526,BMETRICS,SM,5600,4000,71.43
20,527,BODALCHEM,EQ,140271,89318,63.68
20,528,BOMDYEING,EQ,665986,264385,39.70
20,529,BOROLTD,EQ,85917,54267,63.16
20,530,BOROSCI,EQ,34707,20479,59.01
20,531,BOSCHLTD,EQ,15495,5515,35.59
20,532,BPCL,EQ,18480516,6015613,32.55
20,533,BPL,EQ,155875,90613,58.13
20,534,BRIGADE,EQ,322798,198413,61.47
20,535,BRITANNIA,EQ,509954,257216,50.44
20,536,BRNL,EQ,21401,13871,64.81
20,537,BSE,EQ,1241960,289891,23.34
20,538,BSE500IETF,EQ,105910,56995,53.81
20,539,BSHSL,EQ,75026,66219,88.26
20,540,BSL,EQ,20422,10758,52.68
20,541,BSLGOLDETF,EQ,294899,289426,98.14
20,542,BSLNIFTY,EQ,121834,79733,65.44
20,543,BSLSENETFG,EQ,972,792,81.48
20,544,BSOFT,EQ,1201794,296369,24.66
20,545,BULKCORP,SM,14400,7200,50.00
20,546,BURNPUR,EQ,73605,39885,54.19
20,547,BUTTERFLY,EQ,5760,4499,78.11
20,548,BVCL,EQ,18012,9068,50.34
20,549,C2C,SM,252000,160800,63.81
20,550,CADSYS,ST,10000,9500,95.00
20,551,CAMLINFINE,EQ,498863,168146,33.71
20,552,CAMPUS,EQ,136963,51902,37.89
20,553,CAMS,EQ,332673,111475,33.51
20,554,CANARYS,SM,84000,60000,71.43
20,555,CANBK,EQ,12610574,4125376,32.71
20,556,CANFINHOME,EQ,254312,74751,29.39
20,557,CANTABIL,EQ,166063,69398,41.79
20,558,CAPACITE,EQ,555433,262387,47.24
20,559,CAPINVIT,IV,366899,353859,96.45
20,560,CAPITALSFB,EQ,54034,42414,78.50
20,561,CAPLIPOINT,EQ,140951,50208,35.62
20,562,CARBORUNIV,EQ,56447,28430,50.37
20,563,CAREERP,EQ,8210,5114,62.29
20,564,CARERATING,EQ,37122,24687,66.50
20,565,CARRARO,EQ,142425,40097,28.15
20,566,CARTRADE,EQ,261853,123209,47.05
20,567,CARYSIL,EQ,30779,15503,50.37
20,568,CASTROLIND,EQ,1603263,520996,32.50
20,569,CCHHL,EQ,15942,12573,78.87
20,570,CCL,EQ,135387,74570,55.08
20,571,CDSL,EQ,2204447,919492,41.71
20,572,CEATLTD,EQ,43270,10439,24.13
20,573,CEIGALL,EQ,45431,25486,56.10
20,574,CELEBRITY,EQ,35854,24088,67.18
20,575,CELLECOR,SM,939000,471000,50.16
20,576,CELLO,EQ,251053,192314,76.60
20,577,CELLPOINT,SM,7200,3600,50.00
20,578,CENTENKA,EQ,18121,9203,50.79
20,579,CENTEXT,EQ,52873,34293,64.86
20,580,CENTRALBK,EQ,3224070,1085997,33.68
20,581,CENTRUM,EQ,111545,55500,49.76
20,582,CENTUM,EQ,11615,6531,56.23
20,583,CENTURYPLY,EQ,169905,75343,44.34
20,584,CERA,EQ,17730,11514,64.94
20,585,CESC,EQ,7941642,4234231,53.32
20,586,CEWATER,EQ,242642,98883,40.75
20,587,CGCL,EQ,36691033,915136,2.49
20,588,CGPOWER,EQ,3027288,1465125,48.40
20,589,CGRAPHICS,SM,20000,14400,72.00
20,590,CHALET,EQ,252299,101960,40.41
20,591,CHAMBLFERT,EQ,1579796,295360,18.70
20,592,CHAVDA,SM,36000,25000,69.44
20,593,CHEMBOND,EQ,33069,11572,34.99
20,594,CHEMCON,EQ,18588,10588,56.96
20,595,CHEMFAB,EQ,4055,2136,52.68
20,596,CHEMPLASTS,EQ,26077,15676,60.11
20,597,CHENNPETRO,EQ,896077,349712,39.03
20,598,CHETANA,SM,22400,17600,78.57
20,599,CHEVIOT,EQ,2551,1553,60.88
20,600,CHOICEIN,EQ,314768,77060,24.48
20,601,CHOLAFIN,EQ,1118698,701933,62.75
20,602,CHOLAHLDNG,EQ,541455,481253,88.88
20,603,CIEINDIA,EQ,215352,171672,79.72
20,604,CIGNITITEC,EQ,327511,90186,27.54
20,605,CINEVISTA,EQ,18786,14391,76.60
20,606,CIPLA,EQ,1615412,903032,55.90
20,607,CLEAN,EQ,65923,43644,66.20
20,608,CLEDUCATE,EQ,460471,247453,53.74
20,609,CLOUD,SZ,61000,54000,88.52
20,610,CLSEL,EQ,44018,17094,38.83
20,611,CLSL,SM,16000,16000,100.00
20,612,CMMIPL,SZ,6000,6000,100.00
20,613,CMNL,ST,3000,3000,100.00
20,614,CMRSL,SM,2400,2400,100.00
20,615,CMSINFO,EQ,1676327,1380703,82.36
20,616,COALINDIA,EQ,5351964,2247133,41.99
20,617,COASTCORP,EQ,18316,8320,45.42
20,618,COCHINSHIP,EQ,269316,139115,51.65
20,619,COFORGE,EQ,840679,147470,17.54
20,620,COLPAL,EQ,390318,200227,51.30
20,621,COMMITTED,ST,52800,48000,90.91
20,622,COMMOIETF,EQ,114989,91425,79.51
20,623,COMPUSOFT,EQ,23875,15220,63.75
20,624,CONCOR,EQ,653677,311431,47.64
20,625,CONCORDBIO,EQ,78190,46569,59.56
20,626,CONFIPET,EQ,223066,94471,42.35
20,627,CONS,EQ,1966,1654,84.13
20,628,CONSOFINVT,EQ,42171,10193,24.17
20,629,CONSUMBEES,EQ,270614,126723,46.83
20,630,CONSUMER,EQ,35941,26889,74.81
20,631,CONSUMIETF,EQ,10788,5363,49.71
20,632,CONTI,ST,3333,3333,100.00
20,633,CONTROLPR,EQ,11758,4113,34.98
20,634,COOLCAPS,ST,4000,4000,100.00
20,635,CORALFINAC,EQ,10406,7096,68.19
20,636,CORDSCABLE,EQ,16617,9836,59.19
20,637,COROMANDEL,EQ,241092,114885,47.65
20,638,COSMOFIRST,EQ,77724,32230,41.47
20,639,COUNCODOS,EQ,69662,55074,79.06
20,640,CPSEETF,EQ,1358978,679434,50.00
20,641,CRAFTSMAN,EQ,32203,26648,82.75
20,642,CRAYONS,SM,11000,10000,90.91
20,643,CREATIVE,EQ,19302,13403,69.44
20,644,CREDITACC,EQ,582590,137063,23.53
20,645,CREST,EQ,3165,2474,78.17
20,646,CRISIL,EQ,69898,22473,32.15
20,647,CROMPTON,EQ,1292811,573865,44.39
20,648,CROWN,EQ,21762,13921,63.97
20,649,CSBBANK,EQ,96051,41551,43.26
20,650,CSLFINANCE,EQ,29469,15633,53.05
20,651,CTE,EQ,18430,9044,49.07
20,652,CUB,EQ,2542140,1261833,49.64
20,653,CUMMINSIND,EQ,269838,152837,56.64
20,654,CUPID,EQ,607280,148159,24.40
20,655,CYBERMEDIA,EQ,6976,3398,48.71
20,656,CYBERTECH,EQ,194721,102102,52.44
20,657,CYIENT,EQ,14806000,4191476,28.31
20,658,CYIENTDLM,EQ,486088,197506,40.63
20,659,DABUR,EQ,1031251,527911,51.19
20,660,DALBHARAT,EQ,485019,260330,53.67
20,661,DALMIASUG,EQ,25390,9502,37.42
20,662,DAMCAPITAL,EQ,4531444,1189126,26.24
20,663,DAMODARIND,EQ,7041,5780,82.09
20,664,DANGEE,EQ,62849,28787,45.80
20,665,DANISH,SM,142800,88200,61.76
20,666,DATAMATICS,EQ,71416,31390,43.95
20,667,DATAPATTNS,EQ,122410,51130,41.77
20,668,DAVANGERE,EQ,3645380,1556762,42.71
20,669,DBCORP,EQ,61831,31192,50.45
20,670,DBEIL,EQ,143995,45216,31.40
20,671,DBL,EQ,112943,46127,40.84
20,672,DBOL,EQ,74384,35673,47.96
20,673,DBREALTY,EQ,786199,337054,42.87
20,674,DBSTOCKBRO,EQ,21417,18042,84.24
20,675,DCAL,EQ,460560,178828,38.83
20,676,DCBBANK,EQ,593666,274844,46.30
20,677,DCG,SM,42000,33600,80.00
20,678,DCI,EQ,5251,3319,63.21
20,679,DCM,EQ,201351,41342,20.53
20,680,DCMNVL,EQ,15095,11806,78.21
20,681,DCMSHRIRAM,EQ,50556,19645,38.86
20,682,DCMSRIND,EQ,70661,41525,58.77
20,683,DCW,EQ,1435389,860000,59.91
20,684,DCXINDIA,EQ,398084,178544,44.85
20,685,DDEVPLSTIK,EQ,99627,63088,63.32
20,686,DECCANCE,EQ,7673,4516,58.86
20,687,DECCANTRAN,ST,10800,9600,88.89
20,688,DEEDEV,EQ,74639,28463,38.13
20,689,DEEM,SM,2000,2000,100.00
20,690,DEEPAKFERT,EQ,406085,132859,32.72
20,691,DEEPAKNTR,EQ,128968,44716,34.67
20,692,DEEPINDS,EQ,281185,100609,35.78
20,693,DELAPLEX,SM,15600,13200,84.62
20,694,DELHIVERY,EQ,1097225,526819,48.01
20,695,DELTACORP,EQ,711546,372278,52.32
20,696,DELTAMAGNT,EQ,7093,4430,62.46
20,697,DELTIC,ST,117000,113000,96.58
20,698,DEN,EQ,510028,243408,47.72
20,699,DENEERS,ST,4200,4200,100.00
20,700,DENORA,EQ,6653,4858,73.02
20,701,DENTALKART,SM,7000,5000,71.43
20,702,DEVIT,EQ,205276,88773,43.25
20,703,DEVYANI,EQ,1198118,601280,50.19
20,704,DHAMPURSUG,EQ,144237,32757,22.71
20,705,DHANI,EQ,2630865,1195558,45.44
20,706,DHANLAXMI,ST,64000,56000,87.50
20,707,DHANUKA,EQ,16444,8982,54.62
20,708,DHARMAJ,EQ,22793,12576,55.17
20,709,DHRUV,EQ,36564,36251,99.14
20,710,DHTL,SM,2400,800,33.33
20,711,DHUNINV,EQ,355,196,55.21
20,712,DIAMINESQ,EQ,8990,6125,68.13
20,713,DIAMONDYD,EQ,26699,13961,52.29
20,714,DICIND,EQ,217,159,73.27
20,715,DIFFNKG,EQ,30046,22143,73.70
20,716,DIGIDRIVE,EQ,37347,21276,56.97
20,717,DIGIKORE,ST,9400,9000,95.74
20,718,DIGISPICE,EQ,76377,45953,60.17
20,719,DISHTV,EQ,6810069,2434051,35.74
20,720,DIVGIITTS,EQ,9198,7664,83.32
20,721,DIVISLAB,EQ,387486,243775,62.91
20,722,DIVOPPBEES,EQ,28073,18440,65.69
20,723,DIVYADHAN,SM,28000,26000,92.86
20,724,DIXON,EQ,506758,128513,25.36
20,725,DKEGL,SM,4500,4500,100.00
20,726,DLF,EQ,3432119,1361689,39.67
20,727,DLINKINDIA,EQ,56822,30432,53.56
20,728,DMART,EQ,288983,164862,57.05
20,729,DNAMEDIA,EQ,69553,62324,89.61
20,730,DODLA,EQ,22916,10241,44.69
20,731,DOLATALGO,EQ,171314,75239,43.92
20,732,DOLLAR,EQ,30875,16179,52.40
20,733,DOLLEX,SM,12000,12000,100.00
20,734,DOMS,EQ,110943,41436,37.35
20,735,DONEAR,EQ,92302,44909,48.65
20,736,DPABHUSHAN,EQ,10847,4987,45.98
20,737,DPEL,ST,49500,46500,93.94
20,738,DPSCLTD,EQ,91814,67196,73.19
20,739,DPWIRES,EQ,22410,11750,52.43
20,740,DRCSYSTEMS,EQ,70379,42785,60.79
20,741,DREAMFOLKS,EQ,59912,37019,61.79
20,742,DREDGECORP,EQ,11393,6004,52.70
20,743,DRL,SM,12000,12000,100.00
20,744,DRONE,ST,4500,4500,100.00
20,745,DRREDDY,EQ,7082467,3300693,46.60
20,746,DSSL,EQ,44840,23017,51.33
20,747,DTIL,EQ,15594,6775,43.45
20,748,DTL,SM,13200,8400,63.64
20,749,DUCOL,SM,20800,12000,57.69
20,750,DUCON,EQ,716936,425796,59.39
20,751,DUGLOBAL,SM,42500,32500,76.47
20,752,DURLAX,SM,26000,14000,53.85
20,753,DVL,EQ,18771,10217,54.43
20,754,DWARKESH,EQ,451423,191984,42.53
20,755,DYCL,EQ,65281,35456,54.31
20,756,DYNAMATECH,EQ,5736,2305,40.18
20,757,DYNAMIC,ST,45000,36500,81.11
20,758,DYNPRO,EQ,16184,13214,81.65
20,759,EASEMYTRIP,EQ,43280162,7790944,18.00
20,760,EBANKNIFTY,EQ,1959,1414,72.18
20,761,EBBETF0425,EQ,1462,1341,91.72
20,762,EBBETF0430,EQ,15231,14767,96.95
20,763,EBBETF0431,EQ,626,476,76.04
20,764,EBBETF0433,EQ,1673,1659,99.16
20,765,ECAPINSURE,EQ,20783,11487,55.27
20,766,ECLERX,EQ,135497,101072,74.59
20,767,ECOSMOBLTY,EQ,166865,55126,33.04
20,768,EDELWEISS,EQ,1679473,803636,47.85
20,769,EFACTOR,ST,2400,2400,100.00
20,770,EFFWA,ST,6400,6400,100.00
20,771,EFORCE,SM,25200,25200,100.00
20,772,EGOLD,EQ,21639,20034,92.58
20,773,EICHERMOT,EQ,730641,377731,51.70
20,774,EIDPARRY,EQ,130609,57631,44.12
20,775,EIEL,EQ,2363480,587344,24.85
20,776,EIFFL,EQ,37985,29579,77.87
20,777,EIHAHOTELS,EQ,15495,6919,44.65
20,778,EIHOTEL,EQ,386029,177368,45.95
20,779,EIMCOELECO,EQ,15203,11001,72.36
20,780,EKC,EQ,372811,130639,35.04
20,781,ELDEHSG,EQ,185,135,72.97
20,782,ELECON,EQ,643378,302380,47.00
20,783,ELECTCAST,EQ,984790,490107,49.77
20,784,ELGIEQUIP,EQ,66889,25492,38.11
20,785,ELIN,EQ,178373,84156,47.18
20,786,EMAIN,ST,1747000,1746000,99.94
20,787,EMAMILTD,EQ,293990,167418,56.95
20,788,EMAMIPAP,EQ,18054,11301,62.60
20,789,EMBASSY,RR,1444292,1425027,98.67
20,790,EMBDL,EQ,7210364,2340701,32.46
20,791,EMCURE,EQ,100616,79610,79.12
20,792,EMIL,EQ,793949,623561,78.54
20,793,EMKAYTOOLS,SM,1500,900,60.00
20,794,EMMBI,EQ,91207,40631,44.55
20,795,EMMIL,ST,11500,10000,86.96
20,796,EMSLIMITED,EQ,289694,79090,27.30
20,797,EMUDHRA,EQ,138975,49992,35.97
20,798,EMULTIMQ,EQ,32808,27693,84.41
20,799,ENDURANCE,EQ,225725,203688,90.24
20,800,ENFUSE,ST,14400,13200,91.67
20,801,ENGINERSIN,EQ,1618453,527284,32.58
20,802,ENIL,EQ,8733,5188,59.41
20,803,ENSER,ST,7000,7000,100.00
20,804,ENTERO,EQ,13402,6889,51.40
20,805,ENVIRO,SM,42000,30000,71.43
20,806,EPACK,EQ,777746,375866,48.33
20,807,EPIGRAL,EQ,31366,16625,53.00
20,808,EPL,EQ,757336,388176,51.26
20,809,EQUAL50ADD,EQ,3676,2627,71.46
20,810,EQUITASBNK,EQ,1521447,632701,41.59
20,811,ERIS,EQ,51139,31027,60.67
20,812,ESABINDIA,EQ,2466,1451,58.84
20,813,ESAFSFB,EQ,265172,143653,54.17
20,814,ESCONET,ST,2800,2800,100.00
20,815,ESCORTS,EQ,71203,14083,19.78
20,816,ESFL,SM,33480,27720,82.80
20,817,ESG,EQ,10550,7569,71.74
20,818,ESILVER,EQ,64785,64775,99.98
20,819,ESPRIT,ST,48000,40000,83.33
20,820,ESTER,EQ,224411,79859,35.59
20,821,ETHOSLTD,EQ,60212,40893,67.92
20,822,ETML,SM,14400,12000,83.33
20,823,EUREKAFORB,EQ,205270,158665,77.30
20,824,EUROBOND,SM,10000,5000,50.00
20,825,EVEREADY,EQ,50717,24456,48.22
20,826,EVERESTIND,EQ,31333,21187,67.62
20,827,EVINDIA,EQ,470856,292615,62.15
20,828,EXCELINDUS,EQ,10473,5716,54.58
20,829,EXICOM,EQ,440661,260670,59.15
20,830,EXIDEIND,EQ,1991642,699395,35.12
20,831,EXPLEOSOL,EQ,14810,10189,68.80
20,832,EXXARO,EQ,1352579,535098,39.56
20,833,FACT,EQ,340818,53460,15.69
20,834,FAIRCHEMOR,EQ,73914,27511,37.22
20,835,FALCONTECH,SM,3600,3600,100.00
20,836,FAZE3Q,EQ,11242,6047,53.79
20,837,FCL,EQ,297841,110643,37.15
20,838,FCSSOFT,EQ,2492229,1553086,62.32
20,839,FDC,EQ,69508,33918,48.80
20,840,FEDERALBNK,EQ,7657794,4761187,62.17
20,841,FEDFINA,EQ,269425,144324,53.57
20,842,FELIX,ST,19500,19500,100.00
20,843,FIBERWEB,EQ,65919,36224,54.95
20,844,FICRF3GP,MF,1000,1000,100.00
20,845,FIDEL,ST,2000,2000,100.00
20,846,FIEMIND,EQ,32098,19974,62.23
20,847,FILATEX,EQ,863490,401603,46.51
20,848,FINCABLES,EQ,167855,90600,53.98
20,849,FINEORG,EQ,8469,4014,47.40
20,850,FINIETF,EQ,54647,29171,53.38
20,851,FINOPB,EQ,65866,31342,47.58
20,852,FINPIPE,EQ,843971,421513,49.94
20,853,FIRSTCRY,EQ,379946,172793,45.48
20,854,FIVESTAR,EQ,2063420,242461,11.75
20,855,FLAIR,EQ,53759,33648,62.59
20,856,FLUOROCHEM,EQ,50375,23144,45.94
20,857,FMCGIETF,EQ,832989,575292,69.06
20,858,FMGOETZE,EQ,26829,15846,59.06
20,859,FOCUS,EQ,260170,163968,63.02
20,860,FONEBOX,SM,2000,2000,100.00
20,861,FOODSIN,EQ,127305,71028,55.79
20,862,FORCAS,ST,257600,201600,78.26
20,863,FORCEMOT,EQ,17863,7264,40.67
20,864,FORGEAUTO,SM,15600,12000,76.92
20,865,FORTIS,EQ,775798,373351,48.12
20,866,FOSECOIND,EQ,1654,1223,73.94
20,867,FRESHARA,ST,12000,12000,100.00
20,868,FROG,SM,218800,117200,53.56
20,869,FSL,EQ,23926522,2425520,10.14
20,870,FUSION,EQ,335794,186948,55.67
20,871,GABRIEL,EQ,155970,55086,35.32
20,872,GAEL,EQ,504754,272070,53.90
20,873,GAIL,EQ,6235286,3148449,50.49
20,874,GALAPREC,EQ,45524,18798,41.29
20,875,GALAXYSURF,EQ,16662,12790,76.76
20,876,GALLANTT,EQ,10892,7892,72.46
20,877,GANDHAR,EQ,209944,101817,48.50
20,878,GANDHITUBE,EQ,1668,868,52.04
20,879,GANECOS,EQ,40895,17946,43.88
20,880,GANESHBE,EQ,299872,175661,58.58
20,881,GANESHHOUC,EQ,168630,63409,37.60
20,882,GANESHIN,SM,491200,372800,75.90
20,883,GANGAFORGE,EQ,261816,124232,47.45
20,884,GANGESSECU,EQ,20770,3981,19.17
20,885,GARFIBRES,EQ,54779,29369,53.61
20,886,GARUDA,EQ,996625,334150,33.53
20,887,GATEWAY,EQ,483767,325788,67.34
20,888,GEECEE,EQ,4537,2084,45.93
20,889,GEEKAYWIRE,EQ,24512,15458,63.06
20,890,GENCON,EQ,24928,14362,57.61
20,891,GENESYS,EQ,215364,97620,45.33
20,892,GENSOL,EQ,52057,29932,57.50
20,893,GENUSPAPER,EQ,156017,92594,59.35
20,894,GENUSPOWER,EQ,361539,181318,50.15
20,895,GEOJITFSL,EQ,182606,90834,49.74
20,896,GEPIL,EQ,140223,71602,51.06
20,897,GESHIP,EQ,235455,126866,53.88
20,898,GFLLIMITED,EQ,50457,28806,57.09
20,899,GGBL,SM,117300,87000,74.17
20,900,GHCL,EQ,166526,48543,29.15
20,901,GHCLTEXTIL,EQ,135754,97074,71.51
20,902,GICHSGFIN,EQ,64926,33377,51.41
20,903,GICL,ST,39000,39000,100.00
20,904,GICRE,EQ,764820,248555,32.50
20,905,GILLETTE,EQ,6442,2268,35.21
20,906,GILT5YBEES,EQ,70468,48844,69.31
20,907,GINNIFILA,EQ,26919,8505,31.59
20,908,GIPCL,EQ,194248,74150,38.17
20,909,GIRIRAJ,ST,250,250,100.00
20,910,GKWLIMITED,EQ,134,83,61.94
20,911,GLAND,EQ,148758,69922,47.00
20,912,GLAXO,EQ,141936,87700,61.79
20,913,GLENMARK,EQ,342816,131341,38.31
20,914,GLOBAL,EQ,37701,25264,67.01
20,915,GLOBALPET,SM,4500,4500,100.00
20,916,GLOBE,EQ,2664123,2148467,80.64
20,917,GLOBUSSPR,EQ,79704,35343,44.34
20,918,GLOSTERLTD,EQ,1956,1283,65.59
20,919,GMBREW,EQ,18247,9612,52.68
20,920,GMDCLTD,EQ,648571,233927,36.07
20,921,GMMPFAUDLR,EQ,22351,12299,55.03
20,922,GMRAIRPORT,EQ,10814737,6215918,57.48
20,923,GMRP&UI,EQ,988444,497613,50.34
20,924,GNA,EQ,17706,8702,49.15
20,925,GNFC,EQ,579997,153591,26.48
20,926,GOACARBON,EQ,8053,3743,46.48
20,927,GOCLCORP,EQ,19629,13150,66.99
20,928,GOCOLORS,EQ,10791,5128,47.52
20,929,GODAVARIB,EQ,76818,45275,58.94
20,930,GODFRYPHLP,EQ,69869,15242,21.82
20,931,GODIGIT,EQ,12899118,466383,3.62
20,932,GODREJAGRO,EQ,126303,57480,45.51
20,933,GODREJCP,EQ,377449,191597,50.76
20,934,GODREJIND,EQ,71420,29012,40.62
20,935,GODREJPROP,EQ,834443,475721,57.01
20,936,GOKEX,EQ,49357,19826,40.17
20,937,GOKULAGRO,EQ,223574,99469,44.49
20,938,GOLD1,EQ,630128,467668,74.22
20,939,GOLDBEES,EQ,14874711,11688929,78.58
20,940,GOLDCASE,EQ,664050,470502,70.85
20,941,GOLDETF,EQ,138397,117495,84.90
20,942,GOLDETFADD,EQ,34842,32350,92.85
20,943,GOLDIAM,EQ,1099761,418631,38.07
20,944,GOLDIETF,EQ,6662021,4266236,64.04
20,945,GOLDSHARE,EQ,154966,133140,85.92
20,946,GOLDSTAR,SM,56250,22500,40.00
20,947,GOODLUCK,EQ,77368,37285,48.19
20,948,GOPAL,EQ,145879,84863,58.17
20,949,GOYALALUM,EQ,73491,46978,63.92
20,950,GOYALSALT,SM,8400,6600,78.57
20,951,GPECO,ST,23400,22800,97.44
20,952,GPIL,EQ,807859,335462,41.52
20,953,GPPL,EQ,1848193,973368,52.67
20,954,GPTHEALTH,EQ,100026,53813,53.80
20,955,GPTINFRA,EQ,203212,91682,45.12
20,956,GRANULES,EQ,2564411,400207,15.61
20,957,GRAPHISAD,ST,12000,10800,90.00
20,958,GRAPHITE,EQ,733485,182050,24.82
20,959,GRASIM,EQ,1510105,930222,61.60
20,960,GRAVITA,EQ,223491,101039,45.21
20,961,GRCL,SM,750,750,100.00
20,962,GREAVESCOT,EQ,3254775,640326,19.67
20,963,GREENCHEF,SM,21600,19200,88.89
20,964,GREENLAM,EQ,14562,3636,24.97
20,965,GREENPANEL,EQ,46727,16381,35.06
20,966,GREENPLY,EQ,82116,32708,39.83
20,967,GREENPOWER,EQ,1931898,733698,37.98
20,968,GRINDWELL,EQ,26777,8374,31.27
20,969,GRINFRA,EQ,9323,4558,48.89
20,970,GRMOVER,EQ,91641,47393,51.72
20,971,GROBTEA,EQ,279,210,75.27
20,972,GROWWDEFNC,EQ,96182,68614,71.34
20,973,GROWWEV,EQ,432698,262203,60.60
20,974,GROWWGOLD,EQ,240202,114409,47.63
20,975,GROWWLIQID,EQ,36714,26702,72.73
20,976,GRPLTD,EQ,2279,1702,74.68
20,977,GRSE,EQ,310788,73328,23.59
20,978,GRWRHITECH,EQ,48899,19280,39.43
20,979,GSEC10ABSL,EQ,166,166,100.00
20,980,GSEC10IETF,EQ,140,140,100.00
20,981,GSEC10YEAR,EQ,8850,5831,65.89
20,982,GSEC5IETF,EQ,10,5,50.00
20,983,GSFC,EQ,957537,342549,35.77
20,984,GSLSU,EQ,196430,164382,83.68
20,985,GSMFOILS,ST,12000,12000,100.00
20,986,GSPL,EQ,323590,127564,39.42
20,987,GSS,EQ,31026,15623,50.35
20,988,GSTL,ST,2000,2000,100.00
20,989,GTL,EQ,459548,304362,66.23
20,990,GTLINFRA,EQ,20794848,11146864,53.60
20,991,GTPL,EQ,18415,8954,48.62
20,992,GUFICBIO,EQ,77485,32194,41.55
20,993,GUJALKALI,EQ,20370,9969,48.94
20,994,GUJAPOLLO,EQ,29357,20283,69.09
20,995,GUJGASLTD,EQ,507778,235127,46.31
20,996,GULFOILLUB,EQ,51275,23161,45.17
20,997,GULFPETRO,EQ,78372,34929,44.57
20,998,GULPOLY,EQ,72176,39858,55.22
20,999,GVPTECH,EQ,31662,21847,69.00
20,1000,GVT&D,EQ,486698,369449,75.91
20,1001,HAL,EQ,1149113,349664,30.43
20,1002,HAPPSTMNDS,EQ,155418,78038,50.21
20,1003,HAPPYFORGE,EQ,74416,31365,42.15
20,1004,HARIOMPIPE,EQ,33021,16342,49.49
20,1005,HARRMALAYA,EQ,45423,33396,73.52
20,1006,HARSHA,EQ,45128,27811,61.63
20,1007,HATHWAY,EQ,2397361,954711,39.82
20,1008,HATSUN,EQ,126535,29861,23.60
20,1009,HAVELLS,EQ,999025,495609,49.61
20,1010,HAVISHA,EQ,7454,6158,82.61
20,1011,HBLENGINE,EQ,888825,363847,40.94
20,1012,HBSL,EQ,10209,6150,60.24
20,1013,HCC,EQ,17182477,6040066,35.15
20,1014,HCG,EQ,90173,43002,47.69
20,1015,HCL-INSYS,EQ,204513,122283,59.79
20,1016,HCLTECH,EQ,3171259,2271693,71.63
20,1017,HDFCAMC,EQ,296525,142715,48.13
20,1018,HDFCBANK,EQ,12118100,9052586,74.70
20,1019,HDFCBSE500,EQ,12652,8408,66.46
20,1020,HDFCGOLD,EQ,8075440,7421226,91.90
20,1021,HDFCGROWTH,EQ,2358,707,29.98
20,1022,HDFCLIFE,EQ,1793560,916701,51.11
20,1023,HDFCLIQUID,EQ,5156,3602,69.86
20,1024,HDFCLOWVOL,EQ,4319,2504,57.98
20,1025,HDFCMID150,EQ,150374,107007,71.16
20,1026,HDFCMOMENT,EQ,129008,71231,55.21
20,1027,HDFCNEXT50,EQ,47341,38258,80.81
20,1028,HDFCNIF100,EQ,48342,37890,78.38
20,1029,HDFCNIFBAN,EQ,929748,688911,74.10
20,1030,HDFCNIFIT,EQ,12880,9768,75.84
20,1031,HDFCNIFTY,EQ,65463,48290,73.77
20,1032,HDFCPSUBK,EQ,15693,11957,76.19
20,1033,HDFCPVTBAN,EQ,103597,60889,58.77
20,1034,HDFCQUAL,EQ,7255,5169,71.25
20,1035,HDFCSENSEX,EQ,37861,21758,57.47
20,1036,HDFCSILVER,EQ,439700,268176,60.99
20,1037,HDFCSML250,EQ,598377,481204,80.42
20,1038,HDFCVALUE,EQ,28644,28100,98.10
20,1039,HEADSUP,EQ,195385,189160,96.81
20,1040,HEALTHADD,EQ,265,166,62.64
20,1041,HEALTHIETF,EQ,86659,42128,48.61
20,1042,HEALTHY,EQ,215611,182159,84.49
20,1043,HEG,EQ,653355,317020,48.52
20,1044,HEIDELBERG,EQ,93305,35595,38.15
20,1045,HEMIPROP,EQ,230180,118868,51.64
20,1046,HERANBA,EQ,77810,33536,43.10
20,1047,HERITGFOOD,EQ,384922,157984,41.04
20,1048,HEROMOTOCO,EQ,216273,91362,42.24
20,1049,HESTERBIO,EQ,808,624,77.23
20,1050,HEUBACHIND,EQ,42809,38918,90.91
20,1051,HEXATRADEX,EQ,9371,8548,91.22
20,1052,HFCL,EQ,12992414,2508166,19.30
20,1053,HGINFRA,EQ,74885,37094,49.53
20,1054,HGS,EQ,15208,7452,49.00
20,1055,HIGREEN,ST,20800,20800,100.00
20,1056,HIKAL,EQ,185960,82886,44.57
20,1057,HIL,EQ,10891,6896,63.32
20,1058,HILTON,EQ,96413,55251,57.31
20,1059,HIMATSEIDE,EQ,1017413,387701,38.11
20,1060,HINDALCO,EQ,4608870,2583141,56.05
20,1061,HINDCOMPOS,EQ,3580,2027,56.62
20,1062,HINDCOPPER,EQ,3179611,734944,23.11
20,1063,HINDMOTORS,EQ,1083286,378927,34.98
20,1064,HINDOILEXP,EQ,335668,150570,44.86
20,1065,HINDPETRO,EQ,18088473,2190688,12.11
20,1066,HINDUNILVR,EQ,1688664,1030592,61.03
20,1067,HINDWAREAP,EQ,35761,18164,50.79
20,1068,HINDZINC,EQ,811862,383406,47.23
20,1069,HIRECT,EQ,15743,9064,57.57
20,1070,HISARMETAL,EQ,3669,2201,59.99
20,1071,HITECH,EQ,499687,281100,56.26
20,1072,HITECHCORP,EQ,1274,816,64.05
20,1073,HLEGLAS,EQ,24063,13358,55.51
20,1074,HLVLTD,EQ,626183,358416,57.24
20,1075,HMAAGRO,EQ,76037,45358,59.65
20,1076,HMVL,EQ,31745,21224,66.86
20,1077,HNDFDS,EQ,31795,16357,51.45
20,1078,HNGSNGBEES,EQ,158164,104856,66.30
20,1079,HOACFOODS,ST,9000,9000,100.00
20,1080,HOLMARC,ST,1500,1500,100.00
20,1081,HOMEFIRST,EQ,84880,37126,43.74
20,1082,HOMESFY,SM,600,600,100.00
20,1083,HONASA,EQ,1197429,1033743,86.33
20,1084,HONAUT,EQ,13465,11992,89.06
20,1085,HONDAPOWER,EQ,4163,2040,49.00
20,1086,HOVS,EQ,6988,2845,40.71
20,1087,HPAL,EQ,51477,31646,61.48
20,1088,HPIL,EQ,3091,1769,57.23
20,1089,HPL,EQ,99846,50435,50.51
20,1090,HRHNEXT,ST,16500,16500,100.00
20,1091,HSCL,EQ,510915,214536,41.99
20,1092,HTMEDIA,EQ,199588,110537,55.38
20,1093,HUBTOWN,EQ,145221,104512,71.97
20,1094,HUDCO,EQ,10379337,1892016,18.23
20,1095,HUHTAMAKI,EQ,46052,30377,65.96
20,1096,HVAX,ST,5100,4800,94.12
20,1097,HYUNDAI,EQ,548666,351455,64.06
20,1098,IBLFL,ST,4000,4000,100.00
20,1099,ICEMAKE,EQ,51974,17561,33.79
20,1100,ICICIB22,EQ,384558,303582,78.94
20,1101,ICICIBANK,EQ,9216792,5975238,64.83
20,1102,ICICIGI,EQ,429489,228053,53.10
20,1103,ICICIPRULI,EQ,1567073,854799,54.55
20,1104,ICIL,EQ,140964,59331,42.09
20,1105,ICRA,EQ,1943,538,27.69
20,1106,IDBI,EQ,5194488,1943534,37.42
20,1107,IDEA,EQ,272054686,67851472,24.94
20,1108,IDEAFORGE,EQ,65431,26567,40.60
20,1109,IDEALTECHO,SM,6000,5000,83.33
20,1110,IDENTICAL,ST,120000,116000,96.67
20,1111,IDFCFIRSTB,EQ,26908160,9317099,34.63
20,1112,IDFNIFTYET,EQ,446,397,89.01
20,1113,IEML,SM,16500,12000,72.73
20,1114,IEX,EQ,21794352,4273782,19.61
20,1115,IFBAGRO,EQ,851,596,70.04
20,1116,IFBIND,EQ,27881,14730,52.83
20,1117,IFCI,EQ,5154828,1355618,26.30
20,1118,IFGLEXPOR,EQ,8387,4976,59.33
20,1119,IGARASHI,EQ,28177,15616,55.42
20,1120,IGIL,EQ,1355635,618138,45.60
20,1121,IGL,EQ,1423413,450870,31.68
20,1122,IGPL,EQ,7499,3706,49.42
20,1123,IIFL,EQ,711169,326718,45.94
20,1124,IIFLCAPS,EQ,671823,393798,58.62
20,1125,IIFLZC25,ND,161,161,100.00
20,1126,IIFLZC25B,NW,32,32,100.00
20,1127,IIFLZC26A,NR,99,79,79.80
20,1128,IIFLZC28,NG,50,50,100.00
20,1129,IIFLZC28A,NU,10,10,100.00
20,1130,IIFLZC28C,N6,83,83,100.00
20,1131,IKIO,EQ,39739,21196,53.34
20,1132,IKS,EQ,95611,54188,56.68
20,1133,IMAGICAA,EQ,580869,266280,45.84
20,1134,IMC1,N1,104,104,100.00
20,1135,IMFA,EQ,60333,27385,45.39
20,1136,IMPAL,EQ,1412,1200,84.99
20,1137,INCREDIBLE,EQ,19134,8420,44.01
20,1138,INDBANK,EQ,39786,31025,77.98
20,1139,INDGN,EQ,220250,122715,55.72
20,1140,INDHOTEL,EQ,3252107,2044411,62.86
20,1141,INDIACEM,EQ,2392005,567470,23.72
20,1142,INDIAGLYCO,EQ,98399,41227,41.90
20,1143,INDIAMART,EQ,194079,99934,51.49
20,1144,INDIANB,EQ,781339,294201,37.65
20,1145,INDIANHUME,EQ,28067,15210,54.19
20,1146,INDIASHLTR,EQ,26993,12822,47.50
20,1147,INDIGO,EQ,1481820,591392,39.91
20,1148,INDIGOPNTS,EQ,81842,20050,24.50
20,1149,INDIGRID,IV,688551,655861,95.25
20,1150,INDNIPPON,EQ,4180,2723,65.14
20,1151,INDOAMIN,EQ,62323,30995,49.73
20,1152,INDOBORAX,EQ,12296,6544,53.22
20,1153,INDOCO,EQ,104490,66266,63.42
20,1154,INDOFARM,EQ,729711,300816,41.22
20,1155,INDORAMA,EQ,34111,19262,56.47
20,1156,INDOSTAR,EQ,146155,99709,68.22
20,1157,INDOWIND,EQ,260125,130614,50.21
20,1158,INDRAMEDCO,EQ,221713,135553,61.14
20,1159,INDTERRAIN,EQ,36206,21804,60.22
20,1160,INDUSINDBK,EQ,2938649,1454012,49.48
20,1161,INDUSINVIT,IV,38253,30490,79.71
20,1162,INDUSTOWER,EQ,19643296,5671179,28.87
20,1163,INFIBEAM,EQ,3559160,1647898,46.30
20,1164,INFINIUM,SM,3000,2500,83.33
20,1165,INFOBEAN,EQ,5721,3221,56.30
20,1166,INFOLLION,ST,10000,9200,92.00
20,1167,INFOMEDIA,EQ,3426,3001,87.59
20,1168,INFRABEES,EQ,8576,4092,47.71
20,1169,INFRAIETF,EQ,44904,20644,45.97
20,1170,INFY,EQ,4887027,3214944,65.79
20,1171,INGERRAND,EQ,7417,5028,67.79
20,1172,INM,SM,5400,5400,100.00
20,1173,INNOMET,SM,14400,13200,91.67
20,1174,INNOVACAP,EQ,96705,48767,50.43
20,1175,INNOVANA,EQ,7641,4807,62.91
20,1176,INOXGREEN,EQ,421740,156756,37.17
20,1177,INOXINDIA,EQ,175472,101497,57.84
20,1178,INOXWIND,EQ,7334456,3418437,46.61
20,1179,INSECTICID,EQ,19686,9958,50.58
20,1180,INSPIRE,SM,40000,26000,65.00
20,1181,INSPIRISYS,EQ,3289,2680,81.48
20,1182,INTELLECT,EQ,446444,112890,25.29
20,1183,INTENTECH,EQ,22781,16783,73.67
20,1184,INTERARCH,EQ,90826,33455,36.83
20,1185,INTLCONV,EQ,38488,18145,47.14
20,1186,INVENTURE,EQ,637717,348868,54.71
20,1187,IOB,EQ,4581745,1347970,29.42
20,1188,IOC,EQ,12630632,3744116,29.64
20,1189,IOLCP,EQ,120680,53245,44.12
20,1190,IONEXCHANG,EQ,251976,143476,56.94
20,1191,IPCALAB,EQ,699633,505669,72.28
20,1192,IPHL,ST,2400,2400,100.00
20,1193,IPL,EQ,101362,68190,67.27
20,1194,IRB,EQ,12374149,5072664,40.99
20,1195,IRBINVIT,IV,117403,108383,92.32
20,1196,IRCON,EQ,3940638,937063,23.78
20,1197,IRCTC,EQ,1303909,381783,29.28
20,1198,IREDA,EQ,6815563,1748137,25.65
20,1199,IRFC,EQ,15843304,3950193,24.93
20,1200,IRISDOREME,EQ,64126,6751,10.53
20,1201,IRMENERGY,EQ,21273,13510,63.51
20,1202,ISEC,EQ,56669,19127,33.75
20,1203,ISFT,EQ,10380,6508,62.70
20,1204,ISGEC,EQ,82550,38292,46.39
20,1205,ISHAN,SM,864000,528000,61.11
20,1206,IT,EQ,28438,14392,50.61
20,1207,ITBEES,EQ,2593842,1258530,48.52
20,1208,ITC,EQ,9665384,6070113,62.80
20,1209,ITDC,EQ,22525,11479,50.96
20,1210,ITDCEM,EQ,317625,216775,68.25
20,1211,ITETF,EQ,505569,339959,67.24
20,1212,ITETFADD,EQ,13041,8187,62.78
20,1213,ITIETF,EQ,897756,332640,37.05
20,1214,IVC,EQ,151156,93220,61.67
20,1215,IVP,EQ,5251,3088,58.81
20,1216,IVZINGOLD,EQ,121,98,80.99
20,1217,IVZINNIFTY,EQ,9,8,88.89
20,1218,IWEL,EQ,7506,4942,65.84
20,1219,IXIGO,EQ,547446,235020,42.93
20,1220,JAGRAN,EQ,54518,34444,63.18
20,1221,JAGSNPHARM,EQ,1128589,190077,16.84
20,1222,JAIBALAJI,EQ,337001,246735,73.21
20,1223,JAICORPLTD,EQ,1237771,469042,37.89
20,1224,JAIPURKURT,EQ,399069,194444,48.72
20,1225,JALAN,ST,24000,24000,100.00
20,1226,JAMNAAUTO,EQ,437566,198454,45.35
20,1227,JASH,EQ,173846,82071,47.21
20,1228,JAYAGROGN,EQ,2914,1500,51.48
20,1229,JAYBARMARU,EQ,39153,30605,78.17
20,1230,JAYBEE,ST,53000,51000,96.23
20,1231,JAYNECOIND,EQ,147107,83833,56.99
20,1232,JAYSREETEA,EQ,53711,22565,42.01
20,1233,JBCHEPHARM,EQ,76980,32253,41.90
20,1234,JBMA,EQ,112358,30975,27.57
20,1235,JCHAC,EQ,12857,5816,45.24
20,1236,JEYYAM,SM,40000,40000,100.00
20,1237,JGCHEM,EQ,91887,40862,44.47
20,1238,JHS,EQ,23462,17436,74.32
20,1239,JINDALPHOT,EQ,6311,3181,50.40
20,1240,JINDALPOLY,EQ,25534,13105,51.32
20,1241,JINDALSAW,EQ,1104759,474286,42.93
20,1242,JINDALSTEL,EQ,2053984,1150183,56.00
20,1243,JINDRILL,EQ,257953,103269,40.03
20,1244,JINDWORLD,EQ,2441386,294607,12.07
20,1245,JIOFIN,EQ,38379153,21254216,55.38
20,1246,JISLDVREQS,EQ,25126,15188,60.45
20,1247,JISLJALEQS,EQ,3806470,1576593,41.42
20,1248,JITFINFRA,EQ,43309,24345,56.21
20,1249,JIWANRAM,ST,18000,12000,66.67
20,1250,J&KBANK,EQ,1813041,665226,36.69
20,1251,JKCEMENT,EQ,132783,51544,38.82
20,1252,JKIL,EQ,149154,81539,54.67
20,1253,JKLAKSHMI,EQ,245411,104854,42.73
20,1254,JKPAPER,EQ,184609,54379,29.46
20,1255,JKTYRE,EQ,348955,213300,61.13
20,1256,JLHL,EQ,31690,15925,50.25
20,1257,JMA,EQ,3066,2380,77.63
20,1258,JMFINANCIL,EQ,1886847,723768,38.36
20,1259,JNKINDIA,EQ,16546,9469,57.23
20,1260,JOCIL,EQ,1387,906,65.32
20,1261,JPOLYINVST,EQ,10274,5348,52.05
20,1262,JPPOWER,EQ,15878808,5408014,34.06
20,1263,JSFB,EQ,2037113,331706,16.28
20,1264,JSL,EQ,597376,308454,51.63
20,1265,JSLL,SM,17100,12960,75.79
20,1266,JSWENERGY,EQ,2108004,747706,35.47
20,1267,JSWINFRA,EQ,931908,429774,46.12
20,1268,JSWSTEEL,EQ,3538998,1143520,32.31
20,1269,JTEKTINDIA,EQ,95295,39553,41.51
20,1270,JTLIND,EQ,696895,358665,51.47
20,1271,JUBLFOOD,EQ,619481,183030,29.55
20,1272,JUBLINGREA,EQ,301157,147316,48.92
20,1273,JUBLPHARMA,EQ,148441,64821,43.67
20,1274,JUNIORBEES,EQ,390661,192790,49.35
20,1275,JUNIPER,EQ,72819,37891,52.03
20,1276,JUSTDIAL,EQ,279449,149695,53.57
20,1277,JWL,EQ,7844885,2646439,33.73
20,1278,JYOTHYLAB,EQ,256016,116380,45.46
20,1279,JYOTICNC,EQ,343412,121483,35.38
20,1280,JYOTISTRUC,EQ,22898276,10674959,46.62
20,1281,K2INFRA,ST,3000,3000,100.00
20,1282,KABRAEXTRU,EQ,47356,34103,72.01
20,1283,KAJARIACER,EQ,71964,40310,56.01
20,1284,KAKATCEM,EQ,3527,2358,66.86
20,1285,KALAMANDIR,EQ,204849,78550,38.35
20,1286,KALANA,SM,16000,6000,37.50
20,1287,KALYANKJIL,EQ,23715822,2984764,12.59
20,1288,KAMATHOTEL,EQ,22643,13069,57.72
20,1289,KAMDHENU,EQ,888343,639367,71.97
20,1290,KANANIIND,EQ,137507,104364,75.90
20,1291,KANORICHEM,EQ,15371,7448,48.45
20,1292,KANPRPLA,EQ,5323,3289,61.79
20,1293,KANSAINER,EQ,224330,124921,55.69
20,1294,KAPSTON,EQ,2389,1556,65.13
20,1295,KARMAENG,EQ,5547,2566,46.26
20,1296,KARNIKA,ST,10000,10000,100.00
20,1297,KARURVYSYA,EQ,1425196,526174,36.92
20,1298,KATARIA,ST,3000,3000,100.00
20,1299,KAUSHALYA,EQ,242,188,77.69
20,1300,KAYNES,EQ,848459,208141,24.53
20,1301,KBCGLOBAL,EQ,10394400,5695886,54.80
20,1302,KCEIL,ST,34000,29500,86.76
20,1303,KCP,EQ,258221,146619,56.78
20,1304,KCPSUGIND,EQ,77173,45173,58.53
20,1305,KDDL,EQ,8917,5053,56.67
20,1306,KDL,ST,52500,50850,96.86
20,1307,KEC,EQ,1083260,551122,50.88
20,1308,KECL,EQ,120005,57580,47.98
20,1309,KEI,EQ,250147,94437,37.75
20,1310,KEL,SM,4800,4800,100.00
20,1311,KELLTONTEC,EQ,1760085,427151,24.27
20,1312,KESORAMIND,EQ,481066,210019,43.66
20,1313,KEYFINSERV,EQ,5277,3030,57.42
20,1314,KFINTECH,EQ,5328848,1418063,26.61
20,1315,KHADIM,EQ,4260,2829,66.41
20,1316,KHAICHEM,EQ,105631,59751,56.57
20,1317,KHAITANLTD,EQ,16477,8758,53.15
20,1318,KHANDSE,EQ,10595,6367,60.09
20,1319,KICL,EQ,1194,684,57.29
20,1320,KILITCH,EQ,6551,3660,55.87
20,1321,KIMS,EQ,230642,119410,51.77
20,1322,KINGFA,EQ,8041,4821,59.96
20,1323,KIOCL,EQ,70799,34704,49.02
20,1324,KIRIINDUS,EQ,191858,96024,50.05
20,1325,KIRLOSBROS,EQ,106713,39065,36.61
20,1326,KIRLOSENG,EQ,116433,66563,57.17
20,1327,KIRLOSIND,EQ,4398,2858,64.98
20,1328,KIRLPNU,EQ,112132,52816,47.10
20,1329,KKCL,EQ,14268,7641,53.55
20,1330,KKJEWELS,ST,53000,51000,96.23
20,1331,KLL,SM,26400,18400,69.70
20,1332,KMEW,EQ,6628,3400,51.30
20,1333,KMSUGAR,EQ,72390,28897,39.92
20,1334,KNAGRI,SM,21600,18800,87.04
20,1335,KNRCON,EQ,445531,181229,40.68
20,1336,KODYTECH,SM,15400,10600,68.83
20,1337,KOHINOOR,EQ,88022,30570,34.73
20,1338,KOKUYOCMLN,EQ,45762,32887,71.87
20,1339,KOLTEPATIL,EQ,72075,29519,40.96
20,1340,KONSTELEC,ST,4000,4000,100.00
20,1341,KONTOR,SM,37200,32400,87.10
20,1342,KORE,ST,2750,2750,100.00
20,1343,KOTAKBANK,EQ,4025366,2538594,63.06
20,1344,KOTARISUG,EQ,35174,18504,52.61
20,1345,KOTHARIPET,EQ,63711,34669,54.42
20,1346,KOTYARK,SM,15400,13400,87.01
20,1347,KPEL,EQ,348719,221638,63.56
20,1348,KPIGREEN,EQ,1802127,941023,52.22
20,1349,KPIL,EQ,331702,170073,51.27
20,1350,KPITTECH,EQ,1437157,534792,37.21
20,1351,KPRMILL,EQ,135755,54011,39.79
20,1352,KRBL,EQ,239357,100671,42.06
20,1353,KRISHANA,EQ,46473,26082,56.12
20,1354,KRISHCA,SM,6500,4000,61.54
20,1355,KRISHIVAL,SM,2000,1500,75.00
20,1356,KRISHNADEF,SM,41250,28500,69.09
20,1357,KRITINUT,EQ,24218,13158,54.33
20,1358,KRN,EQ,855552,229396,26.81
20,1359,KRONOX,EQ,136148,60455,44.40
20,1360,KROSS,EQ,92351,49033,53.09
20,1361,KRSNAA,EQ,52367,26154,49.94
20,1362,KRYSTAL,EQ,23201,13699,59.04
20,1363,KSB,EQ,76685,42733,55.73
20,1364,KSCL,EQ,82518,42630,51.66
20,1365,KSL,EQ,27084,14727,54.38
20,1366,KSOLVES,EQ,41509,19729,47.53
20,1367,KTKBANK,EQ,963016,566022,58.78
20,1368,KTL,ST,9000,9000,100.00
20,1369,KUANTUM,EQ,101595,72439,71.30
20,1370,LAGNAM,EQ,42559,10907,25.63
20,1371,LAKSHYA,SM,72000,52000,72.22
20,1372,LALPATHLAB,EQ,295949,195075,65.92
20,1373,LAMOSAIC,ST,3600,3600,100.00
20,1374,LANCORHOL,EQ,196705,171510,87.19
20,1375,LANDMARK,EQ,30326,19451,64.14
20,1376,LAOPALA,EQ,66082,38082,57.63
20,1377,LASA,EQ,33504,18863,56.30
20,1378,LATENTVIEW,EQ,297503,159422,53.59
20,1379,LAURUSLABS,EQ,7615084,2184419,28.69
20,1380,LAWSIKHO,SM,18000,13500,75.00
20,1381,LAXMICOT,EQ,25589,10024,39.17
20,1382,LAXMIDENTL,EQ,6084006,464461,7.63
20,1383,LEMERITE,ST,6400,6400,100.00
20,1384,LEMONTREE,EQ,1542284,639319,41.45
20,1385,LEXUS,EQ,14243,8249,57.92
20,1386,LFIC,EQ,1272,494,38.84
20,1387,LGBBROSLTD,EQ,9328,5569,59.70
20,1388,LIBAS,EQ,38140,21113,55.36
20,1389,LIBERTSHOE,EQ,40609,29836,73.47
20,1390,LICHSGFIN,EQ,1218435,479192,39.33
20,1391,LICI,EQ,529524,219894,41.53
20,1392,LICMFGOLD,EQ,1205,1010,83.82
20,1393,LICNETFGSC,EQ,6122,5767,94.20
20,1394,LICNETFN50,EQ,166,44,26.51
20,1395,LICNETFSEN,EQ,21,14,66.67
20,1396,LICNFNHGP,EQ,3874,652,16.83
20,1397,LICNMID100,EQ,2853,1732,60.71
20,1398,LIKHITHA,EQ,32125,18083,56.29
20,1399,LINC,EQ,21794,11064,50.77
20,1400,LINCOLN,EQ,43266,27185,62.83
20,1401,LINDEINDIA,EQ,31630,13961,44.14
20,1402,LIQUID,EQ,179631,73478,40.90
20,1403,LIQUID1,EQ,169457,134889,79.60
20,1404,LIQUIDADD,EQ,486566,306345,62.96
20,1405,LIQUIDBEES,EQ,3022484,2665202,88.18
20,1406,LIQUIDBETF,EQ,40684,24683,60.67
20,1407,LIQUIDCASE,EQ,5370543,4863034,90.55
20,1408,LIQUIDETF,EQ,673215,631889,93.86
20,1409,LIQUIDIETF,EQ,1384228,781353,56.45
20,1410,LIQUIDPLUS,EQ,9222,7696,83.45
20,1411,LIQUIDSBI,EQ,1323,1322,99.92
20,1412,LIQUIDSHRI,EQ,8631,7313,84.73
20,1413,LLOYDS,SM,2000,2000,100.00
20,1414,LLOYDSENGG,EQ,5434231,1338862,24.64
20,1415,LLOYDSENT,EQ,2960192,1112460,37.58
20,1416,LLOYDSME,EQ,251307,80638,32.09
20,1417,LMW,EQ,1293,734,56.77
20,1418,LODHA,EQ,2566066,1426316,55.58
20,1419,LOKESHMACH,EQ,22039,12846,58.29
20,1420,LOTUSEYE,EQ,13548,11777,86.93
20,1421,LOVABLE,EQ,30789,6046,19.64
20,1422,LOWVOL,EQ,555,553,99.64
20,1423,LOWVOL1,EQ,11996,5827,48.57
20,1424,LOWVOLIETF,EQ,1144525,673514,58.85
20,1425,LRRPL,ST,4500,4500,100.00
20,1426,LT,EQ,1206454,703021,58.27
20,1427,LTF,EQ,3499150,1360112,38.87
20,1428,LTFOODS,EQ,550779,283813,51.53
20,1429,LTGILTBEES,EQ,1720336,1516744,88.17
20,1430,LTIM,EQ,219285,109777,50.06
20,1431,LTTS,EQ,132143,51019,38.61
20,1432,LUMAXIND,EQ,1336,727,54.42
20,1433,LUMAXTECH,EQ,81199,43828,53.98
20,1434,LUPIN,EQ,984483,598707,60.81
20,1435,LUXIND,EQ,127200,51122,40.19
20,1436,LXCHEM,EQ,801239,276415,34.50
20,1437,LYKALABS,EQ,118582,58060,48.96
20,1438,LYPSAGEMS,EQ,29989,19844,66.17
20,1439,MACOBSTECH,SM,8000,8000,100.00
20,1440,MACPOWER,EQ,21358,12984,60.79
20,1441,MADHAV,EQ,9196,3589,39.03
20,1442,MADHAVBAUG,SM,400,400,100.00
20,1443,MADHUCON,EQ,131114,94775,72.28
20,1444,MADHUSUDAN,SM,14000,8000,57.14
20,1445,MADRASFERT,EQ,86208,38128,44.23
20,1446,MAFANG,EQ,541266,530827,98.07
20,1447,MAGADSUGAR,EQ,2549,1146,44.96
20,1448,MAGNUM,EQ,32396,23962,73.97
20,1449,MAHABANK,EQ,7302267,2153481,29.49
20,1450,MAHAPEXLTD,EQ,5220,3410,65.33
20,1451,MAHESHWARI,EQ,32587,15283,46.90
20,1452,MAHICKRA,SM,35250,34500,97.87
20,1453,MAHKTECH,EQ,1444211,1062127,73.54
20,1454,MAHLIFE,EQ,93082,42869,46.06
20,1455,MAHLOG,EQ,44971,17536,38.99
20,1456,MAHSCOOTER,EQ,3420,2361,69.04
20,1457,MAHSEAMLES,EQ,693630,167240,24.11
20,1458,MAITHANALL,EQ,29234,17876,61.15
20,1459,MAITREYA,ST,2000,1600,80.00
20,1460,MAKEINDIA,EQ,12207,9184,75.24
20,1461,MAKS,SM,4500,4500,100.00
20,1462,MAL,SM,33600,28800,85.71
20,1463,MALLCOM,EQ,1822,1194,65.53
20,1464,MALUPAPER,EQ,6742,4040,59.92
20,1465,MAMATA,EQ,1425995,260753,18.29
20,1466,MANAKALUCO,EQ,10712,7890,73.66
20,1467,MANAKSIA,EQ,40223,33602,83.54
20,1468,MANAKSTEEL,EQ,45394,21890,48.22
20,1469,MANALIPETC,EQ,159894,97040,60.69
20,1470,MANAPPURAM,EQ,4194263,1603839,38.24
20,1471,MANBA,EQ,170607,95193,55.80
20,1472,MANCREDIT,EQ,109137,28376,26.00
20,1473,MANDEEP,SM,6000,6000,100.00
20,1474,MANGALAM,EQ,13843,7282,52.60
20,1475,MANGCHEFER,EQ,516922,319343,61.78
20,1476,MANGLMCEM,EQ,64255,31868,49.60
20,1477,MANINDS,EQ,105592,59094,55.96
20,1478,MANINFRA,EQ,1380759,432571,31.33
20,1479,MANKIND,EQ,1636810,914122,55.85
20,1480,MANOMAY,EQ,6219,4269,68.64
20,1481,MANORAMA,EQ,43302,23085,53.31
20,1482,MANORG,EQ,3092,2200,71.15
20,1483,MANUGRAPH,EQ,60274,39316,65.23
20,1484,MANYAVAR,EQ,54016,27387,50.70
20,1485,MAPMYINDIA,EQ,124295,92780,74.64
20,1486,MARALOVER,EQ,32196,15431,47.93
20,1487,MARATHON,EQ,67177,37915,56.44
20,1488,MARCO,SM,13500,6000,44.44
20,1489,MARICO,EQ,529334,193481,36.55
20,1490,MARKSANS,EQ,887072,424545,47.86
20,1491,MARUTI,EQ,310343,170000,54.78
20,1492,MASFIN,EQ,58235,26372,45.29
20,1493,MASON,ST,22000,22000,100.00
20,1494,MASPTOP50,EQ,104473,63969,61.23
20,1495,MASTEK,EQ,49540,21470,43.34
20,1496,MASTERTR,EQ,33800,24136,71.41
20,1497,MATRIMONY,EQ,3751,3183,84.86
20,1498,MAWANASUG,EQ,35857,19456,54.26
20,1499,MAXESTATES,EQ,148454,68763,46.32
20,1500,MAXHEALTH,EQ,756024,391475,51.78
20,1501,MAXIND,EQ,13776,9204,66.81
20,1502,MAXPOSURE,SM,12000,8000,66.67
20,1503,MAYURUNIQ,EQ,80676,53252,66.01
20,1504,MAZDOCK,EQ,2587979,428024,16.54
20,1505,MBAPL,EQ,171617,116234,67.73
20,1506,MBLINFRA,EQ,122006,35809,29.35
20,1507,MCON,ST,13000,12000,92.31
20,1508,MCX,EQ,347757,133469,38.38
20,1509,MDL,SM,4000,4000,100.00
20,1510,MEDANTA,EQ,179234,100683,56.17
20,1511,MEDIASSIST,EQ,37258,18177,48.79
20,1512,MEDICAMEQ,EQ,15257,8641,56.64
20,1513,MEDICO,EQ,1146768,437006,38.11
20,1514,MEDIORG,ST,44000,40000,90.91
20,1515,MEDPLUS,EQ,163887,74856,45.68
20,1516,MEGAFLEX,SM,6000,6000,100.00
20,1517,MEGASTAR,EQ,12816,7679,59.92
20,1518,MEGATHERM,SM,15200,9600,63.16
20,1519,MENONBE,EQ,70944,43433,61.22
20,1520,METAL,EQ,43354,22453,51.79
20,1521,METALIETF,EQ,2204193,739814,33.56
20,1522,METROBRAND,EQ,66160,34289,51.83
20,1523,METROPOLIS,EQ,106162,45166,42.54
20,1524,MFSL,EQ,328372,151163,46.03
20,1525,MGEL,EQ,171461,89639,52.28
20,1526,MGL,EQ,425143,195796,46.05
20,1527,MHHL,ST,36000,36000,100.00
20,1528,MHRIL,EQ,58624,35494,60.55
20,1529,MICEL,EQ,239333,120966,50.54
20,1530,MICROPRO,SM,1600,1600,100.00
20,1531,MID150BEES,EQ,434611,282425,64.98
20,1532,MID150CASE,EQ,755676,645388,85.41
20,1533,MIDCAP,EQ,13827,9964,72.06
20,1534,MIDCAPETF,EQ,1455140,1139851,78.33
20,1535,MIDCAPIETF,EQ,446398,206441,46.25
20,1536,MIDHANI,EQ,149048,63968,42.92
20,1537,MIDQ50ADD,EQ,2830,2721,96.15
20,1538,MIDSELIETF,EQ,183308,81213,44.30
20,1539,MIDSMALL,EQ,272005,201291,74.00
20,1540,MIEL,ST,10000,10000,100.00
20,1541,MINDACORP,EQ,287405,115557,40.21
20,1542,MINDPOOL,SM,1000,1000,100.00
20,1543,MINDSPACE,RR,124411,83362,67.01
20,1544,MINDTECK,EQ,20774,11832,56.96
20,1545,MIRCELECTR,EQ,906061,501933,55.40
20,1546,MIRZAINT,EQ,48597,34995,72.01
20,1547,MITCON,EQ,9869,4603,46.64
20,1548,MITCONPP,E1,2653,1281,48.28
20,1549,MITTAL,EQ,2622334,1227772,46.82
20,1550,M&M,EQ,2665366,1673095,62.77
20,1551,M&MFIN,EQ,646207,124808,19.31
20,1552,MMFL,EQ,16823,9959,59.20
20,1553,MMP,EQ,6504,4140,63.65
20,1554,MMTC,EQ,1466681,307970,21.00
20,1555,MNC,EQ,20667,17363,84.01
20,1556,MOBIKWIK,EQ,7719506,623898,8.08
20,1557,MODEFENCE,EQ,602815,400145,66.38
20,1558,MODIRUBBER,EQ,324,136,41.98
20,1559,MODISONLTD,EQ,22836,11766,51.52
20,1560,MOGSEC,EQ,411,268,65.21
20,1561,MOHEALTH,EQ,158531,41414,26.12
20,1562,MOIL,EQ,1326367,507088,38.23
20,1563,MOKSH,EQ,101158,83529,82.57
20,1564,MOL,EQ,471595,254272,53.92
20,1565,MOLDTECH,EQ,38837,22864,58.87
20,1566,MOLDTKPAC,EQ,47138,29944,63.52
20,1567,MOLOWVOL,EQ,4971,4630,93.14
20,1568,MOM100,EQ,389887,246606,63.25
20,1569,MOM30IETF,EQ,784383,404569,51.58
20,1570,MOM50,EQ,1835,1529,83.32
20,1571,MOMENTUM,EQ,70141,41009,58.47
20,1572,MOMENTUM50,EQ,476437,376204,78.96
20,1573,MOMOMENTUM,EQ,102293,70403,68.82
20,1574,MON100,EQ,774796,562110,72.55
20,1575,MONARCH,EQ,149153,85349,57.22
20,1576,MONIFTY500,EQ,162563,136818,84.16
20,1577,MONOPHARMA,SM,12000,8000,66.67
20,1578,MONQ50,EQ,49788,47122,94.65
20,1579,MONTECARLO,EQ,65030,34307,52.76
20,1580,MOQUALITY,EQ,3337,3031,90.83
20,1581,MOREALTY,EQ,307138,261233,85.05
20,1582,MOREPENLAB,EQ,2379018,935452,39.32
20,1583,MOSMALL250,EQ,737164,560772,76.07
20,1584,MOTHERSON,EQ,7007575,3923093,55.98
20,1585,MOTILALOFS,EQ,2495956,996508,39.92
20,1586,MOTISONS,EQ,2377961,1743642,73.33
20,1587,MOTOGENFIN,EQ,8476,5521,65.14
20,1588,MOVALUE,EQ,49632,31357,63.18
20,1589,MOXSH,SM,3200,3200,100.00
20,1590,MPHASIS,EQ,4727360,1348895,28.53
20,1591,MPSLTD,EQ,640925,127425,19.88
20,1592,MRF,EQ,4615,1526,33.07
20,1593,MRO-TEK,EQ,16849,9169,54.42
20,1594,MRPL,EQ,1414305,456805,32.30
20,1595,MSPL,EQ,464938,347133,74.66
20,1596,MSTCLTD,EQ,112989,56576,50.07
20,1597,MSUMI,EQ,1848938,1054223,57.02
20,1598,MTARTECH,EQ,61135,30777,50.34
20,1599,MTNL,EQ,2142493,703603,32.84
20,1600,MUFIN,EQ,122566,63860,52.10
20,1601,MUFTI,EQ,144103,77760,53.96
20,1602,MUKANDLTD,EQ,447918,199999,44.65
20,1603,MUKKA,EQ,205456,96233,46.84
20,1604,MUKTAARTS,EQ,33894,13730,40.51
20,1605,MULTICAP,EQ,632365,271328,42.91
20,1606,MUNJALAU,EQ,90178,39517,43.82
20,1607,MUNJALSHOW,EQ,16819,9237,54.92
20,1608,MURUDCERA,EQ,69609,41344,59.39
20,1609,MUTHOOTCAP,EQ,15259,6459,42.33
20,1610,MUTHOOTFIN,EQ,209999,101536,48.35
20,1611,MUTHOOTMF,EQ,43789,21681,49.51
20,1612,MVGJL,EQ,200896,77645,38.65
20,1613,MVKAGRO,SM,25200,21600,85.71
20,1614,MYMUDRA,SM,7200,7200,100.00
20,1615,NACLIND,EQ,100965,55773,55.24
20,1616,NAGAFERT,EQ,420952,222609,52.88
20,1617,NAGREEKEXP,EQ,27659,8626,31.19
20,1618,NAHARCAP,EQ,5142,1929,37.51
20,1619,NAHARINDUS,EQ,9234,5566,60.28
20,1620,NAHARPOLY,EQ,8168,6215,76.09
20,1621,NAHARSPING,EQ,57844,42283,73.10
20,1622,NAMAN,ST,12800,12000,93.75
20,1623,NAM-INDIA,EQ,1903125,1232263,64.75
20,1624,NAMOEWASTE,ST,30400,28800,94.74
20,1625,NARMADA,EQ,170428,106967,62.76
20,1626,NATCOPHARM,EQ,396922,202810,51.10
20,1627,NATHBIOGEN,EQ,16859,10205,60.53
20,1628,NATIONALUM,EQ,5354363,1213166,22.66
20,1629,NAUKRI,EQ,137875,62575,45.39
20,1630,NAVA,EQ,378270,180013,47.59
20,1631,NAVINFLUOR,EQ,65845,25942,39.40
20,1632,NAVKARCORP,EQ,520476,216574,41.61
20,1633,NAVNETEDUL,EQ,46036,30241,65.69
20,1634,NAZARA,EQ,258449,110026,42.57
20,1635,NBCC,EQ,10328379,2092912,20.26
20,1636,NCC,EQ,2427054,984843,40.58
20,1637,NCLIND,EQ,63326,38455,60.73
20,1638,NDL,EQ,1487394,889683,59.81
20,1639,NDLVENTURE,EQ,29000,16046,55.33
20,1640,NDRAUTO,EQ,10925,5303,48.54
20,1641,NDTV,EQ,52199,21357,40.91
20,1642,NECCLTD,EQ,83189,35851,43.10
20,1643,NEELAM,ST,12000,12000,100.00
20,1644,NELCAST,EQ,26135,15357,58.76
20,1645,NELCO,EQ,68781,28819,41.90
20,1646,NEOGEN,EQ,29539,14410,48.78
20,1647,NEPHROCARE,SM,36000,30400,84.44
20,1648,NESCO,EQ,33791,11933,35.31
20,1649,NESTLEIND,EQ,663600,434496,65.48
20,1650,NETF,EQ,2185,2109,96.52
20,1651,NETWEB,EQ,502300,130580,26.00
20,1652,NETWORK18,EQ,3097156,1500134,48.44
20,1653,NEULANDLAB,EQ,47012,19362,41.19
20,1654,NEWGEN,EQ,549969,251131,45.66
20,1655,NEWJAISA,SM,39000,33000,84.62
20,1656,NEXT50,EQ,6932,5256,75.82
20,1657,NEXT50IETF,EQ,1069867,726215,67.88
20,1658,NFL,EQ,1292991,361441,27.95
20,1659,NGIL,EQ,92424,7889,8.54
20,1660,NGLFINE,EQ,590,408,69.15
20,1661,NH,EQ,226782,137406,60.59
20,1662,NHPC,EQ,8328267,2893598,34.74
20,1663,NIACL,EQ,396056,128843,32.53
20,1664,NIDAN,SM,4000,3000,75.00
20,1665,NIF100BEES,EQ,16096,11747,72.98
20,1666,NIF100IETF,EQ,177105,129042,72.86
20,1667,NIF10GETF,EQ,193,152,78.76
20,1668,NIF5GETF,EQ,134,131,97.76
20,1669,NIFITETF,EQ,691,413,59.77
20,1670,NIFMID150,EQ,1279,1081,84.52
20,1671,NIFTY1,EQ,27727,16843,60.75
20,1672,NIFTY50ADD,EQ,7417,4585,61.82
20,1673,NIFTYBEES,EQ,5458441,3679241,67.40
20,1674,NIFTYBETF,EQ,3588,3255,90.72
20,1675,NIFTYETF,EQ,36440,21873,60.02
20,1676,NIFTYIETF,EQ,241118,135709,56.28
20,1677,NIFTYQLITY,EQ,117330,79476,67.74
20,1678,NIITLTD,EQ,728165,234238,32.17
20,1679,NIITMTS,EQ,216959,100317,46.24
20,1680,NILAINFRA,EQ,532280,301040,56.56
20,1681,NILKAMAL,EQ,2193,1667,76.01
20,1682,NINSYS,EQ,4074,2575,63.21
20,1683,NIPPOBATRY,EQ,2074,1047,50.48
20,1684,NIRMAN,SM,29700,20400,68.69
20,1685,NITINSPIN,EQ,109091,56241,51.55
20,1686,NITIRAJ,EQ,5710,2665,46.67
20,1687,NIVABUPA,EQ,532376,209871,39.42
20,1688,NLCINDIA,EQ,595086,245286,41.22
20,1689,NMDC,EQ,20736866,7809290,37.66
20,1690,NMSTEEL,SM,35200,24000,68.18
20,1691,NOCIL,EQ,168544,67006,39.76
20,1692,NORTHARC,EQ,274612,166661,60.69
20,1693,NOVAAGRI,EQ,134568,69736,51.82
20,1694,NPBET,EQ,225,218,96.89
20,1695,NPST,SM,9300,8300,89.25
20,1696,NRAIL,EQ,4663,3225,69.16
20,1697,NRBBEARING,EQ,84669,49960,59.01
20,1698,NSIL,EQ,7812,3350,42.88
20,1699,NSLNISP,EQ,1585824,754156,47.56
20,1700,NTPC,EQ,7492600,3247279,43.34
20,1701,NTPCGREEN,EQ,8361164,3039129,36.35
20,1702,NUCLEUS,EQ,16239,6081,37.45
20,1703,NUVAMA,EQ,83851,44690,53.30
20,1704,NUVOCO,EQ,110236,41528,37.67
20,1705,NV20,EQ,17611,7903,44.88
20,1706,NV20BEES,EQ,13603,6402,47.06
20,1707,NV20IETF,EQ,714988,379752,53.11
20,1708,NXST,RR,510214,497723,97.55
20,1709,NYKAA,EQ,3192164,880369,27.58
20,1710,OAL,EQ,7624,4393,57.62
20,1711,OBCL,EQ,7276,6756,92.85
20,1712,OBEROIRLTY,EQ,958625,487941,50.90
20,1713,OBSCP,ST,3600,3600,100.00
20,1714,OCCL,EQ,9310,4597,49.38
20,1715,OCCLLTD,EQ,282634,178358,63.11
20,1716,OFSS,EQ,112936,31431,27.83
20,1717,OIL,EQ,4061399,1412188,34.77
20,1718,OILIETF,EQ,2152660,1467985,68.19
20,1719,OLAELEC,EQ,14299599,5171237,36.16
20,1720,OLECTRA,EQ,389247,142570,36.63
20,1721,OLIL,SM,58800,52800,89.80
20,1722,OMAXAUTO,EQ,48115,16867,35.06
20,1723,OMAXE,EQ,80147,50883,63.49
20,1724,OMFURN,ST,24000,21600,90.00
20,1725,OMINFRAL,EQ,72873,45115,61.91
20,1726,ONDOOR,ST,2100,2100,100.00
20,1727,ONELIFECAP,EQ,5464,3777,69.13
20,1728,ONEPOINT,EQ,556091,285983,51.43
20,1729,ONGC,EQ,6306281,2557200,40.55
20,1730,ONMOBILE,EQ,234359,94558,40.35
20,1731,ONWARDTEC,EQ,144267,74473,51.62
20,1732,ONYX,ST,10000,10000,100.00
20,1733,OPTIEMUS,EQ,100073,58514,58.47
20,1734,ORCHPHARMA,EQ,131847,34878,26.45
20,1735,ORIANA,SM,199800,126525,63.33
20,1736,ORICONENT,EQ,315731,172464,54.62
20,1737,ORIENTALTL,EQ,258715,134747,52.08
20,1738,ORIENTBELL,EQ,12469,10086,80.89
20,1739,ORIENTCEM,EQ,304941,204214,66.97
20,1740,ORIENTCER,EQ,21066,11702,55.55
20,1741,ORIENTELEC,EQ,189403,113436,59.89
20,1742,ORIENTHOT,EQ,254027,125190,49.28
20,1743,ORIENTPPR,EQ,373875,188076,50.30
20,1744,ORIENTTECH,EQ,321975,160284,49.78
20,1745,ORISSAMINE,EQ,5149,3126,60.71
20,1746,ORTINGLOBE,EQ,6773,4586,67.71
20,1747,OSELDEVICE,ST,34400,32800,95.35
20,1748,OSWALAGRO,EQ,11941,4177,34.98
20,1749,OSWALGREEN,EQ,204002,64594,31.66
20,1750,OWAIS,SM,21200,17400,82.08
20,1751,PAGEIND,EQ,13011,5633,43.29
20,1752,PAISALO,EQ,1411242,408850,28.97
20,1753,PAKKA,EQ,136665,83589,61.16
20,1754,PALASHSECU,EQ,7189,2917,40.58
20,1755,PANACEABIO,EQ,382796,169638,44.32
20,1756,PANAMAPET,EQ,22259,15278,68.64
20,1757,PANSARI,EQ,2451,824,33.62
20,1758,PARACABLES,EQ,1022087,437299,42.78
20,1759,PARADEEP,EQ,4855741,912345,18.79
20,1760,PARAGMILK,EQ,405544,208785,51.48
20,1761,PARAGON,ST,38400,34800,90.63
20,1762,PARAMATRIX,SM,1200,1200,100.00
20,1763,PARAMOUNT,SM,4800,3600,75.00
20,1764,PARAS,EQ,198533,47701,24.03
20,1765,PARASPETRO,EQ,143212,117197,81.83
20,1766,PARIN,ST,2500,2500,100.00
20,1767,PARKHOTELS,EQ,284891,158550,55.65
20,1768,PARTYCRUS,SM,12000,9000,75.00
20,1769,PASHUPATI,ST,800,600,75.00
20,1770,PATANJALI,EQ,871393,263954,30.29
20,1771,PATELENG,EQ,1876502,827826,44.12
20,1772,PATINTLOG,EQ,115619,62187,53.79
20,1773,PAVNAIND,EQ,44472,24993,56.20
20,1774,PAYTM,EQ,14201511,2159956,15.21
20,1775,PCBL,EQ,2629829,713729,27.14
20,1776,PCCL,SM,12400,11200,90.32
20,1777,PCJEWELLER,EQ,6124622,3867238,63.14
20,1778,PDMJEPAPER,EQ,147066,94298,64.12
20,1779,PDSL,EQ,90013,56123,62.35
20,1780,PEARLPOLY,EQ,55796,10962,19.65
20,1781,PEL,EQ,222246,78744,35.43
20,1782,PELATRO,ST,67800,65400,96.46
20,1783,PENIND,EQ,273287,116544,42.65
20,1784,PENINLAND,EQ,154305,84788,54.95
20,1785,PENTAGON,SM,9000,7000,77.78
20,1786,PERFECT,ST,21000,21000,100.00
20,1787,PERSISTENT,EQ,1433020,560779,39.13
20,1788,PETRONET,EQ,1034478,456869,44.16
20,1789,PFC,EQ,5521223,2548260,46.15
20,1790,PFIZER,EQ,18427,12373,67.15
20,1791,PFOCUS,EQ,26960,15483,57.43
20,1792,PFS,EQ,583482,334949,57.41
20,1793,PGEL,EQ,1201988,558127,46.43
20,1794,PGHH,EQ,2741,1499,54.69
20,1795,PGHL,EQ,6594,3850,58.39
20,1796,PGIL,EQ,56583,25205,44.55
20,1797,PGINVIT,IV,872170,784112,89.90
20,1798,PHANTOMFX,ST,27600,24900,90.22
20,1799,PHARMABEES,EQ,3473053,2586401,74.47
20,1800,PHOENIXLTD,EQ,573197,373725,65.20
20,1801,PHOGLOBAL,ST,16000,16000,100.00
20,1802,PIDILITIND,EQ,300150,105473,35.14
20,1803,PIIND,EQ,250360,138671,55.39
20,1804,PILANIINVS,EQ,2635,807,30.63
20,1805,PILITA,EQ,4646800,1931793,41.57
20,1806,PITTIENG,EQ,49332,29572,59.94
20,1807,PIXTRANS,EQ,12798,6826,53.34
20,1808,PLADAINFO,SM,6000,6000,100.00
20,1809,PLASTIBLEN,EQ,7940,5418,68.24
20,1810,PLATIND,EQ,308627,146031,47.32
20,1811,PLAZACABLE,EQ,37004,19993,54.03
20,1812,PNB,EQ,26893329,8852842,32.92
20,1813,PNBGILTS,EQ,339989,146172,42.99
20,1814,PNBHOUSING,EQ,1216979,577066,47.42
20,1815,PNC,EQ,10470,5260,50.24
20,1816,PNCINFRA,EQ,209568,68336,32.61
20,1817,PNGJL,EQ,512042,119856,23.41
20,1818,POCL,EQ,74123,44464,59.99
20,1819,PODDARMENT,EQ,3923,2353,59.98
20,1820,POKARNA,EQ,91691,44899,48.97
20,1821,POLICYBZR,EQ,1300353,699334,53.78
20,1822,POLYCAB,EQ,1354910,576324,42.54
20,1823,POLYMED,EQ,105616,44040,41.70
20,1824,POLYPLEX,EQ,67355,37535,55.73
20,1825,POLYSIL,SM,14000,12000,85.71
20,1826,PONNIERODE,EQ,12446,6572,52.80
20,1827,POONAWALLA,EQ,1065326,363751,34.14
20,1828,POSITRON,ST,33300,30600,91.89
20,1829,POWERGRID,EQ,11142914,4177818,37.49
20,1830,POWERINDIA,EQ,66267,33048,49.87
20,1831,POWERMECH,EQ,35221,14782,41.97
20,1832,PPAP,EQ,11597,6145,52.99
20,1833,PPL,EQ,102530,37848,36.91
20,1834,PPLPHARMA,EQ,1615546,523501,32.40
20,1835,PPSL,SM,12000,9000,75.00
20,1836,PRAENG,EQ,67267,36338,54.02
20,1837,PRAJIND,EQ,647902,307126,47.40
20,1838,PRAKASH,EQ,402072,237358,59.03
20,1839,PRAKASHSTL,EQ,343539,154508,44.98
20,1840,PRAMARA,SM,5000,5000,100.00
20,1841,PRANIK,SM,1600,1600,100.00
20,1842,PRATHAM,ST,16000,14400,90.00
20,1843,PRECAM,EQ,140898,67141,47.65
20,1844,PRECISION,ST,16000,16000,100.00
20,1845,PRECWIRE,EQ,103395,34456,33.32
20,1846,PREMEXPLN,EQ,52882,27961,52.87
20,1847,PREMIERENE,EQ,2155689,586923,27.23
20,1848,PREMIUM,SM,6000,3000,50.00
20,1849,PRESSTONIC,ST,7200,7200,100.00
20,1850,PRESTIGE,EQ,1730028,971416,56.15
20,1851,PRICOLLTD,EQ,189441,85491,45.13
20,1852,PRIMESECU,EQ,54795,25653,46.82
20,1853,PRINCEPIPE,EQ,134169,59277,44.18
20,1854,PRITI,EQ,39853,21976,55.14
20,1855,PRITIKAUTO,EQ,148777,85754,57.64
20,1856,PRIVISCL,EQ,33839,22782,67.32
20,1857,PRIZOR,ST,2400,2400,100.00
20,1858,PRLIND,SM,31000,17000,54.84
20,1859,PROPEQUITY,SM,1200,1200,100.00
20,1860,PROV,SM,320,160,50.00
20,1861,PRSMJOHNSN,EQ,271611,107206,39.47
20,1862,PRUDENT,EQ,54864,32622,59.46
20,1863,PSB,EQ,742490,251290,33.84
20,1864,PSFL,SM,30000,22000,73.33
20,1865,PSPPROJECT,EQ,46710,22663,48.52
20,1866,PSUBANK,EQ,7747,2665,34.40
20,1867,PSUBANKADD,EQ,3059,2044,66.82
20,1868,PSUBNKBEES,EQ,1030547,433853,42.10
20,1869,PSUBNKIETF,EQ,97999,36713,37.46
20,1870,PTC,EQ,1260410,592890,47.04
20,1871,PTCIL,EQ,24915,6578,26.40
20,1872,PTL,EQ,17420,13147,75.47
20,1873,PULZ,ST,12000,12000,100.00
20,1874,PUNJABCHEM,EQ,4363,3206,73.48
20,1875,PURPLEUTED,SM,82000,54000,65.85
20,1876,PURVA,EQ,137019,46461,33.91
20,1877,PVP,EQ,311264,136695,43.92
20,1878,PVRINOX,EQ,438523,192941,44.00
20,1879,PVSL,EQ,42654,13963,32.74
20,1880,PVTBANIETF,EQ,2027717,1368923,67.51
20,1881,PVTBANKADD,EQ,112983,93487,82.74
20,1882,PYRAMID,EQ,17258,10269,59.50
20,1883,QGOLDHALF,EQ,38442,31085,80.86
20,1884,QMSMEDI,SM,7000,7000,100.00
20,1885,QNIFTY,EQ,120,65,54.17
20,1886,QUADFUTURE,EQ,2491491,370383,14.87
20,1887,QUADPRO,SM,60000,48000,80.00
20,1888,QUAL30IETF,EQ,57609,32292,56.05
20,1889,QUESS,EQ,132801,52603,39.61
20,1890,QUESTLAB,ST,55200,55200,100.00
20,1891,QUICKHEAL,EQ,86857,41847,48.18
20,1892,QUICKTOUCH,ST,4000,3500,87.50
20,1893,QVCEL,ST,8000,8000,100.00
20,1894,RACE,EQ,3162,2078,65.72
20,1895,RACLGEAR,EQ,3730,2418,64.83
20,1896,RADHIKAJWE,EQ,386564,208629,53.97
20,1897,RADIANTCMS,EQ,61704,44122,71.51
20,1898,RADICO,EQ,126730,68439,54.00
20,1899,RADIOCITY,EQ,71022,41823,58.89
20,1900,RADIOCITY,P1,70,70,100.00
20,1901,RADIOWALLA,SM,4800,4800,100.00
20,1902,RAILTEL,EQ,1285959,404874,31.48
20,1903,RAIN,EQ,1553899,808685,52.04
20,1904,RAINBOW,EQ,72722,21959,30.20
20,1905,RAJESHEXPO,EQ,401587,166817,41.54
20,1906,RAJINDLTD,SM,15000,12000,80.00
20,1907,RAJMET,EQ,308845,200633,64.96
20,1908,RAJPUTANA,SM,6000,6000,100.00
20,1909,RAJRATAN,EQ,127552,56625,44.39
20,1910,RAJSREESUG,EQ,24376,10399,42.66
20,1911,RALLIS,EQ,405510,202031,49.82
20,1912,RAMANEWS,EQ,183985,107357,58.35
20,1913,RAMAPHO,EQ,14568,8230,56.49
20,1914,RAMASTEEL,EQ,11438413,2863068,25.03
20,1915,RAMCOCEM,EQ,422152,128230,30.38
20,1916,RAMCOIND,EQ,69658,31836,45.70
20,1917,RAMCOSYS,EQ,35420,14095,39.79
20,1918,RAMKY,EQ,22651,12365,54.59
20,1919,RAMRAT,EQ,13740,8805,64.08
20,1920,RANASUG,EQ,143886,80219,55.75
20,1921,RANEENGINE,EQ,1679,831,49.49
20,1922,RANEHOLDIN,EQ,10017,6141,61.31
20,1923,RAPPID,ST,12000,10800,90.00
20,1924,RATEGAIN,EQ,65338,31919,48.85
20,1925,RATNAMANI,EQ,14975,7547,50.40
20,1926,RATNAVEER,EQ,119692,58936,49.24
20,1927,RAYMOND,EQ,3392597,92897,2.74
20,1928,RAYMONDLSL,EQ,50812,22003,43.30
20,1929,RBA,EQ,722688,405317,56.08
20,1930,RBL,EQ,2902,1625,56.00
20,1931,RBLBANK,EQ,16683460,3829268,22.95
20,1932,RBMINFRA,SM,28200,19400,68.79
20,1933,RBS,ST,16000,14400,90.00
20,1934,RBZJEWEL,EQ,209877,112963,53.82
20,1935,RCDL,SM,6000,6000,100.00
20,1936,RCF,EQ,1307924,344662,26.35
20,1937,RECLTD,EQ,6738912,3361139,49.88
20,1938,REDINGTON,EQ,3270137,708192,21.66
20,1939,REDTAPE,EQ,35540,18036,50.75
20,1940,REFRACTORY,ST,7000,5000,71.43
20,1941,RELAXO,EQ,36180,16999,46.98
20,1942,RELCHEMQ,EQ,2711,1720,63.45
20,1943,RELIABLE,EQ,2559,1291,50.45
20,1944,RELIANCE,EQ,14235970,10050105,70.60
20,1945,RELIGARE,EQ,1060188,655861,61.86
20,1946,RELINFRA,EQ,957586,544619,56.87
20,1947,RELTD,EQ,48276,28700,59.45
20,1948,REMSONSIND,EQ,104306,89599,85.90
20,1949,REMUS,SM,3700,2450,66.22
20,1950,RENUKA,EQ,2684667,829191,30.89
20,1951,REPCOHOME,EQ,85826,46495,54.17
20,1952,REPRO,EQ,5947,4385,73.73
20,1953,RESPONIND,EQ,98298,54408,55.35
20,1954,RETAIL,EQ,10198,6918,67.84
20,1955,REXPIPES,SM,2000,2000,100.00
20,1956,RGL,EQ,753450,468555,62.19
20,1957,RHIM,EQ,65274,31646,48.48
20,1958,RICOAUTO,EQ,347812,122117,35.11
20,1959,RIIL,EQ,110440,20811,18.84
20,1960,RILINFRA,SM,121900,60500,49.63
20,1961,RISHABH,EQ,14523,8029,55.28
20,1962,RITCO,EQ,41924,24049,57.36
20,1963,RITES,EQ,787634,291477,37.01
20,1964,RKDL,EQ,61861,27501,44.46
20,1965,RKEC,EQ,38405,22829,59.44
20,1966,RKFORGE,EQ,834996,358433,42.93
20,1967,RKSWAMY,EQ,26631,15090,56.66
20,1968,RMDRIP,ST,500,500,100.00
20,1969,RML,EQ,6062,3491,57.59
20,1970,RNFI,ST,31200,31200,100.00
20,1971,ROCKINGDCE,SM,8000,4500,56.25
20,1972,ROHLTD,EQ,20855,10244,49.12
20,1973,ROLEXRINGS,EQ,5741,2487,43.32
20,1974,ROML,EQ,13129,8553,65.15
20,1975,ROSSARI,EQ,37193,15275,41.07
20,1976,ROSSTECH,EQ,8728,5878,67.35
20,1977,ROTO,EQ,123202,57341,46.54
20,1978,ROUTE,EQ,60957,29090,47.72
20,1979,ROXHITECH,SM,41600,33600,80.77
20,1980,RPEL,EQ,24360,13502,55.43
20,1981,RPGLIFE,EQ,7539,3390,44.97
20,1982,RPOWER,EQ,8229512,4221084,51.29
20,1983,RPPL,EQ,52292,34440,65.86
20,1984,RPSGVENT,EQ,43799,15759,35.98
20,1985,RPTECH,EQ,74022,36884,49.83
20,1986,RRKABEL,EQ,38740,17355,44.80
20,1987,RSWM,EQ,20818,14752,70.86
20,1988,RSYSTEMS,EQ,45179,22061,48.83
20,1989,RTNINDIA,EQ,942180,368382,39.10
20,1990,RTNPOWER,EQ,10096198,4680107,46.36
20,1991,RUBFILA,EQ,20686,15268,73.81
20,1992,RUBYMILLS,EQ,14431,8645,59.91
20,1993,RUCHINFRA,EQ,26992,18483,68.48
20,1994,RUCHIRA,EQ,17763,10261,57.77
20,1995,RULKA,ST,5100,4500,88.24
20,1996,RUPA,EQ,104351,49116,47.07
20,1997,RUSHIL,EQ,257607,134769,52.32
20,1998,RUSTOMJEE,EQ,31270,20668,66.10
20,1999,RVNL,EQ,3895985,902859,23.17
20,2000,SAAKSHI,SM,37200,31200,83.87
20,2001,SABAR,ST,75000,75000,100.00
20,2002,SADBHAV,EQ,1255375,794470,63.29
20,2003,SADBHIN,EQ,108385,92424,85.27
20,2004,SADHAV,SM,18000,12600,70.00
20,2005,SADHNANIQ,EQ,488184,141582,29.00
20,2006,SAFARI,EQ,115384,104788,90.82
20,2007,SAGARDEEP,EQ,29217,17954,61.45
20,2008,SAGCEM,EQ,42361,22368,52.80
20,2009,SAHAJSOLAR,SM,20000,13400,67.00
20,2010,SAHANA,ST,19000,17750,93.42
20,2011,SAHASRA,SM,47600,34400,72.27
20,2012,SAHYADRI,EQ,2612,1422,54.44
20,2013,SAIFL,SM,6400,6400,100.00
20,2014,SAIL,EQ,11993883,1913249,15.95
20,2015,SAILIFE,EQ,302860,171345,56.58
20,2016,SAJHOTELS,ST,46000,46000,100.00
20,2017,SAKAR,EQ,13682,11451,83.69
20,2018,SAKHTISUG,EQ,75192,43745,58.18
20,2019,SAKSOFT,EQ,89753,50669,56.45
20,2020,SALASAR,EQ,4155558,1609569,38.73
20,2021,SALONA,EQ,3151,1416,44.94
20,2022,SALSTEEL,EQ,49330,25554,51.80
20,2023,SALZERELEC,EQ,99548,45652,45.86
20,2024,SAMHI,EQ,841716,383817,45.60
20,2025,SAMMAANCAP,EQ,8105927,4445408,54.84
20,2026,SANATHAN,EQ,232369,102010,43.90
20,2027,SANDESH,EQ,447,247,55.26
20,2028,SANDHAR,EQ,40938,20462,49.98
20,2029,SANDUMA,EQ,95311,43222,45.35
20,2030,SANGAMIND,EQ,14474,6939,47.94
20,2031,SANGANI,ST,3000,3000,100.00
20,2032,SANGHIIND,EQ,558786,187609,33.57
20,2033,SANGHVIMOV,EQ,574244,344544,60.00
20,2034,SANGINITA,EQ,29674,26488,89.26
20,2035,SANOFI,EQ,13516,6708,49.63
20,2036,SANOFICONR,EQ,10807,7302,67.57
20,2037,SANSERA,EQ,94951,54073,56.95
20,2038,SANSTAR,EQ,323391,146176,45.20
20,2039,SAPPHIRE,EQ,182932,53910,29.47
20,2040,SARDAEN,EQ,217164,98046,45.15
20,2041,SAREGAMA,EQ,314148,133305,42.43
20,2042,SARTELE,SM,20500,15500,75.61
20,2043,SARVESHWAR,EQ,1918373,996386,51.94
20,2044,SASKEN,EQ,4072,1562,38.36
20,2045,SASTASUNDR,EQ,6862,5037,73.40
20,2046,SATECH,ST,52000,49000,94.23
20,2047,SATIA,EQ,67072,35399,52.78
20,2048,SATIN,EQ,170523,103606,60.76
20,2049,SATINDLTD,EQ,419070,140413,33.51
20,2050,SATIPOLY,SM,1000,1000,100.00
20,2051,SATKARTAR,ST,32000,30400,95.00
20,2052,SAURASHCEM,EQ,86464,47630,55.09
20,2053,SBC,EQ,2283413,932242,40.83
20,2054,SBCL,EQ,60536,41334,68.28
20,2055,SBFC,EQ,613125,268838,43.85
20,2056,SBGLP,EQ,345285,169428,49.07
20,2057,SBICARD,EQ,1897571,825585,43.51
20,2058,SBIETFCON,EQ,1806,857,47.45
20,2059,SBIETFIT,EQ,3970,2245,56.55
20,2060,SBIETFPB,EQ,5448,3668,67.33
20,2061,SBIETFQLTY,EQ,17077,16991,99.50
20,2062,SBILIFE,EQ,1504123,746822,49.65
20,2063,SBIN,EQ,10579213,4635075,43.81
20,2064,SBINEQWETF,EQ,14689,9882,67.27
20,2065,SBISILVER,EQ,52424,43417,82.82
20,2066,SCHAEFFLER,EQ,70169,35059,49.96
20,2067,SCHAND,EQ,18817,11957,63.54
20,2068,SCHNEIDER,EQ,133763,48281,36.09
20,2069,SCI,EQ,943428,355722,37.71
20,2070,SCILAL,EQ,815360,371553,45.57
20,2071,SCL25B,BI,300,150,50.00
20,2072,SCML,SM,3000,3000,100.00
20,2073,SCPL,EQ,7409,3935,53.11
20,2074,SDBL,EQ,486096,284735,58.58
20,2075,SDL26BEES,EQ,22230,19019,85.56
20,2076,SDREAMS,SM,10000,8000,80.00
20,2077,SEAMECLTD,EQ,16934,11612,68.57
20,2078,SECL,ST,12500,12500,100.00
20,2079,SECMARK,EQ,272,236,86.76
20,2080,SECURKLOUD,EQ,28262,16538,58.52
20,2081,SEL,ST,400,400,100.00
20,2082,SELAN,EQ,75248,41030,54.53
20,2083,SELMC,EQ,22545,16073,71.29
20,2084,SENCO,EQ,268901,110837,41.22
20,2085,SENORES,EQ,3712575,778197,20.96
20,2086,SENSEXADD,EQ,431,380,88.17
20,2087,SENSEXETF,EQ,10528,7768,73.78
20,2088,SENSEXIETF,EQ,6541,2906,44.43
20,2089,SEPC,EQ,6387581,3160062,49.47
20,2090,SEQUENT,EQ,256070,134090,52.36
20,2091,SERVICE,SM,2000,2000,100.00
20,2092,SERVOTECH,EQ,747708,359825,48.12
20,2093,SESHAPAPER,EQ,35124,20267,57.70
20,2094,SETF10GILT,EQ,7968,7454,93.55
20,2095,SETFGOLD,EQ,1258189,945750,75.17
20,2096,SETFNIF50,EQ,645820,511839,79.25
20,2097,SETFNIFBK,EQ,37616,25496,67.78
20,2098,SETFNN50,EQ,52877,34545,65.33
20,2099,SFL,EQ,92369,49069,53.12
20,2100,SFML,SM,20800,17600,84.62
20,2101,SGBAPR28I,GB,98,80,81.63
20,2102,SGBAUG27,GB,148,135,91.22
20,2103,SGBAUG28V,GB,575,488,84.87
20,2104,SGBAUG29V,GB,141,104,73.76
20,2105,SGBAUG30,GB,254,202,79.53
20,2106,SGBD29VIII,GB,491,260,52.95
20,2107,SGBDC27VII,GB,15,15,100.00
20,2108,SGBDE30III,GB,591,514,86.97
20,2109,SGBDE31III,GB,2112,1543,73.06
20,2110,SGBDEC2513,GB,1,1,100.00
20,2111,SGBDEC25XI,GB,9,9,100.00
20,2112,SGBDEC26,GB,1,1,100.00
20,2113,SGBFEB27,GB,33,33,100.00
20,2114,SGBFEB28IX,GB,11,11,100.00
20,2115,SGBFEB29XI,GB,34,34,100.00
20,2116,SGBFEB32IV,GB,1449,1204,83.09
20,2117,SGBJ28VIII,GB,321,321,100.00
20,2118,SGBJAN27,GB,32,21,65.63
20,2119,SGBJAN29IX,GB,776,766,98.71
20,2120,SGBJAN29X,GB,209,191,91.39
20,2121,SGBJAN30IX,GB,174,145,83.33
20,2122,SGBJU29III,GB,116,84,72.41
20,2123,SGBJUL25,GB,31,27,87.10
20,2124,SGBJUL27,GB,15,14,93.33
20,2125,SGBJUL28IV,GB,1125,1037,92.18
20,2126,SGBJUL29IV,GB,1062,983,92.56
20,2127,SGBJUN27,GB,44,34,77.27
20,2128,SGBJUN28,GB,386,384,99.48
20,2129,SGBJUN29II,GB,139,139,100.00
20,2130,SGBJUN30,GB,138,108,78.26
20,2131,SGBJUN31I,GB,1054,862,81.78
20,2132,SGBMAR25,GB,102,72,70.59
20,2133,SGBMAR28X,GB,48,24,50.00
20,2134,SGBMAR30X,GB,99,98,98.99
20,2135,SGBMAR31IV,GB,303,200,66.01
20,2136,SGBMAY25,GB,32,29,90.63
20,2137,SGBMAY28,GB,180,178,98.89
20,2138,SGBMAY29I,GB,605,439,72.56
20,2139,SGBMR29XII,GB,187,146,78.07
20,2140,SGBN28VIII,GB,289,181,62.63
20,2141,SGBNOV25,GB,2,2,100.00
20,2142,SGBNOV25IX,GB,25,12,48.00
20,2143,SGBNOV26,GB,4,4,100.00
20,2144,SGBNV29VII,GB,270,225,83.33
20,2145,SGBOC28VII,GB,558,412,73.84
20,2146,SGBOCT25,GB,12,12,100.00
20,2147,SGBOCT25IV,GB,37,31,83.78
20,2148,SGBOCT26,GB,4,4,100.00
20,2149,SGBOCT27,GB,45,45,100.00
20,2150,SGBOCT27VI,GB,10,10,100.00
20,2151,SGBSEP27,GB,44,44,100.00
20,2152,SGBSEP28VI,GB,273,213,78.02
20,2153,SGBSEP29VI,GB,251,244,97.21
20,2154,SGBSEP31II,GB,1165,980,84.12
20,2155,SGL,EQ,9080,6412,70.62
20,2156,SGLTL,EQ,3121943,1012803,32.44
20,2157,SHAH,EQ,437945,285451,65.18
20,2158,SHALBY,EQ,84311,61266,72.67
20,2159,SHALPAINTS,EQ,89225,53982,60.50
20,2160,SHANKARA,EQ,33585,19180,57.11
20,2161,SHANTI,EQ,254219,230751,90.77
20,2162,SHANTIGEAR,EQ,12240,6712,54.84
20,2163,SHARDACROP,EQ,323156,147587,45.67
20,2164,SHARDAMOTR,EQ,11485,6422,55.92
20,2165,SHAREINDIA,EQ,216281,93312,43.14
20,2166,SHARIABEES,EQ,1897,1546,81.50
20,2167,SHEETAL,SM,52000,36000,69.23
20,2168,SHEMAROO,EQ,21520,12439,57.80
20,2169,SHERA,SM,9000,6000,66.67
20,2170,SHIGAN,SM,4500,4500,100.00
20,2171,SHILPAMED,EQ,169275,69765,41.21
20,2172,SHIVALIK,EQ,44558,16767,37.63
20,2173,SHIVAMAUTO,EQ,195247,65002,33.29
20,2174,SHIVAMILLS,EQ,7123,3613,50.72
20,2175,SHIVATEX,EQ,547262,80484,14.71
20,2176,SHK,EQ,166320,101845,61.23
20,2177,SHOPERSTOP,EQ,34071,15520,45.55
20,2178,SHREDIGCEM,EQ,1014011,377001,37.18
20,2179,SHREECEM,EQ,31358,14433,46.03
20,2180,SHREEKARNI,ST,4650,4500,96.77
20,2181,SHREEOSFM,SM,5000,4000,80.00
20,2182,SHREEPUSHK,EQ,98418,53677,54.54
20,2183,SHRENIK,EQ,428192,275378,64.31
20,2184,SHREYANIND,EQ,1758,1434,81.57
20,2185,SHRIPISTON,EQ,19813,10658,53.79
20,2186,SHRIRAMFIN,EQ,7602501,2073684,27.28
20,2187,SHRIRAMPPS,EQ,367801,180725,49.14
20,2188,SHRITECH,SM,44000,42000,95.45
20,2189,SHUBHLAXMI,ST,5000,5000,100.00
20,2190,SHYAMCENT,EQ,108776,70349,64.67
20,2191,SHYAMMETL,EQ,311006,149290,48.00
20,2192,SIEMENS,EQ,247172,107853,43.63
20,2193,SIGACHI,EQ,1204614,430702,35.75
20,2194,SIGIND,EQ,7829,5156,65.86
20,2195,SIGMA,EQ,30145,3476,11.53
20,2196,SIGNATURE,EQ,545941,80547,14.75
20,2197,SIKKO,EQ,56114,27909,49.74
20,2198,SIL,EQ,38156,27575,72.27
20,2199,SILGO,EQ,116863,68755,58.83
20,2200,SILLYMONKS,EQ,6282,4279,68.12
20,2201,SILVER,EQ,60141,39775,66.14
20,2202,SILVER1,EQ,31634,28864,91.24
20,2203,SILVERADD,EQ,15288,14005,91.61
20,2204,SILVERBEES,EQ,4718901,3637069,77.07
20,2205,SILVERETF,EQ,86788,69609,80.21
20,2206,SILVERIETF,EQ,589550,501436,85.05
20,2207,SILVERTUC,EQ,12230,3234,26.44
20,2208,SILVRETF,EQ,32303,31567,97.72
20,2209,SINCLAIR,EQ,31210,15561,49.86
20,2210,SINDHUTRAD,EQ,724986,313230,43.20
20,2211,SINTERCOM,EQ,51149,47108,92.10
20,2212,SIRCA,EQ,44217,30954,70.00
20,2213,SIS,EQ,31342,18302,58.39
20,2214,SIYSIL,EQ,150640,46070,30.58
20,2215,SJLOGISTIC,SM,66250,51000,76.98
20,2216,SJS,EQ,69084,39199,56.74
20,2217,SJVN,EQ,4561538,1184200,25.96
20,2218,SKFINDIA,EQ,22310,11550,51.77
20,2219,SKIPPER,EQ,285420,115050,40.31
20,2220,SKMEGGPROD,EQ,33748,12723,37.70
20,2221,SKP,SM,2500,1500,60.00
20,2222,SLONE,ST,800,800,100.00
20,2223,SMALLCAP,EQ,2115629,1268244,59.95
20,2224,SMCGLOBAL,EQ,55579,24326,43.77
20,2225,SMLISUZU,EQ,10120,5196,51.34
20,2226,SMLT,EQ,9199,5353,58.19
20,2227,SMSPHARMA,EQ,62678,24718,39.44
20,2228,SMVD,SM,8080,8080,100.00
20,2229,SNOWMAN,EQ,177492,96828,54.55
20,2230,SOBHA,EQ,494354,274096,55.45
20,2231,SOLARA,EQ,550514,130541,23.71
20,2232,SOLARAPP,E1,10593,9844,92.93
20,2233,SOLARINDS,EQ,43743,22274,50.92
20,2234,SOLEX,SM,64625,43750,67.70
20,2235,SOMANYCERA,EQ,34419,22660,65.84
20,2236,SOMICONVEY,EQ,9811,4983,50.79
20,2237,SONACOMS,EQ,7353964,3573136,48.59
20,2238,SONAMAC,ST,17000,17000,100.00
20,2239,SONATSOFTW,EQ,391633,129326,33.02
20,2240,SONUINFRA,ST,15000,15000,100.00
20,2241,SOTL,EQ,47575,28877,60.70
20,2242,SOUTHBANK,EQ,15747613,5628164,35.74
20,2243,SOUTHWEST,EQ,44328,20502,46.25
20,2244,SPAL,EQ,11945,4799,40.18
20,2245,SPANDANA,EQ,279604,239693,85.73
20,2246,SPARC,EQ,278215,127933,45.98
20,2247,SPCL,ST,39000,37200,95.38
20,2248,SPECIALITY,EQ,16583,10619,64.04
20,2249,SPECTRUM,SM,9250,5500,59.46
20,2250,SPECTSTM,ST,105600,104000,98.48
20,2251,SPENCERS,EQ,146895,67381,45.87
20,2252,SPIC,EQ,407229,181376,44.54
20,2253,SPLIL,EQ,16085,7723,48.01
20,2254,SPLPETRO,EQ,121558,83672,68.83
20,2255,SPORTKING,EQ,143001,114811,80.29
20,2256,SPPPOLY,ST,12000,12000,100.00
20,2257,SREEL,EQ,4098,2890,70.52
20,2258,SRF,EQ,260384,132861,51.03
20,2259,SRGHFL,EQ,1419,1073,75.62
20,2260,SRHHYPOLTD,EQ,11375,7208,63.37
20,2261,SRIVASAVI,SM,4000,3000,75.00
20,2262,SSDL,EQ,31602,18561,58.73
20,2263,SSEGL,SM,37000,26600,71.89
20,2264,SSFL,SM,28500,23500,82.46
20,2265,S&SPOWER,EQ,10443,10105,96.76
20,2266,SSWL,EQ,249255,139053,55.79
20,2267,STANLEY,EQ,56810,31971,56.28
20,2268,STAR,EQ,716013,335895,46.91
20,2269,STARCEMENT,EQ,741264,170837,23.05
20,2270,STARHEALTH,EQ,683149,520182,76.14
20,2271,STARPAPER,EQ,77137,41683,54.04
20,2272,STARTECK,EQ,8871,978,11.02
20,2273,STCINDIA,EQ,57414,18103,31.53
20,2274,STEELCAS,EQ,6674,4002,59.96
20,2275,STEELCITY,EQ,23389,12044,51.49
20,2276,STEELXIND,EQ,4427313,1809730,40.88
20,2277,STEL,EQ,3720,2411,64.81
20,2278,STERTOOLS,EQ,87405,34217,39.15
20,2279,STLTECH,EQ,754234,308811,40.94
20,2280,STOVEKRAFT,EQ,100591,39976,39.74
20,2281,STYLAMIND,EQ,10344,5294,51.18
20,2282,STYLEBAAZA,EQ,104175,50859,48.82
20,2283,STYRENIX,EQ,59046,39344,66.63
20,2284,SUBEXLTD,EQ,1892105,761407,40.24
20,2285,SUBROS,EQ,35510,20019,56.38
20,2286,SUDARSCHEM,EQ,125554,46639,37.15
20,2287,SUKHJITS,EQ,3182,2336,73.41
20,2288,SULA,EQ,255327,147199,57.65
20,2289,SUMICHEM,EQ,510001,189458,37.15
20,2290,SUMMITSEC,EQ,6785,3357,49.48
20,2291,SUNCLAY,EQ,55067,38069,69.13
20,2292,SUNDARAM,EQ,286461,176560,61.63
20,2293,SUNDARMFIN,EQ,48343,8849,18.30
20,2294,SUNDARMHLD,EQ,45595,23952,52.53
20,2295,SUNDRMFAST,EQ,71808,36045,50.20
20,2296,SUNLITE,SM,1200,1200,100.00
20,2297,SUNPHARMA,EQ,1277935,637647,49.90
20,2298,SUNTECK,EQ,504978,186298,36.89
20,2299,SUNTV,EQ,144286,41248,28.59
20,2300,SUPERHOUSE,EQ,796,516,64.82
20,2301,SUPRAJIT,EQ,43535,28346,65.11
20,2302,SUPREMEIND,EQ,176404,92566,52.47
20,2303,SUPREMEPWR,ST,20500,20500,100.00
20,2304,SUPRIYA,EQ,318544,131486,41.28
20,2305,SURAJEST,EQ,178551,129555,72.56
20,2306,SURAKSHA,EQ,90477,36136,39.94
20,2307,SURANASOL,EQ,200151,107870,53.89
20,2308,SURANAT&P,EQ,86437,51585,59.68
20,2309,SURANI,ST,600,600,100.00
20,2310,SURYALAXMI,EQ,12567,8478,67.46
20,2311,SURYAROSNI,EQ,302111,117176,38.79
20,2312,SURYODAY,EQ,1183448,343481,29.02
20,2313,SUTLEJTEX,EQ,34461,13269,38.50
20,2314,SUVEN,EQ,379040,153243,40.43
20,2315,SUVENPHAR,EQ,93132,47713,51.23
20,2316,SUVIDHAA,EQ,295541,176403,59.69
20,2317,SUYOG,EQ,19058,11987,62.90
20,2318,SUZLON,EQ,64210167,37250170,58.01
20,2319,SWANENERGY,EQ,2630480,699537,26.59
20,2320,SWARAJ,SM,46000,34000,73.91
20,2321,SWARAJENG,EQ,7492,3376,45.06
20,2322,SWASTIK,SM,38400,26400,68.75
20,2323,SWELECTES,EQ,17329,9970,57.53
20,2324,SWIGGY,EQ,12225785,2994403,24.49
20,2325,SWSOLAR,EQ,2885139,1792098,62.11
20,2326,SYLVANPLY,SM,2000,2000,100.00
20,2327,SYMPHONY,EQ,62773,21666,34.51
20,2328,SYNCOMF,EQ,1298725,734924,56.59
20,2329,SYNGENE,EQ,4705116,2060337,43.79
20,2330,SYNOPTICS,SM,1200,1200,100.00
20,2331,SYRMA,EQ,903964,231812,25.64
20,2332,SYSTANGO,SM,13200,9600,72.73
20,2333,TAC,ST,25800,25800,100.00
20,2334,TAINWALCHM,EQ,21680,5031,23.21
20,2335,TAJGVK,EQ,156863,61617,39.28
20,2336,TALBROAUTO,EQ,51485,30821,59.86
20,2337,TANLA,EQ,1075004,211023,19.63
20,2338,TARC,EQ,737124,439149,59.58
20,2339,TARMAT,EQ,32564,15593,47.88
20,2340,TARSONS,EQ,19165,10814,56.43
20,2341,TASTYBITE,EQ,968,492,50.83
20,2342,TATACHEM,EQ,464543,124739,26.85
20,2343,TATACOMM,EQ,355209,78040,21.97
20,2344,TATACONSUM,EQ,2201712,839805,38.14
20,2345,TATAELXSI,EQ,108179,36113,33.38
20,2346,TATAGOLD,EQ,5682417,4135725,72.78
20,2347,TATAINVEST,EQ,18390,7141,38.83
20,2348,TATAMOTORS,EQ,9513166,3037042,31.92
20,2349,TATAPOWER,EQ,7966520,2607064,32.73
20,2350,TATASTEEL,EQ,37092106,17463444,47.08
20,2351,TATATECH,EQ,834302,475894,57.04
20,2352,TATSILV,EQ,482889,366167,75.83
20,2353,TATVA,EQ,8339,5029,60.31
20,2354,TBI,SM,23400,22200,94.87
20,2355,TBOTEK,EQ,29851,9170,30.72
20,2356,TBZ,EQ,140976,65010,46.11
20,2357,TCHF30,NB,251,250,99.60
20,2358,TCI,EQ,25466,14615,57.39
20,2359,TCIEXP,EQ,8345,4577,54.85
20,2360,TCL,SM,29600,18400,62.16
20,2361,TCLCONS,EQ,128353,52127,40.61
20,2362,TCPLPACK,EQ,7213,3958,54.87
20,2363,TCS,EQ,1910099,1317211,68.96
20,2364,TDPOWERSYS,EQ,459388,264513,57.58
20,2365,TEAMLEASE,EQ,7626,2955,38.75
20,2366,TECH,EQ,6718,5876,87.47
20,2367,TECHERA,ST,36800,28800,78.26
20,2368,TECHLABS,ST,48250,41625,86.27
20,2369,TECHM,EQ,1257165,655264,52.12
20,2370,TECHNOE,EQ,582628,269968,46.34
20,2371,TECILCHEM,EQ,1070,1052,98.32
20,2372,TEGA,EQ,33802,21102,62.43
20,2373,TEJASNET,EQ,3428587,869504,25.36
20,2374,TEXINFRA,EQ,451726,252599,55.92
20,2375,TEXMOPIPES,EQ,13681,8179,59.78
20,2376,TEXRAIL,EQ,1185341,446702,37.69
20,2377,TFCILTD,EQ,352199,207895,59.03
20,2378,TGBHOTELS,EQ,22382,13601,60.77
20,2379,TGL,ST,33800,29200,86.39
20,2380,THANGAMAYL,EQ,32411,24570,75.81
20,2381,THEINVEST,EQ,14619,5416,37.05
20,2382,THEJO,EQ,11166,8801,78.82
20,2383,THEMISMED,EQ,44994,22044,48.99
20,2384,THERMAX,EQ,48172,21934,45.53
20,2385,THESL,ST,3000,3000,100.00
20,2386,THOMASCOOK,EQ,467588,291326,62.30
20,2387,THYROCARE,EQ,556406,269418,48.42
20,2388,TI,EQ,1048826,453025,43.19
20,2389,TIIL,EQ,20199,15126,74.88
20,2390,TIINDIA,EQ,140970,80702,57.25
20,2391,TIL,EQ,15146,12778,84.37
20,2392,TIMESCAN,SM,10000,8000,80.00
20,2393,TIMETECHNO,EQ,1206141,559379,46.38
20,2394,TIMKEN,EQ,46768,27343,58.47
20,2395,TIPSMUSIC,EQ,262464,125398,47.78
20,2396,TIRUMALCHM,EQ,530907,355504,66.96
20,2397,TIRUPATI,SM,10000,10000,100.00
20,2398,TITAGARH,EQ,882884,320886,36.35
20,2399,TITAN,EQ,564244,234998,41.65
20,2400,TMB,EQ,55432,34315,61.90
20,2401,TNIDETF,EQ,37450,24636,65.78
20,2402,TNPETRO,EQ,83832,40620,48.45
20,2403,TNPL,EQ,231843,128149,55.27
20,2404,TOKYOPLAST,EQ,2931,1912,65.23
20,2405,TOLINS,EQ,84176,45212,53.71
20,2406,TOP100CASE,EQ,262004,225816,86.19
20,2407,TOP10ADD,EQ,147636,107032,72.50
20,2408,TORNTPHARM,EQ,391085,266608,68.17
20,2409,TORNTPOWER,EQ,1031287,203796,19.76
20,2410,TOTAL,EQ,5226,3275,62.67
20,2411,TOUCHWOOD,EQ,657,471,71.69
20,2412,TPLPLASTEH,EQ,140279,25311,18.04
20,2413,TRACXN,EQ,107111,46507,43.42
20,2414,TRANSRAILL,EQ,2970954,1334168,44.91
20,2415,TRANSTEEL,ST,70000,68000,97.14
20,2416,TRANSWORLD,EQ,28370,16320,57.53
20,2417,TREJHARA,EQ,6327,2686,42.45
20,2418,TREL,EQ,264390,104565,39.55
20,2419,TRENT,EQ,1119070,571246,51.05
20,2420,TRF,EQ,137193,58889,42.92
20,2421,TRIDENT,EQ,3384303,888766,26.26
20,2422,TRIDHYA,SM,6000,6000,100.00
20,2423,TRIGYN,EQ,56672,30837,54.41
20,2424,TRITURBINE,EQ,608158,121734,20.02
20,2425,TRIVENI,EQ,285892,117154,40.98
20,2426,TROM,SM,28200,19200,68.09
20,2427,TRUST,SM,79200,55200,69.70
20,2428,TTKHLTCARE,EQ,41268,6724,16.29
20,2429,TTKPRESTIG,EQ,73771,20832,28.24
20,2430,TTML,EQ,3802230,713841,18.77
20,2431,TUNWAL,SM,40000,28000,70.00
20,2432,TVSELECT,EQ,11649,5697,48.91
20,2433,TVSHLTD,EQ,4418,2223,50.32
20,2434,TVSMOTOR,EQ,576285,334052,57.97
20,2435,TVSSCS,EQ,218873,106659,48.73
20,2436,TVSSRICHAK,EQ,1477,945,63.98
20,2437,TVTODAY,EQ,83092,43637,52.52
20,2438,UBL,EQ,107086,25805,24.10
20,2439,UCL,SM,2000,2000,100.00
20,2440,UCOBANK,EQ,4262055,1244749,29.21
20,2441,UDAICEMENT,EQ,343047,217466,63.39
20,2442,UDS,EQ,130481,72115,55.27
20,2443,UFLEX,EQ,17719,8274,46.70
20,2444,UFO,EQ,82978,66518,80.16
20,2445,UGARSUGAR,EQ,134139,60827,45.35
20,2446,UGROCAP,EQ,127000,81785,64.40
20,2447,UHTL,ST,84000,78000,92.86
20,2448,UJJIVANSFB,EQ,21973229,7590105,34.54
20,2449,ULTRACEMCO,EQ,545939,195094,35.74
20,2450,UMA,SM,8000,8000,100.00
20,2451,UMAEXPORTS,EQ,47889,17483,36.51
20,2452,UMESLTD,EQ,20109,11188,55.64
20,2453,UNICHEMLAB,EQ,186095,52443,28.18
20,2454,UNIDT,EQ,51307,42147,82.15
20,2455,UNIECOM,EQ,390859,194648,49.80
20,2456,UNIENTER,EQ,4374,1684,38.50
20,2457,UNIHEALTH,SM,35000,27000,77.14
20,2458,UNIINFO,EQ,7984,4496,56.31
20,2459,UNILEX,SM,16000,16000,100.00
20,2460,UNIMECH,EQ,153805,56178,36.53
20,2461,UNIONBANK,EQ,5216313,1708155,32.75
20,2462,UNIPARTS,EQ,29675,19494,65.69
20,2463,UNITDSPR,EQ,1968647,777854,39.51
20,2464,UNITEDTEA,EQ,3627,2259,62.28
20,2465,UNIVCABLES,EQ,19906,11075,55.64
20,2466,UNOMINDA,EQ,1372098,703680,51.28
20,2467,UPL,EQ,1591661,810759,50.94
20,2468,UPLPP,E1,54147,22193,40.99
20,2469,URAVIDEF,EQ,4222,3588,84.98
20,2470,URBAN,ST,12800,12400,96.88
20,2471,USASEEDS,SM,2700,2100,77.78
20,2472,USHAFIN,SM,64800,57600,88.89
20,2473,USHAMART,EQ,320276,109844,34.30
20,2474,USK,EQ,68613,48853,71.20
20,2475,UTIAMC,EQ,129918,76662,59.01
20,2476,UTIBANKETF,EQ,26946,17059,63.31
20,2477,UTINEXT50,EQ,71559,58421,81.64
20,2478,UTINIFTETF,EQ,11155,9459,84.80
20,2479,UTISENSETF,EQ,1263,702,55.58
20,2480,UTISXN50,EQ,4999,4677,93.56
20,2481,UTKARSHBNK,EQ,1782901,1062965,59.62
20,2482,UTSSAV,ST,69000,62400,90.43
20,2483,UTTAMSUGAR,EQ,54214,32692,60.30
20,2484,UWCSL,ST,2000,2000,100.00
20,2485,UYFINCORP,EQ,31128,17305,55.59
20,2486,VADILALIND,EQ,3462,1640,47.37
20,2487,VAIBHAVGBL,EQ,609060,320594,52.64
20,2488,VAKRANGEE,EQ,12895197,6677391,51.78
20,2489,VAL30IETF,EQ,59156,34021,57.51
20,2490,VALIANTLAB,EQ,622760,610075,97.96
20,2491,VALIANTORG,EQ,27562,21158,76.77
20,2492,VARDHACRLC,EQ,21935,16089,73.35
20,2493,VARROC,EQ,70156,27174,38.73
20,2494,VASCONEQ,EQ,287999,175603,60.97
20,2495,VASWANI,EQ,40014,25657,64.12
20,2496,VBL,EQ,3064139,1501968,49.02
20,2497,VDEAL,SM,18000,13200,73.33
20,2498,VEDL,EQ,4758741,1735682,36.47
20,2499,VEEDOL,EQ,30371,25848,85.11
20,2500,VELS,SM,7200,7200,100.00
20,2501,VENKEYS,EQ,23857,11844,49.65
20,2502,VENTIVE,EQ,337415,244185,72.37
20,2503,VENUSPIPES,EQ,83855,46245,55.15
20,2504,VENUSREM,EQ,11915,7646,64.17
20,2505,VERANDA,EQ,59339,41476,69.90
20,2506,VERITAAS,SM,7200,4800,66.67
20,2507,VERTEXPLUS,SM,10200,10200,100.00
20,2508,VERTOZ,EQ,1085044,777790,71.68
20,2509,VESUVIUS,EQ,9273,4557,49.14
20,2510,VETO,EQ,59673,26427,44.29
20,2511,VGUARD,EQ,123703,52746,42.64
20,2512,VHL,EQ,720,443,61.53
20,2513,VIAZ,SM,4000,2000,50.00
20,2514,VIDHIING,EQ,15055,5954,39.55
20,2515,VIESL,SM,26400,24800,93.94
20,2516,VIJAYA,EQ,310992,154629,49.72
20,2517,VIKASECO,EQ,5116879,3184040,62.23
20,2518,VIKASLIFE,EQ,2569540,1404302,54.65
20,2519,VILAS,ST,54000,51000,94.44
20,2520,VILINBIO,SM,4000,4000,100.00
20,2521,VIMTALABS,EQ,503898,132272,26.25
20,2522,VINATIORGA,EQ,41449,17726,42.77
20,2523,VINCOFE,EQ,132008,78280,59.30
20,2524,VINDHYATEL,EQ,8137,5709,70.16
20,2525,VINEETLAB,EQ,16916,11255,66.53
20,2526,VINSYS,SM,4000,3500,87.50
20,2527,VINYAS,ST,1000,1000,100.00
20,2528,VINYLINDIA,EQ,13207,9420,71.33
20,2529,VIPCLOTHNG,EQ,73155,61762,84.43
20,2530,VIPIND,EQ,225403,113698,50.44
20,2531,VIRINCHI,EQ,965593,617574,63.96
20,2532,VISAKAIND,EQ,110774,72862,65.78
20,2533,VISHNU,EQ,1140495,574096,50.34
20,2534,VISHNUINFR,SM,21000,16500,78.57
20,2535,VISHWARAJ,EQ,380788,140112,36.80
20,2536,VISHWAS,SM,6400,6400,100.00
20,2537,VITAL,SM,15600,14400,92.31
20,2538,VIVIANA,ST,10125,9625,95.06
20,2539,VIVIDHA,EQ,416966,269493,64.63
20,2540,VLEGOV,EQ,742942,398794,53.68
20,2541,VLINFRA,ST,10500,10500,100.00
20,2542,VLSFINANCE,EQ,16696,11191,67.03
20,2543,VMARCIND,ST,18750,17750,94.67
20,2544,VMART,EQ,42492,21148,49.77
20,2545,VMM,EQ,12517429,6031669,48.19
20,2546,VOLTAMP,EQ,41835,19874,47.51
20,2547,VOLTAS,EQ,1381920,764303,55.31
20,2548,VPRPL,EQ,411859,130647,31.72
20,2549,VR,ST,800,800,100.00
20,2550,VRAJ,EQ,39213,17794,45.38
20,2551,VRLLOG,EQ,21756,11211,51.53
20,2552,VSCL,ST,3000,3000,100.00
20,2553,VSSL,EQ,29684,17028,57.36
20,2554,VSTIND,EQ,135351,65659,48.51
20,2555,VSTL,EQ,4880,3138,64.30
20,2556,VSTTILLERS,EQ,2225,1325,59.55
20,2557,VTL,EQ,344682,123103,35.71
20,2558,WAAREEENER,EQ,2527905,725286,28.69
20,2559,WABAG,EQ,352470,144474,40.99
20,2560,WALCHANNAG,EQ,224398,128242,57.15
20,2561,WCIL,EQ,101311,50182,49.53
20,2562,WEIZMANIND,EQ,1833,1376,75.07
20,2563,WEL,EQ,280830,113818,40.53
20,2564,WELCORP,EQ,260729,99946,38.33
20,2565,WELENT,EQ,196494,128301,65.30
20,2566,WELINV,EQ,11262,9423,83.67
20,2567,WELSPUNLIV,EQ,1880495,641551,34.12
20,2568,WENDT,EQ,720,387,53.75
20,2569,WESTLIFE,EQ,78692,53674,68.21
20,2570,WEWIN,EQ,4863,3690,75.88
20,2571,WHEELS,EQ,50631,21282,42.03
20,2572,WHIRLPOOL,EQ,60411,34213,56.63
20,2573,WILLAMAGOR,EQ,6645,3991,60.06
20,2574,WINDLAS,EQ,57498,40556,70.53
20,2575,WINDMACHIN,EQ,48015,28697,59.77
20,2576,WINSOL,SM,25600,14400,56.25
20,2577,WIPRO,EQ,17479586,8186989,46.84
20,2578,WOCKPHARMA,EQ,476056,202570,42.55
20,2579,WOL3D,SM,6000,5000,83.33
20,2580,WOMANCART,ST,1600,1600,100.00
20,2581,WONDERLA,EQ,65338,25274,38.68
20,2582,WORTH,EQ,43759,23686,54.13
20,2583,WSI,EQ,30829,20761,67.34
20,2584,WSTCSTPAPR,EQ,63390,29295,46.21
20,2585,WTICAB,ST,48000,47500,98.96
20,2586,XCHANGING,EQ,64255,34830,54.21
20,2587,XELPMOC,EQ,13629,7829,57.44
20,2588,XPROINDIA,EQ,22893,14160,61.85
20,2589,XTGLOBAL,EQ,17753,13974,78.71
20,2590,YASHO,EQ,10102,4092,40.51
20,2591,YASHOPTICS,SM,41600,35200,84.62
20,2592,YATHARTH,EQ,689655,376908,54.65
20,2593,YATRA,EQ,71700,44473,62.03
20,2594,YCCL,SM,3000,3000,100.00
20,2595,YESBANK,EQ,60357643,15752597,26.10
20,2596,YUDIZ,SM,5600,5600,100.00
20,2597,YUKEN,EQ,17048,12792,75.04
20,2598,ZAGGLE,EQ,472513,243210,51.47
20,2599,ZEAL,SM,18600,14400,77.42
20,2600,ZEEL,EQ,12107334,4709633,38.90
20,2601,ZEELEARN,EQ,701531,384869,54.86
20,2602,ZEEMEDIA,EQ,628212,326168,51.92
20,2603,ZENITHDRUG,ST,6400,6400,100.00
20,2604,ZENITHEXPO,EQ,2293,1200,52.33
20,2605,ZENITHSTL,EQ,104173,46673,44.80
20,2606,ZENSARTECH,EQ,4037755,678017,16.79
20,2607,ZENTEC,EQ,564890,212070,37.54
20,2608,ZFCVINDIA,EQ,40667,34539,84.93
20,2609,ZIMLAB,EQ,33211,17246,51.93
20,2610,ZODIAC,EQ,33407,19062,57.06
20,2611,ZODIACLOTH,EQ,5290,3192,60.34
20,2612,ZOMATO,EQ,43901547,16961893,38.64
20,2613,ZOTA,EQ,62338,23925,38.38
20,2614,ZTECH,ST,3600,3600,100.00
20,2615,ZUARI,EQ,131969,73006,55.32
20,2616,ZUARIIND,EQ,52696,32751,62.15
20,2617,ZYDUSLIFE,EQ,780860,191998,24.59
20,2618,ZYDUSWELL,EQ,14193,5798,40.85
