Security Wise Delivery Position - Compulsory Rolling Settlement
10,MTO,13022025,1028184426,0002635
Trade Date <13-FEB-2025>,Settlement Type <N>
Record Type,Sr No,Name of Security,Quantity Traded,Deliverable Quantity(gross across client level),% of Deliverable Quantity to Traded Quantity
20,1,0MOFSL26,N1,2060,2000,97.09
20,2,1003ISFL28,N4,75,75,100.00
20,3,1018GS2026,GS,2,1,50.00
20,4,1025SCL34,Z8,200,200,100.00
20,5,1025UCL25,N8,6,6,100.00
20,6,1040UCL25,N4,19,19,100.00
20,7,1060ECL29,NS,50,50,100.00
20,8,1065NFL27,NC,99,99,100.00
20,9,10IIFL28,N4,1,1,100.00
20,10,10IIFL28A,NE,57,57,100.00
20,11,10IIFL29,N6,446,393,88.12
20,12,10NFL25,N9,110,110,100.00
20,13,10NIDO26,N6,16,16,100.00
20,14,182D010525,TB,100,100,100.00
20,15,182D030725,TB,600,600,100.00
20,16,182D040425,TB,200,200,100.00
20,17,182D050625,TB,400,400,100.00
20,18,182D080525,TB,3900,3900,100.00
20,19,182D100425,TB,200,200,100.00
20,20,182D100725,TB,700,700,100.00
20,21,182D120625,TB,600,600,100.00
20,22,182D130325,TB,100,100,100.00
20,23,182D150525,TB,100,100,100.00
20,24,182D170725,TB,1400,1400,100.00
20,25,182D190625,TB,500,500,100.00
20,26,182D230525,TB,200,200,100.00
20,27,182D240425,TB,200,200,100.00
20,28,182D240725,TB,500,500,100.00
20,29,182D270225,TB,100,100,100.00
20,30,182D270625,TB,400,400,100.00
20,31,20MICRONS,EQ,112430,58822,52.32
20,32,360ONE,EQ,437231,165302,37.81
20,33,364D030425,TB,200,200,100.00
20,34,364D031025,TB,100,100,100.00
20,35,364D041225,TB,10300,10000,97.09
20,36,364D061125,TB,100,100,100.00
20,37,364D080525,TB,5000,5000,100.00
20,38,364D150126,TB,2000,2000,100.00
20,39,364D200325,TB,15000,15000,100.00
20,40,364D270225,TB,1000,1000,100.00
20,41,3IINFOLTD,EQ,359843,168973,46.96
20,42,3MINDIA,EQ,12432,6532,52.54
20,43,515GS2025,GS,542,542,100.00
20,44,563GS2026,GS,41,41,100.00
20,45,574GS2026,GS,20,20,100.00
20,46,5PAISA,EQ,14746,7238,49.08
20,47,63MOONS,EQ,164210,64512,39.29
20,48,654GS2032,GS,5700,5200,91.23
20,49,664GS2027,GS,100,100,100.00
20,50,68GS2060,GS,200,200,100.00
20,51,695GS2061,GS,1,1,100.00
20,52,699GS2051,GS,30004,30000,99.99
20,53,702GS2027,GS,31048,30348,97.75
20,54,704GS2029,GS,6751,6751,100.00
20,55,706GS2028,GS,30000,30000,100.00
20,56,709GS2054,GS,5261,5261,100.00
20,57,710GS2029,GS,503,501,99.60
20,58,716GS2050,GS,30000,30000,100.00
20,59,718GS2037,GS,14910,13940,93.49
20,60,71GS2034,GS,10000,10000,100.00
20,61,725GS2063,GS,600,600,100.00
20,62,726GS2032,GS,38295,24150,63.06
20,63,726GS2033,GS,4880,4880,100.00
20,64,733GS2026,GS,6690,6590,98.51
20,65,734GS2064,GS,3652,3652,100.00
20,66,736GS2052,GS,22,22,100.00
20,67,736NTPC25D,NB,1,1,100.00
20,68,737GS2028,GS,10300,10300,100.00
20,69,737NTPC35C,NA,36,36,100.00
20,70,738GS2027,GS,290235,178758,61.59
20,71,738REC27TF,N2,75,40,53.33
20,72,739NHAI26,N8,319,319,100.00
20,73,73GS2053,GS,6290,6290,100.00
20,74,740IIFCL33,N1,450,450,100.00
20,75,741GS2036,GS,500,500,100.00
20,76,743REC35,NH,201,201,100.00
20,77,746GS2073,GS,3690,3680,99.73
20,78,74GS2062,GS,19922,19510,97.93
20,79,751HUDCO28,N5,123,123,100.00
20,80,753IRFC30,NJ,1715,1230,71.72
20,81,754GS2036,GS,503181,501355,99.64
20,82,759GS2026,GS,174,174,100.00
20,83,760PFCL35,N3,56,56,100.00
20,84,762NTPC35F,ND,641,297,46.33
20,85,764HUDCO31,N8,44,44,100.00
20,86,764IRFC31,NO,165,165,100.00
20,87,764NABAR31,N2,1425,1425,100.00
20,88,769HUDCO31,N9,145,93,64.14
20,89,769IGT28,NH,20,20,100.00
20,90,769NHAI31,NE,4163,3454,82.97
20,91,76NHAI31,NA,18661,14627,78.38
20,92,772TS36,SG,400,200,50.00
20,93,772UP34,SG,100,100,100.00
20,94,774IREDA31,N7,210,210,100.00
20,95,78ABFL33,N4,221,221,100.00
20,96,79NHIT35,N1,722,722,100.00
20,97,79NHIT40,N2,692,692,100.00
20,98,79NHIT47,N3,1288,1072,83.23
20,99,810IRFC27,N2,899,899,100.00
20,100,81ABFL33,N5,1,1,100.00
20,101,81TCHF28,N8,312,312,100.00
20,102,824GS2027,GS,511,511,100.00
20,103,82HUDCO27,N2,531,531,100.00
20,104,82IGT31,NJ,105,105,100.00
20,105,830NHAI27,N2,399,300,75.19
20,106,830PFCL27,N5,10,10,100.00
20,107,837REC33,N7,8,4,50.00
20,108,83GS2040,GS,431,431,100.00
20,109,840CIFCL28,N4,1050,1050,100.00
20,110,842IIFL26,NL,351,351,100.00
20,111,843IHFL29,NC,454,454,100.00
20,112,849NTPC25,N7,360926,32683,9.06
20,113,865IFL28,NZ,1428,1428,100.00
20,114,865IIFL28,NS,90,90,100.00
20,115,865IRFC29,NA,1000,1000,100.00
20,116,865LTF26,NN,40,40,100.00
20,117,866IIFC34B,N3,700,600,85.71
20,118,871REC28,N9,1646,1425,86.57
20,119,875IIFL26,NM,50,50,100.00
20,120,875NHAI29,N6,223,148,66.37
20,121,875PCHFL26,N8,250,250,100.00
20,122,87SCL27A,ZK,102,102,100.00
20,123,880IREDA29,N5,1,1,100.00
20,124,885TCAPS29,NC,50,50,100.00
20,125,888ERFL28,N5,7,7,100.00
20,126,888IRFC29,NE,943,943,100.00
20,127,888REC29,NF,42,42,100.00
20,128,888SCL25E,N4,30,30,100.00
20,129,891NTPC33,N6,200,200,100.00
20,130,892PFCL33,N8,200,200,100.00
20,131,894SCL25,Z3,19,19,100.00
20,132,898LTF29,N7,100,95,95.00
20,133,89IHFL29,N1,5,5,100.00
20,134,901HUDCO34,NE,190,165,86.84
20,135,901NHB34,N6,432,176,40.74
20,136,903SFL28,YI,12,6,50.00
20,137,905SC24B,Z9,10,10,100.00
20,138,910CAGL25,N7,491,491,100.00
20,139,910TCAP28,NA,100,100,100.00
20,140,916SCL25,ZW,20,20,100.00
20,141,91D130325,TB,200,200,100.00
20,142,91D200325,TB,400,400,100.00
20,143,91D280325,TB,200,200,100.00
20,144,91SFL27,ZI,51,51,100.00
20,145,921ISFL25,N0,82,82,100.00
20,146,925SCL27,YR,2,2,100.00
20,147,92GS2030,GS,12083,12083,100.00
20,148,930SFL28,YP,235,230,97.87
20,149,931SFL26,Z5,2,2,100.00
20,150,935LTF29,N5,100,100,100.00
20,151,93MOFSL34,N6,1,1,100.00
20,152,943ECL28,NJ,502,501,99.80
20,153,945IFSL25,N4,40,40,100.00
20,154,94SFL28,YL,520,520,100.00
20,155,957ICCL25,YW,10,10,100.00
20,156,957ISFL26,N2,240,240,100.00
20,157,965AEL27,N4,5,5,100.00
20,158,965SCL25A,NF,10,10,100.00
20,159,965SCL25E,BF,10,5,50.00
20,160,965SCL26Y,N1,50,25,50.00
20,161,96IIFL28,N5,4002,3394,84.81
20,162,96IIFL28A,NF,4103,4102,99.98
20,163,970CAGL28,ND,201,201,100.00
20,164,971SCL28I,BC,80,80,100.00
20,165,97SFL28,YS,200,200,100.00
20,166,990SCL26D,AH,10,10,100.00
20,167,99AEL29,N7,424,356,83.96
20,168,9MMFSML,N2,125,125,100.00
20,169,9PCHFL31A,NA,469,349,74.41
20,170,9SCL26BA,NA,1001,1001,100.00
20,171,AAATECH,EQ,11430,6278,54.93
20,172,AADHARHFC,EQ,407013,285929,70.25
20,173,AAKASH,EQ,59247,38967,65.77
20,174,AAREYDRUGS,EQ,9677,4583,47.36
20,175,AARON,EQ,5063,2247,44.38
20,176,AARTIDRUGS,EQ,315901,246299,77.97
20,177,AARTIIND,EQ,879597,210425,23.92
20,178,AARTIPHARM,EQ,478823,234336,48.94
20,179,AARTISURF,EQ,25912,15909,61.40
20,180,AARVI,EQ,14003,6903,49.30
20,181,AATMAJ,SM,14000,14000,100.00
20,182,AAVAS,EQ,57749,33907,58.71
20,183,ABAN,EQ,230161,150030,65.18
20,184,ABB,EQ,297830,130259,43.74
20,185,ABBOTINDIA,EQ,8028,1477,18.40
20,186,ABCAPITAL,EQ,3358637,1288281,38.36
20,187,ABCOTS,ST,12500,11000,88.00
20,188,ABDL,EQ,457074,260678,57.03
20,189,ABFRL,EQ,2229574,741591,33.26
20,190,ABGSEC,EQ,95,66,69.47
20,191,ABHAPOWER,ST,14400,12800,88.89
20,192,ABINFRA,EQ,77161,7928,10.27
20,193,ABMINTLLTD,EQ,314,185,58.92
20,194,ABREL,EQ,73392,22714,30.95
20,195,ABSLAMC,EQ,140114,59527,42.48
20,196,ABSLBANETF,EQ,13572,12931,95.28
20,197,ABSLLIQUID,EQ,484,274,56.61
20,198,ABSLNN50ET,EQ,15736,4247,26.99
20,199,ABSLPSE,EQ,229158,143349,62.55
20,200,ABSMARINE,ST,29000,27500,94.83
20,201,ACC,EQ,143907,59108,41.07
20,202,ACCELYA,EQ,9132,3484,38.15
20,203,ACCENTMIC,SM,9500,6500,68.42
20,204,ACCURACY,EQ,567513,254163,44.79
20,205,ACE,EQ,187899,60841,32.38
20,206,ACEINTEG,EQ,14103,2686,19.05
20,207,ACI,EQ,1955343,590304,30.19
20,208,ACL,EQ,22243,11127,50.02
20,209,ACLGATI,EQ,184714,78632,42.57
20,210,ACMESOLAR,EQ,4200406,2458117,58.52
20,211,ADANIENSOL,EQ,1310157,388900,29.68
20,212,ADANIENT,EQ,2551940,1073431,42.06
20,213,ADANIGREEN,EQ,2474769,353425,14.28
20,214,ADANIPORTS,EQ,3763868,1795648,47.71
20,215,ADANIPOWER,EQ,3508204,713345,20.33
20,216,ADFFOODS,EQ,76134,32093,42.15
20,217,ADL,EQ,3238,2478,76.53
20,218,ADORWELD,EQ,29050,15746,54.20
20,219,ADSL,EQ,349048,101334,29.03
20,220,ADVANIHOTR,EQ,49724,30311,60.96
20,221,ADVENZYMES,EQ,259291,145138,55.97
20,222,AEGISLOG,EQ,2343384,294189,12.55
20,223,AEROFLEX,EQ,1392276,369632,26.55
20,224,AERON,SM,9000,7000,77.78
20,225,AESTHETIK,SM,22000,22000,100.00
20,226,AETHER,EQ,33805,16764,49.59
20,227,AFCONS,EQ,1075672,540360,50.23
20,228,AFFLE,EQ,238898,110188,46.12
20,229,AFFORDABLE,EQ,4435,2581,58.20
20,230,AFIL,EQ,77418,43139,55.72
20,231,AGARIND,EQ,25497,15595,61.16
20,232,AGARWALEYE,EQ,3917987,1442228,36.81
20,233,AGARWALFT,ST,75000,73500,98.00
20,234,AGARWALTUF,SM,56400,45600,80.85
20,235,AGI,EQ,204293,87829,42.99
20,236,AGIIL,EQ,21593,10408,48.20
20,237,AGNI,SM,42500,35000,82.35
20,238,AGRITECH,EQ,6969,3583,51.41
20,239,AGROPHOS,EQ,51543,31735,61.57
20,240,AGUL,SM,56000,56000,100.00
20,241,AHIMSA,ST,3000,3000,100.00
20,242,AHLADA,EQ,18372,13279,72.28
20,243,AHLEAST,EQ,9600,5836,60.79
20,244,AHLUCONT,EQ,97158,62219,64.04
20,245,AIAENG,EQ,30179,18746,62.12
20,246,AIIL,EQ,61901,32370,52.29
20,247,AILIMITED,ST,4500,4500,100.00
20,248,AIMTRON,SM,24000,16400,68.33
20,249,AIRAN,EQ,64696,25094,38.79
20,250,AIROLAM,EQ,3153,1668,52.90
20,251,AIRTELPP,E1,1421387,1387911,97.64
20,252,AJANTPHARM,EQ,102407,47869,46.74
20,253,AJMERA,EQ,39220,16377,41.76
20,254,AJOONI,EQ,373729,228610,61.17
20,255,AKANKSHA,ST,17000,16000,94.12
20,256,AKASH,EQ,5224,3916,74.96
20,257,AKG,EQ,25789,16245,62.99
20,258,AKIKO,SM,6400,3200,50.00
20,259,AKSHARCHEM,EQ,3330,1768,53.09
20,260,AKUMS,EQ,209112,103003,49.26
20,261,AKZOINDIA,EQ,16477,7189,43.63
20,262,ALANKIT,EQ,334272,157494,47.12
20,263,ALBERTDAVD,EQ,79131,42571,53.80
20,264,ALEMBICLTD,EQ,296113,128596,43.43
20,265,ALICON,EQ,15713,6620,42.13
20,266,ALIVUS,EQ,102017,33580,32.92
20,267,ALKALI,EQ,11403,5168,45.32
20,268,ALKEM,EQ,92205,39586,42.93
20,269,ALKYLAMINE,EQ,50637,18680,36.89
20,270,ALLCARGO,EQ,3512111,1719106,48.95
20,271,ALLDIGI,EQ,6150,3344,54.37
20,272,ALLETEC,ST,26400,23200,87.88
20,273,ALMONDZ,EQ,209727,141058,67.26
20,274,ALOKINDS,EQ,4826425,2347309,48.63
20,275,ALPA,EQ,27652,16669,60.28
20,276,ALPEXSOLAR,SM,44800,30200,67.41
20,277,ALPHA,EQ,1663096,1186358,71.33
20,278,ALPHAETF,EQ,808284,681445,84.31
20,279,ALPHAGEO,EQ,31831,18563,58.32
20,280,ALPL30IETF,EQ,1212709,658945,54.34
20,281,ALUWIND,SM,24000,18000,75.00
20,282,AMBER,EQ,746807,87977,11.78
20,283,AMBEY,SM,70000,64000,91.43
20,284,AMBICAAGAR,EQ,35535,10409,29.29
20,285,AMBIKCO,EQ,7939,4583,57.73
20,286,AMBUJACEM,EQ,1036155,320064,30.89
20,287,AMDIND,EQ,2322,1766,76.06
20,288,AMEYA,SM,6000,5000,83.33
20,289,AMIORG,EQ,204998,72744,35.49
20,290,AMJLAND,EQ,40792,26297,64.47
20,291,AMJUMBO,SM,24000,24000,100.00
20,292,AMNPLST,EQ,16882,7727,45.77
20,293,AMRUTANJAN,EQ,20734,9013,43.47
20,294,ANANDRATHI,EQ,76186,47644,62.54
20,295,ANANTRAJ,EQ,2269493,788804,34.76
20,296,ANDHRAPAP,EQ,140684,55169,39.21
20,297,ANDHRSUGAR,EQ,145693,62798,43.10
20,298,ANGELONE,EQ,702919,120357,17.12
20,299,ANIKINDS,EQ,9768,4421,45.26
20,300,ANLON,SM,10000,9600,96.00
20,301,ANMOL,EQ,101517,64984,64.01
20,302,ANNAPURNA,SM,52250,25000,47.85
20,303,ANTGRAPHIC,EQ,624114,499983,80.11
20,304,ANUHPHR,EQ,39526,22312,56.45
20,305,ANUP,EQ,75865,22213,29.28
20,306,ANURAS,EQ,100141,41098,41.04
20,307,ANYA,SM,230000,120000,52.17
20,308,APARINDS,EQ,134045,41503,30.96
20,309,APCL,EQ,6277,4378,69.75
20,310,APCOTEXIND,EQ,9189,4231,46.04
20,311,APEX,EQ,39655,17557,44.27
20,312,APEXECO,SM,25600,12800,50.00
20,313,APLAPOLLO,EQ,479618,226784,47.28
20,314,APLLTD,EQ,211774,103732,48.98
20,315,APOLLO,EQ,6173529,996074,16.13
20,316,APOLLOHOSP,EQ,636246,419596,65.95
20,317,APOLLOPIPE,EQ,63849,32803,51.38
20,318,APOLLOTYRE,EQ,1540335,872747,56.66
20,319,APOLSINHOT,EQ,5064,4532,89.49
20,320,APRAMEYA,ST,6000,6000,100.00
20,321,APS,SM,258000,106750,41.38
20,322,APTECHT,EQ,194759,104750,53.78
20,323,APTUS,EQ,335910,177252,52.77
20,324,ARABIAN,SM,16000,2000,12.50
20,325,ARCHIDPLY,EQ,2175,1189,54.67
20,326,ARCHIES,EQ,7282,4371,60.02
20,327,ARE&M,EQ,471031,227241,48.24
20,328,ARHAM,SM,11000,7000,63.64
20,329,ARIHANTACA,ST,800,800,100.00
20,330,ARIHANTCAP,EQ,114412,40098,35.05
20,331,ARIHANTSUP,EQ,13211,3865,29.26
20,332,ARKADE,EQ,605479,128802,21.27
20,333,ARMANFIN,EQ,15774,10347,65.60
20,334,AROGRANITE,EQ,9371,5097,54.39
20,335,ARROWGREEN,EQ,32202,18711,58.11
20,336,ARTEMISMED,EQ,305146,200173,65.60
20,337,ARVEE,EQ,701,547,78.03
20,338,ARVIND,EQ,236392,55510,23.48
20,339,ARVINDFASN,EQ,167479,76049,45.41
20,340,ARVINDPORT,ST,37500,36000,96.00
20,341,ARVSMART,EQ,23292,9468,40.65
20,342,ASAHIINDIA,EQ,89900,47115,52.41
20,343,ASAHISONG,EQ,6601,4483,67.91
20,344,ASAL,EQ,27606,16135,58.45
20,345,ASALCBR,EQ,58931,25109,42.61
20,346,ASHALOG,SM,13000,12000,92.31
20,347,ASHAPURMIN,EQ,358639,219134,61.10
20,348,ASHIANA,EQ,50094,23696,47.30
20,349,ASHIMASYN,EQ,581565,153191,26.34
20,350,ASHOKA,EQ,1877276,671438,35.77
20,351,ASHOKAMET,EQ,61838,37885,61.26
20,352,ASHOKLEY,EQ,23771143,4331246,18.22
20,353,ASIANENE,EQ,208054,126078,60.60
20,354,ASIANPAINT,EQ,921923,512920,55.64
20,355,ASIANTILES,EQ,327234,207138,63.30
20,356,ASKAUTOLTD,EQ,131974,78552,59.52
20,357,ASMS,EQ,333599,152693,45.77
20,358,ASPINWALL,EQ,7830,4219,53.88
20,359,ASTEC,EQ,8436,4849,57.48
20,360,ASTERDM,EQ,829674,231860,27.95
20,361,ASTRAL,EQ,274368,122622,44.69
20,362,ASTRAMICRO,EQ,135662,52874,38.97
20,363,ASTRAZEN,EQ,11121,4052,36.44
20,364,ASTRON,EQ,100119,54887,54.82
20,365,ATAM,EQ,19042,10627,55.81
20,366,ATFL,EQ,21234,14038,66.11
20,367,ATGL,EQ,497015,150178,30.22
20,368,ATL,EQ,323174,183398,56.75
20,369,ATMASTCO,ST,30800,28400,92.21
20,370,ATUL,EQ,99283,52237,52.61
20,371,ATULAUTO,EQ,73512,30846,41.96
20,372,AUBANK,EQ,2284376,1100650,48.18
20,373,AURDIS,ST,5625,5625,100.00
20,374,AURIONPRO,EQ,52605,34412,65.42
20,375,AUROIMPEX,SM,9600,4800,50.00
20,376,AUROPHARMA,EQ,1684066,554518,32.93
20,377,AURUM,EQ,68825,38791,56.36
20,378,AURUMPP1,E1,4781,3287,68.75
20,379,AUSL,SM,10000,10000,100.00
20,380,AUTOAXLES,EQ,4204,2010,47.81
20,381,AUTOBEES,EQ,76361,33796,44.26
20,382,AUTOIETF,EQ,245498,92002,37.48
20,383,AUTOIND,EQ,58815,41531,70.61
20,384,AVADHSUGAR,EQ,41938,16576,39.53
20,385,AVALON,EQ,572122,190827,33.35
20,386,AVANTEL,EQ,473131,170766,36.09
20,387,AVANTIFEED,EQ,391982,89505,22.83
20,388,AVIANSH,ST,4000,4000,100.00
20,389,AVL,EQ,55116,25033,45.42
20,390,AVPINFRA,ST,9600,9600,100.00
20,391,AVTNPL,EQ,48796,24992,51.22
20,392,AWFIS,EQ,220516,120419,54.61
20,393,AWHCL,EQ,54839,17739,32.35
20,394,AWL,EQ,2738948,1244262,45.43
20,395,AXISBANK,EQ,6348246,4530392,71.36
20,396,AXISBNKETF,EQ,659,480,72.84
20,397,AXISBPSETF,EQ,9531711,9495893,99.62
20,398,AXISCETF,EQ,836,556,66.51
20,399,AXISGOLD,EQ,193164,141930,73.48
20,400,AXISHCETF,EQ,4482,2852,63.63
20,401,AXISILVER,EQ,32356,24238,74.91
20,402,AXISNIFTY,EQ,8170,6230,76.25
20,403,AXISTECETF,EQ,1624,894,55.05
20,404,AXITA,EQ,2366678,913411,38.59
20,405,AXSENSEX,EQ,1140,554,48.60
20,406,AYMSYNTEX,EQ,41823,24618,58.86
20,407,AZAD,EQ,157722,47268,29.97
20,408,BABAFP,SM,4800,4800,100.00
20,409,BAHETI,SM,39750,20250,50.94
20,410,BAIDFIN,EQ,173380,126311,72.85
20,411,BAJAJ-AUTO,EQ,206920,109867,53.10
20,412,BAJAJCON,EQ,115440,59490,51.53
20,413,BAJAJELEC,EQ,20663,8697,42.09
20,414,BAJAJFINSV,EQ,4070038,2199405,54.04
20,415,BAJAJHCARE,EQ,448104,140252,31.30
20,416,BAJAJHFL,EQ,5780837,2242054,38.78
20,417,BAJAJHIND,EQ,6316684,2485261,39.34
20,418,BAJAJHLDNG,EQ,102223,36030,35.25
20,419,BAJEL,EQ,161834,58956,36.43
20,420,BAJFINANCE,EQ,1800313,1048875,58.26
20,421,BALAJEE,EQ,31785,16095,50.64
20,422,BALAMINES,EQ,152376,37207,24.42
20,423,BALAXI,EQ,77507,60527,78.09
20,424,BALCO,ST,8400,7200,85.71
20,425,BALKRISHNA,EQ,9050,5509,60.87
20,426,BALKRISIND,EQ,116780,57253,49.03
20,427,BALMLAWRIE,EQ,403393,202775,50.27
20,428,BALPHARMA,EQ,23241,11642,50.09
20,429,BALRAMCHIN,EQ,574661,421300,73.31
20,430,BALUFORGE,EQ,768481,119275,15.52
20,431,BANARISUG,EQ,173,113,65.32
20,432,BANCOINDIA,EQ,447079,223498,49.99
20,433,BANDHANBNK,EQ,5377186,2099223,39.04
20,434,BANKA,EQ,5405,4134,76.48
20,435,BANKBARODA,EQ,5986171,2333089,38.97
20,436,BANKBEES,EQ,509834,222363,43.61
20,437,BANKBETF,EQ,34120,30400,89.10
20,438,BANKETF,EQ,8388,7949,94.77
20,439,BANKETFADD,EQ,1096202,1092507,99.66
20,440,BANKIETF,EQ,580482,454882,78.36
20,441,BANKINDIA,EQ,6063347,2496374,41.17
20,442,BANKNIFTY1,EQ,60420,47178,78.08
20,443,BANKPSU,EQ,7636,5765,75.50
20,444,BANSALWIRE,EQ,82772,43592,52.67
20,445,BANSWRAS,EQ,25494,12830,50.33
20,446,BARBEQUE,EQ,577445,243099,42.10
20,447,BARFLEX,SM,68000,50000,73.53
20,448,BASF,EQ,25595,12401,48.45
20,449,BASILIC,ST,48300,42300,87.58
20,450,BASML,EQ,103079,74113,71.90
20,451,BATAINDIA,EQ,216551,43236,19.97
20,452,BAWEJA,SM,13600,9600,70.59
20,453,BAYERCROP,EQ,174470,83444,47.83
20,454,BBETF0432,EQ,186,172,92.47
20,455,BBL,EQ,32703,11090,33.91
20,456,BBNPNBETF,EQ,799,797,99.75
20,457,BBNPPGOLD,EQ,1257,721,57.36
20,458,BBOX,EQ,189149,110790,58.57
20,459,BBTC,EQ,72042,15425,21.41
20,460,BBTCL,EQ,992,715,72.08
20,461,BCLIND,EQ,1498470,608287,40.59
20,462,BCONCEPTS,EQ,54569,30141,55.23
20,463,BDL,EQ,1105634,252959,22.88
20,464,BEACON,SM,39000,34000,87.18
20,465,BEARDSELL,EQ,40540,20254,49.96
20,466,BECTORFOOD,EQ,45106,20719,45.93
20,467,BEDMUTHA,EQ,57015,21740,38.13
20,468,BEL,EQ,18016813,6099007,33.85
20,469,BEML,EQ,453988,62469,13.76
20,470,BEPL,EQ,631570,249839,39.56
20,471,BERGEPAINT,EQ,561092,134761,24.02
20,472,BESTAGRO,EQ,45424,21965,48.36
20,473,BETA,SM,4400,3000,68.18
20,474,BEWLTD,ST,34500,31000,89.86
20,475,BFINVEST,EQ,26430,12265,46.41
20,476,BFSI,EQ,148734,84371,56.73
20,477,BFUTILITIE,EQ,76339,32882,43.07
20,478,BHAGCHEM,EQ,42140,21892,51.95
20,479,BHAGERIA,EQ,34930,22502,64.42
20,480,BHAGYANGR,EQ,21779,11321,51.98
20,481,BHANDARI,EQ,129704,76448,58.94
20,482,BHARATFORG,EQ,3020065,952251,31.53
20,483,BHARATGEAR,EQ,10478,4916,46.92
20,484,BHARATRAS,EQ,1489,635,42.65
20,485,BHARATWIRE,EQ,81809,31457,38.45
20,486,BHARTIARTL,EQ,5356002,3705086,69.18
20,487,BHARTIHEXA,EQ,352472,158102,44.86
20,488,BHEL,EQ,10675334,2469714,23.13
20,489,BIGBLOC,EQ,123299,55361,44.90
20,490,BIKAJI,EQ,226402,102598,45.32
20,491,BIKEWO,SM,34000,18000,52.94
20,492,BINANIIND,EQ,9905,7279,73.49
20,493,BIOCON,EQ,2780469,588130,21.15
20,494,BIOFILCHEM,EQ,20027,4626,23.10
20,495,BIRDYS,SM,1200,1200,100.00
20,496,BIRET,RR,105889,97473,92.05
20,497,BIRLACABLE,EQ,20670,9029,43.68
20,498,BIRLACORPN,EQ,81804,43657,53.37
20,499,BLACKBUCK,EQ,60146,32316,53.73
20,500,BLAL,EQ,43337,21534,49.69
20,501,BLBLIMITED,EQ,19739,10100,51.17
20,502,BLISSGVS,EQ,889324,220721,24.82
20,503,BLKASHYAP,EQ,743206,426872,57.44
20,504,BLS,EQ,2145068,633137,29.52
20,505,BLSE,EQ,237834,61960,26.05
20,506,BLUEDART,EQ,12677,6691,52.78
20,507,BLUEJET,EQ,393455,233279,59.29
20,508,BLUEPEBBLE,SM,7600,6000,78.95
20,509,BLUESTARCO,EQ,499928,223165,44.64
20,510,BMETRICS,SM,8000,6400,80.00
20,511,BODALCHEM,EQ,270609,126140,46.61
20,512,BOMDYEING,EQ,769203,314513,40.89
20,513,BOROLTD,EQ,125972,76424,60.67
20,514,BOROSCI,EQ,43440,21522,49.54
20,515,BOSCHLTD,EQ,12420,4826,38.86
20,516,BPCL,EQ,5514711,2408667,43.68
20,517,BPL,EQ,150192,101466,67.56
20,518,BRACEPORT,ST,12800,12800,100.00
20,519,BRIGADE,EQ,117903,47466,40.26
20,520,BRITANNIA,EQ,341650,191735,56.12
20,521,BRNL,EQ,124284,67706,54.48
20,522,BROOKS,EQ,50601,30393,60.06
20,523,BSE,EQ,1953805,479177,24.53
20,524,BSE500IETF,EQ,242714,151380,62.37
20,525,BSHSL,EQ,15518,8122,52.34
20,526,BSL,EQ,13316,8257,62.01
20,527,BSLGOLDETF,EQ,182703,171552,93.90
20,528,BSLNIFTY,EQ,282685,201744,71.37
20,529,BSLSENETFG,EQ,30868,6437,20.85
20,530,BSOFT,EQ,1181553,183705,15.55
20,531,BULKCORP,SM,28800,20400,70.83
20,532,BUTTERFLY,EQ,85087,78021,91.70
20,533,BVCL,EQ,12435,8896,71.54
20,534,C2C,SM,4200,4200,100.00
20,535,CADSYS,ST,4000,3500,87.50
20,536,CAMLINFINE,EQ,1557974,575674,36.95
20,537,CAMPUS,EQ,1116803,314336,28.15
20,538,CAMS,EQ,447275,173190,38.72
20,539,CANARYS,SM,52000,36000,69.23
20,540,CANBK,EQ,27030641,9999652,36.99
20,541,CANFINHOME,EQ,363701,158401,43.55
20,542,CANTABIL,EQ,372749,165386,44.37
20,543,CAPACITE,EQ,527311,220414,41.80
20,544,CAPINVIT,IV,69789,69591,99.72
20,545,CAPITALSFB,EQ,71365,40383,56.59
20,546,CAPLIPOINT,EQ,86699,28442,32.81
20,547,CAPTRUST,EQ,22668,9517,41.98
20,548,CARBORUNIV,EQ,90776,44781,49.33
20,549,CAREERP,EQ,3835,2108,54.97
20,550,CARERATING,EQ,12356,5629,45.56
20,551,CARRARO,EQ,184723,85383,46.22
20,552,CARTRADE,EQ,237611,88884,37.41
20,553,CARYSIL,EQ,126984,74009,58.28
20,554,CASTROLIND,EQ,11161485,5326938,47.73
20,555,CBAZAAR,ST,48000,48000,100.00
20,556,CCHHL,EQ,22015,18024,81.87
20,557,CCL,EQ,60007,20347,33.91
20,558,CDSL,EQ,2558775,686993,26.85
20,559,CEATLTD,EQ,87216,18485,21.19
20,560,CEIGALL,EQ,99627,46821,47.00
20,561,CELEBRITY,EQ,36469,24686,67.69
20,562,CELLECOR,SM,288000,174000,60.42
20,563,CELLO,EQ,95812,48099,50.20
20,564,CELLPOINT,SM,7200,6000,83.33
20,565,CENTENKA,EQ,23301,12493,53.62
20,566,CENTEXT,EQ,39009,26741,68.55
20,567,CENTRALBK,EQ,2712708,907878,33.47
20,568,CENTRUM,EQ,252819,140111,55.42
20,569,CENTUM,EQ,23979,17237,71.88
20,570,CENTURYPLY,EQ,141591,49441,34.92
20,571,CERA,EQ,19117,6426,33.61
20,572,CESC,EQ,5280907,2350759,44.51
20,573,CEWATER,EQ,92971,24813,26.69
20,574,CGCL,EQ,117441,28275,24.08
20,575,CGPOWER,EQ,1632132,547265,33.53
20,576,CGRAPHICS,SM,800,800,100.00
20,577,CHALET,EQ,152412,70922,46.53
20,578,CHAMBLFERT,EQ,1955540,795312,40.67
20,579,CHAMUNDA,ST,615000,561000,91.22
20,580,CHAVDA,SM,42000,29000,69.05
20,581,CHEMBOND,EQ,4165,2454,58.92
20,582,CHEMCON,EQ,187284,53377,28.50
20,583,CHEMFAB,EQ,3187,1970,61.81
20,584,CHEMPLASTS,EQ,48969,19002,38.80
20,585,CHENNPETRO,EQ,275319,96768,35.15
20,586,CHETANA,SM,17600,14400,81.82
20,587,CHEVIOT,EQ,1608,1156,71.89
20,588,CHOICEIN,EQ,1163013,496722,42.71
20,589,CHOLAFIN,EQ,3103262,1666840,53.71
20,590,CHOLAHLDNG,EQ,290410,90340,31.11
20,591,CIEINDIA,EQ,98530,43183,43.83
20,592,CIFC28,NB,200,200,100.00
20,593,CIGNITITEC,EQ,40880,14511,35.50
20,594,CINEVISTA,EQ,19313,14850,76.89
20,595,CIPLA,EQ,1879916,727216,38.68
20,596,CLEAN,EQ,56642,22678,40.04
20,597,CLEDUCATE,EQ,74516,43865,58.87
20,598,CLSEL,EQ,28435,7999,28.13
20,599,CLSL,SM,4000,2000,50.00
20,600,CMNL,SM,22500,16500,73.33
20,601,CMRSL,SM,4000,3200,80.00
20,602,CMSINFO,EQ,293702,150553,51.26
20,603,COALINDIA,EQ,3712240,1417811,38.19
20,604,COASTCORP,EQ,18538,11006,59.37
20,605,COCHINSHIP,EQ,574730,165953,28.87
20,606,COFORGE,EQ,344184,183607,53.35
20,607,COLPAL,EQ,299852,176208,58.76
20,608,COMMITTED,ST,9600,9600,100.00
20,609,COMMOIETF,EQ,34266,20607,60.14
20,610,COMPUSOFT,EQ,22895,12478,54.50
20,611,CONCOR,EQ,624722,264785,42.38
20,612,CONCORDBIO,EQ,60836,22789,37.46
20,613,CONFIPET,EQ,790056,278827,35.29
20,614,CONS,EQ,2144,2020,94.22
20,615,CONSOFINVT,EQ,10892,6622,60.80
20,616,CONSUMBEES,EQ,89346,47793,53.49
20,617,CONSUMER,EQ,47475,35661,75.12
20,618,CONSUMIETF,EQ,35011,8733,24.94
20,619,CONTROLPR,EQ,8671,5315,61.30
20,620,COOLCAPS,ST,270500,254500,94.09
20,621,CORALFINAC,EQ,185749,77924,41.95
20,622,CORDSCABLE,EQ,56022,30570,54.57
20,623,COROMANDEL,EQ,724951,486568,67.12
20,624,COSMOFIRST,EQ,63548,29125,45.83
20,625,COUNCODOS,EQ,19603,11874,60.57
20,626,CPS,ST,18600,18000,96.77
20,627,CPSEETF,EQ,1845414,1082529,58.66
20,628,CRAFTSMAN,EQ,19380,8995,46.41
20,629,CRAYONS,SM,1000,1000,100.00
20,630,CREATIVE,EQ,13690,9253,67.59
20,631,CREATIVEYE,EQ,88830,48666,54.79
20,632,CREDITACC,EQ,771569,134862,17.48
20,633,CREST,EQ,7733,5399,69.82
20,634,CRISIL,EQ,67318,12631,18.76
20,635,CROMPTON,EQ,5953915,3137220,52.69
20,636,CROWN,EQ,19708,11707,59.40
20,637,CSBBANK,EQ,134650,56684,42.10
20,638,CSLFINANCE,EQ,59093,12787,21.64
20,639,CTE,EQ,24759,17641,71.25
20,640,CUB,EQ,2161647,709859,32.84
20,641,CUBEINVIT,IV,25000,25000,100.00
20,642,CUMMINSIND,EQ,398078,167489,42.07
20,643,CUPID,EQ,2655459,1644368,61.92
20,644,CYBERMEDIA,EQ,10564,6432,60.89
20,645,CYBERTECH,EQ,44749,19179,42.86
20,646,CYIENT,EQ,311147,127260,40.90
20,647,CYIENTDLM,EQ,771583,634756,82.27
20,648,DABUR,EQ,1484585,963615,64.91
20,649,DALBHARAT,EQ,86388,25679,29.73
20,650,DALMIASUG,EQ,53368,21025,39.40
20,651,DAMCAPITAL,EQ,935339,230212,24.61
20,652,DAMODARIND,EQ,9063,4690,51.75
20,653,DANGEE,EQ,95972,62197,64.81
20,654,DANISH,SM,80700,38100,47.21
20,655,DATAMATICS,EQ,147959,41693,28.18
20,656,DATAPATTNS,EQ,272567,110117,40.40
20,657,DAVANGERE,EQ,1588476,673639,42.41
20,658,DBCORP,EQ,397158,158544,39.92
20,659,DBEIL,EQ,102191,51230,50.13
20,660,DBL,EQ,353867,186648,52.75
20,661,DBOL,EQ,124992,51141,40.92
20,662,DBREALTY,EQ,2076392,804881,38.76
20,663,DBSTOCKBRO,EQ,36443,34893,95.75
20,664,DCAL,EQ,498633,230827,46.29
20,665,DCBBANK,EQ,948998,474419,49.99
20,666,DCG,SM,24000,20400,85.00
20,667,DCI,EQ,6324,3721,58.84
20,668,DCM,EQ,74704,18867,25.26
20,669,DCMFINSERV,EQ,15856,11373,71.73
20,670,DCMNVL,EQ,19621,11731,59.79
20,671,DCMSHRIRAM,EQ,25788,9247,35.86
20,672,DCMSRIND,EQ,114279,71689,62.73
20,673,DCW,EQ,4440724,991991,22.34
20,674,DCXINDIA,EQ,302187,134372,44.47
20,675,DDEVPLSTIK,EQ,122176,67704,55.42
20,676,DECCANCE,EQ,10676,6020,56.39
20,677,DECCANTRAN,ST,85200,85200,100.00
20,678,DEEDEV,EQ,67826,25538,37.65
20,679,DEEM,SM,12000,12000,100.00
20,680,DEEPAKFERT,EQ,402845,161930,40.20
20,681,DEEPAKNTR,EQ,192219,58377,30.37
20,682,DEEPINDS,EQ,125185,59402,47.45
20,683,DELAPLEX,SM,5400,4800,88.89
20,684,DELHIVERY,EQ,5247095,2353048,44.84
20,685,DELTACORP,EQ,836864,354292,42.34
20,686,DELTAMAGNT,EQ,12992,5876,45.23
20,687,DELTIC,SM,53000,34000,64.15
20,688,DEN,EQ,508677,184253,36.22
20,689,DENORA,EQ,14926,10267,68.79
20,690,DENTA,EQ,193779,90383,46.64
20,691,DENTALKART,SM,21500,12000,55.81
20,692,DEVIT,EQ,96342,26174,27.17
20,693,DEVYANI,EQ,875241,386002,44.10
20,694,DHAMPURSUG,EQ,148181,61034,41.19
20,695,DHANI,EQ,2859205,1192877,41.72
20,696,DHANLAXMI,ST,24000,24000,100.00
20,697,DHANUKA,EQ,13995,5455,38.98
20,698,DHARIWAL,SM,2400,2400,100.00
20,699,DHARMAJ,EQ,42013,26436,62.92
20,700,DHTL,SM,1600,1600,100.00
20,701,DHUNINV,EQ,2485,1013,40.76
20,702,DIAMINESQ,EQ,4672,3262,69.82
20,703,DIAMONDYD,EQ,46438,22968,49.46
20,704,DICIND,EQ,582,292,50.17
20,705,DIFFNKG,EQ,60395,24945,41.30
20,706,DIGIDRIVE,EQ,60318,39794,65.97
20,707,DIGIKORE,ST,1800,1800,100.00
20,708,DIGISPICE,EQ,178112,141132,79.24
20,709,DISHTV,EQ,6224147,1462959,23.50
20,710,DIVGIITTS,EQ,10800,7737,71.64
20,711,DIVISLAB,EQ,667461,365027,54.69
20,712,DIVOPPBEES,EQ,87828,65775,74.89
20,713,DIXON,EQ,234130,79625,34.01
20,714,DLF,EQ,6643970,3366202,50.67
20,715,DLINKINDIA,EQ,60010,18550,30.91
20,716,DMART,EQ,243492,110497,45.38
20,717,DNAMEDIA,EQ,851324,367800,43.20
20,718,DODLA,EQ,24707,8347,33.78
20,719,DOLATALGO,EQ,306659,154341,50.33
20,720,DOLLAR,EQ,87418,57341,65.59
20,721,DOLLEX,SM,16000,12000,75.00
20,722,DOLPHIN,EQ,23291,12819,55.04
20,723,DOMS,EQ,70607,26933,38.14
20,724,DONEAR,EQ,75607,33322,44.07
20,725,DPABHUSHAN,EQ,21978,9583,43.60
20,726,DPEL,ST,48000,46500,96.88
20,727,DPSCLTD,EQ,380736,278868,73.24
20,728,DPWIRES,EQ,9371,5214,55.64
20,729,DRCSYSTEMS,EQ,279022,156814,56.20
20,730,DREAMFOLKS,EQ,327649,170424,52.01
20,731,DREDGECORP,EQ,13509,6010,44.49
20,732,DRONE,ST,113500,110000,96.92
20,733,DRREDDY,EQ,4447231,3375296,75.90
20,734,DSSL,EQ,22163,9376,42.30
20,735,DTIL,EQ,10821,4963,45.86
20,736,DTL,SM,43200,39600,91.67
20,737,DUCOL,SM,800,800,100.00
20,738,DUCON,EQ,326458,167520,51.31
20,739,DURLAX,SM,66000,58000,87.88
20,740,DVL,EQ,26388,13830,52.41
20,741,DWARKESH,EQ,789668,560696,71.00
20,742,DYCL,EQ,37629,21655,57.55
20,743,DYNAMATECH,EQ,7855,4148,52.81
20,744,DYNAMIC,ST,22000,19000,86.36
20,745,DYNPRO,EQ,35251,21114,59.90
20,746,E2E,EQ,117828,48117,40.84
20,747,EASEMYTRIP,EQ,34130207,7768815,22.76
20,748,EBANKNIFTY,EQ,495,296,59.80
20,749,EBBETF0425,EQ,1811,1761,97.24
20,750,EBBETF0430,EQ,4123,3610,87.56
20,751,EBBETF0431,EQ,2477,2117,85.47
20,752,EBBETF0433,EQ,530,440,83.02
20,753,ECAPINSURE,EQ,4973,4597,92.44
20,754,ECLERX,EQ,55737,31311,56.18
20,755,ECOSMOBLTY,EQ,258950,91042,35.16
20,756,EDELWEISS,EQ,2138872,860833,40.25
20,757,EFACTOR,ST,9600,8000,83.33
20,758,EFFWA,SM,51600,46000,89.15
20,759,EFORCE,SM,24000,22800,95.00
20,760,EGOLD,EQ,5929,3597,60.67
20,761,EICHERMOT,EQ,571526,277298,48.52
20,762,EIDPARRY,EQ,175249,72344,41.28
20,763,EIEL,EQ,3797377,499052,13.14
20,764,EIFFL,EQ,22978,19973,86.92
20,765,EIHAHOTELS,EQ,17679,6470,36.60
20,766,EIHOTEL,EQ,714246,364675,51.06
20,767,EIMCOELECO,EQ,3408,1907,55.96
20,768,EKC,EQ,870466,312030,35.85
20,769,ELDEHSG,EQ,3083,1806,58.58
20,770,ELECON,EQ,534213,248759,46.57
20,771,ELECTCAST,EQ,968440,462222,47.73
20,772,ELGIEQUIP,EQ,205473,61767,30.06
20,773,ELIN,EQ,110524,62152,56.23
20,774,EMAIN,SM,89000,71000,79.78
20,775,EMAMILTD,EQ,389472,179797,46.16
20,776,EMAMIPAP,EQ,18706,11321,60.52
20,777,EMBASSY,RR,1339970,1291204,96.36
20,778,EMBDL,EQ,7662904,2215097,28.91
20,779,EMCURE,EQ,158293,54419,34.38
20,780,EMIL,EQ,1368686,492263,35.97
20,781,EMKAYTOOLS,SM,2700,2550,94.44
20,782,EMMBI,EQ,31427,11629,37.00
20,783,EMMIL,ST,23000,22000,95.65
20,784,EMSLIMITED,EQ,465403,214390,46.07
20,785,EMUDHRA,EQ,266427,50612,19.00
20,786,EMULTIMQ,EQ,65988,57864,87.69
20,787,ENDURANCE,EQ,248538,104245,41.94
20,788,ENFUSE,ST,1800,1800,100.00
20,789,ENGINERSIN,EQ,4278324,1049933,24.54
20,790,ENIL,EQ,151518,41607,27.46
20,791,ENSER,ST,5000,5000,100.00
20,792,ENTERO,EQ,152662,44745,29.31
20,793,ENVIRO,SM,188000,152000,80.85
20,794,EPACK,EQ,603396,278477,46.15
20,795,EPIGRAL,EQ,55110,15107,27.41
20,796,EPL,EQ,1005692,455575,45.30
20,797,EQUAL50ADD,EQ,1816,1249,68.78
20,798,EQUITASBNK,EQ,1785439,844704,47.31
20,799,ERIS,EQ,67326,27169,40.35
20,800,ESABINDIA,EQ,7293,3017,41.37
20,801,ESAFSFB,EQ,452408,230997,51.06
20,802,ESCONET,ST,4400,4400,100.00
20,803,ESCORTS,EQ,245178,101644,41.46
20,804,ESFL,SM,141120,86040,60.97
20,805,ESG,EQ,2175,1883,86.57
20,806,ESILVER,EQ,57171,51674,90.38
20,807,ESPRIT,ST,17600,12800,72.73
20,808,ESSENTIA,EQ,1969969,1297393,65.86
20,809,ESTER,EQ,370428,113690,30.69
20,810,ETHOSLTD,EQ,31839,18907,59.38
20,811,ETML,SM,7200,6000,83.33
20,812,EUREKAFORB,EQ,270852,171379,63.27
20,813,EUROBOND,SM,1000,1000,100.00
20,814,EVEREADY,EQ,123544,83231,67.37
20,815,EVINDIA,EQ,394905,207383,52.51
20,816,EXCELINDUS,EQ,20155,8521,42.28
20,817,EXCELLENT,SM,20800,12800,61.54
20,818,EXICOM,EQ,470657,185823,39.48
20,819,EXIDEIND,EQ,1586939,685165,43.18
20,820,EXPLEOSOL,EQ,41010,20671,50.40
20,821,EXXARO,EQ,359597,188816,52.51
20,822,FACT,EQ,185575,32771,17.66
20,823,FAIRCHEMOR,EQ,39392,10508,26.68
20,824,FALCONTECH,SM,4800,4800,100.00
20,825,FAZE3Q,EQ,8855,5280,59.63
20,826,FCL,EQ,1023736,278176,27.17
20,827,FCSSOFT,EQ,1726559,692437,40.11
20,828,FDC,EQ,743133,290605,39.11
20,829,FEDERALBNK,EQ,4044621,1649555,40.78
20,830,FEDFINA,EQ,225522,112415,49.85
20,831,FELIX,ST,45000,41500,92.22
20,832,FIBERWEB,EQ,34587,18461,53.38
20,833,FICRF3GP,MF,1574,1574,100.00
20,834,FIDEL,ST,2000,2000,100.00
20,835,FIEMIND,EQ,39654,18796,47.40
20,836,FILATEX,EQ,1197000,558431,46.65
20,837,FINCABLES,EQ,7843749,258620,3.30
20,838,FINEORG,EQ,28465,15040,52.84
20,839,FINIETF,EQ,78742,36599,46.48
20,840,FINOPB,EQ,282717,170643,60.36
20,841,FINPIPE,EQ,1167601,454693,38.94
20,842,FIRSTCRY,EQ,309914,155782,50.27
20,843,FIVESTAR,EQ,398866,143813,36.06
20,844,FLAIR,EQ,109409,55105,50.37
20,845,FLUOROCHEM,EQ,74689,39283,52.60
20,846,FMCGIETF,EQ,731459,480056,65.63
20,847,FMGOETZE,EQ,46874,36021,76.85
20,848,FOCUS,EQ,138889,82219,59.20
20,849,FONEBOX,SM,10000,10000,100.00
20,850,FOODSIN,EQ,150607,59576,39.56
20,851,FORCAS,ST,1600,1600,100.00
20,852,FORCEMOT,EQ,58638,19753,33.69
20,853,FORGEAUTO,SM,92400,88800,96.10
20,854,FORTIS,EQ,2019406,1041116,51.56
20,855,FOSECOIND,EQ,409,261,63.81
20,856,FRESHARA,ST,64800,64800,100.00
20,857,FROG,SM,54800,34000,62.04
20,858,FSL,EQ,3033440,1008723,33.25
20,859,FUSION,EQ,968084,329567,34.04
20,860,GABRIEL,EQ,446844,114787,25.69
20,861,GAEL,EQ,514421,264565,51.43
20,862,GAIL,EQ,12193757,5891313,48.31
20,863,GAJANAND,ST,9000,9000,100.00
20,864,GALAPREC,EQ,96758,14868,15.37
20,865,GALAXYSURF,EQ,11709,7469,63.79
20,866,GALLANTT,EQ,26388,14748,55.89
20,867,GANDHAR,EQ,143590,69646,48.50
20,868,GANDHITUBE,EQ,20280,10658,52.55
20,869,GANECOS,EQ,61658,34157,55.40
20,870,GANESHBE,EQ,85066,63538,74.69
20,871,GANESHHOUC,EQ,123280,42397,34.39
20,872,GANESHIN,SM,44800,32000,71.43
20,873,GANGAFORGE,EQ,304947,181986,59.68
20,874,GANGESSECU,EQ,6527,2788,42.71
20,875,GARFIBRES,EQ,42472,22753,53.57
20,876,GARUDA,EQ,810630,253131,31.23
20,877,GATEWAY,EQ,791155,524836,66.34
20,878,GEECEE,EQ,8405,4942,58.80
20,879,GEEKAYWIRE,EQ,43778,22531,51.47
20,880,GENCON,EQ,169557,96320,56.81
20,881,GENESYS,EQ,327646,105435,32.18
20,882,GENSOL,EQ,188127,66054,35.11
20,883,GENUSPAPER,EQ,2058187,343860,16.71
20,884,GENUSPOWER,EQ,448616,187382,41.77
20,885,GEOJITFSL,EQ,282279,114135,40.43
20,886,GEPIL,EQ,232005,80378,34.64
20,887,GESHIP,EQ,426907,236370,55.37
20,888,GFLLIMITED,EQ,62173,35162,56.56
20,889,GGBL,ST,22800,20700,90.79
20,890,GHCL,EQ,95952,36827,38.38
20,891,GHCLTEXTIL,EQ,88319,34116,38.63
20,892,GICHSGFIN,EQ,243752,137213,56.29
20,893,GICRE,EQ,1169135,332051,28.40
20,894,GILLETTE,EQ,52583,26616,50.62
20,895,GILT5YBEES,EQ,333217,308070,92.45
20,896,GINNIFILA,EQ,40871,24570,60.12
20,897,GIPCL,EQ,350247,154058,43.99
20,898,GKWLIMITED,EQ,10158,3732,36.74
20,899,GLAND,EQ,96590,54509,56.43
20,900,GLAXO,EQ,102542,50332,49.08
20,901,GLENMARK,EQ,956325,572831,59.90
20,902,GLOBAL,EQ,24655,14772,59.91
20,903,GLOBALPET,SM,4500,4500,100.00
20,904,GLOBE,EQ,3152861,2123813,67.36
20,905,GLOBUSSPR,EQ,143523,48445,33.75
20,906,GLOSTERLTD,EQ,1000,622,62.20
20,907,GMBREW,EQ,21832,8414,38.54
20,908,GMDCLTD,EQ,739207,258670,34.99
20,909,GMMPFAUDLR,EQ,45202,21740,48.10
20,910,GMRAIRPORT,EQ,6707272,3176417,47.36
20,911,GMRP&UI,EQ,995265,373949,37.57
20,912,GNA,EQ,23736,12782,53.85
20,913,GNFC,EQ,578879,213745,36.92
20,914,GOACARBON,EQ,7036,3181,45.21
20,915,GOCLCORP,EQ,33777,21342,63.19
20,916,GOCOLORS,EQ,25175,14090,55.97
20,917,GODAVARIB,EQ,107910,52340,48.50
20,918,GODFRYPHLP,EQ,617541,73610,11.92
20,919,GODIGIT,EQ,330827,140951,42.61
20,920,GODREJAGRO,EQ,312841,76365,24.41
20,921,GODREJCP,EQ,898637,543825,60.52
20,922,GODREJIND,EQ,2112229,175783,8.32
20,923,GODREJPROP,EQ,1496217,394191,26.35
20,924,GOKEX,EQ,223987,109055,48.69
20,925,GOKUL,EQ,28987,11571,39.92
20,926,GOKULAGRO,EQ,125292,50153,40.03
20,927,GOLD1,EQ,3834670,3739338,97.51
20,928,GOLDBEES,EQ,13212378,8212166,62.16
20,929,GOLDCASE,EQ,1351421,1039138,76.89
20,930,GOLDETF,EQ,387114,350753,90.61
20,931,GOLDETFADD,EQ,87779,81893,93.29
20,932,GOLDIAM,EQ,1864189,567767,30.46
20,933,GOLDIETF,EQ,6170796,4482042,72.63
20,934,GOLDSHARE,EQ,435486,422112,96.93
20,935,GOLDSTAR,SM,236250,225000,95.24
20,936,GOODLUCK,EQ,61665,29780,48.29
20,937,GOPAL,EQ,231008,141651,61.32
20,938,GOYALALUM,EQ,70414,47049,66.82
20,939,GOYALSALT,SM,4800,3600,75.00
20,940,GPECO,ST,12000,11400,95.00
20,941,GPIL,EQ,3888713,1444544,37.15
20,942,GPPL,EQ,1285513,716879,55.77
20,943,GPTHEALTH,EQ,68712,31175,45.37
20,944,GPTINFRA,EQ,101102,48591,48.06
20,945,GRANULES,EQ,911147,179959,19.75
20,946,GRAPHISAD,SM,6000,4800,80.00
20,947,GRAPHITE,EQ,866775,183301,21.15
20,948,GRASIM,EQ,708830,407234,57.45
20,949,GRAVITA,EQ,221633,104748,47.26
20,950,GRCL,SM,250,250,100.00
20,951,GREAVESCOT,EQ,6192440,1075497,17.37
20,952,GREENCHEF,SM,16000,10400,65.00
20,953,GREENLAM,EQ,16846,8707,51.69
20,954,GREENPANEL,EQ,77341,32406,41.90
20,955,GREENPLY,EQ,98138,38476,39.21
20,956,GREENPOWER,EQ,2661147,1034990,38.89
20,957,GRINDWELL,EQ,47112,14452,30.68
20,958,GRINFRA,EQ,40728,19160,47.04
20,959,GRMOVER,EQ,670723,206764,30.83
20,960,GROBTEA,EQ,410,295,71.95
20,961,GROWWDEFNC,EQ,132363,92358,69.78
20,962,GROWWEV,EQ,239410,182014,76.03
20,963,GROWWGOLD,EQ,206690,81639,39.50
20,964,GROWWLIQID,EQ,133846,104700,78.22
20,965,GROWWRAIL,EQ,262392,105793,40.32
20,966,GRPLTD,EQ,1500,1240,82.67
20,967,GRSE,EQ,801247,123939,15.47
20,968,GRWRHITECH,EQ,94307,22266,23.61
20,969,GSEC10ABSL,EQ,50,50,100.00
20,970,GSEC10IETF,EQ,169,169,100.00
20,971,GSEC10YEAR,EQ,3403,2907,85.42
20,972,GSEC5IETF,EQ,3339,2732,81.82
20,973,GSFC,EQ,1127947,524118,46.47
20,974,GSLSU,EQ,263353,51073,19.39
20,975,GSMFOILS,ST,20000,20000,100.00
20,976,GSPL,EQ,779630,343088,44.01
20,977,GSS,EQ,989304,211943,21.42
20,978,GSTL,ST,18000,17000,94.44
20,979,GTL,EQ,267661,154079,57.56
20,980,GTLINFRA,EQ,79497989,25390694,31.94
20,981,GTPL,EQ,423314,409242,96.68
20,982,GUFICBIO,EQ,49121,16574,33.74
20,983,GUJALKALI,EQ,26008,11931,45.87
20,984,GUJAPOLLO,EQ,9937,5106,51.38
20,985,GUJGASLTD,EQ,1182590,688596,58.23
20,986,GULFOILLUB,EQ,84384,30408,36.04
20,987,GULFPETRO,EQ,134232,73310,54.61
20,988,GULPOLY,EQ,74421,19879,26.71
20,989,GVPTECH,EQ,23112,18041,78.06
20,990,GVT&D,EQ,480618,283949,59.08
20,991,HAL,EQ,2224171,502819,22.61
20,992,HAPPSTMNDS,EQ,598937,375329,62.67
20,993,HAPPYFORGE,EQ,26158,12480,47.71
20,994,HARIOMPIPE,EQ,92209,40834,44.28
20,995,HARRMALAYA,EQ,17595,11614,66.01
20,996,HARSHA,EQ,32886,14467,43.99
20,997,HATHWAY,EQ,3050586,1214492,39.81
20,998,HATSUN,EQ,8696,5366,61.71
20,999,HAVELLS,EQ,598449,309032,51.64
20,1000,HAVISHA,EQ,25477,23005,90.30
20,1001,HBLENGINE,EQ,2269240,385651,16.99
20,1002,HBSL,EQ,46340,31434,67.83
20,1003,HCC,EQ,15591273,5010078,32.13
20,1004,HCG,EQ,122525,61256,49.99
20,1005,HCL-INSYS,EQ,100550,74692,74.28
20,1006,HCLTECH,EQ,1838463,1044420,56.81
20,1007,HDFCAMC,EQ,445112,285605,64.16
20,1008,HDFCBANK,EQ,6301217,3580241,56.82
20,1009,HDFCBSE500,EQ,14601,11680,79.99
20,1010,HDFCGOLD,EQ,2190503,1785175,81.50
20,1011,HDFCGROWTH,EQ,1088,783,71.97
20,1012,HDFCLIFE,EQ,2808139,1805513,64.30
20,1013,HDFCLIQUID,EQ,26272,25000,95.16
20,1014,HDFCLOWVOL,EQ,5975,5192,86.90
20,1015,HDFCMID150,EQ,240804,130439,54.17
20,1016,HDFCMOMENT,EQ,132860,73118,55.03
20,1017,HDFCNEXT50,EQ,39666,26024,65.61
20,1018,HDFCNIF100,EQ,24843,18619,74.95
20,1019,HDFCNIFBAN,EQ,6985,5175,74.09
20,1020,HDFCNIFIT,EQ,5390,4359,80.87
20,1021,HDFCNIFTY,EQ,62456,32629,52.24
20,1022,HDFCPSUBK,EQ,16588,13163,79.35
20,1023,HDFCPVTBAN,EQ,89613,84252,94.02
20,1024,HDFCQUAL,EQ,6962,4963,71.29
20,1025,HDFCSENSEX,EQ,48471,28982,59.79
20,1026,HDFCSILVER,EQ,251711,170602,67.78
20,1027,HDFCSML250,EQ,605105,339312,56.07
20,1028,HDFCVALUE,EQ,2951,2639,89.43
20,1029,HEADSUP,EQ,11730,8215,70.03
20,1030,HEALTHADD,EQ,215,188,87.44
20,1031,HEALTHIETF,EQ,73943,34219,46.28
20,1032,HEALTHY,EQ,108267,53068,49.02
20,1033,HEG,EQ,831900,287864,34.60
20,1034,HEIDELBERG,EQ,84148,42007,49.92
20,1035,HEMIPROP,EQ,305538,124878,40.87
20,1036,HERANBA,EQ,61340,30909,50.39
20,1037,HERITGFOOD,EQ,195639,89759,45.88
20,1038,HEROMOTOCO,EQ,557075,291103,52.26
20,1039,HESTERBIO,EQ,3570,1305,36.55
20,1040,HEUBACHIND,EQ,17834,15416,86.44
20,1041,HEXATRADEX,EQ,20296,11751,57.90
20,1042,HFCL,EQ,9461732,2459025,25.99
20,1043,HGINFRA,EQ,68807,18366,26.69
20,1044,HGS,EQ,17832,9386,52.64
20,1045,HIGREEN,ST,47200,46400,98.31
20,1046,HIKAL,EQ,225079,112513,49.99
20,1047,HIL,EQ,8943,5217,58.34
20,1048,HILTON,EQ,56795,28892,50.87
20,1049,HIMATSEIDE,EQ,1538090,617136,40.12
20,1050,HINDALCO,EQ,4415122,1956502,44.31
20,1051,HINDCOMPOS,EQ,3603,1899,52.71
20,1052,HINDCOPPER,EQ,2538091,488096,19.23
20,1053,HINDMOTORS,EQ,471449,138072,29.29
20,1054,HINDOILEXP,EQ,1113027,274645,24.68
20,1055,HINDPETRO,EQ,9771116,7074478,72.40
20,1056,HINDUNILVR,EQ,1334967,796739,59.68
20,1057,HINDWAREAP,EQ,148788,105519,70.92
20,1058,HINDZINC,EQ,1237837,672905,54.36
20,1059,HIRECT,EQ,41906,21416,51.10
20,1060,HISARMETAL,EQ,6382,1873,29.35
20,1061,HITECH,EQ,1024511,514146,50.18
20,1062,HITECHCORP,EQ,5791,4145,71.58
20,1063,HLEGLAS,EQ,57663,30435,52.78
20,1064,HLVLTD,EQ,984285,436188,44.32
20,1065,HMAAGRO,EQ,238828,124808,52.26
20,1066,HMVL,EQ,29033,18411,63.41
20,1067,HNDFDS,EQ,73020,29659,40.62
20,1068,HNGSNGBEES,EQ,525941,292655,55.64
20,1069,HOACFOODS,ST,3000,3000,100.00
20,1070,HOMEFIRST,EQ,160089,73709,46.04
20,1071,HOMESFY,SM,900,900,100.00
20,1072,HONASA,EQ,16725807,1297226,7.76
20,1073,HONAUT,EQ,4649,1778,38.24
20,1074,HONDAPOWER,EQ,3572,1757,49.19
20,1075,HOVS,EQ,7133,4301,60.30
20,1076,HPAL,EQ,77521,46923,60.53
20,1077,HPIL,EQ,1457,848,58.20
20,1078,HPL,EQ,294391,96085,32.64
20,1079,HRHNEXT,ST,34500,30000,86.96
20,1080,HSCL,EQ,567886,234078,41.22
20,1081,HTMEDIA,EQ,100970,60019,59.44
20,1082,HUBTOWN,EQ,148447,85729,57.75
20,1083,HUDCO,EQ,4460698,834112,18.70
20,1084,HUHTAMAKI,EQ,82850,36919,44.56
20,1085,HVAX,ST,300,300,100.00
20,1086,HYUNDAI,EQ,1173472,504015,42.95
20,1087,ICEMAKE,EQ,19311,10208,52.86
20,1088,ICICIB22,EQ,324430,185796,57.27
20,1089,ICICIBANK,EQ,7263785,4745078,65.33
20,1090,ICICIGI,EQ,309112,189538,61.32
20,1091,ICICIPRULI,EQ,772099,479147,62.06
20,1092,ICIL,EQ,3376678,394100,11.67
20,1093,ICRA,EQ,12742,9442,74.10
20,1094,IDBI,EQ,3262049,1173897,35.99
20,1095,IDEA,EQ,717308741,100602357,14.02
20,1096,IDEAFORGE,EQ,145061,57122,39.38
20,1097,IDEALTECHO,ST,3000,3000,100.00
20,1098,IDENTICAL,ST,22000,20000,90.91
20,1099,IDFCFIRSTB,EQ,16583559,7760868,46.80
20,1100,IDFNIFTYET,EQ,4114,734,17.84
20,1101,IEML,SM,14000,12500,89.29
20,1102,IEX,EQ,2939542,917240,31.20
20,1103,IFBAGRO,EQ,2675,1589,59.40
20,1104,IFBIND,EQ,42973,25478,59.29
20,1105,IFCI,EQ,10000638,3324565,33.24
20,1106,IFGLEXPOR,EQ,9607,5222,54.36
20,1107,IGARASHI,EQ,23878,10319,43.22
20,1108,IGIL,EQ,1297925,489910,37.75
20,1109,IGL,EQ,3205862,1540807,48.06
20,1110,IGPL,EQ,68439,53344,77.94
20,1111,IIFL,EQ,2080147,645119,31.01
20,1112,IIFLCAPS,EQ,266110,144983,54.48
20,1113,IIFLHF29,NE,30,30,100.00
20,1114,IIFLZC25,ND,51,51,100.00
20,1115,IIFLZC25B,NW,5,5,100.00
20,1116,IIFLZC28,NG,30,15,50.00
20,1117,IIFLZC28A,NU,200,200,100.00
20,1118,IKIO,EQ,165669,65464,39.51
20,1119,IKS,EQ,62447,23535,37.69
20,1120,IMAGICAA,EQ,2340245,921663,39.38
20,1121,IMC1,N0,12,12,100.00
20,1122,IMC1,N1,12,12,100.00
20,1123,IMC1,N2,12,12,100.00
20,1124,IMC1,N3,62,50,80.65
20,1125,IMFA,EQ,67508,25726,38.11
20,1126,IMPAL,EQ,2572,1988,77.29
20,1127,INCREDIBLE,EQ,13518,7439,55.03
20,1128,INDBANK,EQ,36969,23497,63.56
20,1129,INDGN,EQ,214582,111548,51.98
20,1130,INDHOTEL,EQ,1494372,603465,40.38
20,1131,INDIACEM,EQ,323421,160896,49.75
20,1132,INDIAGLYCO,EQ,75147,34459,45.86
20,1133,INDIAMART,EQ,137063,68952,50.31
20,1134,INDIANB,EQ,823716,406768,49.38
20,1135,INDIANHUME,EQ,31453,11883,37.78
20,1136,INDIASHLTR,EQ,348851,294725,84.48
20,1137,INDIFRA,ST,2000,2000,100.00
20,1138,INDIGO,EQ,839061,507245,60.45
20,1139,INDIGOPNTS,EQ,90690,48357,53.32
20,1140,INDIGRID,IV,288090,272640,94.64
20,1141,INDNIPPON,EQ,8838,6321,71.52
20,1142,INDOAMIN,EQ,160609,76169,47.43
20,1143,INDOBORAX,EQ,121885,42026,34.48
20,1144,INDOCO,EQ,33451,17434,52.12
20,1145,INDOFARM,EQ,653096,220466,33.76
20,1146,INDORAMA,EQ,106229,69129,65.08
20,1147,INDOSTAR,EQ,56526,19865,35.14
20,1148,INDOTECH,EQ,32873,17337,52.74
20,1149,INDOWIND,EQ,676058,397809,58.84
20,1150,INDRAMEDCO,EQ,87399,43276,49.52
20,1151,INDSWFTLAB,EQ,67669,38341,56.66
20,1152,INDTERRAIN,EQ,70450,49268,69.93
20,1153,INDUSINDBK,EQ,4539780,2737035,60.29
20,1154,INDUSINVIT,IV,53382,42520,79.65
20,1155,INDUSTOWER,EQ,4427505,2305420,52.07
20,1156,INFIBEAM,EQ,5360494,2502540,46.68
20,1157,INFINIUM,SM,8000,6500,81.25
20,1158,INFOBEAN,EQ,5215,2988,57.30
20,1159,INFOLLION,SM,2800,2000,71.43
20,1160,INFRABEES,EQ,10441,8184,78.38
20,1161,INFRAIETF,EQ,73283,25667,35.02
20,1162,INFY,EQ,5237744,3447995,65.83
20,1163,INGERRAND,EQ,15243,7334,48.11
20,1164,INM,SM,6600,5400,81.82
20,1165,INNOMET,SM,7200,6000,83.33
20,1166,INNOVACAP,EQ,97217,33940,34.91
20,1167,INNOVANA,EQ,2080,1258,60.48
20,1168,INOXGREEN,EQ,1134791,426861,37.62
20,1169,INOXINDIA,EQ,84454,40875,48.40
20,1170,INOXWIND,EQ,6126439,1735806,28.33
20,1171,INSECTICID,EQ,43526,26119,60.01
20,1172,INSPIRISYS,EQ,13759,9924,72.13
20,1173,INTELLECT,EQ,244753,53001,21.65
20,1174,INTENTECH,EQ,48278,21831,45.22
20,1175,INTERARCH,EQ,202138,52779,26.11
20,1176,INTLCONV,EQ,48029,21254,44.25
20,1177,INVENTURE,EQ,1697655,693520,40.85
20,1178,IOB,EQ,3007173,870418,28.94
20,1179,IOC,EQ,10136689,5281840,52.11
20,1180,IOLCP,EQ,158957,72477,45.60
20,1181,IONEXCHANG,EQ,129958,68969,53.07
20,1182,IPCALAB,EQ,2202647,637129,28.93
20,1183,IPHL,ST,21600,21600,100.00
20,1184,IPL,EQ,79638,41315,51.88
20,1185,IRB,EQ,15086946,4686255,31.06
20,1186,IRBINVIT,IV,258516,234414,90.68
20,1187,IRCON,EQ,8256727,1459912,17.68
20,1188,IRCTC,EQ,1038398,230934,22.24
20,1189,IREDA,EQ,6273935,1590481,25.35
20,1190,IRFC,EQ,15469045,3680736,23.79
20,1191,IRISDOREME,EQ,67383,7073,10.50
20,1192,IRMENERGY,EQ,89546,47566,53.12
20,1193,ISEC,EQ,54220,22699,41.86
20,1194,ISFT,EQ,29736,19892,66.90
20,1195,ISGEC,EQ,44595,22230,49.85
20,1196,ISHAN,SM,48000,48000,100.00
20,1197,IT,EQ,12173,8232,67.63
20,1198,ITBEES,EQ,3620406,2149901,59.38
20,1199,ITC,EQ,12989029,8540154,65.75
20,1200,ITCHOTELS,EQ,10164200,6385462,62.82
20,1201,ITDC,EQ,29355,12138,41.35
20,1202,ITDCEM,EQ,523283,324901,62.09
20,1203,ITETF,EQ,272364,140810,51.70
20,1204,ITETFADD,EQ,7992,6277,78.54
20,1205,ITIETF,EQ,590813,360792,61.07
20,1206,IVC,EQ,108211,66231,61.21
20,1207,IVP,EQ,7126,4465,62.66
20,1208,IVZINGOLD,EQ,120,48,40.00
20,1209,IVZINNIFTY,EQ,9,9,100.00
20,1210,IWEL,EQ,5090,1974,38.78
20,1211,IXIGO,EQ,559868,227305,40.60
20,1212,JAGRAN,EQ,155752,121716,78.15
20,1213,JAGSNPHARM,EQ,353964,96975,27.40
20,1214,JAIBALAJI,EQ,3175171,335559,10.57
20,1215,JAICORPLTD,EQ,407225,184274,45.25
20,1216,JAIPURKURT,EQ,64657,31748,49.10
20,1217,JALAN,ST,96000,96000,100.00
20,1218,JAMNAAUTO,EQ,1194837,559713,46.84
20,1219,JASH,EQ,215727,73610,34.12
20,1220,JAYAGROGN,EQ,19237,13132,68.26
20,1221,JAYBARMARU,EQ,71719,51823,72.26
20,1222,JAYBEE,ST,43000,38000,88.37
20,1223,JAYNECOIND,EQ,74089,52850,71.33
20,1224,JAYSREETEA,EQ,443143,107101,24.17
20,1225,JBCHEPHARM,EQ,254087,150000,59.03
20,1226,JBMA,EQ,558968,79984,14.31
20,1227,JCHAC,EQ,30270,14996,49.54
20,1228,JEYYAM,SM,84000,72000,85.71
20,1229,JFLLIFE,ST,18000,18000,100.00
20,1230,JGCHEM,EQ,147775,49987,33.83
20,1231,JHS,EQ,70633,40061,56.72
20,1232,JINDALPHOT,EQ,4193,1850,44.12
20,1233,JINDALPOLY,EQ,19900,7268,36.52
20,1234,JINDALSAW,EQ,1837377,771922,42.01
20,1235,JINDALSTEL,EQ,1584072,557739,35.21
20,1236,JINDRILL,EQ,189067,66734,35.30
20,1237,JINDWORLD,EQ,114558,24699,21.56
20,1238,JIOFIN,EQ,15841475,6235903,39.36
20,1239,JISLDVREQS,EQ,18306,7052,38.52
20,1240,JISLJALEQS,EQ,1871368,746037,39.87
20,1241,JITFINFRA,EQ,47389,21024,44.36
20,1242,JIWANRAM,ST,18000,12000,66.67
20,1243,J&KBANK,EQ,2077992,709701,34.15
20,1244,JKCEMENT,EQ,284702,212039,74.48
20,1245,JKIL,EQ,70622,34522,48.88
20,1246,JKLAKSHMI,EQ,98529,33827,34.33
20,1247,JKPAPER,EQ,321700,120122,37.34
20,1248,JKTYRE,EQ,267045,99181,37.14
20,1249,JLHL,EQ,22310,12281,55.05
20,1250,JMA,EQ,9845,7869,79.93
20,1251,JMFINANCIL,EQ,2549353,699864,27.45
20,1252,JNKINDIA,EQ,18812,10642,56.57
20,1253,JOCIL,EQ,2602,1720,66.10
20,1254,JPOLYINVST,EQ,6462,3595,55.63
20,1255,JPPOWER,EQ,21988638,6467225,29.41
20,1256,JSFB,EQ,274357,124137,45.25
20,1257,JSL,EQ,574170,315542,54.96
20,1258,JSLL,SM,15300,11970,78.24
20,1259,JSWENERGY,EQ,1560258,659839,42.29
20,1260,JSWINFRA,EQ,1599818,722460,45.16
20,1261,JSWSTEEL,EQ,1414535,493670,34.90
20,1262,JTEKTINDIA,EQ,47161,23506,49.84
20,1263,JTLIND,EQ,1578107,692711,43.90
20,1264,JUBLFOOD,EQ,7791541,1810113,23.23
20,1265,JUBLINGREA,EQ,361330,155477,43.03
20,1266,JUBLPHARMA,EQ,158707,75860,47.80
20,1267,JUNIORBEES,EQ,421091,137683,32.70
20,1268,JUNIPER,EQ,295682,173933,58.82
20,1269,JUSTDIAL,EQ,133359,45989,34.49
20,1270,JWL,EQ,3381265,567328,16.78
20,1271,JYOTHYLAB,EQ,438170,135467,30.92
20,1272,JYOTICNC,EQ,365067,183496,50.26
20,1273,JYOTISTRUC,EQ,9142272,3911321,42.78
20,1274,K2INFRA,ST,4200,4200,100.00
20,1275,KABRAEXTRU,EQ,32442,15655,48.26
20,1276,KAJARIACER,EQ,370346,248217,67.02
20,1277,KAKATCEM,EQ,2262,1775,78.47
20,1278,KALAMANDIR,EQ,229142,92173,40.23
20,1279,KALANA,SM,2000,2000,100.00
20,1280,KALYANKJIL,EQ,10861298,1555773,14.32
20,1281,KAMATHOTEL,EQ,203186,87665,43.15
20,1282,KAMDHENU,EQ,406916,139618,34.31
20,1283,KANANIIND,EQ,278303,175923,63.21
20,1284,KANDARP,ST,40000,36000,90.00
20,1285,KANORICHEM,EQ,11015,6188,56.18
20,1286,KANPRPLA,EQ,12151,6443,53.02
20,1287,KANSAINER,EQ,232123,133226,57.39
20,1288,KAPSTON,EQ,4316,2542,58.90
20,1289,KARMAENG,EQ,4161,2553,61.36
20,1290,KARURVYSYA,EQ,980816,448153,45.69
20,1291,KATARIA,ST,2400,1800,75.00
20,1292,KAUSHALYA,EQ,1233,788,63.91
20,1293,KAYA,EQ,32713,20564,62.86
20,1294,KAYNES,EQ,733573,133528,18.20
20,1295,KCEIL,ST,26500,23500,88.68
20,1296,KCK,ST,12500,7500,60.00
20,1297,KCP,EQ,346074,146453,42.32
20,1298,KCPSUGIND,EQ,129084,60633,46.97
20,1299,KDDL,EQ,9125,4537,49.72
20,1300,KDL,ST,4950,4950,100.00
20,1301,KEC,EQ,957211,554292,57.91
20,1302,KECL,EQ,263959,86191,32.65
20,1303,KEI,EQ,869828,543450,62.48
20,1304,KELLTONTEC,EQ,724766,254543,35.12
20,1305,KEN,ST,10800,10800,100.00
20,1306,KESORAMIND,EQ,580636,246060,42.38
20,1307,KEYFINSERV,EQ,11120,5787,52.04
20,1308,KFINTECH,EQ,1231407,313332,25.45
20,1309,KHADIM,EQ,12330,4798,38.91
20,1310,KHAICHEM,EQ,72666,33178,45.66
20,1311,KHAITANLTD,EQ,2519,1897,75.31
20,1312,KHANDSE,EQ,3169,1023,32.28
20,1313,KHFM,SM,21700,13950,64.29
20,1314,KICL,EQ,1891,622,32.89
20,1315,KILITCH,EQ,22709,13769,60.63
20,1316,KIMS,EQ,321183,161137,50.17
20,1317,KINGFA,EQ,6387,1862,29.15
20,1318,KIOCL,EQ,343251,48591,14.16
20,1319,KIRIINDUS,EQ,624598,173165,27.72
20,1320,KIRLOSBROS,EQ,156328,42088,26.92
20,1321,KIRLOSENG,EQ,499384,298101,59.69
20,1322,KIRLOSIND,EQ,3672,2658,72.39
20,1323,KIRLPNU,EQ,97976,48148,49.14
20,1324,KKCL,EQ,45520,26030,57.18
20,1325,KKJEWELS,SM,55000,42000,76.36
20,1326,KLL,SM,12000,8000,66.67
20,1327,KMEW,EQ,8364,5584,66.76
20,1328,KMSUGAR,EQ,145958,78470,53.76
20,1329,KNAGRI,SM,6400,4800,75.00
20,1330,KNRCON,EQ,935291,356791,38.15
20,1331,KODYTECH,SM,6100,4100,67.21
20,1332,KOHINOOR,EQ,85857,34217,39.85
20,1333,KOKUYOCMLN,EQ,90592,55902,61.71
20,1334,KOLTEPATIL,EQ,133896,52904,39.51
20,1335,KONSTELEC,ST,14000,14000,100.00
20,1336,KONTOR,SM,14400,13200,91.67
20,1337,KORE,ST,5250,5250,100.00
20,1338,KOTAKBANK,EQ,12678373,9318555,73.50
20,1339,KOTARISUG,EQ,58804,34353,58.42
20,1340,KOTHARIPET,EQ,59817,24527,41.00
20,1341,KOTYARK,ST,6500,5600,86.15
20,1342,KPEL,EQ,289238,99380,34.36
20,1343,KPIGREEN,EQ,391476,230347,58.84
20,1344,KPIL,EQ,553631,412176,74.45
20,1345,KPITTECH,EQ,637262,287157,45.06
20,1346,KPRMILL,EQ,162237,63319,39.03
20,1347,KRBL,EQ,233620,104553,44.75
20,1348,KRISHANA,EQ,63106,33615,53.27
20,1349,KRISHCA,SM,47000,25000,53.19
20,1350,KRISHNADEF,SM,16250,9250,56.92
20,1351,KRITI,EQ,55431,48060,86.70
20,1352,KRITINUT,EQ,82745,52063,62.92
20,1353,KRN,EQ,3964147,394411,9.95
20,1354,KRONOX,EQ,58127,21069,36.25
20,1355,KROSS,EQ,129623,46667,36.00
20,1356,KRSNAA,EQ,100574,55160,54.85
20,1357,KRYSTAL,EQ,102973,63264,61.44
20,1358,KSB,EQ,131050,61859,47.20
20,1359,KSCL,EQ,285912,77500,27.11
20,1360,KSL,EQ,45136,19569,43.36
20,1361,KSOLVES,EQ,45647,20787,45.54
20,1362,KTKBANK,EQ,1800743,1506209,83.64
20,1363,KTL,ST,18000,18000,100.00
20,1364,KUANTUM,EQ,40571,24273,59.83
20,1365,LAGNAM,EQ,14622,4220,28.86
20,1366,LAKSHYA,SM,24800,12800,51.61
20,1367,LALPATHLAB,EQ,89347,38783,43.41
20,1368,LAMOSAIC,ST,162000,153600,94.81
20,1369,LANCORHOL,EQ,72064,16988,23.57
20,1370,LANDMARK,EQ,113605,42407,37.33
20,1371,LAOPALA,EQ,95215,52953,55.61
20,1372,LASA,EQ,13866,8336,60.12
20,1373,LATENTVIEW,EQ,231697,98378,42.46
20,1374,LAURUSLABS,EQ,2821527,1220577,43.26
20,1375,LAWSIKHO,SM,47000,29000,61.70
20,1376,LAXMICOT,EQ,19016,6377,33.53
20,1377,LAXMIDENTL,EQ,272194,60285,22.15
20,1378,LEMERITE,ST,27200,23200,85.29
20,1379,LEMONTREE,EQ,3153967,1141754,36.20
20,1380,LEXUS,EQ,51090,28978,56.72
20,1381,LFIC,EQ,2753,1797,65.27
20,1382,LGBBROSLTD,EQ,6675,2977,44.60
20,1383,LIBAS,EQ,94474,65922,69.78
20,1384,LIBERTSHOE,EQ,34916,17103,48.98
20,1385,LICHSGFIN,EQ,909883,410834,45.15
20,1386,LICI,EQ,911513,355720,39.03
20,1387,LICMFGOLD,EQ,11661,11287,96.79
20,1388,LICNETFGSC,EQ,14944,14738,98.62
20,1389,LICNETFN50,EQ,258,258,100.00
20,1390,LICNETFSEN,EQ,302,149,49.34
20,1391,LICNFNHGP,EQ,218,217,99.54
20,1392,LICNMID100,EQ,5489,4408,80.31
20,1393,LIKHITHA,EQ,71630,33755,47.12
20,1394,LINC,EQ,20148,10839,53.80
20,1395,LINCOLN,EQ,486971,123310,25.32
20,1396,LINDEINDIA,EQ,28751,10820,37.63
20,1397,LIQUID,EQ,103250,45644,44.21
20,1398,LIQUID1,EQ,455794,260312,57.11
20,1399,LIQUIDADD,EQ,787553,525836,66.77
20,1400,LIQUIDBEES,EQ,2680283,2033706,75.88
20,1401,LIQUIDBETF,EQ,164083,137706,83.92
20,1402,LIQUIDCASE,EQ,10063910,7628926,75.80
20,1403,LIQUIDETF,EQ,420066,189675,45.15
20,1404,LIQUIDIETF,EQ,523815,416001,79.42
20,1405,LIQUIDPLUS,EQ,935,559,59.79
20,1406,LIQUIDSBI,EQ,37319,36240,97.11
20,1407,LIQUIDSHRI,EQ,4471,3862,86.38
20,1408,LLOYDS,SM,1000,1000,100.00
20,1409,LLOYDSENGG,EQ,3390597,1046807,30.87
20,1410,LLOYDSENT,EQ,3729601,1763418,47.28
20,1411,LLOYDSME,EQ,433864,209854,48.37
20,1412,LMW,EQ,25465,23193,91.08
20,1413,LODHA,EQ,1182683,519166,43.90
20,1414,LOKESHMACH,EQ,52232,32139,61.53
20,1415,LOTUSEYE,EQ,35787,28373,79.28
20,1416,LOVABLE,EQ,12909,6769,52.44
20,1417,LOWVOL,EQ,336,253,75.30
20,1418,LOWVOL1,EQ,7483,5207,69.58
20,1419,LOWVOLIETF,EQ,3022069,2519560,83.37
20,1420,LRRPL,ST,3000,3000,100.00
20,1421,LT,EQ,2127644,1225352,57.59
20,1422,LTF,EQ,3651705,1610346,44.10
20,1423,LTFOODS,EQ,573578,255778,44.59
20,1424,LTGILTBEES,EQ,2221093,1582020,71.23
20,1425,LTIM,EQ,240957,113660,47.17
20,1426,LTTS,EQ,155165,72186,46.52
20,1427,LUMAXIND,EQ,6099,4746,77.82
20,1428,LUMAXTECH,EQ,286293,68030,23.76
20,1429,LUPIN,EQ,2612734,794638,30.41
20,1430,LUXIND,EQ,151126,21402,14.16
20,1431,LXCHEM,EQ,422045,190668,45.18
20,1432,LYKALABS,EQ,49255,24246,49.23
20,1433,LYPSAGEMS,EQ,84609,34447,40.71
20,1434,MACOBSTECH,SM,24800,24000,96.77
20,1435,MACPOWER,EQ,6344,2576,40.61
20,1436,MADHAV,EQ,30525,2261,7.41
20,1437,MADHAVBAUG,SM,8000,6000,75.00
20,1438,MADHUCON,EQ,19818,17537,88.49
20,1439,MADHUSUDAN,SM,18000,16000,88.89
20,1440,MADRASFERT,EQ,152762,46843,30.66
20,1441,MAFANG,EQ,221720,217434,98.07
20,1442,MAGADSUGAR,EQ,15369,8602,55.97
20,1443,MAGNUM,EQ,36523,28348,77.62
20,1444,MAHABANK,EQ,7512384,2802645,37.31
20,1445,MAHAPEXLTD,EQ,2740,1612,58.83
20,1446,MAHESHWARI,EQ,20615,12319,59.76
20,1447,MAHICKRA,SM,1500,1500,100.00
20,1448,MAHKTECH,EQ,586244,586244,100.00
20,1449,MAHLIFE,EQ,169675,79427,46.81
20,1450,MAHLOG,EQ,97634,43937,45.00
20,1451,MAHSCOOTER,EQ,11235,7185,63.95
20,1452,MAHSEAMLES,EQ,225688,134769,59.71
20,1453,MAITHANALL,EQ,32995,19395,58.78
20,1454,MAITREYA,ST,4000,3200,80.00
20,1455,MAKEINDIA,EQ,10189,6009,58.98
20,1456,MAL,SM,24000,19200,80.00
20,1457,MALLCOM,EQ,4030,2725,67.62
20,1458,MALUPAPER,EQ,12503,5777,46.20
20,1459,MAMATA,EQ,331220,59883,18.08
20,1460,MANAKALUCO,EQ,12665,8691,68.62
20,1461,MANAKSIA,EQ,44538,32315,72.56
20,1462,MANAKSTEEL,EQ,50790,25691,50.58
20,1463,MANALIPETC,EQ,185486,103048,55.56
20,1464,MANAPPURAM,EQ,11114475,3429730,30.86
20,1465,MANBA,EQ,47807,19806,41.43
20,1466,MANCREDIT,EQ,24797,2299,9.27
20,1467,MANDEEP,SM,10000,10000,100.00
20,1468,MANGALAM,EQ,9317,5295,56.83
20,1469,MANGCHEFER,EQ,263463,121258,46.02
20,1470,MANGLMCEM,EQ,40804,22381,54.85
20,1471,MANINDS,EQ,323821,134613,41.57
20,1472,MANINFRA,EQ,611296,233676,38.23
20,1473,MANKIND,EQ,804094,515672,64.13
20,1474,MANOMAY,EQ,10457,5108,48.85
20,1475,MANORAMA,EQ,40366,27667,68.54
20,1476,MANORG,EQ,2250,1365,60.67
20,1477,MANUGRAPH,EQ,25948,22092,85.14
20,1478,MANYAVAR,EQ,70002,32109,45.87
20,1479,MAPMYINDIA,EQ,32771,12526,38.22
20,1480,MARALOVER,EQ,9564,3946,41.26
20,1481,MARATHON,EQ,37020,20789,56.16
20,1482,MARCO,SM,4500,4500,100.00
20,1483,MARICO,EQ,1144554,744898,65.08
20,1484,MARKSANS,EQ,983743,335214,34.08
20,1485,MARUTI,EQ,186742,103986,55.68
20,1486,MASFIN,EQ,49430,20464,41.40
20,1487,MASON,ST,17000,17000,100.00
20,1488,MASPTOP50,EQ,47597,47182,99.13
20,1489,MASTEK,EQ,53199,21836,41.05
20,1490,MASTER,SM,1500,1500,100.00
20,1491,MASTERTR,EQ,21197,15212,71.76
20,1492,MATRIMONY,EQ,10598,6982,65.88
20,1493,MAWANASUG,EQ,79062,42905,54.27
20,1494,MAXESTATES,EQ,321712,239861,74.56
20,1495,MAXHEALTH,EQ,2877673,2203465,76.57
20,1496,MAXIND,EQ,20255,10132,50.02
20,1497,MAXPOSURE,SM,16000,11000,68.75
20,1498,MAYURUNIQ,EQ,28793,14956,51.94
20,1499,MAZDOCK,EQ,5307033,579179,10.91
20,1500,MBAPL,EQ,42102,24283,57.68
20,1501,MBLINFRA,EQ,380603,44433,11.67
20,1502,MCLOUD,EQ,391571,233873,59.73
20,1503,MCON,ST,6000,6000,100.00
20,1504,MCX,EQ,250997,68280,27.20
20,1505,MDL,SM,21000,21000,100.00
20,1506,MEDANTA,EQ,673336,427346,63.47
20,1507,MEDIASSIST,EQ,320262,146021,45.59
20,1508,MEDICAMEQ,EQ,24095,17291,71.76
20,1509,MEDICO,EQ,786701,304682,38.73
20,1510,MEDIORG,SM,18000,18000,100.00
20,1511,MEDPLUS,EQ,141674,77824,54.93
20,1512,MEGASTAR,EQ,5699,3847,67.50
20,1513,MEGATHERM,SM,31600,24800,78.48
20,1514,MENONBE,EQ,12746,7526,59.05
20,1515,METAL,EQ,177248,100512,56.71
20,1516,METALIETF,EQ,4513105,2563131,56.79
20,1517,METROBRAND,EQ,25178,8868,35.22
20,1518,METROPOLIS,EQ,153935,59809,38.85
20,1519,MFSL,EQ,917145,657552,71.70
20,1520,MGEL,EQ,113450,59294,52.26
20,1521,MGL,EQ,281419,123610,43.92
20,1522,MHHL,ST,6000,6000,100.00
20,1523,MHRIL,EQ,63937,33160,51.86
20,1524,MICEL,EQ,422903,161489,38.19
20,1525,MICROPRO,SM,4800,4800,100.00
20,1526,MID150BEES,EQ,1663176,1505347,90.51
20,1527,MID150CASE,EQ,732403,544956,74.41
20,1528,MIDCAP,EQ,14752,6472,43.87
20,1529,MIDCAPETF,EQ,2929600,2002923,68.37
20,1530,MIDCAPIETF,EQ,533648,189310,35.47
20,1531,MIDHANI,EQ,256356,111922,43.66
20,1532,MIDQ50ADD,EQ,4457,3821,85.73
20,1533,MIDSELIETF,EQ,227151,104760,46.12
20,1534,MIDSMALL,EQ,326084,185030,56.74
20,1535,MIEL,ST,18000,16000,88.89
20,1536,MINDACORP,EQ,187016,87403,46.74
20,1537,MINDSPACE,RR,107967,80193,74.28
20,1538,MINDTECK,EQ,37801,18554,49.08
20,1539,MIRCELECTR,EQ,461451,270710,58.66
20,1540,MIRZAINT,EQ,180777,81229,44.93
20,1541,MITCON,EQ,1347,777,57.68
20,1542,MITCONPP,E1,1616,1613,99.81
20,1543,MITTAL,EQ,1326227,727453,54.85
20,1544,MKPL,EQ,181933,102766,56.49
20,1545,M&M,EQ,2481783,1285263,51.79
20,1546,M&MFIN,EQ,1658423,343345,20.70
20,1547,MMFL,EQ,87778,40681,46.35
20,1548,MMP,EQ,40447,27845,68.84
20,1549,MMTC,EQ,1001733,335263,33.47
20,1550,MNC,EQ,52775,45659,86.52
20,1551,MOBIKWIK,EQ,6267999,882565,14.08
20,1552,MODEFENCE,EQ,326464,144389,44.23
20,1553,MODIRUBBER,EQ,4636,2765,59.64
20,1554,MODISONLTD,EQ,25734,13912,54.06
20,1555,MOGSEC,EQ,369,251,68.02
20,1556,MOHEALTH,EQ,18965,11155,58.82
20,1557,MOIL,EQ,700094,211093,30.15
20,1558,MOKSH,EQ,135061,75734,56.07
20,1559,MOL,EQ,508021,291401,57.36
20,1560,MOLDTECH,EQ,187228,117892,62.97
20,1561,MOLDTKPAC,EQ,23282,12254,52.63
20,1562,MOLOWVOL,EQ,64394,46764,72.62
20,1563,MOM100,EQ,318421,136698,42.93
20,1564,MOM30IETF,EQ,633607,385042,60.77
20,1565,MOM50,EQ,1859,1525,82.03
20,1566,MOMENTUM,EQ,42607,27042,63.47
20,1567,MOMENTUM50,EQ,154325,117430,76.09
20,1568,MOMOMENTUM,EQ,83259,50922,61.16
20,1569,MON100,EQ,845935,408370,48.27
20,1570,MONARCH,EQ,102331,42724,41.75
20,1571,MONIFTY500,EQ,300520,223871,74.49
20,1572,MONOPHARMA,SM,80000,80000,100.00
20,1573,MONQ50,EQ,26422,25586,96.84
20,1574,MONTECARLO,EQ,31279,17851,57.07
20,1575,MOQUALITY,EQ,1356,1291,95.21
20,1576,MOREALTY,EQ,185746,102565,55.22
20,1577,MOREPENLAB,EQ,2652495,869202,32.77
20,1578,MOS,ST,2400,2400,100.00
20,1579,MOSCHIP,EQ,310937,138137,44.43
20,1580,MOSMALL250,EQ,576431,452423,78.49
20,1581,MOTHERSON,EQ,28865586,17496109,60.61
20,1582,MOTILALOFS,EQ,2033845,643738,31.65
20,1583,MOTISONS,EQ,1066013,496311,46.56
20,1584,MOTOGENFIN,EQ,4333,2072,47.82
20,1585,MOVALUE,EQ,30103,17194,57.12
20,1586,MPHASIS,EQ,559365,321525,57.48
20,1587,MPSLTD,EQ,18963,7673,40.46
20,1588,MPTODAY,SM,2000,2000,100.00
20,1589,MRF,EQ,5402,1677,31.04
20,1590,MRO-TEK,EQ,3532,2060,58.32
20,1591,MRPL,EQ,900499,303404,33.69
20,1592,MSPL,EQ,449497,266754,59.35
20,1593,MSTCLTD,EQ,332199,140131,42.18
20,1594,MSUMI,EQ,15694996,11955176,76.17
20,1595,MTARTECH,EQ,66864,26701,39.93
20,1596,MTNL,EQ,5192659,1021242,19.67
20,1597,MUFIN,EQ,108918,25681,23.58
20,1598,MUFTI,EQ,288056,140600,48.81
20,1599,MUKANDLTD,EQ,121680,59383,48.80
20,1600,MUKKA,EQ,344822,139284,40.39
20,1601,MUKTAARTS,EQ,6611,1412,21.36
20,1602,MULTICAP,EQ,134664,81005,60.15
20,1603,MUNJALAU,EQ,103063,50575,49.07
20,1604,MUNJALSHOW,EQ,18179,7491,41.21
20,1605,MURUDCERA,EQ,16413,9294,56.63
20,1606,MUTHOOTCAP,EQ,11057,3993,36.11
20,1607,MUTHOOTFIN,EQ,4108598,1265634,30.80
20,1608,MUTHOOTMF,EQ,105046,49466,47.09
20,1609,MVGJL,EQ,186131,61024,32.79
20,1610,MVKAGRO,SM,32400,27600,85.19
20,1611,MWL,SM,3600,3600,100.00
20,1612,MYMUDRA,ST,15600,14400,92.31
20,1613,NACLIND,EQ,1270686,559694,44.05
20,1614,NAGAFERT,EQ,430541,235039,54.59
20,1615,NAGREEKEXP,EQ,9740,5285,54.26
20,1616,NAHARCAP,EQ,8638,1627,18.84
20,1617,NAHARINDUS,EQ,18651,9209,49.38
20,1618,NAHARPOLY,EQ,7963,3725,46.78
20,1619,NAHARSPING,EQ,42746,22951,53.69
20,1620,NAMAN,ST,4000,4000,100.00
20,1621,NAM-INDIA,EQ,1094054,538042,49.18
20,1622,NAMOEWASTE,ST,51200,49600,96.88
20,1623,NATCOPHARM,EQ,8409941,2903178,34.52
20,1624,NATHBIOGEN,EQ,10959,5498,50.17
20,1625,NATIONALUM,EQ,8592839,2846283,33.12
20,1626,NAUKRI,EQ,319187,232876,72.96
20,1627,NAVA,EQ,302985,126292,41.68
20,1628,NAVINFLUOR,EQ,254086,130696,51.44
20,1629,NAVKARCORP,EQ,373110,136936,36.70
20,1630,NAVNETEDUL,EQ,73453,29530,40.20
20,1631,NAZARA,EQ,155194,89100,57.41
20,1632,NBCC,EQ,16913561,4578350,27.07
20,1633,NCC,EQ,6613635,2479776,37.49
20,1634,NCLIND,EQ,132544,54778,41.33
20,1635,NDL,EQ,3414966,1766379,51.72
20,1636,NDLVENTURE,EQ,2848,1382,48.53
20,1637,NDRAUTO,EQ,26255,12418,47.30
20,1638,NDTV,EQ,65578,25945,39.56
20,1639,NECCLTD,EQ,137947,69353,50.28
20,1640,NECLIFE,EQ,695158,380136,54.68
20,1641,NEELAM,ST,18000,18000,100.00
20,1642,NELCAST,EQ,38707,22992,59.40
20,1643,NELCO,EQ,56986,23973,42.07
20,1644,NEOGEN,EQ,18834,9672,51.35
20,1645,NEPHROCARE,SM,42000,36800,87.62
20,1646,NESCO,EQ,135238,71923,53.18
20,1647,NESTLEIND,EQ,511147,278348,54.46
20,1648,NETF,EQ,644,536,83.23
20,1649,NETWEB,EQ,217856,90759,41.66
20,1650,NETWORK18,EQ,2687814,1109244,41.27
20,1651,NEULANDLAB,EQ,45907,16572,36.10
20,1652,NEWGEN,EQ,419643,174978,41.70
20,1653,NEWJAISA,SM,16500,13500,81.82
20,1654,NEXT30ADD,EQ,434920,433632,99.70
20,1655,NEXT50,EQ,11302,8049,71.22
20,1656,NEXT50IETF,EQ,1788492,1137816,63.62
20,1657,NFL,EQ,1424437,328194,23.04
20,1658,NGIL,EQ,44361,12880,29.03
20,1659,NGILPP1,E1,1029,517,50.24
20,1660,NGLFINE,EQ,9507,5387,56.66
20,1661,NH,EQ,182193,100431,55.12
20,1662,NHPC,EQ,14449514,4435684,30.70
20,1663,NIACL,EQ,602133,160712,26.69
20,1664,NIBE,EQ,255636,97966,38.32
20,1665,NIDAN,SM,1000,1000,100.00
20,1666,NIF100BEES,EQ,30638,16899,55.16
20,1667,NIF100IETF,EQ,157935,47732,30.22
20,1668,NIF10GETF,EQ,321,221,68.85
20,1669,NIF5GETF,EQ,97,90,92.78
20,1670,NIFITETF,EQ,258,257,99.61
20,1671,NIFMID150,EQ,1535,1027,66.91
20,1672,NIFTY1,EQ,37326,26987,72.30
20,1673,NIFTY50ADD,EQ,7466,5113,68.48
20,1674,NIFTYBEES,EQ,5078676,3341218,65.79
20,1675,NIFTYBETF,EQ,1781,1730,97.14
20,1676,NIFTYETF,EQ,496692,201434,40.56
20,1677,NIFTYIETF,EQ,675454,357861,52.98
20,1678,NIFTYQLITY,EQ,27545,23782,86.34
20,1679,NIITLTD,EQ,1215166,407559,33.54
20,1680,NIITMTS,EQ,74453,56469,75.85
20,1681,NILAINFRA,EQ,317356,162193,51.11
20,1682,NILKAMAL,EQ,3495,2725,77.97
20,1683,NINSYS,EQ,16600,8858,53.36
20,1684,NIPPOBATRY,EQ,12077,11320,93.73
20,1685,NIRAJ,EQ,76268,29915,39.22
20,1686,NIRMAN,SM,15900,10800,67.92
20,1687,NITINSPIN,EQ,110684,53359,48.21
20,1688,NITIRAJ,EQ,291614,59370,20.36
20,1689,NIVABUPA,EQ,1217240,633476,52.04
20,1690,NLCINDIA,EQ,754007,210273,27.89
20,1691,NMDC,EQ,13322870,4040646,30.33
20,1692,NMSTEEL,ST,9600,9600,100.00
20,1693,NOCIL,EQ,228548,114032,49.89
20,1694,NORTHARC,EQ,453953,334424,73.67
20,1695,NOVAAGRI,EQ,147462,59858,40.59
20,1696,NPBET,EQ,146,80,54.79
20,1697,NPST,SM,9050,6300,69.61
20,1698,NRAIL,EQ,8995,5927,65.89
20,1699,NRBBEARING,EQ,470425,146900,31.23
20,1700,NRL,EQ,68075,39319,57.76
20,1701,NSIL,EQ,15732,5046,32.07
20,1702,NSLNISP,EQ,2382463,664600,27.90
20,1703,NTPC,EQ,9086906,4921692,54.16
20,1704,NTPCGREEN,EQ,4817512,1556245,32.30
20,1705,NUCLEUS,EQ,36230,16343,45.11
20,1706,NUVAMA,EQ,62071,18077,29.12
20,1707,NUVOCO,EQ,74943,38726,51.67
20,1708,NV20,EQ,17590,7486,42.56
20,1709,NV20BEES,EQ,15540,11582,74.53
20,1710,NV20IETF,EQ,787629,513344,65.18
20,1711,NXST,RR,447729,322574,72.05
20,1712,NYKAA,EQ,7505583,3659302,48.75
20,1713,OAL,EQ,19730,11225,56.89
20,1714,OBCL,EQ,15616,14144,90.57
20,1715,OBEROIRLTY,EQ,1555845,492806,31.67
20,1716,OBSCP,ST,57600,51600,89.58
20,1717,OCCL,EQ,8426,4239,50.31
20,1718,OCCLLTD,EQ,119196,59426,49.86
20,1719,OFSS,EQ,61745,20934,33.90
20,1720,OIL,EQ,3027874,1011763,33.41
20,1721,OILCOUNTUB,EQ,123874,92200,74.43
20,1722,OILIETF,EQ,1640512,1052923,64.18
20,1723,OLAELEC,EQ,24482682,8097047,33.07
20,1724,OLECTRA,EQ,396452,139510,35.19
20,1725,OLIL,SM,36000,32400,90.00
20,1726,OMAXAUTO,EQ,47842,14815,30.97
20,1727,OMAXE,EQ,53379,29475,55.22
20,1728,OMFURN,ST,14400,14400,100.00
20,1729,OMINFRAL,EQ,334558,104952,31.37
20,1730,ONELIFECAP,EQ,14388,7739,53.79
20,1731,ONEPOINT,EQ,1268102,164792,13.00
20,1732,ONESOURCE,EQ,476914,308056,64.59
20,1733,ONGC,EQ,10079210,5210596,51.70
20,1734,ONMOBILE,EQ,674340,230127,34.13
20,1735,ONWARDTEC,EQ,51555,33494,64.97
20,1736,ONYX,ST,24000,24000,100.00
20,1737,OPTIEMUS,EQ,242417,105864,43.67
20,1738,ORCHASP,EQ,1944601,1727755,88.85
20,1739,ORCHPHARMA,EQ,1010723,427237,42.27
20,1740,ORIANA,SM,27600,16425,59.51
20,1741,ORICONENT,EQ,386913,220900,57.09
20,1742,ORIENTALTL,EQ,1008032,67717,6.72
20,1743,ORIENTBELL,EQ,7381,3293,44.61
20,1744,ORIENTCEM,EQ,279308,177457,63.53
20,1745,ORIENTCER,EQ,156057,46905,30.06
20,1746,ORIENTELEC,EQ,130513,60630,46.46
20,1747,ORIENTHOT,EQ,172963,105555,61.03
20,1748,ORIENTPPR,EQ,673925,300852,44.64
20,1749,ORIENTTECH,EQ,832446,240301,28.87
20,1750,ORISSAMINE,EQ,4118,2138,51.92
20,1751,ORTINGLOBE,EQ,5318,2925,55.00
20,1752,OSELDEVICE,ST,18400,18400,100.00
20,1753,OSWALAGRO,EQ,56460,31361,55.55
20,1754,OSWALGREEN,EQ,155572,46160,29.67
20,1755,OWAIS,SM,13200,9200,69.70
20,1756,PAGEIND,EQ,36838,17703,48.06
20,1757,PAISALO,EQ,4376079,2572192,58.78
20,1758,PAKKA,EQ,370822,185516,50.03
20,1759,PALASHSECU,EQ,8856,2582,29.16
20,1760,PANACEABIO,EQ,118062,66807,56.59
20,1761,PANAMAPET,EQ,50112,25523,50.93
20,1762,PARACABLES,EQ,831629,441996,53.15
20,1763,PARADEEP,EQ,4485563,1147312,25.58
20,1764,PARAGMILK,EQ,187322,82776,44.19
20,1765,PARAGON,ST,9600,9600,100.00
20,1766,PARAMATRIX,SM,38400,38400,100.00
20,1767,PARAS,EQ,153876,51694,33.59
20,1768,PARASPETRO,EQ,137170,102480,74.71
20,1769,PARIN,ST,1000,1000,100.00
20,1770,PARKHOTELS,EQ,323698,197133,60.90
20,1771,PARTYCRUS,SM,29000,26000,89.66
20,1772,PASHUPATI,ST,1000,1000,100.00
20,1773,PASUPTAC,EQ,101681,55502,54.58
20,1774,PATANJALI,EQ,922634,292199,31.67
20,1775,PATELENG,EQ,6051520,2052977,33.92
20,1776,PATINTLOG,EQ,87652,59333,67.69
20,1777,PATTECH,SM,1500,1500,100.00
20,1778,PAVNAIND,EQ,5091,3356,65.92
20,1779,PAYTM,EQ,3951491,992514,25.12
20,1780,PCBL,EQ,1277476,509075,39.85
20,1781,PCCL,SM,42800,30400,71.03
20,1782,PCJEWELLER,EQ,9478746,3904599,41.19
20,1783,PDMJEPAPER,EQ,88370,45878,51.92
20,1784,PDSL,EQ,213792,135480,63.37
20,1785,PEARLPOLY,EQ,10463,3501,33.46
20,1786,PEL,EQ,370999,99829,26.91
20,1787,PELATRO,ST,4800,4200,87.50
20,1788,PENIND,EQ,377214,140601,37.27
20,1789,PENINLAND,EQ,422421,168676,39.93
20,1790,PENTAGON,SM,18000,17000,94.44
20,1791,PERFECT,ST,96000,96000,100.00
20,1792,PERSISTENT,EQ,233733,107114,45.83
20,1793,PETRONET,EQ,1286715,519138,40.35
20,1794,PFC,EQ,15685551,6955301,44.34
20,1795,PFIZER,EQ,116608,22641,19.42
20,1796,PFOCUS,EQ,17887,8404,46.98
20,1797,PFS,EQ,677860,281411,41.51
20,1798,PGEL,EQ,780347,233545,29.93
20,1799,PGHH,EQ,7208,3347,46.43
20,1800,PGHL,EQ,20811,14790,71.07
20,1801,PGIL,EQ,269584,131770,48.88
20,1802,PGINVIT,IV,570213,517483,90.75
20,1803,PHANTOMFX,ST,30300,29400,97.03
20,1804,PHARMABEES,EQ,2004615,1144733,57.10
20,1805,PHOENIXLTD,EQ,415833,228135,54.86
20,1806,PHOGLOBAL,ST,14000,14000,100.00
20,1807,PIDILITIND,EQ,118160,53241,45.06
20,1808,PIIND,EQ,522317,312583,59.85
20,1809,PILANIINVS,EQ,4365,2239,51.29
20,1810,PILITA,EQ,72851,50857,69.81
20,1811,PITTIENG,EQ,61000,31730,52.02
20,1812,PIXTRANS,EQ,21731,10896,50.14
20,1813,PLASTIBLEN,EQ,5660,2969,52.46
20,1814,PLATIND,EQ,166100,93100,56.05
20,1815,PLAZACABLE,EQ,30609,16718,54.62
20,1816,PNB,EQ,13174852,4005369,30.40
20,1817,PNBGILTS,EQ,400433,187249,46.76
20,1818,PNBHOUSING,EQ,717399,293374,40.89
20,1819,PNC,EQ,12083,6009,49.73
20,1820,PNCINFRA,EQ,653772,177754,27.19
20,1821,PNGJL,EQ,892244,342738,38.41
20,1822,POCL,EQ,104538,75988,72.69
20,1823,PODDARMENT,EQ,3467,2022,58.32
20,1824,POKARNA,EQ,54020,26013,48.15
20,1825,POLICYBZR,EQ,1630636,852301,52.27
20,1826,POLYCAB,EQ,191040,59117,30.94
20,1827,POLYMED,EQ,246032,172042,69.93
20,1828,POLYPLEX,EQ,59666,29995,50.27
20,1829,PONNIERODE,EQ,14954,8045,53.80
20,1830,POONAWALLA,EQ,1909739,507144,26.56
20,1831,POSITRON,SM,30000,23700,79.00
20,1832,POWERGRID,EQ,12257226,7860633,64.13
20,1833,POWERINDIA,EQ,66552,15888,23.87
20,1834,POWERMECH,EQ,140280,55013,39.22
20,1835,PPAP,EQ,7015,4073,58.06
20,1836,PPL,EQ,53543,26846,50.14
20,1837,PPLPHARMA,EQ,5317424,1547613,29.10
20,1838,PPSL,SM,9000,9000,100.00
20,1839,PRAENG,EQ,140777,61438,43.64
20,1840,PRAJIND,EQ,580362,166578,28.70
20,1841,PRAKASH,EQ,425829,290026,68.11
20,1842,PRAKASHSTL,EQ,271078,170291,62.82
20,1843,PRAMARA,SM,16000,15000,93.75
20,1844,PRANIK,SM,3200,1600,50.00
20,1845,PRATHAM,ST,8400,6800,80.95
20,1846,PRECAM,EQ,472860,180030,38.07
20,1847,PRECISION,ST,14000,14000,100.00
20,1848,PRECWIRE,EQ,120204,57659,47.97
20,1849,PREMEXPLN,EQ,846443,217063,25.64
20,1850,PREMIERENE,EQ,1977917,675655,34.16
20,1851,PREMIUM,SM,69000,66000,95.65
20,1852,PRESSTONIC,ST,8800,8800,100.00
20,1853,PRESTIGE,EQ,2113080,1134144,53.67
20,1854,PRICOLLTD,EQ,185146,74770,40.38
20,1855,PRIMESECU,EQ,81215,43286,53.30
20,1856,PRINCEPIPE,EQ,802695,234684,29.24
20,1857,PRITI,EQ,16993,8934,52.57
20,1858,PRITIKA,ST,5000,5000,100.00
20,1859,PRITIKAUTO,EQ,238806,128663,53.88
20,1860,PRIVISCL,EQ,19008,8793,46.26
20,1861,PRIZOR,ST,15200,15200,100.00
20,1862,PRLIND,SM,21000,16000,76.19
20,1863,PROLIFE,SM,1000,500,50.00
20,1864,PROPEQUITY,SM,15600,13800,88.46
20,1865,PROTEAN,EQ,263491,121146,45.98
20,1866,PROV,SM,80,80,100.00
20,1867,PRSMJOHNSN,EQ,554198,268768,48.50
20,1868,PRUDENT,EQ,38699,14250,36.82
20,1869,PSB,EQ,492056,156281,31.76
20,1870,PSFL,SM,6000,4000,66.67
20,1871,PSPPROJECT,EQ,158950,146806,92.36
20,1872,PSUBANK,EQ,13330,4366,32.75
20,1873,PSUBANKADD,EQ,6148,5383,87.56
20,1874,PSUBNKBEES,EQ,1263368,528652,41.84
20,1875,PSUBNKIETF,EQ,122451,36012,29.41
20,1876,PTC,EQ,3347455,1321173,39.47
20,1877,PTCIL,EQ,5079,2096,41.27
20,1878,PTL,EQ,45864,26677,58.17
20,1879,PULZ,SM,18000,16000,88.89
20,1880,PUNJABCHEM,EQ,7152,4952,69.24
20,1881,PURPLEUTED,SM,30000,19000,63.33
20,1882,PURVA,EQ,143357,71449,49.84
20,1883,PURVFLEXI,SM,9600,7200,75.00
20,1884,PVP,EQ,87415,47413,54.24
20,1885,PVRINOX,EQ,397984,168175,42.26
20,1886,PVSL,EQ,51117,26818,52.46
20,1887,PVTBANIETF,EQ,2057933,1615499,78.50
20,1888,PVTBANKADD,EQ,17038,14144,83.01
20,1889,PYRAMID,EQ,45753,19510,42.64
20,1890,QGOLDHALF,EQ,49203,42014,85.39
20,1891,QMSMEDI,SM,4000,4000,100.00
20,1892,QNIFTY,EQ,417,328,78.66
20,1893,QUADFUTURE,EQ,20435726,640743,3.14
20,1894,QUADPRO,SM,60000,60000,100.00
20,1895,QUAL30IETF,EQ,121635,79272,65.17
20,1896,QUESS,EQ,169678,86005,50.69
20,1897,QUESTLAB,ST,16800,15600,92.86
20,1898,QUICKHEAL,EQ,44449,13503,30.38
20,1899,QUICKTOUCH,ST,26000,24000,92.31
20,1900,QVCEL,ST,6400,6400,100.00
20,1901,RACE,EQ,34639,26766,77.27
20,1902,RACLGEAR,EQ,1835,1062,57.87
20,1903,RADHIKAJWE,EQ,298048,96328,32.32
20,1904,RADIANTCMS,EQ,241813,121814,50.38
20,1905,RADICO,EQ,230415,90684,39.36
20,1906,RADIOCITY,EQ,123046,73111,59.42
20,1907,RADIOCITY,P1,1,1,100.00
20,1908,RADIOWALLA,SM,1600,1600,100.00
20,1909,RAILTEL,EQ,1783509,321914,18.05
20,1910,RAIN,EQ,1145360,538214,46.99
20,1911,RAINBOW,EQ,209069,113200,54.14
20,1912,RAJESHEXPO,EQ,562573,227445,40.43
20,1913,RAJINDLTD,SM,46500,37500,80.65
20,1914,RAJMET,EQ,1524665,950468,62.34
20,1915,RAJPUTANA,SM,7000,4000,57.14
20,1916,RAJRATAN,EQ,16080,10250,63.74
20,1917,RAJSREESUG,EQ,100588,67413,67.02
20,1918,RALLIS,EQ,334245,170346,50.96
20,1919,RAMANEWS,EQ,603448,377377,62.54
20,1920,RAMAPHO,EQ,102711,40495,39.43
20,1921,RAMASTEEL,EQ,7228913,1696729,23.47
20,1922,RAMCOCEM,EQ,430724,213538,49.58
20,1923,RAMCOIND,EQ,73016,43680,59.82
20,1924,RAMCOSYS,EQ,21774,9883,45.39
20,1925,RAMKY,EQ,20367,9127,44.81
20,1926,RAMRAT,EQ,19542,9381,48.00
20,1927,RANASUG,EQ,179715,114352,63.63
20,1928,RANEENGINE,EQ,7116,4715,66.26
20,1929,RANEHOLDIN,EQ,18671,10709,57.36
20,1930,RATEGAIN,EQ,140994,83092,58.93
20,1931,RATNAMANI,EQ,20209,7014,34.71
20,1932,RATNAVEER,EQ,97913,42503,43.41
20,1933,RAYMOND,EQ,122543,30273,24.70
20,1934,RAYMONDLSL,EQ,158645,82502,52.00
20,1935,RBA,EQ,639076,346500,54.22
20,1936,RBL,EQ,4055,1334,32.90
20,1937,RBLBANK,EQ,6777702,2190823,32.32
20,1938,RBMINFRA,ST,37800,35200,93.12
20,1939,RBS,ST,16000,12800,80.00
20,1940,RBZJEWEL,EQ,511908,146970,28.71
20,1941,RCDL,SM,21000,18000,85.71
20,1942,RCF,EQ,4075117,608769,14.94
20,1943,READYMIX,ST,414000,414000,100.00
20,1944,RECLTD,EQ,8280995,3179845,38.40
20,1945,REDINGTON,EQ,28447016,3746904,13.17
20,1946,REDTAPE,EQ,883547,678563,76.80
20,1947,RELAXO,EQ,105316,40959,38.89
20,1948,RELCHEMQ,EQ,2805,1729,61.64
20,1949,RELIABLE,EQ,3495,2006,57.40
20,1950,RELIANCE,EQ,8511216,4274015,50.22
20,1951,RELIGARE,EQ,1585133,1042973,65.80
20,1952,RELINFRA,EQ,2220442,971816,43.77
20,1953,RELTD,EQ,44445,21818,49.09
20,1954,REMSONSIND,EQ,44264,26460,59.78
20,1955,REMUS,SM,6100,5300,86.89
20,1956,RENUKA,EQ,4502581,1387934,30.83
20,1957,REPCOHOME,EQ,585704,361147,61.66
20,1958,REPRO,EQ,10498,6045,57.58
20,1959,RESPONIND,EQ,91380,37233,40.75
20,1960,RETAIL,EQ,17288,13007,75.24
20,1961,REXPIPES,SM,4000,4000,100.00
20,1962,REXPRO,SM,115000,76000,66.09
20,1963,RGL,EQ,294550,113354,38.48
20,1964,RHIM,EQ,202098,119286,59.02
20,1965,RICHA,SM,5000,5000,100.00
20,1966,RICOAUTO,EQ,465062,200020,43.01
20,1967,RIIL,EQ,83331,18430,22.12
20,1968,RILINFRA,SM,48500,41700,85.98
20,1969,RISHABH,EQ,35725,19865,55.61
20,1970,RITCO,EQ,43989,24936,56.69
20,1971,RITES,EQ,1271290,374467,29.46
20,1972,RKDL,EQ,14882,9991,67.13
20,1973,RKEC,EQ,34546,24964,72.26
20,1974,RKFORGE,EQ,380115,162050,42.63
20,1975,RKSWAMY,EQ,71906,45390,63.12
20,1976,RMDRIP,ST,8500,8500,100.00
20,1977,RML,EQ,5779,3594,62.19
20,1978,RNFI,ST,57600,57600,100.00
20,1979,ROCKINGDCE,SM,8750,7000,80.00
20,1980,ROHLTD,EQ,124710,71027,56.95
20,1981,ROLEXRINGS,EQ,10335,4795,46.40
20,1982,ROML,EQ,2018,999,49.50
20,1983,ROSSARI,EQ,52351,31366,59.91
20,1984,ROSSTECH,EQ,21979,15759,71.70
20,1985,ROTO,EQ,349756,165046,47.19
20,1986,ROUTE,EQ,87282,46633,53.43
20,1987,ROXHITECH,ST,32000,27200,85.00
20,1988,RPEL,EQ,23070,13060,56.61
20,1989,RPGLIFE,EQ,18082,6756,37.36
20,1990,RPOWER,EQ,18215262,6155789,33.79
20,1991,RPPL,EQ,63498,36141,56.92
20,1992,RPSGVENT,EQ,28062,13897,49.52
20,1993,RPTECH,EQ,572558,251298,43.89
20,1994,RRKABEL,EQ,47972,23912,49.85
20,1995,RSWM,EQ,58217,42264,72.60
20,1996,RSYSTEMS,EQ,48117,24760,51.46
20,1997,RTNINDIA,EQ,1075608,350214,32.56
20,1998,RTNPOWER,EQ,8294575,4067606,49.04
20,1999,RUBFILA,EQ,111232,49511,44.51
20,2000,RUBYMILLS,EQ,16685,11169,66.94
20,2001,RUCHINFRA,EQ,145167,51498,35.48
20,2002,RUCHIRA,EQ,634040,149584,23.59
20,2003,RULKA,ST,15000,14100,94.00
20,2004,RUPA,EQ,73135,45196,61.80
20,2005,RUSHIL,EQ,213051,115041,54.00
20,2006,RUSTOMJEE,EQ,67308,43146,64.10
20,2007,RVNL,EQ,9279991,1490712,16.06
20,2008,RVTH,EQ,813,673,82.78
20,2009,SAAKSHI,SM,10200,6000,58.82
20,2010,SABAR,ST,105000,95000,90.48
20,2011,SADBHIN,EQ,211521,167443,79.16
20,2012,SADHAV,SM,13200,7800,59.09
20,2013,SADHNANIQ,EQ,488091,286196,58.64
20,2014,SAFARI,EQ,42411,19731,46.52
20,2015,SAGARDEEP,EQ,28425,8268,29.09
20,2016,SAGCEM,EQ,38546,23904,62.01
20,2017,SAH,EQ,92307,85361,92.48
20,2018,SAHAJSOLAR,SM,15600,11000,70.51
20,2019,SAHANA,ST,30875,29000,93.93
20,2020,SAHASRA,SM,61600,49200,79.87
20,2021,SAHYADRI,EQ,3590,2051,57.13
20,2022,SAIFL,ST,8000,8000,100.00
20,2023,SAIL,EQ,36029038,6952693,19.30
20,2024,SAILIFE,EQ,162627,64886,39.90
20,2025,SAJHOTELS,ST,50000,46000,92.00
20,2026,SAKAR,EQ,14174,9139,64.48
20,2027,SAKHTISUG,EQ,281836,125761,44.62
20,2028,SAKSOFT,EQ,82732,40678,49.17
20,2029,SALASAR,EQ,2863104,1089858,38.07
20,2030,SALONA,EQ,2776,1460,52.59
20,2031,SALSTEEL,EQ,234702,78361,33.39
20,2032,SALZERELEC,EQ,135648,54793,40.39
20,2033,SAMHI,EQ,781146,331326,42.42
20,2034,SAMMAANCAP,EQ,8110445,3596699,44.35
20,2035,SANATHAN,EQ,356753,301228,84.44
20,2036,SANDESH,EQ,388,322,82.99
20,2037,SANDHAR,EQ,254425,92553,36.38
20,2038,SANDUMA,EQ,77375,35564,45.96
20,2039,SANGAMIND,EQ,16339,7472,45.73
20,2040,SANGHIIND,EQ,162198,70094,43.22
20,2041,SANGHVIMOV,EQ,3412907,510468,14.96
20,2042,SANGINITA,EQ,13801,12417,89.97
20,2043,SANOFI,EQ,12887,6563,50.93
20,2044,SANOFICONR,EQ,36823,18204,49.44
20,2045,SANSERA,EQ,262405,127209,48.48
20,2046,SANSTAR,EQ,405528,201784,49.76
20,2047,SAPPHIRE,EQ,329129,129457,39.33
20,2048,SARDAEN,EQ,648051,246512,38.04
20,2049,SAREGAMA,EQ,569074,171059,30.06
20,2050,SAROJA,SM,4800,4800,100.00
20,2051,SARTELE,SM,96500,49500,51.30
20,2052,SARVESHWAR,EQ,1998907,1078118,53.94
20,2053,SASKEN,EQ,16331,9337,57.17
20,2054,SASTASUNDR,EQ,10636,7106,66.81
20,2055,SATECH,ST,129000,125000,96.90
20,2056,SATIA,EQ,85171,42975,50.46
20,2057,SATIN,EQ,160194,81766,51.04
20,2058,SATINDLTD,EQ,144733,77258,53.38
20,2059,SATIPOLY,SM,1500,1500,100.00
20,2060,SATKARTAR,SM,62400,49600,79.49
20,2061,SAURASHCEM,EQ,53155,32652,61.43
20,2062,SBC,EQ,2660778,1318217,49.54
20,2063,SBCL,EQ,209059,118555,56.71
20,2064,SBFC,EQ,1724732,1032099,59.84
20,2065,SBGLP,EQ,334451,189705,56.72
20,2066,SBICARD,EQ,8035172,4123736,51.32
20,2067,SBIETFCON,EQ,4141,3923,94.74
20,2068,SBIETFIT,EQ,15558,12968,83.35
20,2069,SBIETFPB,EQ,3266,2842,87.02
20,2070,SBIETFQLTY,EQ,4578,3970,86.72
20,2071,SBILIFE,EQ,983142,543817,55.31
20,2072,SBIN,EQ,12370571,6250040,50.52
20,2073,SBINEQWETF,EQ,11811,10915,92.41
20,2074,SBISILVER,EQ,94411,60436,64.01
20,2075,SCHAEFFLER,EQ,22081,9262,41.95
20,2076,SCHAND,EQ,48462,32159,66.36
20,2077,SCHNEIDER,EQ,404449,123022,30.42
20,2078,SCI,EQ,1287250,457671,35.55
20,2079,SCILAL,EQ,375037,139928,37.31
20,2080,SCLZC25,YN,3,3,100.00
20,2081,SCLZC25B,AT,6,6,100.00
20,2082,SCLZC26B,AY,20,10,50.00
20,2083,SCPL,EQ,19304,15424,79.90
20,2084,SDBL,EQ,2041057,1022256,50.08
20,2085,SDL26BEES,EQ,1058,558,52.74
20,2086,SDREAMS,SM,2000,2000,100.00
20,2087,SEAMECLTD,EQ,39604,19008,48.00
20,2088,SECMARK,EQ,628,407,64.81
20,2089,SECURKLOUD,EQ,21399,11645,54.42
20,2090,SEJALLTD,EQ,1401,749,53.46
20,2091,SEL,ST,4200,4000,95.24
20,2092,SELAN,EQ,63796,36101,56.59
20,2093,SELMC,EQ,4969,4154,83.60
20,2094,SENCO,EQ,786042,300904,38.28
20,2095,SENORES,EQ,839903,224364,26.71
20,2096,SENSEXADD,EQ,1507,1050,69.67
20,2097,SENSEXETF,EQ,2310,1489,64.46
20,2098,SENSEXIETF,EQ,6191,3939,63.62
20,2099,SEPC,EQ,4954923,2358514,47.60
20,2100,SEQUENT,EQ,739299,247430,33.47
20,2101,SERVICE,SM,6000,6000,100.00
20,2102,SERVOTECH,EQ,385975,172377,44.66
20,2103,SESHAPAPER,EQ,20820,13070,62.78
20,2104,SETF10GILT,EQ,18516,13683,73.90
20,2105,SETFGOLD,EQ,2927021,1870638,63.91
20,2106,SETFNIF50,EQ,291476,197138,67.63
20,2107,SETFNIFBK,EQ,31821,25595,80.43
20,2108,SETFNN50,EQ,23814,12016,50.46
20,2109,SFL,EQ,80094,36984,46.18
20,2110,SFML,SM,38400,27200,70.83
20,2111,SGBAPR28I,GB,125,109,87.20
20,2112,SGBAUG27,GB,228,197,86.40
20,2113,SGBAUG28V,GB,3022,1922,63.60
20,2114,SGBAUG29V,GB,100,84,84.00
20,2115,SGBAUG30,GB,209,182,87.08
20,2116,SGBD29VIII,GB,49,49,100.00
20,2117,SGBDC27VII,GB,93,73,78.49
20,2118,SGBDE30III,GB,229,133,58.08
20,2119,SGBDE31III,GB,2652,1717,64.74
20,2120,SGBDEC2512,GB,15,9,60.00
20,2121,SGBDEC26,GB,2,1,50.00
20,2122,SGBFEB27,GB,6,6,100.00
20,2123,SGBFEB29XI,GB,120,114,95.00
20,2124,SGBFEB32IV,GB,1111,805,72.46
20,2125,SGBJAN26,GB,5,3,60.00
20,2126,SGBJAN27,GB,453,453,100.00
20,2127,SGBJAN29IX,GB,553,484,87.52
20,2128,SGBJAN29X,GB,21,18,85.71
20,2129,SGBJAN30IX,GB,264,203,76.89
20,2130,SGBJU29III,GB,145,88,60.69
20,2131,SGBJUL25,GB,65,65,100.00
20,2132,SGBJUL27,GB,96,70,72.92
20,2133,SGBJUL28IV,GB,273,170,62.27
20,2134,SGBJUL29IV,GB,210,203,96.67
20,2135,SGBJUN27,GB,4,4,100.00
20,2136,SGBJUN28,GB,171,144,84.21
20,2137,SGBJUN29II,GB,206,170,82.52
20,2138,SGBJUN30,GB,50,28,56.00
20,2139,SGBJUN31I,GB,1050,783,74.57
20,2140,SGBMAR25,GB,315,314,99.68
20,2141,SGBMAR28X,GB,46,40,86.96
20,2142,SGBMAR30X,GB,125,105,84.00
20,2143,SGBMAR31IV,GB,267,168,62.92
20,2144,SGBMAY25,GB,49,49,100.00
20,2145,SGBMAY26,GB,103,103,100.00
20,2146,SGBMAY28,GB,126,125,99.21
20,2147,SGBMAY29I,GB,1884,1764,93.63
20,2148,SGBMR29XII,GB,342,340,99.42
20,2149,SGBN28VIII,GB,170,138,81.18
20,2150,SGBNOV25,GB,26,10,38.46
20,2151,SGBNV29VII,GB,260,258,99.23
20,2152,SGBOC28VII,GB,64,48,75.00
20,2153,SGBOCT25,GB,115,115,100.00
20,2154,SGBOCT25IV,GB,81,76,93.83
20,2155,SGBOCT26,GB,26,24,92.31
20,2156,SGBOCT27,GB,12,12,100.00
20,2157,SGBOCT27VI,GB,86,10,11.63
20,2158,SGBSEP28VI,GB,314,281,89.49
20,2159,SGBSEP29VI,GB,1282,1255,97.89
20,2160,SGBSEP31II,GB,1484,1189,80.12
20,2161,SGL,EQ,2858,1589,55.60
20,2162,SGLTL,EQ,1360948,466435,34.27
20,2163,SHAH,EQ,664761,530424,79.79
20,2164,SHAHALLOYS,EQ,51092,45609,89.27
20,2165,SHALBY,EQ,45662,17857,39.11
20,2166,SHALPAINTS,EQ,248772,151279,60.81
20,2167,SHANKARA,EQ,33726,17224,51.07
20,2168,SHANTHALA,ST,2400,1200,50.00
20,2169,SHANTI,EQ,50737,33995,67.00
20,2170,SHANTIGEAR,EQ,26224,14791,56.40
20,2171,SHARDACROP,EQ,115943,43523,37.54
20,2172,SHARDAMOTR,EQ,10968,5234,47.72
20,2173,SHAREINDIA,EQ,922490,373252,40.46
20,2174,SHARIABEES,EQ,2542,1290,50.75
20,2175,SHEETAL,SM,50000,40000,80.00
20,2176,SHEMAROO,EQ,25488,15513,60.86
20,2177,SHERA,SM,19000,17000,89.47
20,2178,SHIGAN,SM,9000,9000,100.00
20,2179,SHILPAMED,EQ,371728,194900,52.43
20,2180,SHIVALIK,EQ,96495,44398,46.01
20,2181,SHIVAMAUTO,EQ,91940,60370,65.66
20,2182,SHIVAMILLS,EQ,16834,3644,21.65
20,2183,SHIVATEX,EQ,12559,6994,55.69
20,2184,SHK,EQ,705403,380578,53.95
20,2185,SHOPERSTOP,EQ,64152,31630,49.30
20,2186,SHREDIGCEM,EQ,280084,102358,36.55
20,2187,SHREECEM,EQ,22179,6030,27.19
20,2188,SHREEKARNI,ST,1050,900,85.71
20,2189,SHREEOSFM,SM,16000,11000,68.75
20,2190,SHREEPUSHK,EQ,611400,140931,23.05
20,2191,SHRENIK,EQ,661420,406240,61.42
20,2192,SHREYANIND,EQ,17272,8177,47.34
20,2193,SHRIPISTON,EQ,49717,27422,55.16
20,2194,SHRIRAMFIN,EQ,5723009,2215363,38.71
20,2195,SHRIRAMPPS,EQ,1577222,605328,38.38
20,2196,SHRITECH,SM,8000,4000,50.00
20,2197,SHUBHSHREE,ST,60000,48000,80.00
20,2198,SHYAMCENT,EQ,175634,102446,58.33
20,2199,SHYAMMETL,EQ,111574,46044,41.27
20,2200,SIDDHIKA,ST,3000,3000,100.00
20,2201,SIEMENS,EQ,1080831,432471,40.01
20,2202,SIGACHI,EQ,2046739,899844,43.96
20,2203,SIGIND,EQ,11981,6966,58.14
20,2204,SIGMA,EQ,20549,2142,10.42
20,2205,SIGNATURE,EQ,701355,131755,18.79
20,2206,SIKKO,EQ,1617768,670315,41.43
20,2207,SIL,EQ,19141,13196,68.94
20,2208,SILGO,EQ,118980,55477,46.63
20,2209,SILINV,EQ,3900,1365,35.00
20,2210,SILKFLEX,SM,22000,16000,72.73
20,2211,SILLYMONKS,EQ,1013,1003,99.01
20,2212,SILVER,EQ,216942,171273,78.95
20,2213,SILVER1,EQ,127447,119748,93.96
20,2214,SILVERADD,EQ,15856,15407,97.17
20,2215,SILVERBEES,EQ,4618313,3246910,70.31
20,2216,SILVERETF,EQ,176892,109683,62.01
20,2217,SILVERIETF,EQ,4854795,4355620,89.72
20,2218,SILVERTUC,EQ,8909,761,8.54
20,2219,SILVRETF,EQ,8856,5993,67.67
20,2220,SINCLAIR,EQ,126076,68901,54.65
20,2221,SINDHUTRAD,EQ,783075,294843,37.65
20,2222,SINTERCOM,EQ,115826,111622,96.37
20,2223,SIRCA,EQ,99856,43860,43.92
20,2224,SIS,EQ,39148,18808,48.04
20,2225,SIYSIL,EQ,79961,33581,42.00
20,2226,SJLOGISTIC,SM,21750,18500,85.06
20,2227,SJS,EQ,33431,18185,54.40
20,2228,SJVN,EQ,7728469,2563261,33.17
20,2229,SKFINDIA,EQ,90488,51301,56.69
20,2230,SKIPPER,EQ,441922,100270,22.69
20,2231,SKMEGGPROD,EQ,23291,9280,39.84
20,2232,SKP,SM,7000,6500,92.86
20,2233,SLONE,ST,3200,3200,100.00
20,2234,SMALLCAP,EQ,1965439,948506,48.26
20,2235,SMCGLOBAL,EQ,76012,36932,48.59
20,2236,SMLISUZU,EQ,10030,4774,47.60
20,2237,SMLT,EQ,9815,6250,63.68
20,2238,SMSPHARMA,EQ,175463,63679,36.29
20,2239,SMVD,SM,4040,4040,100.00
20,2240,SNOWMAN,EQ,366590,158721,43.30
20,2241,SOBHA,EQ,272181,103199,37.92
20,2242,SOLARA,EQ,73421,39577,53.90
20,2243,SOLARAPP,E1,868,718,82.72
20,2244,SOLARINDS,EQ,95399,60016,62.91
20,2245,SOLEX,ST,10500,9375,89.29
20,2246,SOMANYCERA,EQ,12529,6796,54.24
20,2247,SOMICONVEY,EQ,7178,3577,49.83
20,2248,SONACOMS,EQ,1005358,516544,51.38
20,2249,SONAMAC,ST,18000,18000,100.00
20,2250,SONAMLTD,EQ,133015,59328,44.60
20,2251,SONATSOFTW,EQ,573122,192683,33.62
20,2252,SONUINFRA,ST,24000,24000,100.00
20,2253,SOTL,EQ,289173,201914,69.82
20,2254,SOUTHBANK,EQ,7427637,2696504,36.30
20,2255,SOUTHWEST,EQ,62162,51569,82.96
20,2256,SPAL,EQ,25731,6079,23.63
20,2257,SPANDANA,EQ,342925,125556,36.61
20,2258,SPARC,EQ,466282,224503,48.15
20,2259,SPCL,ST,36000,34200,95.00
20,2260,SPECIALITY,EQ,17268,10493,60.77
20,2261,SPECTRUM,SM,2750,2125,77.27
20,2262,SPECTSTM,SM,19200,12000,62.50
20,2263,SPENCERS,EQ,262369,143618,54.74
20,2264,SPIC,EQ,889715,418995,47.09
20,2265,SPLIL,EQ,10694,4453,41.64
20,2266,SPLPETRO,EQ,152053,125425,82.49
20,2267,SPORTKING,EQ,82782,47829,57.78
20,2268,SPPPOLY,ST,6000,6000,100.00
20,2269,SRD,EQ,23754,11666,49.11
20,2270,SREEL,EQ,30508,15572,51.04
20,2271,SRF,EQ,584788,305471,52.24
20,2272,SRGHFL,EQ,17936,14325,79.87
20,2273,SRHHYPOLTD,EQ,10839,5225,48.21
20,2274,SRIVASAVI,SM,4000,4000,100.00
20,2275,SSDL,EQ,47601,25155,52.85
20,2276,SSEGL,SM,57600,36400,63.19
20,2277,SSFL,SM,4500,3500,77.78
20,2278,S&SPOWER,EQ,7167,7167,100.00
20,2279,SSWL,EQ,82404,42786,51.92
20,2280,STALLION,EQ,2257448,978170,43.33
20,2281,STANLEY,EQ,99382,42240,42.50
20,2282,STAR,EQ,498387,204515,41.04
20,2283,STARCEMENT,EQ,287874,88120,30.61
20,2284,STARHEALTH,EQ,1080872,586146,54.23
20,2285,STARPAPER,EQ,24551,17761,72.34
20,2286,STARTECK,EQ,12838,1369,10.66
20,2287,STCINDIA,EQ,32148,9408,29.26
20,2288,STEELCAS,EQ,5061,3061,60.48
20,2289,STEELCITY,EQ,8425,4965,58.93
20,2290,STEELXIND,EQ,1431318,530121,37.04
20,2291,STEL,EQ,3250,1834,56.43
20,2292,STERTOOLS,EQ,181190,40005,22.08
20,2293,STLTECH,EQ,911481,456970,50.13
20,2294,STOVEKRAFT,EQ,61288,27829,45.41
20,2295,STYLAMIND,EQ,11008,5115,46.47
20,2296,STYLEBAAZA,EQ,511841,225015,43.96
20,2297,STYRENIX,EQ,29158,12108,41.53
20,2298,SUBEXLTD,EQ,3385508,1099324,32.47
20,2299,SUBROS,EQ,25869,10190,39.39
20,2300,SUDARSCHEM,EQ,88167,48212,54.68
20,2301,SUKHJITS,EQ,8152,6209,76.17
20,2302,SULA,EQ,249959,109180,43.68
20,2303,SUMICHEM,EQ,1390959,1134159,81.54
20,2304,SUMMITSEC,EQ,12078,6153,50.94
20,2305,SUNCLAY,EQ,13018,7044,54.11
20,2306,SUNDARAM,EQ,1282766,894036,69.70
20,2307,SUNDARMFIN,EQ,33532,16934,50.50
20,2308,SUNDARMHLD,EQ,51234,26649,52.01
20,2309,SUNDRMFAST,EQ,76544,46409,60.63
20,2310,SUNLITE,SM,26400,22800,86.36
20,2311,SUNPHARMA,EQ,2750390,1680752,61.11
20,2312,SUNREST,SM,4800,3200,66.67
20,2313,SUNTECK,EQ,302228,104050,34.43
20,2314,SUNTV,EQ,212657,55187,25.95
20,2315,SUPERHOUSE,EQ,3483,1435,41.20
20,2316,SUPERSPIN,EQ,20870,11528,55.24
20,2317,SUPRAJIT,EQ,94452,50907,53.90
20,2318,SUPREME,EQ,21823,13557,62.12
20,2319,SUPREMEIND,EQ,61870,28269,45.69
20,2320,SUPREMEPWR,ST,154500,150000,97.09
20,2321,SUPRIYA,EQ,243654,63877,26.22
20,2322,SURAJEST,EQ,57821,30749,53.18
20,2323,SURAJLTD,EQ,44458,3600,8.10
20,2324,SURAKSHA,EQ,39591,19707,49.78
20,2325,SURANASOL,EQ,62956,29647,47.09
20,2326,SURANAT&P,EQ,434177,108040,24.88
20,2327,SURANI,ST,1200,1200,100.00
20,2328,SURYALAXMI,EQ,10758,2220,20.64
20,2329,SURYAROSNI,EQ,463800,182465,39.34
20,2330,SURYODAY,EQ,234563,125994,53.71
20,2331,SUTLEJTEX,EQ,116600,55807,47.86
20,2332,SUVEN,EQ,303801,148439,48.86
20,2333,SUVENPHAR,EQ,3487964,482705,13.84
20,2334,SUVIDHAA,EQ,276715,148264,53.58
20,2335,SUYOG,EQ,139809,60630,43.37
20,2336,SUZLON,EQ,41607228,17063291,41.01
20,2337,SWANENERGY,EQ,1817563,716103,39.40
20,2338,SWARAJ,SM,26000,21500,82.69
20,2339,SWARAJENG,EQ,9120,3720,40.79
20,2340,SWASTIK,SM,27600,26400,95.65
20,2341,SWELECTES,EQ,172744,47162,27.30
20,2342,SWIGGY,EQ,22899285,4393840,19.19
20,2343,SWSOLAR,EQ,2663852,1475923,55.41
20,2344,SYLVANPLY,SM,10000,10000,100.00
20,2345,SYMPHONY,EQ,111153,43180,38.85
20,2346,SYNCOMF,EQ,2448530,840645,34.33
20,2347,SYNGENE,EQ,228071,82036,35.97
20,2348,SYNOPTICS,SM,3600,3600,100.00
20,2349,SYRMA,EQ,741002,254688,34.37
20,2350,SYSTANGO,SM,24000,16400,68.33
20,2351,TAC,ST,69600,60600,87.07
20,2352,TAINWALCHM,EQ,40391,10037,24.85
20,2353,TAJGVK,EQ,478294,148046,30.95
20,2354,TALBROAUTO,EQ,55368,37613,67.93
20,2355,TANLA,EQ,804891,241433,30.00
20,2356,TAPIFRUIT,SM,750,750,100.00
20,2357,TARC,EQ,170927,121306,70.97
20,2358,TARIL,EQ,298039,158979,53.34
20,2359,TARMAT,EQ,30084,14170,47.10
20,2360,TARSONS,EQ,47539,28091,59.09
20,2361,TASTYBITE,EQ,2295,1115,48.58
20,2362,TATACHEM,EQ,412094,144910,35.16
20,2363,TATACOMM,EQ,115689,48046,41.53
20,2364,TATACONSUM,EQ,1169309,522371,44.67
20,2365,TATAELXSI,EQ,135495,70505,52.04
20,2366,TATAGOLD,EQ,7722192,5972898,77.35
20,2367,TATAINVEST,EQ,26461,11247,42.50
20,2368,TATAMOTORS,EQ,8490769,2237285,26.35
20,2369,TATAPOWER,EQ,5816040,1782159,30.64
20,2370,TATASTEEL,EQ,52036196,23847755,45.83
20,2371,TATATECH,EQ,492851,212889,43.20
20,2372,TATSILV,EQ,1043732,733783,70.30
20,2373,TATVA,EQ,512982,111634,21.76
20,2374,TBI,SM,15600,8400,53.85
20,2375,TBOTEK,EQ,127067,45133,35.52
20,2376,TBZ,EQ,39200,39200,100.00
20,2377,TCHF30,NB,65,55,84.62
20,2378,TCI,EQ,21930,14332,65.35
20,2379,TCIEXP,EQ,20713,7961,38.43
20,2380,TCL,SM,13600,9600,70.59
20,2381,TCPLPACK,EQ,2030,1051,51.77
20,2382,TCS,EQ,2277310,1498339,65.79
20,2383,TDPOWERSYS,EQ,602872,272348,45.18
20,2384,TEAMLEASE,EQ,68562,51142,74.59
20,2385,TECH,EQ,2978,2190,73.54
20,2386,TECHERA,ST,64000,64000,100.00
20,2387,TECHLABS,ST,48250,45250,93.78
20,2388,TECHM,EQ,1555491,794787,51.10
20,2389,TECHNOE,EQ,234055,105497,45.07
20,2390,TECILCHEM,EQ,1163,865,74.38
20,2391,TEGA,EQ,50267,25535,50.80
20,2392,TEJASNET,EQ,616817,192524,31.21
20,2393,TEXINFRA,EQ,158973,65928,41.47
20,2394,TEXMOPIPES,EQ,27972,13486,48.21
20,2395,TEXRAIL,EQ,2362691,641832,27.17
20,2396,TFCILTD,EQ,585085,448320,76.62
20,2397,TGBHOTELS,EQ,9869,6048,61.28
20,2398,TGL,ST,32800,28200,85.98
20,2399,THANGAMAYL,EQ,348303,335965,96.46
20,2400,THEINVEST,EQ,83892,77537,92.42
20,2401,THEJO,EQ,4919,3503,71.21
20,2402,THEMISMED,EQ,45867,25054,54.62
20,2403,THERMAX,EQ,71323,32364,45.38
20,2404,THOMASCOOK,EQ,1286213,588564,45.76
20,2405,THYROCARE,EQ,24744,11059,44.69
20,2406,TI,EQ,3015571,1446041,47.95
20,2407,TICL,EQ,74932,31248,41.70
20,2408,TIIL,EQ,17415,9190,52.77
20,2409,TIINDIA,EQ,231612,120267,51.93
20,2410,TIL,EQ,66056,48113,72.84
20,2411,TIMETECHNO,EQ,1864417,590248,31.66
20,2412,TIMKEN,EQ,130586,72756,55.72
20,2413,TIPSMUSIC,EQ,204854,89085,43.49
20,2414,TIRUMALCHM,EQ,205676,99325,48.29
20,2415,TIRUPATI,SM,17000,17000,100.00
20,2416,TITAGARH,EQ,1410290,217669,15.43
20,2417,TITAN,EQ,727243,349273,48.03
20,2418,TMB,EQ,57253,32530,56.82
20,2419,TNIDETF,EQ,11820,6418,54.30
20,2420,TNPETRO,EQ,74638,28724,38.48
20,2421,TNPL,EQ,86691,37387,43.13
20,2422,TOKYOPLAST,EQ,1230,1084,88.13
20,2423,TOLINS,EQ,169589,71607,42.22
20,2424,TOP100CASE,EQ,367630,216187,58.81
20,2425,TOP10ADD,EQ,103338,96717,93.59
20,2426,TORNTPHARM,EQ,275849,123236,44.68
20,2427,TORNTPOWER,EQ,361459,155221,42.94
20,2428,TOTAL,EQ,16801,13623,81.08
20,2429,TOUCHWOOD,EQ,113847,39842,35.00
20,2430,TPLPLASTEH,EQ,161268,37439,23.22
20,2431,TRACXN,EQ,149865,87955,58.69
20,2432,TRANSRAILL,EQ,3081365,440961,14.31
20,2433,TRANSTEEL,ST,28000,26000,92.86
20,2434,TRANSWORLD,EQ,39437,20469,51.90
20,2435,TREEHOUSE,EQ,8520,5610,65.85
20,2436,TREJHARA,EQ,13998,10345,73.90
20,2437,TREL,EQ,339166,117266,34.57
20,2438,TRENT,EQ,986050,341899,34.67
20,2439,TRF,EQ,31194,18340,58.79
20,2440,TRIDENT,EQ,5094205,1714121,33.65
20,2441,TRIDHYA,SM,12000,9000,75.00
20,2442,TRIGYN,EQ,40296,20969,52.04
20,2443,TRITURBINE,EQ,1226767,761240,62.05
20,2444,TRIVENI,EQ,294155,119575,40.65
20,2445,TROM,SM,11400,10800,94.74
20,2446,TRUST,ST,57000,49800,87.37
20,2447,TTKHLTCARE,EQ,1860,876,47.10
20,2448,TTKPRESTIG,EQ,29610,14419,48.70
20,2449,TTML,EQ,3112511,678907,21.81
20,2450,TUNWAL,SM,102000,70000,68.63
20,2451,TVSELECT,EQ,13418,4253,31.70
20,2452,TVSHLTD,EQ,4323,2087,48.28
20,2453,TVSMOTOR,EQ,396181,197779,49.92
20,2454,TVSSCS,EQ,2455341,695817,28.34
20,2455,TVSSRICHAK,EQ,26101,23470,89.92
20,2456,TVTODAY,EQ,96288,59929,62.24
20,2457,UBL,EQ,322310,167305,51.91
20,2458,UCL,SM,2000,2000,100.00
20,2459,UCOBANK,EQ,3064165,796503,25.99
20,2460,UDAICEMENT,EQ,189756,110745,58.36
20,2461,UDS,EQ,126969,43522,34.28
20,2462,UFLEX,EQ,54051,40598,75.11
20,2463,UFO,EQ,47866,19678,41.11
20,2464,UGARSUGAR,EQ,550688,334914,60.82
20,2465,UGROCAP,EQ,187307,81057,43.27
20,2466,UHTL,ST,6000,6000,100.00
20,2467,UJJIVANSFB,EQ,9386311,3552319,37.85
20,2468,ULTRACEMCO,EQ,336128,213158,63.42
20,2469,UMA,SM,8000,8000,100.00
20,2470,UMAEXPORTS,EQ,27812,13557,48.75
20,2471,UMESLTD,EQ,11325,9780,86.36
20,2472,UNICHEMLAB,EQ,17174,7976,46.44
20,2473,UNIDT,EQ,18528,8413,45.41
20,2474,UNIECOM,EQ,970126,290960,29.99
20,2475,UNIENTER,EQ,8483,5075,59.83
20,2476,UNIHEALTH,SM,1000,1000,100.00
20,2477,UNIINFO,EQ,4451,2397,53.85
20,2478,UNILEX,SM,70400,67200,95.45
20,2479,UNIMECH,EQ,90854,16296,17.94
20,2480,UNIONBANK,EQ,7964717,3035267,38.11
20,2481,UNIPARTS,EQ,83292,43263,51.94
20,2482,UNITDSPR,EQ,561668,380216,67.69
20,2483,UNITEDTEA,EQ,2074,831,40.07
20,2484,UNIVCABLES,EQ,57198,35726,62.46
20,2485,UNOMINDA,EQ,814792,402293,49.37
20,2486,UPL,EQ,3181044,1357795,42.68
20,2487,URAVIDEF,EQ,3585,1617,45.10
20,2488,URBAN,SM,36800,24800,67.39
20,2489,USHAFIN,SM,8000,7200,90.00
20,2490,USHAMART,EQ,393191,202654,51.54
20,2491,USK,EQ,325686,158859,48.78
20,2492,UTIAMC,EQ,78083,31602,40.47
20,2493,UTIBANKETF,EQ,2377724,1842686,77.50
20,2494,UTINEXT50,EQ,56218,35757,63.60
20,2495,UTINIFTETF,EQ,223892,221143,98.77
20,2496,UTISENSETF,EQ,346,292,84.39
20,2497,UTISXN50,EQ,4371,4173,95.47
20,2498,UTKARSHBNK,EQ,1268265,579298,45.68
20,2499,UTSSAV,ST,48600,40800,83.95
20,2500,UTTAMSUGAR,EQ,120098,94344,78.56
20,2501,UWCSL,ST,1000,1000,100.00
20,2502,UYFINCORP,EQ,215782,152080,70.48
20,2503,VADILALIND,EQ,2438,1198,49.14
20,2504,VAIBHAVGBL,EQ,265808,134106,50.45
20,2505,VAISHALI,EQ,726197,464688,63.99
20,2506,VAKRANGEE,EQ,36231180,12981890,35.83
20,2507,VAL30IETF,EQ,67195,41210,61.33
20,2508,VALIANTLAB,EQ,17846,8614,48.27
20,2509,VALIANTORG,EQ,30247,14543,48.08
20,2510,VARDHACRLC,EQ,33171,16019,48.29
20,2511,VARROC,EQ,104207,29267,28.09
20,2512,VASCONEQ,EQ,309024,144698,46.82
20,2513,VASWANI,EQ,79759,35699,44.76
20,2514,VBL,EQ,9467636,5189929,54.82
20,2515,VCL,EQ,201145,136038,67.63
20,2516,VDEAL,SM,6000,2400,40.00
20,2517,VEDL,EQ,5255713,2260233,43.01
20,2518,VEEDOL,EQ,9847,3066,31.14
20,2519,VEEKAYEM,ST,9500,9500,100.00
20,2520,VELS,ST,10800,9600,88.89
20,2521,VENKEYS,EQ,44751,17896,39.99
20,2522,VENTIVE,EQ,469061,221880,47.30
20,2523,VENUSPIPES,EQ,142142,68976,48.53
20,2524,VENUSREM,EQ,32861,16899,51.43
20,2525,VERANDA,EQ,93281,47358,50.77
20,2526,VERITAAS,SM,2400,2400,100.00
20,2527,VERTEXPLUS,SM,24000,24000,100.00
20,2528,VESUVIUS,EQ,6595,2491,37.77
20,2529,VETO,EQ,77414,45549,58.84
20,2530,VGUARD,EQ,689846,383675,55.62
20,2531,VHL,EQ,766,348,45.43
20,2532,VIDHIING,EQ,10299,5562,54.01
20,2533,VIESL,SM,43200,28000,64.81
20,2534,VIJAYA,EQ,1407394,439164,31.20
20,2535,VIKASECO,EQ,5834892,3124941,53.56
20,2536,VIKASLIFE,EQ,3364422,1758952,52.28
20,2537,VILAS,SM,42500,36500,85.88
20,2538,VIMTALABS,EQ,218210,73751,33.80
20,2539,VINATIORGA,EQ,32253,19619,60.83
20,2540,VINCOFE,EQ,121804,42293,34.72
20,2541,VINDHYATEL,EQ,25933,20853,80.41
20,2542,VINEETLAB,EQ,9611,4483,46.64
20,2543,VINYAS,SM,54800,53400,97.45
20,2544,VINYLINDIA,EQ,17304,10478,60.55
20,2545,VIPCLOTHNG,EQ,113809,47097,41.38
20,2546,VIPIND,EQ,334903,120898,36.10
20,2547,VIRINCHI,EQ,280413,168140,59.96
20,2548,VISAKAIND,EQ,100027,43035,43.02
20,2549,VISHNU,EQ,183625,90034,49.03
20,2550,VISHNUINFR,SM,22000,22000,100.00
20,2551,VISHWARAJ,EQ,881470,607866,68.96
20,2552,VISHWAS,SM,1600,1600,100.00
20,2553,VITAL,SM,7200,6000,83.33
20,2554,VIVIANA,ST,16625,14750,88.72
20,2555,VIVIDHA,EQ,392557,265893,67.73
20,2556,VIVO,SM,1600,1600,100.00
20,2557,VLEGOV,EQ,185524,185524,100.00
20,2558,VLINFRA,ST,21000,21000,100.00
20,2559,VLSFINANCE,EQ,22373,10919,48.80
20,2560,VMARCIND,ST,12750,12250,96.08
20,2561,VMART,EQ,19418,11664,60.07
20,2562,VMM,EQ,14033392,4798306,34.19
20,2563,VOLTAMP,EQ,35107,17110,48.74
20,2564,VOLTAS,EQ,2004213,1071182,53.45
20,2565,VPRPL,EQ,654794,181483,27.72
20,2566,VRAJ,EQ,35186,16447,46.74
20,2567,VRLLOG,EQ,249551,140873,56.45
20,2568,VSCL,ST,6000,6000,100.00
20,2569,VSSL,EQ,29895,15626,52.27
20,2570,VSTIND,EQ,307552,155630,50.60
20,2571,VSTL,EQ,13323,8074,60.60
20,2572,VSTTILLERS,EQ,3162,1555,49.18
20,2573,VTL,EQ,143037,65396,45.72
20,2574,WAAREEENER,EQ,1047889,146690,14.00
20,2575,WABAG,EQ,847138,295774,34.91
20,2576,WALCHANNAG,EQ,305276,134631,44.10
20,2577,WANBURY,EQ,348606,145360,41.70
20,2578,WCIL,EQ,106405,36270,34.09
20,2579,WEALTH,EQ,2627,1860,70.80
20,2580,WEIZMANIND,EQ,2856,1243,43.52
20,2581,WEL,EQ,261992,103319,39.44
20,2582,WELCORP,EQ,698516,347550,49.76
20,2583,WELENT,EQ,115312,46825,40.61
20,2584,WELINV,EQ,699,214,30.62
20,2585,WELSPUNLIV,EQ,1113093,473731,42.56
20,2586,WENDT,EQ,470,231,49.15
20,2587,WESTLIFE,EQ,50289,18522,36.83
20,2588,WEWIN,EQ,3942,2127,53.96
20,2589,WHEELS,EQ,13554,6786,50.07
20,2590,WHIRLPOOL,EQ,504651,319493,63.31
20,2591,WILLAMAGOR,EQ,3979,3247,81.60
20,2592,WINDLAS,EQ,74895,32768,43.75
20,2593,WINDMACHIN,EQ,141829,76910,54.23
20,2594,WINSOL,SM,6000,2800,46.67
20,2595,WIPRO,EQ,8832731,3825947,43.32
20,2596,WOCKPHARMA,EQ,307913,170036,55.22
20,2597,WOL3D,SM,7000,5000,71.43
20,2598,WOMANCART,ST,6800,6400,94.12
20,2599,WONDERLA,EQ,43338,14097,32.53
20,2600,WORTH,EQ,22530,11364,50.44
20,2601,WSI,EQ,224692,145519,64.76
20,2602,WSTCSTPAPR,EQ,204453,70113,34.29
20,2603,WTICAB,ST,3000,3000,100.00
20,2604,XCHANGING,EQ,171550,59182,34.50
20,2605,XELPMOC,EQ,9695,4582,47.26
20,2606,XPROINDIA,EQ,48981,14377,29.35
20,2607,XTGLOBAL,EQ,20689,18844,91.08
20,2608,YASHO,EQ,29332,15238,51.95
20,2609,YASHOPTICS,SM,32000,27200,85.00
20,2610,YATHARTH,EQ,209620,79743,38.04
20,2611,YATRA,EQ,396969,253704,63.91
20,2612,YESBANK,EQ,51300876,18321195,35.71
20,2613,YUDIZ,SM,1600,1600,100.00
20,2614,YUKEN,EQ,19464,14047,72.17
20,2615,ZAGGLE,EQ,3071566,1255726,40.88
20,2616,ZEAL,SM,43200,41400,95.83
20,2617,ZEEL,EQ,6352262,2852849,44.91
20,2618,ZEELEARN,EQ,540506,363789,67.31
20,2619,ZEEMEDIA,EQ,3315478,1736666,52.38
20,2620,ZENITHDRUG,ST,23200,22400,96.55
20,2621,ZENITHEXPO,EQ,14238,5774,40.55
20,2622,ZENITHSTL,EQ,105781,58843,55.63
20,2623,ZENSARTECH,EQ,1481897,454844,30.69
20,2624,ZENTEC,EQ,746202,227363,30.47
20,2625,ZFCVINDIA,EQ,48207,33989,70.51
20,2626,ZIMLAB,EQ,102594,73926,72.06
20,2627,ZODIAC,EQ,150915,35285,23.38
20,2628,ZODIACLOTH,EQ,17856,11513,64.48
20,2629,ZOMATO,EQ,25633804,9609440,37.49
20,2630,ZOTA,EQ,30395,8698,28.62
20,2631,ZTECH,ST,74400,72000,96.77
20,2632,ZUARI,EQ,212111,68642,32.36
20,2633,ZUARIIND,EQ,58093,33932,58.41
20,2634,ZYDUSLIFE,EQ,568317,217046,38.19
20,2635,ZYDUSWELL,EQ,28112,17428,61.99
