Security Wise Delivery Position - Compulsory Rolling Settlement
10,MTO,30012025,1008333236,0002632
Trade Date <30-JAN-2025>,Settlement Type <N>
Record Type,Sr No,Name of Security,Quantity Traded,Deliverable Quantity(gross across client level),% of Deliverable Quantity to Traded Quantity
20,1,0SCL26,YR,10,10,100.00
20,2,1003ISFL28,N4,1208,897,74.25
20,3,1015ECL29,NR,202,202,100.00
20,4,1015UCL26,N1,1,1,100.00
20,5,1018GS2026,GS,2356,2356,100.00
20,6,1040NFL26,NA,10,10,100.00
20,7,1050ISFL28,N5,781,763,97.70
20,8,1050UCL25,N7,1,1,100.00
20,9,105IIFL29,N7,50,50,100.00
20,10,1060ECL29,NS,200,200,100.00
20,11,1065NFL27,NC,1611,1611,100.00
20,12,1075UCL25,N9,10,10,100.00
20,13,10IIFL28,N4,5,5,100.00
20,14,10IIFL28A,NE,8,8,100.00
20,15,10IIFL29,N6,11,10,90.91
20,16,10NFL25,N9,159,149,93.71
20,17,10NIDO26,N6,1586,1586,100.00
20,18,182D060225,TB,500,500,100.00
20,19,182D150525,TB,10000,10000,100.00
20,20,182D170725,TB,900,500,55.56
20,21,182D190625,TB,100,100,100.00
20,22,20MICRONS,EQ,327831,75323,22.98
20,23,360ONE,EQ,811463,430684,53.08
20,24,364D030425,TB,2000,2000,100.00
20,25,364D060325,TB,800,800,100.00
20,26,364D111225,TB,100,100,100.00
20,27,364D131125,TB,100,100,100.00
20,28,364D150126,TB,100,100,100.00
20,29,364D231025,TB,12900,12900,100.00
20,30,364D240425,TB,100,100,100.00
20,31,364D261225,TB,100,100,100.00
20,32,364D280825,TB,400,300,75.00
20,33,3IINFOLTD,EQ,11375583,2232042,19.62
20,34,3MINDIA,EQ,5351,1663,31.08
20,35,5PAISA,EQ,36081,9698,26.88
20,36,610GS2031,GS,1504,1502,99.87
20,37,63MOONS,EQ,160933,84810,52.70
20,38,654GS2032,GS,515,515,100.00
20,39,664GS2027,GS,600,600,100.00
20,40,667GS2035,GS,400,200,50.00
20,41,667GS2050,GS,2614,2610,99.85
20,42,675GS2029,GS,200,200,100.00
20,43,676GS2061,GS,8656,5007,57.84
20,44,679GS2034,GS,400,400,100.00
20,45,679GS2034A,GS,1100,1100,100.00
20,46,695GS2061,GS,19502,19500,99.99
20,47,697GR2034,GS,300,300,100.00
20,48,699GS2026,GS,5600,5600,100.00
20,49,702GS2027,GS,7001,7000,99.99
20,50,702GS2031,GS,218,209,95.87
20,51,704GS2029,GS,200,200,100.00
20,52,706GS2028,GS,20102,20101,100.00
20,53,709GS2054,GS,415,415,100.00
20,54,709GS2074,GS,51,51,100.00
20,55,710GS2029,GS,56104,56103,100.00
20,56,716GS2050,GS,108,54,50.00
20,57,717GS2030,GS,10000,9500,95.00
20,58,718GS2033,GS,647878,647876,100.00
20,59,718GS2037,GS,7000,7000,100.00
20,60,719GS2060,GS,400,300,75.00
20,61,723GS2039,GS,2100,2100,100.00
20,62,725GS2063,GS,200,200,100.00
20,63,726GS2032,GS,50,50,100.00
20,64,727GS2026,GS,345,300,86.96
20,65,728IRFC30,NG,300,300,100.00
20,66,729IRFC26,NN,68,68,100.00
20,67,729NHAI26,NC,1087,1087,100.00
20,68,732GS2030,GS,1300,1300,100.00
20,69,732IRFC25,NI,100,100,100.00
20,70,733GS2026,GS,100,100,100.00
20,71,734GS2064,GS,9081,9081,100.00
20,72,736GS2052,GS,892,892,100.00
20,73,736PFCL28,N2,650,650,100.00
20,74,737GS2028,GS,1650,1650,100.00
20,75,738GS2027,GS,69673,69673,100.00
20,76,739ML26,SG,400,400,100.00
20,77,739NHAI26,N8,124,124,100.00
20,78,73GS2053,GS,20137,20137,100.00
20,79,740IIFCL33,N1,2194,1118,50.96
20,80,741GS2036,GS,20441,20441,100.00
20,81,746GS2073,GS,5,5,100.00
20,82,74GS2062,GS,74,37,50.00
20,83,750IRFC35,NK,375,325,86.67
20,84,751HUDCO28,N5,10,10,100.00
20,85,752GJ25,SG,500,500,100.00
20,86,753IRFC30,NJ,67,67,100.00
20,87,754GS2036,GS,485212,437655,90.20
20,88,757GS2033,GS,490,245,50.00
20,89,758GJ32,SG,400,400,100.00
20,90,762GS2039,GS,100,100,100.00
20,91,764HUDCO31,N8,75,75,100.00
20,92,764IRFC31,NO,500,500,100.00
20,93,764NABAR31,N2,251,251,100.00
20,94,766GJ30A,SG,300,300,100.00
20,95,769HUDCO31,N9,215,210,97.67
20,96,769NHAI31,NE,204,204,100.00
20,97,76NHAI31,NA,1,1,100.00
20,98,774IREDA31,N7,1031,931,90.30
20,99,775PN36,SG,2800,2800,100.00
20,100,797IGT31,NL,100,100,100.00
20,101,79NHIT40,N2,2,1,50.00
20,102,79NHIT47,N3,620,620,100.00
20,103,810IRFC27,N2,103,103,100.00
20,104,815GS2026,GS,2850,2850,100.00
20,105,81TCHF28,N8,109,109,100.00
20,106,820IIFL27,N9,142,142,100.00
20,107,824GS2027,GS,403,400,99.26
20,108,82HUDCO27,N2,5965,3713,62.25
20,109,830CIFC26,N2,14000,14000,100.00
20,110,830NHAI27,N2,1605,1310,81.62
20,111,830PFCL27,N5,220,220,100.00
20,112,833GS2026,GS,3,3,100.00
20,113,835IFL25,NV,224,224,100.00
20,114,840CIFCL28,N4,250,250,100.00
20,115,842IIFL26,NL,633,515,81.36
20,116,843IHFL29,NC,55,55,100.00
20,117,849NTPC25,N7,706620,441510,62.48
20,118,84TCHF28,NA,21,20,95.24
20,119,850IIFL27,NA,68,68,100.00
20,120,865IIFL28,NS,152,126,82.89
20,121,865IRFC29,NA,2135,1215,56.91
20,122,865LTF26,NN,310,310,100.00
20,123,871REC28,N9,800,750,93.75
20,124,872MMFSL26,N1,35,35,100.00
20,125,873NTPC28,N5,190,190,100.00
20,126,875IIFL26,NM,450,450,100.00
20,127,875IIFL26A,NQ,220,220,100.00
20,128,875NHAI29,N6,2555,2528,98.94
20,129,875SFL27,ZF,401,397,99.00
20,130,876HUDCO28,ND,500,500,100.00
20,131,87LTF27,NH,45,30,66.67
20,132,880IREDA34,N6,10,10,100.00
20,133,885IHL26,N1,55,55,100.00
20,134,888ERFL28,N5,6,6,100.00
20,135,888IRFC29,NE,186,183,98.39
20,136,888REC29,NF,13,13,100.00
20,137,891IIFCL34,N4,5,5,100.00
20,138,892PFCL33,N8,710,450,63.38
20,139,893NHB29,N6,7,7,100.00
20,140,894SCL25,Z3,15,15,100.00
20,141,897GS2030,GS,20,20,100.00
20,142,897MOFSL29,N4,380,380,100.00
20,143,898LTF29,N7,146,146,100.00
20,144,89IHFL29,N1,6,6,100.00
20,145,901HUDCO34,NE,490,398,81.22
20,146,901NHB34,N6,745,397,53.29
20,147,903SFL28,YI,8,8,100.00
20,148,905LTF27,NF,75,75,100.00
20,149,905SC24B,Z9,11,11,100.00
20,150,910TCAP28,NA,2266,1540,67.96
20,151,915SCL26,NE,400,400,100.00
20,152,91D030425,TB,5000,5000,100.00
20,153,91D060325,TB,300,300,100.00
20,154,91D240425,TB,100,100,100.00
20,155,91D280325,TB,1200,1200,100.00
20,156,91MOFSL27,N2,500,500,100.00
20,157,91SFL27,ZI,400,400,100.00
20,158,925CAGL26,N9,10,10,100.00
20,159,925SCFL27,YA,32,32,100.00
20,160,92GS2030,GS,2,1,50.00
20,161,92SFIL28,ND,55,55,100.00
20,162,931SFL26,Z5,89,89,100.00
20,163,935LTF29,N5,275,180,65.45
20,164,93MOFSL34,N6,382,382,100.00
20,165,945IFSL25,N4,21,21,100.00
20,166,955SCL25,ZU,1,1,100.00
20,167,956AEL29,N6,11,11,100.00
20,168,957ISFL26,N2,100,100,100.00
20,169,957NIDO26,N5,100,100,100.00
20,170,960CAGL25,N3,10,5,50.00
20,171,960IIFLS26,N9,50,50,100.00
20,172,965SCL26,YO,90,50,55.56
20,173,965SCL26F,N1,13,13,100.00
20,174,965SCL26Y,N1,10,10,100.00
20,175,96IIFL28,N5,461,461,100.00
20,176,96IIFL28A,NF,2980,2438,81.81
20,177,96SFIL24A,NB,109,100,91.74
20,178,970CAGL28,ND,189,189,100.00
20,179,97MOFSL34,N7,301,301,100.00
20,180,985ECL28,NK,2280,2280,100.00
20,181,985IIFL22,NC,50,50,100.00
20,182,990SCL27,YT,53,53,100.00
20,183,99AEL29,N7,211,208,98.58
20,184,99SCL27,ZH,256,206,80.47
20,185,9IIFL28A,NT,80,80,100.00
20,186,9MMFSML,N2,25,25,100.00
20,187,9PCHFL31A,NA,30,30,100.00
20,188,9SCL26BA,NA,1061,1061,100.00
20,189,AAATECH,EQ,8473,3690,43.55
20,190,AADHARHFC,EQ,192714,68178,35.38
20,191,AAKASH,EQ,65987,44355,67.22
20,192,AAREYDRUGS,EQ,27354,23724,86.73
20,193,AARON,EQ,7524,2507,33.32
20,194,AARTIDRUGS,EQ,251408,51498,20.48
20,195,AARTIIND,EQ,2179795,904361,41.49
20,196,AARTIPHARM,EQ,586925,352242,60.01
20,197,AARTISURF,EQ,8567,5190,60.58
20,198,AARVI,EQ,15942,9021,56.59
20,199,AATMAJ,SM,18000,16000,88.89
20,200,AAVAS,EQ,300544,240023,79.86
20,201,ABAN,EQ,234088,153688,65.65
20,202,ABB,EQ,854672,237066,27.74
20,203,ABBOTINDIA,EQ,7557,2238,29.61
20,204,ABCAPITAL,EQ,2557549,961064,37.58
20,205,ABCOTS,ST,9000,5500,61.11
20,206,ABDL,EQ,1399461,524639,37.49
20,207,ABFL26,N1,500,500,100.00
20,208,ABFRL,EQ,1719199,704522,40.98
20,209,ABGSEC,EQ,542,312,57.56
20,210,ABHAPOWER,ST,51200,51200,100.00
20,211,ABINFRA,EQ,114703,16018,13.96
20,212,ABREL,EQ,72669,26511,36.48
20,213,ABSLAMC,EQ,455031,251273,55.22
20,214,ABSLBANETF,EQ,1752764,1747112,99.68
20,215,ABSLLIQUID,EQ,11125,6969,62.64
20,216,ABSLNN50ET,EQ,12649,9725,76.88
20,217,ABSLPSE,EQ,133401,79769,59.80
20,218,ABSMARINE,ST,50000,46500,93.00
20,219,ACC,EQ,484441,210956,43.55
20,220,ACCELYA,EQ,37661,10840,28.78
20,221,ACCENTMIC,SM,7000,6500,92.86
20,222,ACCURACY,EQ,238614,134411,56.33
20,223,ACE,EQ,123298,41570,33.72
20,224,ACEINTEG,EQ,8566,8165,95.32
20,225,ACI,EQ,6421907,414972,6.46
20,226,ACL,EQ,12036,6077,50.49
20,227,ACLGATI,EQ,642169,295688,46.05
20,228,ACMESOLAR,EQ,1598284,923575,57.79
20,229,ADANIENSOL,EQ,1380777,377357,27.33
20,230,ADANIENT,EQ,2601625,526199,20.23
20,231,ADANIGREEN,EQ,1871049,430502,23.01
20,232,ADANIPORTS,EQ,14097862,4301720,30.51
20,233,ADANIPOWER,EQ,4438202,1031995,23.25
20,234,ADFFOODS,EQ,365220,70106,19.20
20,235,ADL,EQ,2102,1044,49.67
20,236,ADORWELD,EQ,14714,8737,59.38
20,237,ADSL,EQ,304415,119468,39.25
20,238,ADVANIHOTR,EQ,36850,22132,60.06
20,239,ADVENZYMES,EQ,167579,115049,68.65
20,240,AEGISLOG,EQ,995609,166713,16.74
20,241,AEL120924A,N5,74,74,100.00
20,242,AEROFLEX,EQ,1454644,407725,28.03
20,243,AERON,SM,29000,20000,68.97
20,244,AESTHETIK,SM,16000,16000,100.00
20,245,AETHER,EQ,19745,8587,43.49
20,246,AFCONS,EQ,2337961,1129153,48.30
20,247,AFFLE,EQ,231655,134505,58.06
20,248,AFFORDABLE,EQ,9616,7036,73.17
20,249,AFIL,EQ,86825,59866,68.95
20,250,AGARIND,EQ,11332,5665,49.99
20,251,AGARWALFT,SM,10500,7500,71.43
20,252,AGARWALTUF,SM,27600,13200,47.83
20,253,AGI,EQ,1025431,422435,41.20
20,254,AGIIL,EQ,10286,6093,59.24
20,255,AGNI,SM,15000,12500,83.33
20,256,AGRITECH,EQ,8270,4100,49.58
20,257,AGROPHOS,EQ,539835,129866,24.06
20,258,AHIMSA,ST,3000,3000,100.00
20,259,AHLADA,EQ,17185,7731,44.99
20,260,AHLEAST,EQ,9305,4525,48.63
20,261,AHLUCONT,EQ,90174,23531,26.10
20,262,AIAENG,EQ,16943,9999,59.02
20,263,AIIL,EQ,55017,9324,16.95
20,264,AIMTRON,SM,68000,52800,77.65
20,265,AIRAN,EQ,123933,60544,48.85
20,266,AIROLAM,EQ,7461,4091,54.83
20,267,AIRTELPP,E1,276766,238354,86.12
20,268,AJANTPHARM,EQ,94810,31081,32.78
20,269,AJMERA,EQ,55691,21678,38.93
20,270,AJOONI,EQ,312234,187024,59.90
20,271,AKANKSHA,ST,8000,8000,100.00
20,272,AKASH,EQ,6620,3074,46.44
20,273,AKG,EQ,23868,17190,72.02
20,274,AKIKO,SM,16000,11200,70.00
20,275,AKSHARCHEM,EQ,5688,2842,49.96
20,276,AKUMS,EQ,106632,57818,54.22
20,277,AKZOINDIA,EQ,5592,2646,47.32
20,278,ALANKIT,EQ,693089,303448,43.78
20,279,ALBERTDAVD,EQ,3772,2151,57.03
20,280,ALEMBICLTD,EQ,402646,167005,41.48
20,281,ALICON,EQ,6361,2837,44.60
20,282,ALIVUS,EQ,153065,112586,73.55
20,283,ALKALI,EQ,32599,11406,34.99
20,284,ALKEM,EQ,73658,25753,34.96
20,285,ALKYLAMINE,EQ,32311,12611,39.03
20,286,ALLCARGO,EQ,1059513,445953,42.09
20,287,ALLDIGI,EQ,12794,8619,67.37
20,288,ALLETEC,ST,17200,16400,95.35
20,289,ALOKINDS,EQ,3728771,1592992,42.72
20,290,ALPA,EQ,27302,13518,49.51
20,291,ALPEXSOLAR,SM,86800,52600,60.60
20,292,ALPHA,EQ,1314807,828485,63.01
20,293,ALPHAETF,EQ,1857699,1162438,62.57
20,294,ALPHAGEO,EQ,13129,4049,30.84
20,295,ALPL30IETF,EQ,199411,91171,45.72
20,296,ALUWIND,SM,55500,49500,89.19
20,297,AMBER,EQ,572176,100986,17.65
20,298,AMBEY,SM,6000,4000,66.67
20,299,AMBICAAGAR,EQ,10864,5861,53.95
20,300,AMBIKCO,EQ,5221,3188,61.06
20,301,AMBUJACEM,EQ,10003680,3206759,32.06
20,302,AMDIND,EQ,4670,3722,79.70
20,303,AMEYA,SM,3000,3000,100.00
20,304,AMIABLE,SM,6400,6400,100.00
20,305,AMIORG,EQ,1556015,241613,15.53
20,306,AMJLAND,EQ,59633,43734,73.34
20,307,AMJUMBO,SM,72000,56000,77.78
20,308,AMNPLST,EQ,8864,3946,44.52
20,309,AMRUTANJAN,EQ,7656,4760,62.17
20,310,ANANDRATHI,EQ,114828,29818,25.97
20,311,ANANTRAJ,EQ,6707318,1933301,28.82
20,312,ANDHRAPAP,EQ,90578,42760,47.21
20,313,ANDHRSUGAR,EQ,93117,47891,51.43
20,314,ANGELONE,EQ,1305817,340560,26.08
20,315,ANIKINDS,EQ,6591,5088,77.20
20,316,ANLON,SM,25200,16000,63.49
20,317,ANMOL,EQ,56179,31127,55.41
20,318,ANNAPURNA,SM,41750,36750,88.02
20,319,ANTGRAPHIC,EQ,229960,173397,75.40
20,320,ANUHPHR,EQ,25506,13138,51.51
20,321,ANUP,EQ,35715,17301,48.44
20,322,ANURAS,EQ,70594,26100,36.97
20,323,ANYA,SM,500000,280000,56.00
20,324,APARINDS,EQ,221625,77184,34.83
20,325,APCL,EQ,10923,7681,70.32
20,326,APCOTEXIND,EQ,43282,26845,62.02
20,327,APEX,EQ,91101,35871,39.37
20,328,APEXECO,SM,65600,27200,41.46
20,329,APLAPOLLO,EQ,371995,188762,50.74
20,330,APLLTD,EQ,82970,34359,41.41
20,331,APOLLO,EQ,14610727,3573538,24.46
20,332,APOLLOHOSP,EQ,204648,75647,36.96
20,333,APOLLOPIPE,EQ,37412,19015,50.83
20,334,APOLLOTYRE,EQ,2822251,1603639,56.82
20,335,APOLSINHOT,EQ,620,416,67.10
20,336,APRAMEYA,ST,20000,20000,100.00
20,337,APS,SM,79250,53500,67.51
20,338,APTECHT,EQ,129861,52207,40.20
20,339,APTUS,EQ,516345,350360,67.85
20,340,ARABIAN,SM,8000,8000,100.00
20,341,ARCHIDPLY,EQ,18147,10086,55.58
20,342,ARCHIES,EQ,17173,10773,62.73
20,343,ARE&M,EQ,454007,200101,44.07
20,344,ARHAM,SM,11000,8000,72.73
20,345,ARIHANTACA,ST,800,800,100.00
20,346,ARIHANTCAP,EQ,177746,75225,42.32
20,347,ARIHANTSUP,EQ,145507,72410,49.76
20,348,ARKADE,EQ,933637,303602,32.52
20,349,ARMANFIN,EQ,20280,11391,56.17
20,350,AROGRANITE,EQ,8264,4456,53.92
20,351,ARROWGREEN,EQ,22071,11922,54.02
20,352,ARTEMISMED,EQ,66266,37029,55.88
20,353,ARVEE,EQ,255,245,96.08
20,354,ARVIND,EQ,466635,175151,37.53
20,355,ARVINDFASN,EQ,149150,72787,48.80
20,356,ARVINDPORT,ST,3000,3000,100.00
20,357,ARVSMART,EQ,210221,89208,42.44
20,358,ASAHIINDIA,EQ,97049,27795,28.64
20,359,ASAHISONG,EQ,90784,35579,39.19
20,360,ASAL,EQ,16674,5526,33.14
20,361,ASALCBR,EQ,390049,199111,51.05
20,362,ASCOM,ST,500,500,100.00
20,363,ASHALOG,ST,8000,6000,75.00
20,364,ASHAPURMIN,EQ,476945,214835,45.04
20,365,ASHIANA,EQ,52566,25109,47.77
20,366,ASHIMASYN,EQ,102256,64231,62.81
20,367,ASHOKA,EQ,1141264,393380,34.47
20,368,ASHOKAMET,EQ,25910,15603,60.22
20,369,ASHOKLEY,EQ,7464183,3000004,40.19
20,370,ASIANENE,EQ,120524,59174,49.10
20,371,ASIANPAINT,EQ,1155749,661856,57.27
20,372,ASIANTILES,EQ,971054,458261,47.19
20,373,ASKAUTOLTD,EQ,378601,93433,24.68
20,374,ASLIND,SM,4000,4000,100.00
20,375,ASMS,EQ,347386,199188,57.34
20,376,ASPINWALL,EQ,3646,2018,55.35
20,377,ASPIRE,ST,30000,26000,86.67
20,378,ASTEC,EQ,48774,26263,53.85
20,379,ASTERDM,EQ,442641,305486,69.01
20,380,ASTRAL,EQ,253587,96842,38.19
20,381,ASTRAMICRO,EQ,102253,46913,45.88
20,382,ASTRAZEN,EQ,26701,5012,18.77
20,383,ASTRON,EQ,35128,7388,21.03
20,384,ATAM,EQ,32373,16831,51.99
20,385,ATFL,EQ,38640,27763,71.85
20,386,ATGL,EQ,1492699,278909,18.68
20,387,ATL,EQ,260230,149174,57.32
20,388,ATMASTCO,ST,16800,16800,100.00
20,389,ATUL,EQ,59507,20431,34.33
20,390,ATULAUTO,EQ,36469,14639,40.14
20,391,AUBANK,EQ,6891318,3401123,49.35
20,392,AURDIS,ST,2500,2500,100.00
20,393,AURIONPRO,EQ,52049,22642,43.50
20,394,AUROIMPEX,SM,14400,9600,66.67
20,395,AUROPHARMA,EQ,1023976,277173,27.07
20,396,AURUM,EQ,56016,30997,55.34
20,397,AURUMPP1,E1,767,723,94.26
20,398,AUTOAXLES,EQ,3760,2859,76.04
20,399,AUTOBEES,EQ,116133,53309,45.90
20,400,AUTOIETF,EQ,330176,152723,46.26
20,401,AUTOIND,EQ,49801,24465,49.13
20,402,AVADHSUGAR,EQ,65688,29206,44.46
20,403,AVALON,EQ,506235,168969,33.38
20,404,AVANTEL,EQ,439803,188373,42.83
20,405,AVANTIFEED,EQ,913293,137307,15.03
20,406,AVIANSH,ST,8000,8000,100.00
20,407,AVL,EQ,1023422,865792,84.60
20,408,AVPINFRA,ST,28800,28000,97.22
20,409,AVTNPL,EQ,111970,78868,70.44
20,410,AWFIS,EQ,72179,27559,38.18
20,411,AWHCL,EQ,75333,30314,40.24
20,412,AWL,EQ,1217171,523660,43.02
20,413,AXISBANK,EQ,10473118,5824882,55.62
20,414,AXISBNKETF,EQ,430,312,72.56
20,415,AXISBPSETF,EQ,24974,15247,61.05
20,416,AXISCETF,EQ,2315,1962,84.75
20,417,AXISGOLD,EQ,143623,101297,70.53
20,418,AXISHCETF,EQ,1943,1460,75.14
20,419,AXISILVER,EQ,22920,18539,80.89
20,420,AXISNIFTY,EQ,3158,2400,76.00
20,421,AXISTECETF,EQ,1205,734,60.91
20,422,AXITA,EQ,3668635,817856,22.29
20,423,AXSENSEX,EQ,924,818,88.53
20,424,AYMSYNTEX,EQ,60972,46878,76.88
20,425,AZAD,EQ,422636,124709,29.51
20,426,BABAFP,SM,8000,6400,80.00
20,427,BAHETI,ST,7125,7125,100.00
20,428,BAIDFIN,EQ,1289273,498601,38.67
20,429,BAJAJ-AUTO,EQ,322587,98609,30.57
20,430,BAJAJCON,EQ,137764,60770,44.11
20,431,BAJAJELEC,EQ,33013,13557,41.07
20,432,BAJAJFINSV,EQ,5190089,1571037,30.27
20,433,BAJAJHCARE,EQ,952296,196068,20.59
20,434,BAJAJHFL,EQ,10479314,3453024,32.95
20,435,BAJAJHIND,EQ,4894848,1939684,39.63
20,436,BAJAJHLDNG,EQ,101370,51139,50.45
20,437,BAJEL,EQ,134167,46342,34.54
20,438,BAJFINANCE,EQ,5648883,2697408,47.75
20,439,BALAJEE,EQ,50753,24112,47.51
20,440,BALAMINES,EQ,61201,19269,31.48
20,441,BALAXI,EQ,49463,31230,63.14
20,442,BALCO,ST,3600,2400,66.67
20,443,BALKRISHNA,EQ,56375,8150,14.46
20,444,BALKRISIND,EQ,131284,38201,29.10
20,445,BALMLAWRIE,EQ,114716,59280,51.68
20,446,BALPHARMA,EQ,11007,3868,35.14
20,447,BALRAMCHIN,EQ,1087722,346427,31.85
20,448,BALUFORGE,EQ,797297,282067,35.38
20,449,BANARISUG,EQ,774,566,73.13
20,450,BANCOINDIA,EQ,175667,93996,53.51
20,451,BANDHANBNK,EQ,5223410,2147866,41.12
20,452,BANKA,EQ,12136,6340,52.24
20,453,BANKBARODA,EQ,10812716,4331419,40.06
20,454,BANKBEES,EQ,702819,400291,56.96
20,455,BANKBETF,EQ,91832,64515,70.25
20,456,BANKETF,EQ,9674,6835,70.65
20,457,BANKETFADD,EQ,64080,63067,98.42
20,458,BANKIETF,EQ,351211,252008,71.75
20,459,BANKINDIA,EQ,11344654,4190926,36.94
20,460,BANKNIFTY1,EQ,227185,175645,77.31
20,461,BANKPSU,EQ,2083,1062,50.98
20,462,BANSALWIRE,EQ,329871,96803,29.35
20,463,BANSWRAS,EQ,76710,36227,47.23
20,464,BARBEQUE,EQ,209233,126726,60.57
20,465,BARFLEX,ST,296000,276000,93.24
20,466,BASF,EQ,40288,15780,39.17
20,467,BASILIC,ST,37500,35100,93.60
20,468,BASML,EQ,184117,32619,17.72
20,469,BATAINDIA,EQ,385248,115301,29.93
20,470,BAWEJA,SM,2400,2400,100.00
20,471,BAYERCROP,EQ,10360,4617,44.57
20,472,BBETF0432,EQ,180,141,78.33
20,473,BBL,EQ,16089,5871,36.49
20,474,BBNPNBETF,EQ,1821,541,29.71
20,475,BBNPPGOLD,EQ,2694,2143,79.55
20,476,BBOX,EQ,749785,307969,41.07
20,477,BBTC,EQ,60207,12403,20.60
20,478,BBTCL,EQ,3520,2649,75.26
20,479,BCLIND,EQ,414271,212682,51.34
20,480,BCONCEPTS,EQ,14541,9353,64.32
20,481,BDL,EQ,1153771,326981,28.34
20,482,BEACON,SM,7000,5000,71.43
20,483,BEARDSELL,EQ,85785,36896,43.01
20,484,BECTORFOOD,EQ,32972,15791,47.89
20,485,BEDMUTHA,EQ,3653,2367,64.80
20,486,BEL,EQ,46735932,12367539,26.46
20,487,BEML,EQ,96966,24365,25.13
20,488,BEPL,EQ,584956,219988,37.61
20,489,BERGEPAINT,EQ,1080143,238276,22.06
20,490,BESTAGRO,EQ,18258,11762,64.42
20,491,BETA,SM,3200,1900,59.38
20,492,BEWLTD,ST,9000,8000,88.89
20,493,BFINVEST,EQ,16838,9040,53.69
20,494,BFSI,EQ,502714,417023,82.95
20,495,BFUTILITIE,EQ,27019,18746,69.38
20,496,BHAGCHEM,EQ,23542,15128,64.26
20,497,BHAGERIA,EQ,26744,8177,30.58
20,498,BHAGYANGR,EQ,82634,19986,24.19
20,499,BHANDARI,EQ,282698,123612,43.73
20,500,BHARATFORG,EQ,2102523,1187799,56.49
20,501,BHARATGEAR,EQ,29496,17046,57.79
20,502,BHARATRAS,EQ,671,238,35.47
20,503,BHARATWIRE,EQ,75994,43526,57.28
20,504,BHARTIARTL,EQ,4283637,2387800,55.74
20,505,BHARTIHEXA,EQ,156997,29215,18.61
20,506,BHEL,EQ,12911947,3005117,23.27
20,507,BIGBLOC,EQ,160913,68802,42.76
20,508,BIKAJI,EQ,178105,74279,41.71
20,509,BIKEWO,SM,10000,10000,100.00
20,510,BINANIIND,EQ,6322,4301,68.03
20,511,BIOCON,EQ,3459428,689676,19.94
20,512,BIOFILCHEM,EQ,12094,8081,66.82
20,513,BIRDYS,SM,1200,1200,100.00
20,514,BIRET,RR,290015,272333,93.90
20,515,BIRLACABLE,EQ,31588,16510,52.27
20,516,BIRLACORPN,EQ,42162,24418,57.91
20,517,BLACKBUCK,EQ,34526,26833,77.72
20,518,BLAL,EQ,49033,31023,63.27
20,519,BLBLIMITED,EQ,293910,247620,84.25
20,520,BLISSGVS,EQ,1316130,322816,24.53
20,521,BLKASHYAP,EQ,372012,240484,64.64
20,522,BLS,EQ,2984736,913502,30.61
20,523,BLSE,EQ,181384,52316,28.84
20,524,BLUEDART,EQ,16254,3135,19.29
20,525,BLUEJET,EQ,394949,364392,92.26
20,526,BLUEPEBBLE,SM,5600,5200,92.86
20,527,BLUESTARCO,EQ,687394,320645,46.65
20,528,BMETRICS,SM,7200,1600,22.22
20,529,BODALCHEM,EQ,147868,72562,49.07
20,530,BOMDYEING,EQ,748671,232498,31.05
20,531,BOROLTD,EQ,89284,41782,46.80
20,532,BOROSCI,EQ,27773,13192,47.50
20,533,BOSCHLTD,EQ,27625,6743,24.41
20,534,BOSS,ST,2000,2000,100.00
20,535,BPCL,EQ,9410974,4739518,50.36
20,536,BPL,EQ,78530,39137,49.84
20,537,BRACEPORT,ST,3200,3200,100.00
20,538,BRIGADE,EQ,1270911,125164,9.85
20,539,BRITANNIA,EQ,354016,168084,47.48
20,540,BRNL,EQ,39516,15955,40.38
20,541,BSE,EQ,1470315,343384,23.35
20,542,BSE500IETF,EQ,39501,21650,54.81
20,543,BSHSL,EQ,45649,20560,45.04
20,544,BSL,EQ,16055,7194,44.81
20,545,BSLGOLDETF,EQ,403266,394636,97.86
20,546,BSLNIFTY,EQ,2041672,1926578,94.36
20,547,BSLSENETFG,EQ,1842,1014,55.05
20,548,BSOFT,EQ,1030649,271320,26.33
20,549,BULKCORP,SM,2400,2400,100.00
20,550,BUTTERFLY,EQ,5274,2875,54.51
20,551,BVCL,EQ,11137,7714,69.26
20,552,C2C,SM,71400,54600,76.47
20,553,CADSYS,ST,1000,1000,100.00
20,554,CAMLINFINE,EQ,896597,304808,34.00
20,555,CAMPUS,EQ,277535,138409,49.87
20,556,CAMS,EQ,1705426,686000,40.22
20,557,CANARYS,SM,40000,24000,60.00
20,558,CANBK,EQ,26854992,11276693,41.99
20,559,CANFINHOME,EQ,701511,320545,45.69
20,560,CANTABIL,EQ,199584,84020,42.10
20,561,CAPACITE,EQ,461595,179754,38.94
20,562,CAPINVIT,IV,573694,560374,97.68
20,563,CAPITALSFB,EQ,53353,28483,53.39
20,564,CAPLIPOINT,EQ,112335,27769,24.72
20,565,CARBORUNIV,EQ,78577,48992,62.35
20,566,CAREERP,EQ,8569,4446,51.88
20,567,CARERATING,EQ,101576,54607,53.76
20,568,CARRARO,EQ,430795,132694,30.80
20,569,CARTRADE,EQ,3004827,634333,21.11
20,570,CARYSIL,EQ,33596,14818,44.11
20,571,CASTROLIND,EQ,1256544,527902,42.01
20,572,CCHHL,EQ,15967,9633,60.33
20,573,CCL,EQ,152169,53640,35.25
20,574,CDSL,EQ,4418841,1546316,34.99
20,575,CEATLTD,EQ,117954,51915,44.01
20,576,CEIGALL,EQ,151674,55930,36.88
20,577,CELEBRITY,EQ,172176,140874,81.82
20,578,CELLECOR,SM,252000,195000,77.38
20,579,CELLO,EQ,72797,31786,43.66
20,580,CELLPOINT,SM,9600,6000,62.50
20,581,CENTENKA,EQ,22861,11643,50.93
20,582,CENTEXT,EQ,61773,39273,63.58
20,583,CENTRALBK,EQ,3309503,938260,28.35
20,584,CENTRUM,EQ,161057,87270,54.19
20,585,CENTUM,EQ,6982,2956,42.34
20,586,CENTURYPLY,EQ,32642,9685,29.67
20,587,CERA,EQ,9548,2694,28.22
20,588,CESC,EQ,4888531,1677356,34.31
20,589,CEWATER,EQ,431366,110318,25.57
20,590,CGCL,EQ,375440,113018,30.10
20,591,CGPOWER,EQ,3481632,1331962,38.26
20,592,CGRAPHICS,SM,41600,31200,75.00
20,593,CHALET,EQ,881240,571840,64.89
20,594,CHAMBLFERT,EQ,809146,120385,14.88
20,595,CHAVDA,SM,38000,32000,84.21
20,596,CHEMBOND,EQ,5732,3214,56.07
20,597,CHEMCON,EQ,17177,9071,52.81
20,598,CHEMFAB,EQ,9599,6144,64.01
20,599,CHEMPLASTS,EQ,48306,23607,48.87
20,600,CHENNPETRO,EQ,423003,121307,28.68
20,601,CHETANA,SM,83200,43200,51.92
20,602,CHEVIOT,EQ,2548,1804,70.80
20,603,CHOICEIN,EQ,403471,70123,17.38
20,604,CHOLAFIN,EQ,1603461,779873,48.64
20,605,CHOLAHLDNG,EQ,124114,45666,36.79
20,606,CIEINDIA,EQ,1131113,1041608,92.09
20,607,CIFCZC25A,N1,35,35,100.00
20,608,CIGNITITEC,EQ,178825,71019,39.71
20,609,CINEVISTA,EQ,29173,16129,55.29
20,610,CIPLA,EQ,1773294,454796,25.65
20,611,CLEAN,EQ,183988,26884,14.61
20,612,CLEDUCATE,EQ,112972,39136,34.64
20,613,CLOUD,SZ,144000,127000,88.19
20,614,CLSEL,EQ,84202,32052,38.07
20,615,CLSL,SM,14000,4000,28.57
20,616,CMMIPL,SZ,6000,6000,100.00
20,617,CMNL,ST,4500,3000,66.67
20,618,CMSINFO,EQ,425573,248765,58.45
20,619,COALINDIA,EQ,6300164,2681056,42.56
20,620,COASTCORP,EQ,12754,7407,58.08
20,621,COCHINSHIP,EQ,316864,128639,40.60
20,622,COFORGE,EQ,544393,224285,41.20
20,623,COLPAL,EQ,511147,166600,32.59
20,624,COMMITTED,ST,3200,3200,100.00
20,625,COMMOIETF,EQ,156004,109953,70.48
20,626,COMPUSOFT,EQ,30995,19850,64.04
20,627,CONCOR,EQ,1381615,403490,29.20
20,628,CONCORDBIO,EQ,165638,144928,87.50
20,629,CONFIPET,EQ,190913,90184,47.24
20,630,CONS,EQ,4582,3566,77.83
20,631,CONSOFINVT,EQ,12829,8455,65.91
20,632,CONSUMBEES,EQ,90092,71459,79.32
20,633,CONSUMER,EQ,122996,111139,90.36
20,634,CONSUMIETF,EQ,17247,6333,36.72
20,635,CONTI,ST,6666,6666,100.00
20,636,CONTROLPR,EQ,13691,7157,52.28
20,637,COOLCAPS,ST,55250,55000,99.55
20,638,CORALFINAC,EQ,23967,12472,52.04
20,639,CORDSCABLE,EQ,19410,10624,54.73
20,640,COROMANDEL,EQ,899678,262803,29.21
20,641,COSMOFIRST,EQ,104715,54050,51.62
20,642,COUNCODOS,EQ,54436,41932,77.03
20,643,CPS,ST,13800,8400,60.87
20,644,CPSEETF,EQ,3241108,2048274,63.20
20,645,CRAFTSMAN,EQ,290414,240620,82.85
20,646,CRAYONS,SM,22000,22000,100.00
20,647,CREATIVE,EQ,3441,2071,60.19
20,648,CREDITACC,EQ,1836743,243965,13.28
20,649,CREST,EQ,10441,4262,40.82
20,650,CRISIL,EQ,58938,13153,22.32
20,651,CROMPTON,EQ,2370446,1503904,63.44
20,652,CROWN,EQ,38087,24672,64.78
20,653,CSBBANK,EQ,148754,71828,48.29
20,654,CSLFINANCE,EQ,16934,9464,55.89
20,655,CTE,EQ,29490,13550,45.95
20,656,CUB,EQ,1551901,504084,32.48
20,657,CUMMINSIND,EQ,428601,131436,30.67
20,658,CUPID,EQ,171246,85251,49.78
20,659,CYBERMEDIA,EQ,11922,7182,60.24
20,660,CYBERTECH,EQ,77826,34981,44.95
20,661,CYIENT,EQ,996895,434454,43.58
20,662,CYIENTDLM,EQ,273707,132895,48.55
20,663,DABUR,EQ,3384404,1384761,40.92
20,664,DALBHARAT,EQ,525265,255136,48.57
20,665,DALMIASUG,EQ,99608,45484,45.66
20,666,DAMCAPITAL,EQ,5487872,876781,15.98
20,667,DAMODARIND,EQ,12136,6596,54.35
20,668,DANGEE,EQ,192549,134749,69.98
20,669,DANISH,SM,72600,40500,55.79
20,670,DATAMATICS,EQ,274866,106183,38.63
20,671,DATAPATTNS,EQ,114917,34363,29.90
20,672,DAVANGERE,EQ,1428523,602248,42.16
20,673,DBCORP,EQ,68166,35430,51.98
20,674,DBEIL,EQ,125486,45040,35.89
20,675,DBL,EQ,112867,35057,31.06
20,676,DBOL,EQ,149811,78067,52.11
20,677,DBREALTY,EQ,1092760,598043,54.73
20,678,DBSTOCKBRO,EQ,2137,879,41.13
20,679,DCAL,EQ,406033,171669,42.28
20,680,DCBBANK,EQ,751102,308290,41.05
20,681,DCG,SM,13200,12000,90.91
20,682,DCI,EQ,23961,11899,49.66
20,683,DCM,EQ,14775,7710,52.18
20,684,DCMNVL,EQ,2903,1686,58.08
20,685,DCMSHRIRAM,EQ,29657,12007,40.49
20,686,DCMSRIND,EQ,87692,52009,59.31
20,687,DCW,EQ,1342827,653518,48.67
20,688,DCXINDIA,EQ,289617,141656,48.91
20,689,DDEVPLSTIK,EQ,145592,82335,56.55
20,690,DECCANCE,EQ,4437,3133,70.61
20,691,DECCANTRAN,ST,22800,22800,100.00
20,692,DEEDEV,EQ,54211,33958,62.64
20,693,DEEM,SM,10000,8000,80.00
20,694,DEEPAKFERT,EQ,6284521,2088948,33.24
20,695,DEEPAKNTR,EQ,189253,28838,15.24
20,696,DEEPINDS,EQ,539613,181195,33.58
20,697,DELAPLEX,SM,1200,1200,100.00
20,698,DELHIVERY,EQ,1126870,274945,24.40
20,699,DELTACORP,EQ,1242207,674562,54.30
20,700,DELTAMAGNT,EQ,18459,13260,71.83
20,701,DELTIC,SM,34000,21000,61.76
20,702,DEN,EQ,1000332,475305,47.51
20,703,DENEERS,ST,3000,3000,100.00
20,704,DENORA,EQ,11471,5578,48.63
20,705,DENTALKART,SM,17000,13000,76.47
20,706,DESTINY,ST,58500,58500,100.00
20,707,DEVIT,EQ,123293,35629,28.90
20,708,DEVYANI,EQ,511202,142635,27.90
20,709,DHAMPURSUG,EQ,230005,60119,26.14
20,710,DHANI,EQ,2751299,1297008,47.14
20,711,DHANLAXMI,ST,14000,6000,42.86
20,712,DHANUKA,EQ,10920,5004,45.82
20,713,DHARIWAL,SM,9600,7200,75.00
20,714,DHARMAJ,EQ,15907,7094,44.60
20,715,DHRUV,EQ,46337,37023,79.90
20,716,DHTL,SM,800,800,100.00
20,717,DHUNINV,EQ,430,299,69.53
20,718,DIAMINESQ,EQ,2074,1371,66.10
20,719,DIAMONDYD,EQ,164804,124909,75.79
20,720,DICIND,EQ,3624,2749,75.86
20,721,DIFFNKG,EQ,67350,28166,41.82
20,722,DIGIDRIVE,EQ,73195,49719,67.93
20,723,DIGIKORE,ST,2600,2600,100.00
20,724,DIGISPICE,EQ,76560,39593,51.71
20,725,DISHTV,EQ,11628593,6981680,60.04
20,726,DIVGIITTS,EQ,6018,4314,71.68
20,727,DIVISLAB,EQ,234255,94420,40.31
20,728,DIVOPPBEES,EQ,30944,22123,71.49
20,729,DIVYADHAN,ST,6000,6000,100.00
20,730,DIXON,EQ,385236,91561,23.77
20,731,DKEGL,SM,1500,1500,100.00
20,732,DLF,EQ,5414885,2156868,39.83
20,733,DLINKINDIA,EQ,126242,56252,44.56
20,734,DMART,EQ,325453,207070,63.63
20,735,DNAMEDIA,EQ,202636,143287,70.71
20,736,DODLA,EQ,260578,42108,16.16
20,737,DOLATALGO,EQ,430698,246500,57.23
20,738,DOLLAR,EQ,49851,27353,54.87
20,739,DOLLEX,SM,8000,8000,100.00
20,740,DOLPHIN,EQ,13675,9994,73.08
20,741,DOMS,EQ,137088,33102,24.15
20,742,DONEAR,EQ,83026,43652,52.58
20,743,DPABHUSHAN,EQ,6309,3183,50.45
20,744,DPEL,ST,58500,52500,89.74
20,745,DPSCLTD,EQ,123358,77257,62.63
20,746,DPWIRES,EQ,18182,7653,42.09
20,747,DRCSYSTEMS,EQ,67013,36701,54.77
20,748,DREAMFOLKS,EQ,68669,35855,52.21
20,749,DREDGECORP,EQ,17258,6964,40.35
20,750,DRL,SM,6000,6000,100.00
20,751,DRONE,ST,8000,8000,100.00
20,752,DRREDDY,EQ,3290757,2129864,64.72
20,753,DSSL,EQ,39360,21282,54.07
20,754,DTIL,EQ,7936,3819,48.12
20,755,DTL,SM,43200,42000,97.22
20,756,DUCOL,SM,4000,3200,80.00
20,757,DUCON,EQ,570749,369134,64.68
20,758,DUGLOBAL,SM,10000,5000,50.00
20,759,DURLAX,SM,20000,18000,90.00
20,760,DVL,EQ,8438,5057,59.93
20,761,DWARKESH,EQ,662585,271341,40.95
20,762,DYCL,EQ,56424,20797,36.86
20,763,DYNAMATECH,EQ,7727,3625,46.91
20,764,DYNAMIC,ST,29500,19000,64.41
20,765,DYNPRO,EQ,8425,6888,81.76
20,766,EASEMYTRIP,EQ,35488965,13429124,37.84
20,767,EBANKNIFTY,EQ,359,308,85.79
20,768,EBBETF0425,EQ,3973,2746,69.12
20,769,EBBETF0430,EQ,15195,13089,86.14
20,770,EBBETF0431,EQ,2169,1585,73.08
20,771,EBBETF0433,EQ,4306,4039,93.80
20,772,ECAPINSURE,EQ,28117,18400,65.44
20,773,ECLERX,EQ,185494,112037,60.40
20,774,ECOSMOBLTY,EQ,109793,38018,34.63
20,775,EDELWEISS,EQ,1872817,740967,39.56
20,776,EFACTOR,ST,2400,2400,100.00
20,777,EFFWA,ST,22400,21600,96.43
20,778,EFORCE,SM,31200,24000,76.92
20,779,EGOLD,EQ,2533,2074,81.88
20,780,EICHERMOT,EQ,480830,246118,51.19
20,781,EIDPARRY,EQ,95152,38585,40.55
20,782,EIEL,EQ,3718571,773996,20.81
20,783,EIFFL,EQ,13743,10717,77.98
20,784,EIHAHOTELS,EQ,12132,4893,40.33
20,785,EIHOTEL,EQ,231620,105694,45.63
20,786,EIMCOELECO,EQ,5707,3625,63.52
20,787,EKC,EQ,364121,117338,32.23
20,788,ELDEHSG,EQ,714,480,67.23
20,789,ELECON,EQ,328701,143684,43.71
20,790,ELECTCAST,EQ,1924273,879417,45.70
20,791,ELGIEQUIP,EQ,90228,47015,52.11
20,792,ELIN,EQ,103391,63821,61.73
20,793,EMAIN,ST,238000,232000,97.48
20,794,EMAMILTD,EQ,337052,198096,58.77
20,795,EMAMIPAP,EQ,11166,6583,58.96
20,796,EMBASSY,RR,959567,897015,93.48
20,797,EMBDL,EQ,8042384,3052728,37.96
20,798,EMCURE,EQ,59804,31668,52.95
20,799,EMIL,EQ,835760,606071,72.52
20,800,EMKAYTOOLS,SM,1800,1800,100.00
20,801,EMMBI,EQ,77548,27492,35.45
20,802,EMMIL,ST,16750,16000,95.52
20,803,EMSLIMITED,EQ,383883,139899,36.44
20,804,EMUDHRA,EQ,1098602,358741,32.65
20,805,EMULTIMQ,EQ,77212,74853,96.94
20,806,ENDURANCE,EQ,36713,17296,47.11
20,807,ENFUSE,ST,1200,1200,100.00
20,808,ENGINERSIN,EQ,2189369,717580,32.78
20,809,ENIL,EQ,11767,7517,63.88
20,810,ENSER,ST,29000,29000,100.00
20,811,ENTERO,EQ,80816,62091,76.83
20,812,ENVIRO,SM,24000,14000,58.33
20,813,EPACK,EQ,1132654,465147,41.07
20,814,EPIGRAL,EQ,42476,19241,45.30
20,815,EPL,EQ,360580,149284,41.40
20,816,EQUAL50ADD,EQ,17076,16597,97.19
20,817,EQUITASBNK,EQ,2395412,1165556,48.66
20,818,ERIS,EQ,59418,28780,48.44
20,819,ESABINDIA,EQ,5939,3758,63.28
20,820,ESAFSFB,EQ,316253,147479,46.63
20,821,ESCONET,ST,800,800,100.00
20,822,ESCORTS,EQ,137480,43209,31.43
20,823,ESFL,SM,81720,57600,70.48
20,824,ESG,EQ,2188,1979,90.45
20,825,ESILVER,EQ,16069,13821,86.01
20,826,ESPRIT,ST,25600,22400,87.50
20,827,ESSENTIA,EQ,1708306,1135680,66.48
20,828,ESTER,EQ,121499,56740,46.70
20,829,ETHOSLTD,EQ,18981,7239,38.14
20,830,ETML,SM,129600,98400,75.93
20,831,EUREKAFORB,EQ,168764,114119,67.62
20,832,EUROBOND,SM,1000,1000,100.00
20,833,EVEREADY,EQ,14718,5463,37.12
20,834,EVINDIA,EQ,466081,225536,48.39
20,835,EXCELINDUS,EQ,17503,5531,31.60
20,836,EXICOM,EQ,327967,140250,42.76
20,837,EXIDEIND,EQ,3293486,846999,25.72
20,838,EXPLEOSOL,EQ,6667,3045,45.67
20,839,EXXARO,EQ,716460,414088,57.80
20,840,FACT,EQ,362630,63854,17.61
20,841,FAIRCHEMOR,EQ,24495,15420,62.95
20,842,FALCONTECH,SM,2400,2400,100.00
20,843,FAZE3Q,EQ,24725,16004,64.73
20,844,FCL,EQ,391078,166367,42.54
20,845,FCSSOFT,EQ,1685134,990981,58.81
20,846,FDC,EQ,24998,10587,42.35
20,847,FEDERALBNK,EQ,14297599,5887096,41.18
20,848,FEDFINA,EQ,325618,183210,56.27
20,849,FELIX,ST,9000,9000,100.00
20,850,FIBERWEB,EQ,45503,20053,44.07
20,851,FIDEL,ST,11000,11000,100.00
20,852,FIEMIND,EQ,25260,13454,53.26
20,853,FILATEX,EQ,2269161,1106758,48.77
20,854,FINCABLES,EQ,116793,39248,33.60
20,855,FINEORG,EQ,13151,4246,32.29
20,856,FINIETF,EQ,117235,57437,48.99
20,857,FINOPB,EQ,78886,26484,33.57
20,858,FINPIPE,EQ,681753,275196,40.37
20,859,FIRSTCRY,EQ,202238,107288,53.05
20,860,FIVESTAR,EQ,263874,88189,33.42
20,861,FLAIR,EQ,96246,50471,52.44
20,862,FLUOROCHEM,EQ,75749,26008,34.33
20,863,FMCGIETF,EQ,525950,327436,62.26
20,864,FMGOETZE,EQ,11428,4716,41.27
20,865,FOCUS,EQ,442668,236634,53.46
20,866,FONEBOX,SM,6000,5000,83.33
20,867,FOODSIN,EQ,65687,31348,47.72
20,868,FORCAS,ST,17600,17600,100.00
20,869,FORCEMOT,EQ,14638,6655,45.46
20,870,FORGEAUTO,SM,2400,1200,50.00
20,871,FORTIS,EQ,1854870,848793,45.76
20,872,FOSECOIND,EQ,1221,769,62.98
20,873,FRESHARA,ST,99600,98400,98.80
20,874,FROG,SM,160000,89600,56.00
20,875,FSL,EQ,1994456,561259,28.14
20,876,FUSION,EQ,217678,117763,54.10
20,877,GABRIEL,EQ,3390937,297389,8.77
20,878,GAEL,EQ,1268479,719909,56.75
20,879,GAIL,EQ,30173614,10292061,34.11
20,880,GAJANAND,ST,12000,12000,100.00
20,881,GALAPREC,EQ,90718,23153,25.52
20,882,GALAXYSURF,EQ,3269,1687,51.61
20,883,GALLANTT,EQ,18463,13343,72.27
20,884,GANDHAR,EQ,149394,67572,45.23
20,885,GANDHITUBE,EQ,2581,1492,57.81
20,886,GANECOS,EQ,71942,25849,35.93
20,887,GANESHBE,EQ,63163,33025,52.29
20,888,GANESHHOUC,EQ,172861,50285,29.09
20,889,GANESHIN,SM,83200,73600,88.46
20,890,GANGAFORGE,EQ,140506,118166,84.10
20,891,GANGESSECU,EQ,6434,2509,39.00
20,892,GARFIBRES,EQ,62855,40854,65.00
20,893,GARUDA,EQ,929808,268982,28.93
20,894,GATEWAY,EQ,932731,458625,49.17
20,895,GEECEE,EQ,4081,1477,36.19
20,896,GEEKAYWIRE,EQ,54770,30691,56.04
20,897,GENCON,EQ,79036,38157,48.28
20,898,GENESYS,EQ,232545,101598,43.69
20,899,GENSOL,EQ,310167,79679,25.69
20,900,GENUSPAPER,EQ,161578,80890,50.06
20,901,GENUSPOWER,EQ,505135,229286,45.39
20,902,GEOJITFSL,EQ,324303,146166,45.07
20,903,GEPIL,EQ,119234,54506,45.71
20,904,GESHIP,EQ,244615,103178,42.18
20,905,GFLLIMITED,EQ,56523,30551,54.05
20,906,GGBL,ST,29700,28500,95.96
20,907,GHCL,EQ,178134,83852,47.07
20,908,GHCLTEXTIL,EQ,87014,38850,44.65
20,909,GICHSGFIN,EQ,89055,37706,42.34
20,910,GICL,ST,3000,3000,100.00
20,911,GICRE,EQ,556886,108774,19.53
20,912,GILLETTE,EQ,12304,3933,31.97
20,913,GILT5YBEES,EQ,360582,285081,79.06
20,914,GINNIFILA,EQ,29694,17130,57.69
20,915,GIPCL,EQ,397261,227720,57.32
20,916,GIRIRAJ,ST,1250,1250,100.00
20,917,GKWLIMITED,EQ,387,176,45.48
20,918,GLAND,EQ,97520,51324,52.63
20,919,GLAXO,EQ,219216,165140,75.33
20,920,GLENMARK,EQ,281776,102234,36.28
20,921,GLOBAL,EQ,85023,44141,51.92
20,922,GLOBALPET,SM,3000,1500,50.00
20,923,GLOBE,EQ,3560461,2122169,59.60
20,924,GLOBUSSPR,EQ,122001,59809,49.02
20,925,GLOSTERLTD,EQ,1454,744,51.17
20,926,GMBREW,EQ,30219,11359,37.59
20,927,GMDCLTD,EQ,1738852,340780,19.60
20,928,GMMPFAUDLR,EQ,37739,22420,59.41
20,929,GMRAIRPORT,EQ,19604319,10669039,54.42
20,930,GMRP&UI,EQ,2401064,1265033,52.69
20,931,GNA,EQ,48781,33833,69.36
20,932,GNFC,EQ,405140,130237,32.15
20,933,GOACARBON,EQ,20123,7961,39.56
20,934,GOCLCORP,EQ,13625,5102,37.45
20,935,GOCOLORS,EQ,43557,29084,66.77
20,936,GODAVARIB,EQ,150203,57998,38.61
20,937,GODFRYPHLP,EQ,22926,8175,35.66
20,938,GODIGIT,EQ,1264738,332129,26.26
20,939,GODREJAGRO,EQ,73406,35407,48.23
20,940,GODREJCP,EQ,2106354,1531586,72.71
20,941,GODREJIND,EQ,124982,40569,32.46
20,942,GODREJPROP,EQ,924125,338166,36.59
20,943,GOKEX,EQ,86290,42172,48.87
20,944,GOKULAGRO,EQ,88813,45940,51.73
20,945,GOLD1,EQ,407065,237275,58.29
20,946,GOLDBEES,EQ,11532203,8127629,70.48
20,947,GOLDCASE,EQ,2356485,2197204,93.24
20,948,GOLDETF,EQ,208380,162644,78.05
20,949,GOLDETFADD,EQ,67035,41185,61.44
20,950,GOLDIAM,EQ,2949281,604794,20.51
20,951,GOLDIETF,EQ,2163222,2047134,94.63
20,952,GOLDSHARE,EQ,199233,173811,87.24
20,953,GOLDSTAR,SM,67500,56250,83.33
20,954,GOODLUCK,EQ,60903,21389,35.12
20,955,GOPAL,EQ,70603,36325,51.45
20,956,GOYALALUM,EQ,114133,56282,49.31
20,957,GOYALSALT,SM,9600,8400,87.50
20,958,GPECO,ST,12000,9600,80.00
20,959,GPIL,EQ,890061,387575,43.54
20,960,GPPL,EQ,1026185,530473,51.69
20,961,GPTHEALTH,EQ,75343,46373,61.55
20,962,GPTINFRA,EQ,170624,73297,42.96
20,963,GRANULES,EQ,3472172,1211410,34.89
20,964,GRAPHISAD,ST,1200,1200,100.00
20,965,GRAPHITE,EQ,205766,77860,37.84
20,966,GRASIM,EQ,397046,117401,29.57
20,967,GRAVITA,EQ,269209,113877,42.30
20,968,GREAVESCOT,EQ,5823058,1254441,21.54
20,969,GREENCHEF,SM,1600,1600,100.00
20,970,GREENLAM,EQ,37179,15037,40.44
20,971,GREENPANEL,EQ,50861,20996,41.28
20,972,GREENPLY,EQ,68268,27900,40.87
20,973,GREENPOWER,EQ,3098258,1751510,56.53
20,974,GRETEX,ST,750,750,100.00
20,975,GRINDWELL,EQ,33971,17387,51.18
20,976,GRINFRA,EQ,165942,22799,13.74
20,977,GRMOVER,EQ,613624,160503,26.16
20,978,GROBTEA,EQ,41,25,60.98
20,979,GROWWDEFNC,EQ,184586,96068,52.05
20,980,GROWWEV,EQ,206817,150908,72.97
20,981,GROWWGOLD,EQ,102259,54671,53.46
20,982,GROWWLIQID,EQ,38064,28911,75.95
20,983,GRPLTD,EQ,2260,1354,59.91
20,984,GRSE,EQ,922102,194613,21.11
20,985,GRWRHITECH,EQ,70528,26855,38.08
20,986,GSEC10IETF,EQ,1293,1080,83.53
20,987,GSEC10YEAR,EQ,756,745,98.54
20,988,GSEC5IETF,EQ,3032,3012,99.34
20,989,GSFC,EQ,856029,316423,36.96
20,990,GSLSU,EQ,36171,13574,37.53
20,991,GSMFOILS,ST,6000,6000,100.00
20,992,GSPL,EQ,1082768,645725,59.64
20,993,GSS,EQ,29107,17466,60.01
20,994,GSTL,ST,6000,5000,83.33
20,995,GTL,EQ,462886,235877,50.96
20,996,GTLINFRA,EQ,34100292,14333781,42.03
20,997,GTPL,EQ,29103,11056,37.99
20,998,GUFICBIO,EQ,40597,20631,50.82
20,999,GUJALKALI,EQ,15280,7926,51.87
20,1000,GUJAPOLLO,EQ,13991,5154,36.84
20,1001,GUJGASLTD,EQ,595599,167032,28.04
20,1002,GULFOILLUB,EQ,40823,18842,46.16
20,1003,GULFPETRO,EQ,225443,151536,67.22
20,1004,GULPOLY,EQ,101221,58912,58.20
20,1005,GVPTECH,EQ,53617,37323,69.61
20,1006,GVT&D,EQ,203031,140976,69.44
20,1007,HAL,EQ,1513385,426063,28.15
20,1008,HAPPSTMNDS,EQ,118025,49654,42.07
20,1009,HAPPYFORGE,EQ,17054,5367,31.47
20,1010,HARIOMPIPE,EQ,46585,26654,57.22
20,1011,HARRMALAYA,EQ,19376,11731,60.54
20,1012,HARSHA,EQ,42837,19536,45.61
20,1013,HATHWAY,EQ,3089990,1249307,40.43
20,1014,HATSUN,EQ,12859,6426,49.97
20,1015,HAVELLS,EQ,597904,232819,38.94
20,1016,HAVISHA,EQ,26186,21355,81.55
20,1017,HBLENGINE,EQ,6696272,1136401,16.97
20,1018,HBSL,EQ,5674,2890,50.93
20,1019,HCC,EQ,16878002,6344943,37.59
20,1020,HCG,EQ,510388,432184,84.68
20,1021,HCL-INSYS,EQ,172692,120071,69.53
20,1022,HCLTECH,EQ,2543744,1776644,69.84
20,1023,HDFCAMC,EQ,405748,167914,41.38
20,1024,HDFCBANK,EQ,12872423,7227795,56.15
20,1025,HDFCBSE500,EQ,11759,10162,86.42
20,1026,HDFCGOLD,EQ,1365594,1020950,74.76
20,1027,HDFCGROWTH,EQ,2012,1325,65.85
20,1028,HDFCLIFE,EQ,2899445,1292491,44.58
20,1029,HDFCLIQUID,EQ,2372,1754,73.95
20,1030,HDFCLOWVOL,EQ,10684,8337,78.03
20,1031,HDFCMID150,EQ,178791,112862,63.13
20,1032,HDFCMOMENT,EQ,152657,124672,81.67
20,1033,HDFCNEXT50,EQ,75328,62826,83.40
20,1034,HDFCNIF100,EQ,130116,127252,97.80
20,1035,HDFCNIFBAN,EQ,74088,66539,89.81
20,1036,HDFCNIFIT,EQ,3262,2535,77.71
20,1037,HDFCNIFTY,EQ,260664,213044,81.73
20,1038,HDFCPSUBK,EQ,12018,7932,66.00
20,1039,HDFCPVTBAN,EQ,50206,33385,66.50
20,1040,HDFCQUAL,EQ,6530,3619,55.42
20,1041,HDFCSENSEX,EQ,51374,45092,87.77
20,1042,HDFCSILVER,EQ,429825,273101,63.54
20,1043,HDFCSML250,EQ,973261,587996,60.42
20,1044,HDFCVALUE,EQ,39786,38563,96.93
20,1045,HEADSUP,EQ,4449,3439,77.30
20,1046,HEALTHADD,EQ,1049,1017,96.95
20,1047,HEALTHIETF,EQ,215528,31793,14.75
20,1048,HEALTHY,EQ,106301,76369,71.84
20,1049,HEG,EQ,421619,162550,38.55
20,1050,HEIDELBERG,EQ,1223103,214021,17.50
20,1051,HEMIPROP,EQ,342645,234502,68.44
20,1052,HERANBA,EQ,64326,31607,49.14
20,1053,HERITGFOOD,EQ,229159,106798,46.60
20,1054,HEROMOTOCO,EQ,807120,440718,54.60
20,1055,HESTERBIO,EQ,16517,3323,20.12
20,1056,HEUBACHIND,EQ,50907,27569,54.16
20,1057,HEXATRADEX,EQ,16140,13345,82.68
20,1058,HFCL,EQ,8652119,2124607,24.56
20,1059,HGINFRA,EQ,35144,11647,33.14
20,1060,HGS,EQ,11021,6024,54.66
20,1061,HIGREEN,ST,12000,12000,100.00
20,1062,HIKAL,EQ,153286,42527,27.74
20,1063,HIL,EQ,19179,12774,66.60
20,1064,HILTON,EQ,86735,38781,44.71
20,1065,HIMATSEIDE,EQ,580368,229857,39.61
20,1066,HINDALCO,EQ,4604752,1726505,37.49
20,1067,HINDCOMPOS,EQ,2294,1251,54.53
20,1068,HINDCOPPER,EQ,2885868,863829,29.93
20,1069,HINDMOTORS,EQ,1211216,521658,43.07
20,1070,HINDOILEXP,EQ,652629,376645,57.71
20,1071,HINDPETRO,EQ,4412278,1482314,33.60
20,1072,HINDUNILVR,EQ,1419960,866093,60.99
20,1073,HINDWAREAP,EQ,68817,39199,56.96
20,1074,HINDZINC,EQ,711322,302298,42.50
20,1075,HIRECT,EQ,6788,4161,61.30
20,1076,HISARMETAL,EQ,42044,13906,33.07
20,1077,HITECH,EQ,510128,187969,36.85
20,1078,HITECHCORP,EQ,4983,2605,52.28
20,1079,HLEGLAS,EQ,22941,7843,34.19
20,1080,HLVLTD,EQ,1035554,677342,65.41
20,1081,HMAAGRO,EQ,349488,267196,76.45
20,1082,HMVL,EQ,18249,7286,39.93
20,1083,HNDFDS,EQ,19180,9892,51.57
20,1084,HNGSNGBEES,EQ,84850,51238,60.39
20,1085,HOACFOODS,ST,750,750,100.00
20,1086,HOLMARC,ST,1500,1500,100.00
20,1087,HOMEFIRST,EQ,348859,204169,58.52
20,1088,HOMESFY,SM,300,300,100.00
20,1089,HONASA,EQ,433093,170601,39.39
20,1090,HONAUT,EQ,9884,1439,14.56
20,1091,HONDAPOWER,EQ,3778,1532,40.55
20,1092,HOVS,EQ,11178,4316,38.61
20,1093,HPAL,EQ,88093,54078,61.39
20,1094,HPIL,EQ,4650,2032,43.70
20,1095,HPL,EQ,254880,88801,34.84
20,1096,HRHNEXT,ST,6000,6000,100.00
20,1097,HSCL,EQ,542915,227474,41.90
20,1098,HTMEDIA,EQ,54237,34949,64.44
20,1099,HUBTOWN,EQ,81145,52336,64.50
20,1100,HUDCO,EQ,5071449,1325815,26.14
20,1101,HUHTAMAKI,EQ,93434,42983,46.00
20,1102,HVAX,ST,3000,3000,100.00
20,1103,HYUNDAI,EQ,341982,150356,43.97
20,1104,IBLFL,ST,12000,12000,100.00
20,1105,ICEMAKE,EQ,14510,8530,58.79
20,1106,ICICIB22,EQ,384369,105586,27.47
20,1107,ICICIBANK,EQ,11921041,5832933,48.93
20,1108,ICICIGI,EQ,318201,137751,43.29
20,1109,ICICIPRULI,EQ,555935,153109,27.54
20,1110,ICIL,EQ,142914,75519,52.84
20,1111,ICRA,EQ,1556,549,35.28
20,1112,IDBI,EQ,4412245,1091869,24.75
20,1113,IDEA,EQ,255095259,53522523,20.98
20,1114,IDEAFORGE,EQ,200079,80180,40.07
20,1115,IDEALTECHO,SM,8000,7000,87.50
20,1116,IDENTICAL,ST,44000,38000,86.36
20,1117,IDFCFIRSTB,EQ,52544708,16790968,31.96
20,1118,IDFNIFTYET,EQ,411,366,89.05
20,1119,IEML,SM,5500,3500,63.64
20,1120,IEX,EQ,5780293,1861737,32.21
20,1121,IFBAGRO,EQ,67567,21568,31.92
20,1122,IFBIND,EQ,63843,32099,50.28
20,1123,IFCI,EQ,5326679,1649849,30.97
20,1124,IFGLEXPOR,EQ,7386,2670,36.15
20,1125,IGARASHI,EQ,26286,14391,54.75
20,1126,IGIL,EQ,995237,373996,37.58
20,1127,IGL,EQ,3540024,1549993,43.78
20,1128,IGPL,EQ,32695,10977,33.57
20,1129,IHFL261224,N1,10,10,100.00
20,1130,IIFL,EQ,940434,273768,29.11
20,1131,IIFLCAPS,EQ,404850,236148,58.33
20,1132,IIFLZC25B,NW,1,1,100.00
20,1133,IIFLZC28,NG,421,421,100.00
20,1134,IIFLZC28A,NU,50,50,100.00
20,1135,IKIO,EQ,39336,17053,43.35
20,1136,IKS,EQ,248553,102315,41.16
20,1137,IMAGICAA,EQ,1634208,462905,28.33
20,1138,IMC1,N0,93,93,100.00
20,1139,IMC1,N2,93,93,100.00
20,1140,IMFA,EQ,176427,89007,50.45
20,1141,IMPAL,EQ,1433,1053,73.48
20,1142,INCREDIBLE,EQ,2313,1567,67.75
20,1143,INDBANK,EQ,37262,18514,49.69
20,1144,INDGN,EQ,273252,130915,47.91
20,1145,INDHOTEL,EQ,2728643,1040260,38.12
20,1146,INDIACEM,EQ,840131,139795,16.64
20,1147,INDIAGLYCO,EQ,88127,31817,36.10
20,1148,INDIAMART,EQ,298376,112337,37.65
20,1149,INDIANB,EQ,3276234,993614,30.33
20,1150,INDIANHUME,EQ,36758,21569,58.68
20,1151,INDIASHLTR,EQ,65478,33702,51.47
20,1152,INDIGO,EQ,571581,263546,46.11
20,1153,INDIGOPNTS,EQ,33333,13289,39.87
20,1154,INDIGRID,IV,347163,280691,80.85
20,1155,INDNIPPON,EQ,5651,2844,50.33
20,1156,INDOAMIN,EQ,107254,41960,39.12
20,1157,INDOBORAX,EQ,29959,15520,51.80
20,1158,INDOCO,EQ,91468,50238,54.92
20,1159,INDOFARM,EQ,1505577,297095,19.73
20,1160,INDORAMA,EQ,47234,25605,54.21
20,1161,INDOSTAR,EQ,144053,95581,66.35
20,1162,INDOWIND,EQ,286404,158978,55.51
20,1163,INDRAMEDCO,EQ,118692,50500,42.55
20,1164,INDTERRAIN,EQ,286403,68618,23.96
20,1165,INDUSINDBK,EQ,4509409,2075371,46.02
20,1166,INDUSINVIT,IV,56079,46526,82.97
20,1167,INDUSTOWER,EQ,8768186,4763741,54.33
20,1168,INFIBEAM,EQ,4953002,1748565,35.30
20,1169,INFINIUM,SM,500,500,100.00
20,1170,INFOBEAN,EQ,16106,9918,61.58
20,1171,INFOLLION,ST,11600,9200,79.31
20,1172,INFOMEDIA,EQ,54077,48940,90.50
20,1173,INFRABEES,EQ,9718,7190,73.99
20,1174,INFRAIETF,EQ,86505,30804,35.61
20,1175,INFY,EQ,7336056,4867698,66.35
20,1176,INGERRAND,EQ,4031,2037,50.53
20,1177,INM,SM,1800,1800,100.00
20,1178,INNOMET,SM,19200,15600,81.25
20,1179,INNOVACAP,EQ,32531,11432,35.14
20,1180,INNOVANA,EQ,28322,12414,43.83
20,1181,INOXGREEN,EQ,1844862,600206,32.53
20,1182,INOXINDIA,EQ,138546,70553,50.92
20,1183,INOXWIND,EQ,32788362,4685829,14.29
20,1184,INSECTICID,EQ,55061,31149,56.57
20,1185,INSPIRE,SM,10000,6000,60.00
20,1186,INSPIRISYS,EQ,24046,14702,61.14
20,1187,INTELLECT,EQ,1116806,482351,43.19
20,1188,INTENTECH,EQ,33840,25527,75.43
20,1189,INTERARCH,EQ,112181,44291,39.48
20,1190,INTLCONV,EQ,70374,32060,45.56
20,1191,INVENTURE,EQ,1018618,635137,62.35
20,1192,IOB,EQ,3851286,959288,24.91
20,1193,IOC,EQ,17776744,6630996,37.30
20,1194,IOLCP,EQ,184238,84427,45.82
20,1195,IONEXCHANG,EQ,219796,93641,42.60
20,1196,IPCALAB,EQ,344361,86155,25.02
20,1197,IPHL,ST,13200,13200,100.00
20,1198,IPL,EQ,164812,71187,43.19
20,1199,IPSL,ST,1000,1000,100.00
20,1200,IRB,EQ,14330656,4447147,31.03
20,1201,IRBINVIT,IV,360767,315534,87.46
20,1202,IRCON,EQ,12063956,2110743,17.50
20,1203,IRCTC,EQ,2153478,593031,27.54
20,1204,IREDA,EQ,7011204,1885033,26.89
20,1205,IRFC,EQ,40194969,9102042,22.64
20,1206,IRISDOREME,EQ,175783,105932,60.26
20,1207,IRMENERGY,EQ,43434,20667,47.58
20,1208,ISEC,EQ,70925,32246,45.46
20,1209,ISFT,EQ,7265,3650,50.24
20,1210,ISGEC,EQ,90574,57565,63.56
20,1211,ISHAN,SM,1440000,720000,50.00
20,1212,IT,EQ,37318,19494,52.24
20,1213,ITBEES,EQ,4981713,3259060,65.42
20,1214,ITC,EQ,22496695,15495715,68.88
20,1215,ITDC,EQ,19931,6831,34.27
20,1216,ITDCEM,EQ,471358,332817,70.61
20,1217,ITETF,EQ,81213,35928,44.24
20,1218,ITETFADD,EQ,2296,1305,56.84
20,1219,ITIETF,EQ,705305,304252,43.14
20,1220,IVC,EQ,131017,73094,55.79
20,1221,IVP,EQ,2841,1539,54.17
20,1222,IVZINGOLD,EQ,4128,4064,98.45
20,1223,IVZINNIFTY,EQ,1,1,100.00
20,1224,IWEL,EQ,397,397,100.00
20,1225,IXIGO,EQ,1165179,524361,45.00
20,1226,JAGRAN,EQ,110924,68974,62.18
20,1227,JAGSNPHARM,EQ,607201,136306,22.45
20,1228,JAIBALAJI,EQ,265601,163740,61.65
20,1229,JAICORPLTD,EQ,732796,235641,32.16
20,1230,JAINAM,ST,9000,9000,100.00
20,1231,JAIPURKURT,EQ,108070,53006,49.05
20,1232,JAKHARIA,ST,96800,96800,100.00
20,1233,JALAN,ST,99000,99000,100.00
20,1234,JAMNAAUTO,EQ,329939,149846,45.42
20,1235,JASH,EQ,196021,80181,40.90
20,1236,JAYAGROGN,EQ,5766,2819,48.89
20,1237,JAYBARMARU,EQ,45214,23742,52.51
20,1238,JAYBEE,ST,5000,5000,100.00
20,1239,JAYNECOIND,EQ,118104,92243,78.10
20,1240,JAYSREETEA,EQ,60650,24394,40.22
20,1241,JBCHEPHARM,EQ,26131,9242,35.37
20,1242,JBMA,EQ,1852278,96585,5.21
20,1243,JCHAC,EQ,26728,19016,71.15
20,1244,JEYYAM,SM,38000,16000,42.11
20,1245,JFLLIFE,ST,12000,6000,50.00
20,1246,JGCHEM,EQ,99533,32949,33.10
20,1247,JHS,EQ,82001,60531,73.82
20,1248,JINDALPHOT,EQ,6239,2763,44.29
20,1249,JINDALPOLY,EQ,90334,36474,40.38
20,1250,JINDALSAW,EQ,1720454,604051,35.11
20,1251,JINDALSTEL,EQ,1970355,893630,45.35
20,1252,JINDRILL,EQ,1155717,499044,43.18
20,1253,JINDWORLD,EQ,376734,107577,28.56
20,1254,JIOFIN,EQ,27503919,14435653,52.49
20,1255,JISLDVREQS,EQ,39134,14665,37.47
20,1256,JISLJALEQS,EQ,8483357,2285720,26.94
20,1257,JITFINFRA,EQ,49206,29594,60.14
20,1258,J&KBANK,EQ,10057856,3229712,32.11
20,1259,JKCEMENT,EQ,152372,55446,36.39
20,1260,JKIL,EQ,47977,18947,39.49
20,1261,JKLAKSHMI,EQ,65066,23668,36.38
20,1262,JKPAPER,EQ,1425017,337759,23.70
20,1263,JKTYRE,EQ,359848,173379,48.18
20,1264,JLHL,EQ,31110,13875,44.60
20,1265,JMA,EQ,1891,1325,70.07
20,1266,JMFINANCIL,EQ,3513585,776061,22.09
20,1267,JNKINDIA,EQ,12216,6925,56.69
20,1268,JOCIL,EQ,2337,1656,70.86
20,1269,JPOLYINVST,EQ,3595,1470,40.89
20,1270,JPPOWER,EQ,25240779,8363982,33.14
20,1271,JSFB,EQ,374332,111254,29.72
20,1272,JSL,EQ,1257556,249083,19.81
20,1273,JSLL,SM,15930,10620,66.67
20,1274,JSWENERGY,EQ,9565616,3254690,34.02
20,1275,JSWINFRA,EQ,1314570,716604,54.51
20,1276,JSWSTEEL,EQ,2020147,906752,44.89
20,1277,JTEKTINDIA,EQ,278277,61503,22.10
20,1278,JTLIND,EQ,941919,566332,60.13
20,1279,JUBLFOOD,EQ,1098817,487571,44.37
20,1280,JUBLINGREA,EQ,690693,304146,44.03
20,1281,JUBLPHARMA,EQ,346307,107885,31.15
20,1282,JUNIORBEES,EQ,557135,171410,30.77
20,1283,JUNIPER,EQ,145456,75786,52.10
20,1284,JUSTDIAL,EQ,104044,33644,32.34
20,1285,JWL,EQ,36750489,5216500,14.19
20,1286,JYOTHYLAB,EQ,345892,160424,46.38
20,1287,JYOTICNC,EQ,218705,72914,33.34
20,1288,JYOTISTRUC,EQ,7244685,3623971,50.02
20,1289,K2INFRA,ST,600,600,100.00
20,1290,KABRAEXTRU,EQ,21207,5657,26.68
20,1291,KAJARIACER,EQ,85236,41538,48.73
20,1292,KAKATCEM,EQ,3054,1751,57.33
20,1293,KALAMANDIR,EQ,785267,329217,41.92
20,1294,KALANA,SM,12000,6000,50.00
20,1295,KALYANKJIL,EQ,21631272,2502654,11.57
20,1296,KAMATHOTEL,EQ,15885,10816,68.09
20,1297,KAMDHENU,EQ,859784,636469,74.03
20,1298,KANANIIND,EQ,146975,101008,68.72
20,1299,KANDARP,ST,4000,4000,100.00
20,1300,KANORICHEM,EQ,13329,7709,57.84
20,1301,KANPRPLA,EQ,9558,6285,65.76
20,1302,KANSAINER,EQ,199041,98782,49.63
20,1303,KAPSTON,EQ,6213,3475,55.93
20,1304,KARMAENG,EQ,6526,3817,58.49
20,1305,KARNIKA,ST,3200,3200,100.00
20,1306,KARURVYSYA,EQ,2636866,1244004,47.18
20,1307,KATARIA,ST,18000,18000,100.00
20,1308,KAUSHALYA,EQ,1642,633,38.55
20,1309,KAYNES,EQ,1491656,207892,13.94
20,1310,KCEIL,ST,27500,24500,89.09
20,1311,KCK,ST,2500,2500,100.00
20,1312,KCP,EQ,153694,68027,44.26
20,1313,KCPSUGIND,EQ,87329,55234,63.25
20,1314,KDDL,EQ,5652,2457,43.47
20,1315,KDL,ST,9450,9450,100.00
20,1316,KEC,EQ,787695,262585,33.34
20,1317,KECL,EQ,92629,28518,30.79
20,1318,KEI,EQ,240651,109065,45.32
20,1319,KEL,SM,2400,2400,100.00
20,1320,KELLTONTEC,EQ,1108070,286413,25.85
20,1321,KESORAMIND,EQ,156306,68202,43.63
20,1322,KEYFINSERV,EQ,3410,2112,61.94
20,1323,KFINTECH,EQ,979699,371778,37.95
20,1324,KHADIM,EQ,86455,48321,55.89
20,1325,KHAICHEM,EQ,84006,31506,37.50
20,1326,KHAITANLTD,EQ,1431,846,59.12
20,1327,KHANDSE,EQ,10509,9213,87.67
20,1328,KICL,EQ,2567,1625,63.30
20,1329,KILITCH,EQ,10514,9089,86.45
20,1330,KIMS,EQ,196812,107742,54.74
20,1331,KINGFA,EQ,12654,5728,45.27
20,1332,KIOCL,EQ,101889,29824,29.27
20,1333,KIRIINDUS,EQ,470943,246945,52.44
20,1334,KIRLOSBROS,EQ,130438,37620,28.84
20,1335,KIRLOSENG,EQ,74019,33478,45.23
20,1336,KIRLOSIND,EQ,2815,1123,39.89
20,1337,KIRLPNU,EQ,154806,80955,52.29
20,1338,KKCL,EQ,20350,11583,56.92
20,1339,KKJEWELS,ST,119000,114000,95.80
20,1340,KLL,SM,1600,1600,100.00
20,1341,KMEW,EQ,1786,716,40.09
20,1342,KMSUGAR,EQ,112301,56523,50.33
20,1343,KNAGRI,SM,8000,7200,90.00
20,1344,KNRCON,EQ,413035,188716,45.69
20,1345,KODYTECH,SM,4400,3000,68.18
20,1346,KOHINOOR,EQ,117338,31149,26.55
20,1347,KOKUYOCMLN,EQ,30004,16113,53.70
20,1348,KOLTEPATIL,EQ,207182,92758,44.77
20,1349,KONSTELEC,ST,19000,18000,94.74
20,1350,KONTOR,SM,19200,15000,78.13
20,1351,KORE,ST,3750,3750,100.00
20,1352,KOTAKBANK,EQ,4239181,1578645,37.24
20,1353,KOTARISUG,EQ,70404,39377,55.93
20,1354,KOTHARIPET,EQ,49368,21358,43.26
20,1355,KOTYARK,SM,32700,23600,72.17
20,1356,KPEL,EQ,81058,75230,92.81
20,1357,KPIGREEN,EQ,43012,43012,100.00
20,1358,KPIL,EQ,95705,39906,41.70
20,1359,KPITTECH,EQ,5161240,926498,17.95
20,1360,KPRMILL,EQ,330428,278945,84.42
20,1361,KRBL,EQ,231893,92238,39.78
20,1362,KRISHANA,EQ,95651,87419,91.39
20,1363,KRISHCA,SM,34000,20500,60.29
20,1364,KRISHIVAL,SM,1000,500,50.00
20,1365,KRISHNADEF,SM,27500,19750,71.82
20,1366,KRITI,EQ,21542,11672,54.18
20,1367,KRITINUT,EQ,31937,15012,47.01
20,1368,KRN,EQ,804908,221453,27.51
20,1369,KRONOX,EQ,82969,35122,42.33
20,1370,KROSS,EQ,96770,42135,43.54
20,1371,KRSNAA,EQ,51938,38392,73.92
20,1372,KRYSTAL,EQ,30544,13017,42.62
20,1373,KSB,EQ,97873,68346,69.83
20,1374,KSCL,EQ,33327,19177,57.54
20,1375,KSL,EQ,28200,12575,44.59
20,1376,KSOLVES,EQ,20397,11930,58.49
20,1377,KTKBANK,EQ,1065170,556255,52.22
20,1378,KTL,ST,9000,9000,100.00
20,1379,KUANTUM,EQ,32903,20200,61.39
20,1380,LAGNAM,EQ,10630,2599,24.45
20,1381,LAKSHYA,SM,24000,15200,63.33
20,1382,LALPATHLAB,EQ,952468,566900,59.52
20,1383,LAMOSAIC,ST,5400,5400,100.00
20,1384,LANCORHOL,EQ,17126,12755,74.48
20,1385,LANDMARK,EQ,61662,43344,70.29
20,1386,LAOPALA,EQ,106347,57837,54.39
20,1387,LASA,EQ,34421,16621,48.29
20,1388,LATENTVIEW,EQ,116534,58047,49.81
20,1389,LAURUSLABS,EQ,18484544,1750402,9.47
20,1390,LAWSIKHO,SM,33000,23500,71.21
20,1391,LAXMICOT,EQ,24419,11224,45.96
20,1392,LAXMIDENTL,EQ,2188561,248642,11.36
20,1393,LEMERITE,ST,14400,12000,83.33
20,1394,LEMONTREE,EQ,2084338,740800,35.54
20,1395,LEXUS,EQ,24390,13690,56.13
20,1396,LFIC,EQ,3231,1620,50.14
20,1397,LGBBROSLTD,EQ,67707,36846,54.42
20,1398,LIBAS,EQ,12712,5427,42.69
20,1399,LIBERTSHOE,EQ,16347,8183,50.06
20,1400,LICHSGFIN,EQ,1679601,671012,39.95
20,1401,LICI,EQ,759283,313193,41.25
20,1402,LICMFGOLD,EQ,305,209,68.52
20,1403,LICNETFGSC,EQ,11449,9977,87.14
20,1404,LICNETFN50,EQ,757,448,59.18
20,1405,LICNETFSEN,EQ,68,35,51.47
20,1406,LICNFNHGP,EQ,1395,812,58.21
20,1407,LICNMID100,EQ,2635,1537,58.33
20,1408,LIKHITHA,EQ,38195,16330,42.75
20,1409,LINC,EQ,66287,44843,67.65
20,1410,LINCOLN,EQ,35006,18903,54.00
20,1411,LINDEINDIA,EQ,64291,16992,26.43
20,1412,LIQUID,EQ,124693,63883,51.23
20,1413,LIQUID1,EQ,420512,374640,89.09
20,1414,LIQUIDADD,EQ,352220,273332,77.60
20,1415,LIQUIDBEES,EQ,5468713,4444659,81.27
20,1416,LIQUIDBETF,EQ,7958,6240,78.41
20,1417,LIQUIDCASE,EQ,8732702,7500797,85.89
20,1418,LIQUIDETF,EQ,216706,175595,81.03
20,1419,LIQUIDIETF,EQ,517791,412227,79.61
20,1420,LIQUIDPLUS,EQ,17617,10364,58.83
20,1421,LIQUIDSBI,EQ,589,471,79.97
20,1422,LIQUIDSHRI,EQ,16094,11699,72.69
20,1423,LLOYDS,SM,1000,1000,100.00
20,1424,LLOYDSENGG,EQ,3073333,882284,28.71
20,1425,LLOYDSENT,EQ,2007736,888127,44.24
20,1426,LLOYDSME,EQ,376885,180571,47.91
20,1427,LMW,EQ,2514,1339,53.26
20,1428,LODHA,EQ,1861163,866542,46.56
20,1429,LOKESHMACH,EQ,198508,51296,25.84
20,1430,LOTUSEYE,EQ,5351,1904,35.58
20,1431,LOVABLE,EQ,14542,7111,48.90
20,1432,LOWVOL,EQ,418,380,90.91
20,1433,LOWVOL1,EQ,104551,93353,89.29
20,1434,LOWVOLIETF,EQ,1133602,1069354,94.33
20,1435,LRRPL,ST,27000,24000,88.89
20,1436,LT,EQ,2717740,1401632,51.57
20,1437,LTF,EQ,5076567,1359576,26.78
20,1438,LTFOODS,EQ,433642,205455,47.38
20,1439,LTGILTBEES,EQ,2172955,1692774,77.90
20,1440,LTIM,EQ,178832,85489,47.80
20,1441,LTTS,EQ,92083,35706,38.78
20,1442,LUMAXIND,EQ,3561,1728,48.53
20,1443,LUMAXTECH,EQ,188559,111573,59.17
20,1444,LUPIN,EQ,729992,259551,35.56
20,1445,LUXIND,EQ,42093,19104,45.39
20,1446,LXCHEM,EQ,511168,182032,35.61
20,1447,LYKALABS,EQ,55892,26412,47.26
20,1448,LYPSAGEMS,EQ,16590,9671,58.29
20,1449,MACPOWER,EQ,11605,5161,44.47
20,1450,MADHAV,EQ,10333,3810,36.87
20,1451,MADHAVBAUG,SM,2400,2000,83.33
20,1452,MADHUCON,EQ,32163,27966,86.95
20,1453,MADHUSUDAN,SM,6000,6000,100.00
20,1454,MADRASFERT,EQ,228628,70170,30.69
20,1455,MAFANG,EQ,790225,416563,52.71
20,1456,MAGADSUGAR,EQ,7163,4483,62.59
20,1457,MAGNUM,EQ,17652,12145,68.80
20,1458,MAGSON,SM,86000,52000,60.47
20,1459,MAHABANK,EQ,5465276,1818927,33.28
20,1460,MAHAPEXLTD,EQ,12034,4868,40.45
20,1461,MAHESHWARI,EQ,10710,3730,34.83
20,1462,MAHICKRA,SM,750,750,100.00
20,1463,MAHKTECH,EQ,889841,572232,64.31
20,1464,MAHLIFE,EQ,126206,50541,40.05
20,1465,MAHLOG,EQ,30577,15274,49.95
20,1466,MAHSCOOTER,EQ,5511,3767,68.35
20,1467,MAHSEAMLES,EQ,231570,123395,53.29
20,1468,MAITHANALL,EQ,19689,10992,55.83
20,1469,MAITREYA,ST,4000,4000,100.00
20,1470,MAKEINDIA,EQ,9461,7284,76.99
20,1471,MAKS,SM,1500,1500,100.00
20,1472,MAL,SM,33600,25600,76.19
20,1473,MALLCOM,EQ,1540,848,55.06
20,1474,MALUPAPER,EQ,7610,5430,71.35
20,1475,MAMATA,EQ,302471,83330,27.55
20,1476,MANAKALUCO,EQ,28756,16492,57.35
20,1477,MANAKSIA,EQ,41194,28408,68.96
20,1478,MANAKSTEEL,EQ,24647,13391,54.33
20,1479,MANALIPETC,EQ,265622,109505,41.23
20,1480,MANAPPURAM,EQ,9755228,3678086,37.70
20,1481,MANBA,EQ,133596,71760,53.71
20,1482,MANCREDIT,EQ,38807,12302,31.70
20,1483,MANDEEP,SM,12000,8000,66.67
20,1484,MANGALAM,EQ,8464,3456,40.83
20,1485,MANGCHEFER,EQ,187261,91758,49.00
20,1486,MANGLMCEM,EQ,54600,31443,57.59
20,1487,MANINDS,EQ,95483,58512,61.28
20,1488,MANINFRA,EQ,687555,236244,34.36
20,1489,MANKIND,EQ,375337,217225,57.87
20,1490,MANOMAY,EQ,6030,2652,43.98
20,1491,MANORAMA,EQ,23930,15641,65.36
20,1492,MANORG,EQ,1538,1171,76.14
20,1493,MANUGRAPH,EQ,10115,6405,63.32
20,1494,MANYAVAR,EQ,309545,162099,52.37
20,1495,MAPMYINDIA,EQ,53972,30047,55.67
20,1496,MARALOVER,EQ,10491,5605,53.43
20,1497,MARATHON,EQ,26531,14982,56.47
20,1498,MARCO,SM,22500,10500,46.67
20,1499,MARICO,EQ,911550,417953,45.85
20,1500,MARKSANS,EQ,1020870,383524,37.57
20,1501,MARUTI,EQ,418442,179797,42.97
20,1502,MASFIN,EQ,81478,38732,47.54
20,1503,MASON,ST,8000,8000,100.00
20,1504,MASPTOP50,EQ,218877,144541,66.04
20,1505,MASTEK,EQ,40371,21253,52.64
20,1506,MASTERTR,EQ,35352,22919,64.83
20,1507,MATRIMONY,EQ,3797,2594,68.32
20,1508,MAWANASUG,EQ,25327,13212,52.17
20,1509,MAXESTATES,EQ,108081,46774,43.28
20,1510,MAXHEALTH,EQ,3974586,1950509,49.07
20,1511,MAXIND,EQ,16156,6765,41.87
20,1512,MAXPOSURE,SM,13000,10000,76.92
20,1513,MAYURUNIQ,EQ,32556,17199,52.83
20,1514,MAZDOCK,EQ,2169832,335844,15.48
20,1515,MBAPL,EQ,42438,18448,43.47
20,1516,MBLINFRA,EQ,116524,37230,31.95
20,1517,MCON,ST,10000,8000,80.00
20,1518,MCX,EQ,366712,146861,40.05
20,1519,MDL,SM,8000,8000,100.00
20,1520,MEDANTA,EQ,89736,51194,57.05
20,1521,MEDIASSIST,EQ,113331,70714,62.40
20,1522,MEDICAMEQ,EQ,2948,1544,52.37
20,1523,MEDICO,EQ,1917516,577647,30.12
20,1524,MEDIORG,SM,18000,12000,66.67
20,1525,MEDPLUS,EQ,298534,250048,83.76
20,1526,MEGAFLEX,SM,12000,12000,100.00
20,1527,MEGASTAR,EQ,193371,163643,84.63
20,1528,MEGATHERM,SM,8000,6800,85.00
20,1529,MENONBE,EQ,20332,11913,58.59
20,1530,METAL,EQ,147063,44197,30.05
20,1531,METALIETF,EQ,1113783,540908,48.56
20,1532,METROBRAND,EQ,23071,9333,40.45
20,1533,METROPOLIS,EQ,154949,50058,32.31
20,1534,MFSL,EQ,229496,80842,35.23
20,1535,MGEL,EQ,116853,77935,66.69
20,1536,MGL,EQ,2232617,581157,26.03
20,1537,MHHL,ST,67500,60000,88.89
20,1538,MHRIL,EQ,57110,37905,66.37
20,1539,MICEL,EQ,111604,85879,76.95
20,1540,MICROPRO,SM,9600,9600,100.00
20,1541,MID150BEES,EQ,396711,213887,53.92
20,1542,MID150CASE,EQ,982992,803110,81.70
20,1543,MIDCAP,EQ,24226,13870,57.25
20,1544,MIDCAPETF,EQ,1251697,931408,74.41
20,1545,MIDCAPIETF,EQ,492773,212236,43.07
20,1546,MIDHANI,EQ,232355,83910,36.11
20,1547,MIDQ50ADD,EQ,3003,2970,98.90
20,1548,MIDSELIETF,EQ,172507,76181,44.16
20,1549,MIDSMALL,EQ,695897,539207,77.48
20,1550,MIEL,ST,6000,6000,100.00
20,1551,MINDACORP,EQ,450976,196229,43.51
20,1552,MINDSPACE,RR,42202,36548,86.60
20,1553,MINDTECK,EQ,25192,10767,42.74
20,1554,MIRCELECTR,EQ,1552584,1147267,73.89
20,1555,MIRZAINT,EQ,103891,73011,70.28
20,1556,MITCON,EQ,18865,10539,55.87
20,1557,MITCONPP,E1,465,65,13.98
20,1558,MITTAL,EQ,2233662,1638089,73.34
20,1559,MKPL,EQ,126979,108867,85.74
20,1560,M&M,EQ,3055352,1604975,52.53
20,1561,M&MFIN,EQ,2650797,731961,27.61
20,1562,M&MFIN,N3,64,64,100.00
20,1563,MMFL,EQ,19349,10848,56.06
20,1564,MMP,EQ,22603,15545,68.77
20,1565,MMTC,EQ,1126627,286005,25.39
20,1566,MNC,EQ,8880,7296,82.16
20,1567,MOBIKWIK,EQ,13196425,459437,3.48
20,1568,MODEFENCE,EQ,511117,255301,49.95
20,1569,MODIRUBBER,EQ,184,176,95.65
20,1570,MODISONLTD,EQ,14242,7349,51.60
20,1571,MOGSEC,EQ,16479,16190,98.25
20,1572,MOHEALTH,EQ,53868,40102,74.44
20,1573,MOIL,EQ,1136837,405394,35.66
20,1574,MOKSH,EQ,87120,57474,65.97
20,1575,MOL,EQ,317207,173319,54.64
20,1576,MOLDTECH,EQ,54348,32057,58.98
20,1577,MOLDTKPAC,EQ,94552,21968,23.23
20,1578,MOLOWVOL,EQ,4369,4142,94.80
20,1579,MOM100,EQ,610409,263383,43.15
20,1580,MOM30IETF,EQ,1032392,709845,68.76
20,1581,MOM50,EQ,2431,2034,83.67
20,1582,MOMENTUM,EQ,122202,95598,78.23
20,1583,MOMENTUM50,EQ,356928,266108,74.56
20,1584,MOMOMENTUM,EQ,139041,105121,75.60
20,1585,MON100,EQ,398524,214744,53.88
20,1586,MONARCH,EQ,197821,92301,46.66
20,1587,MONIFTY500,EQ,184885,153995,83.29
20,1588,MONOPHARMA,SM,8000,8000,100.00
20,1589,MONQ50,EQ,77533,53039,68.41
20,1590,MONTECARLO,EQ,19064,9025,47.34
20,1591,MOQUALITY,EQ,1178,583,49.49
20,1592,MOREALTY,EQ,309634,220089,71.08
20,1593,MOREPENLAB,EQ,2627049,784433,29.86
20,1594,MOS,ST,1600,1600,100.00
20,1595,MOSMALL250,EQ,782502,618272,79.01
20,1596,MOTHERSON,EQ,10929736,4703951,43.04
20,1597,MOTILALOFS,EQ,2759670,835980,30.29
20,1598,MOTISONS,EQ,236023,236023,100.00
20,1599,MOTOGENFIN,EQ,19785,15238,77.02
20,1600,MOVALUE,EQ,26097,16852,64.57
20,1601,MPHASIS,EQ,1251426,545660,43.60
20,1602,MPSLTD,EQ,40693,18378,45.16
20,1603,MRF,EQ,7858,2158,27.46
20,1604,MRO-TEK,EQ,2406,1280,53.20
20,1605,MRPL,EQ,1046473,261036,24.94
20,1606,MSPL,EQ,144509,89890,62.20
20,1607,MSTCLTD,EQ,171926,57443,33.41
20,1608,MSUMI,EQ,6251926,5425921,86.79
20,1609,MTARTECH,EQ,76193,19998,26.25
20,1610,MTNL,EQ,1792990,551781,30.77
20,1611,MUFIN,EQ,116545,75251,64.57
20,1612,MUFTI,EQ,132596,55003,41.48
20,1613,MUKANDLTD,EQ,198312,104845,52.87
20,1614,MUKKA,EQ,269625,133269,49.43
20,1615,MUKTAARTS,EQ,21214,11351,53.51
20,1616,MULTICAP,EQ,101383,86599,85.42
20,1617,MUNJALAU,EQ,65258,31484,48.25
20,1618,MUNJALSHOW,EQ,37123,23856,64.26
20,1619,MURUDCERA,EQ,27156,11418,42.05
20,1620,MUTHOOTCAP,EQ,16292,12199,74.88
20,1621,MUTHOOTFIN,EQ,377592,158752,42.04
20,1622,MUTHOOTMF,EQ,103551,54768,52.89
20,1623,MVGJL,EQ,172955,54117,31.29
20,1624,MVKAGRO,SM,42000,38400,91.43
20,1625,MWL,SM,37200,28800,77.42
20,1626,MYMUDRA,SM,21600,19200,88.89
20,1627,NACLIND,EQ,301902,128374,42.52
20,1628,NAGAFERT,EQ,721010,319532,44.32
20,1629,NAGREEKEXP,EQ,16482,6564,39.83
20,1630,NAHARCAP,EQ,5383,2596,48.23
20,1631,NAHARINDUS,EQ,12214,6662,54.54
20,1632,NAHARPOLY,EQ,6751,3849,57.01
20,1633,NAHARSPING,EQ,47633,34649,72.74
20,1634,NAMAN,ST,43200,43200,100.00
20,1635,NAM-INDIA,EQ,2064782,1401684,67.89
20,1636,NAMOEWASTE,ST,46400,41600,89.66
20,1637,NATCOPHARM,EQ,391508,163984,41.89
20,1638,NATHBIOGEN,EQ,37064,28002,75.55
20,1639,NATIONALUM,EQ,6080681,2231647,36.70
20,1640,NAUKRI,EQ,343735,166680,48.49
20,1641,NAVA,EQ,591993,317662,53.66
20,1642,NAVINFLUOR,EQ,403921,106888,26.46
20,1643,NAVKARCORP,EQ,699010,343298,49.11
20,1644,NAVNETEDUL,EQ,40273,23375,58.04
20,1645,NAZARA,EQ,142254,54575,38.36
20,1646,NBCC,EQ,7405863,2180838,29.45
20,1647,NCC,EQ,4379998,1230104,28.08
20,1648,NCLIND,EQ,59584,40202,67.47
20,1649,NDL,EQ,2990128,1650472,55.20
20,1650,NDLVENTURE,EQ,16996,4933,29.02
20,1651,NDRAUTO,EQ,10949,5262,48.06
20,1652,NDTV,EQ,128791,68016,52.81
20,1653,NECCLTD,EQ,69124,38078,55.09
20,1654,NEELAM,ST,12000,6000,50.00
20,1655,NELCAST,EQ,32727,16990,51.91
20,1656,NELCO,EQ,56439,21736,38.51
20,1657,NEOGEN,EQ,17831,6793,38.10
20,1658,NEPHROCARE,SM,11200,9600,85.71
20,1659,NESCO,EQ,46263,23055,49.83
20,1660,NESTLEIND,EQ,574560,263915,45.93
20,1661,NETF,EQ,2061,1273,61.77
20,1662,NETWEB,EQ,1349374,554492,41.09
20,1663,NETWORK18,EQ,2730049,1205964,44.17
20,1664,NEULANDLAB,EQ,23963,9416,39.29
20,1665,NEWGEN,EQ,597617,226552,37.91
20,1666,NEWJAISA,SM,58500,42000,71.79
20,1667,NEXT50,EQ,10631,7844,73.78
20,1668,NEXT50IETF,EQ,625077,340525,54.48
20,1669,NFL,EQ,1637572,395233,24.14
20,1670,NGIL,EQ,98992,4993,5.04
20,1671,NGILPP1,E1,1746,1740,99.66
20,1672,NGLFINE,EQ,945,635,67.20
20,1673,NH,EQ,173124,91614,52.92
20,1674,NHIT,IV,25000,25000,100.00
20,1675,NHPC,EQ,17707842,6467382,36.52
20,1676,NIACL,EQ,1217078,296817,24.39
20,1677,NIDAN,SM,4000,3000,75.00
20,1678,NIF100BEES,EQ,19103,15498,81.13
20,1679,NIF100IETF,EQ,135482,41713,30.79
20,1680,NIF5GETF,EQ,247,139,56.28
20,1681,NIFITETF,EQ,1430,1169,81.75
20,1682,NIFMID150,EQ,639,595,93.11
20,1683,NIFTY1,EQ,288441,248587,86.18
20,1684,NIFTY50ADD,EQ,29462,26519,90.01
20,1685,NIFTYBEES,EQ,6330889,4279909,67.60
20,1686,NIFTYBETF,EQ,1644,1188,72.26
20,1687,NIFTYETF,EQ,67261,52560,78.14
20,1688,NIFTYIETF,EQ,654542,489573,74.80
20,1689,NIFTYQLITY,EQ,342121,224954,65.75
20,1690,NIITLTD,EQ,605110,253837,41.95
20,1691,NIITMTS,EQ,368985,344839,93.46
20,1692,NILAINFRA,EQ,525160,336386,64.05
20,1693,NILKAMAL,EQ,2589,1572,60.72
20,1694,NINSYS,EQ,9111,5311,58.29
20,1695,NIPPOBATRY,EQ,9396,1939,20.64
20,1696,NIRAJ,EQ,6260,4129,65.96
20,1697,NIRMAN,SM,24900,17700,71.08
20,1698,NITINSPIN,EQ,60528,29166,48.19
20,1699,NITIRAJ,EQ,2813,1560,55.46
20,1700,NIVABUPA,EQ,983480,315871,32.12
20,1701,NLCINDIA,EQ,1096809,236983,21.61
20,1702,NMDC,EQ,16385610,5109804,31.18
20,1703,NMSTEEL,ST,19200,16000,83.33
20,1704,NOCIL,EQ,158893,64629,40.67
20,1705,NORTHARC,EQ,127373,65446,51.38
20,1706,NOVAAGRI,EQ,192324,92881,48.29
20,1707,NPBET,EQ,403,359,89.08
20,1708,NPST,SM,12150,9000,74.07
20,1709,NRAIL,EQ,2836,1553,54.76
20,1710,NRBBEARING,EQ,77923,36461,46.79
20,1711,NRL,EQ,50690,31982,63.09
20,1712,NSIL,EQ,7316,2878,39.34
20,1713,NSLNISP,EQ,3338319,960299,28.77
20,1714,NTPC,EQ,10375720,4805580,46.32
20,1715,NTPCGREEN,EQ,5107039,1933610,37.86
20,1716,NUCLEUS,EQ,18711,8060,43.08
20,1717,NUVAMA,EQ,83172,37345,44.90
20,1718,NUVOCO,EQ,51824,21307,41.11
20,1719,NV20,EQ,14572,10609,72.80
20,1720,NV20BEES,EQ,12727,7874,61.87
20,1721,NV20IETF,EQ,526115,323690,61.52
20,1722,NXST,RR,50485,45904,90.93
20,1723,NYKAA,EQ,9877453,5851425,59.24
20,1724,OAL,EQ,18926,9649,50.98
20,1725,OBCL,EQ,32705,28112,85.96
20,1726,OBEROIRLTY,EQ,1073078,477469,44.50
20,1727,OBSCP,ST,91200,91200,100.00
20,1728,OCCL,EQ,25632,12133,47.34
20,1729,OCCLLTD,EQ,113098,69886,61.79
20,1730,OFSS,EQ,278975,77375,27.74
20,1731,OIL,EQ,3432662,1473277,42.92
20,1732,OILIETF,EQ,585257,360444,61.59
20,1733,OLAELEC,EQ,20575646,5687436,27.64
20,1734,OLECTRA,EQ,8564481,484407,5.66
20,1735,OLIL,SM,139200,117600,84.48
20,1736,OMAXAUTO,EQ,28958,15251,52.67
20,1737,OMAXE,EQ,136865,74402,54.36
20,1738,OMFURN,ST,9600,9600,100.00
20,1739,OMINFRAL,EQ,75231,26488,35.21
20,1740,ONELIFECAP,EQ,1402,562,40.09
20,1741,ONEPOINT,EQ,862654,222942,25.84
20,1742,ONGC,EQ,12588155,4847951,38.51
20,1743,ONMOBILE,EQ,186177,66737,35.85
20,1744,ONWARDTEC,EQ,77865,37733,48.46
20,1745,ONYX,ST,112000,110000,98.21
20,1746,OPTIEMUS,EQ,129342,72250,55.86
20,1747,ORCHPHARMA,EQ,42084,13204,31.38
20,1748,ORIANA,SM,60825,40650,66.83
20,1749,ORICONENT,EQ,321592,160658,49.96
20,1750,ORIENTALTL,EQ,163419,50509,30.91
20,1751,ORIENTBELL,EQ,6151,3926,63.83
20,1752,ORIENTCEM,EQ,378620,284369,75.11
20,1753,ORIENTCER,EQ,47272,17615,37.26
20,1754,ORIENTELEC,EQ,421782,254786,60.41
20,1755,ORIENTHOT,EQ,237887,138311,58.14
20,1756,ORIENTPPR,EQ,444906,153499,34.50
20,1757,ORIENTTECH,EQ,1157199,414658,35.83
20,1758,ORISSAMINE,EQ,7157,2554,35.69
20,1759,ORTINGLOBE,EQ,5020,3308,65.90
20,1760,OSELDEVICE,ST,8000,8000,100.00
20,1761,OSWALAGRO,EQ,11559,11559,100.00
20,1762,OSWALGREEN,EQ,240168,75439,31.41
20,1763,OWAIS,SM,32900,29500,89.67
20,1764,PAGEIND,EQ,37596,19462,51.77
20,1765,PAISALO,EQ,1519149,657569,43.29
20,1766,PAKKA,EQ,56154,28496,50.75
20,1767,PALASHSECU,EQ,2056,1306,63.52
20,1768,PANACEABIO,EQ,297309,142060,47.78
20,1769,PANAMAPET,EQ,19483,9920,50.92
20,1770,PANSARI,EQ,1484,651,43.87
20,1771,PARACABLES,EQ,897455,378497,42.17
20,1772,PARADEEP,EQ,4233570,1372151,32.41
20,1773,PARAGMILK,EQ,511925,217097,42.41
20,1774,PARAGON,ST,14400,13200,91.67
20,1775,PARAMATRIX,SM,2400,2400,100.00
20,1776,PARAMOUNT,SM,3600,3600,100.00
20,1777,PARAS,EQ,161519,52098,32.26
20,1778,PARASPETRO,EQ,184358,127163,68.98
20,1779,PARIN,ST,4000,2500,62.50
20,1780,PARKHOTELS,EQ,439466,282554,64.29
20,1781,PARTYCRUS,SM,4000,4000,100.00
20,1782,PASHUPATI,ST,21600,21600,100.00
20,1783,PATANJALI,EQ,615777,307284,49.90
20,1784,PATELENG,EQ,1947956,989087,50.78
20,1785,PATINTLOG,EQ,183731,90143,49.06
20,1786,PAVNAIND,EQ,5923,3544,59.83
20,1787,PAYTM,EQ,7835049,1744207,22.26
20,1788,PCBL,EQ,2060662,1006716,48.85
20,1789,PCCL,SM,15200,10400,68.42
20,1790,PCJEWELLER,EQ,9703051,5096417,52.52
20,1791,PDMJEPAPER,EQ,301265,155084,51.48
20,1792,PDSL,EQ,108150,59258,54.79
20,1793,PEARLPOLY,EQ,12147,8308,68.40
20,1794,PEL,EQ,593493,126007,21.23
20,1795,PELATRO,ST,37800,37800,100.00
20,1796,PENIND,EQ,289978,113569,39.16
20,1797,PENINLAND,EQ,425778,225018,52.85
20,1798,PENTAGON,SM,10000,6000,60.00
20,1799,PERFECT,ST,45000,45000,100.00
20,1800,PERSISTENT,EQ,454129,117632,25.90
20,1801,PETRONET,EQ,1860292,1005465,54.05
20,1802,PFC,EQ,12173193,5554666,45.63
20,1803,PFIZER,EQ,10750,4992,46.44
20,1804,PFOCUS,EQ,25366,11808,46.55
20,1805,PFS,EQ,2397088,911007,38.00
20,1806,PGEL,EQ,1154383,428510,37.12
20,1807,PGHH,EQ,6003,5112,85.16
20,1808,PGHL,EQ,4716,3446,73.07
20,1809,PGIL,EQ,47293,25933,54.83
20,1810,PGINVIT,IV,752887,684578,90.93
20,1811,PHANTOMFX,ST,13200,13200,100.00
20,1812,PHARMABEES,EQ,2330298,929806,39.90
20,1813,PHOENIXLTD,EQ,440775,198473,45.03
20,1814,PHOGLOBAL,ST,10000,10000,100.00
20,1815,PIDILITIND,EQ,197508,112224,56.82
20,1816,PIIND,EQ,256135,105504,41.19
20,1817,PILANIINVS,EQ,2339,1092,46.69
20,1818,PILITA,EQ,271212,165952,61.19
20,1819,PITTIENG,EQ,32481,13695,42.16
20,1820,PIXTRANS,EQ,13581,7724,56.87
20,1821,PLASTIBLEN,EQ,4379,1757,40.12
20,1822,PLATIND,EQ,310294,151049,48.68
20,1823,PLAZACABLE,EQ,21474,14027,65.32
20,1824,PNB,EQ,31403759,12109435,38.56
20,1825,PNBGILTS,EQ,226310,92540,40.89
20,1826,PNBHOUSING,EQ,804099,452446,56.27
20,1827,PNC,EQ,10526,5976,56.77
20,1828,PNCINFRA,EQ,294058,107898,36.69
20,1829,PNGJL,EQ,187483,70646,37.68
20,1830,POCL,EQ,189211,98376,51.99
20,1831,PODDARMENT,EQ,6564,4460,67.95
20,1832,POKARNA,EQ,177447,48662,27.42
20,1833,POLICYBZR,EQ,1487051,668434,44.95
20,1834,POLYCAB,EQ,475573,169557,35.65
20,1835,POLYMED,EQ,116467,31226,26.81
20,1836,POLYPLEX,EQ,71673,37095,51.76
20,1837,POLYSIL,SM,8000,6000,75.00
20,1838,PONNIERODE,EQ,5682,2921,51.41
20,1839,POONAWALLA,EQ,2505973,732267,29.22
20,1840,POSITRON,SM,10800,7500,69.44
20,1841,POWERGRID,EQ,10969499,5244603,47.81
20,1842,POWERINDIA,EQ,583770,208315,35.68
20,1843,POWERMECH,EQ,122617,34970,28.52
20,1844,PPAP,EQ,5091,3332,65.45
20,1845,PPL,EQ,70890,30888,43.57
20,1846,PPLPHARMA,EQ,4982728,922166,18.51
20,1847,PPSL,SM,36000,30000,83.33
20,1848,PRAENG,EQ,40500,14467,35.72
20,1849,PRAJIND,EQ,1665103,784519,47.12
20,1850,PRAKASH,EQ,494384,243780,49.31
20,1851,PRAKASHSTL,EQ,326417,199109,61.00
20,1852,PRAMARA,SM,45000,45000,100.00
20,1853,PRANIK,SM,16000,11200,70.00
20,1854,PRATHAM,ST,10800,10800,100.00
20,1855,PRECAM,EQ,150302,68288,45.43
20,1856,PRECISION,ST,16000,14000,87.50
20,1857,PRECWIRE,EQ,125355,45803,36.54
20,1858,PREMEXPLN,EQ,70300,32818,46.68
20,1859,PREMIERENE,EQ,2235479,718831,32.16
20,1860,PRESSTONIC,ST,4000,4000,100.00
20,1861,PRESTIGE,EQ,541192,184141,34.03
20,1862,PRICOLLTD,EQ,153910,70088,45.54
20,1863,PRIMESECU,EQ,65030,26774,41.17
20,1864,PRINCEPIPE,EQ,85494,42061,49.20
20,1865,PRITI,EQ,10162,5901,58.07
20,1866,PRITIKA,ST,3000,3000,100.00
20,1867,PRITIKAUTO,EQ,181127,107735,59.48
20,1868,PRIVISCL,EQ,35546,26031,73.23
20,1869,PRIZOR,ST,18400,18400,100.00
20,1870,PRLIND,SM,13000,12000,92.31
20,1871,PROLIFE,SM,500,500,100.00
20,1872,PROV,SM,240,240,100.00
20,1873,PRSMJOHNSN,EQ,221204,54145,24.48
20,1874,PRUDENT,EQ,65010,36426,56.03
20,1875,PSB,EQ,883010,212788,24.10
20,1876,PSFL,SM,30000,20000,66.67
20,1877,PSPPROJECT,EQ,27857,15309,54.96
20,1878,PSUBANK,EQ,135890,132722,97.67
20,1879,PSUBANKADD,EQ,2044,1649,80.68
20,1880,PSUBNKBEES,EQ,1974061,1242849,62.96
20,1881,PSUBNKIETF,EQ,66978,37771,56.39
20,1882,PTC,EQ,1628593,1037542,63.71
20,1883,PTCIL,EQ,11604,4830,41.62
20,1884,PTL,EQ,30181,20249,67.09
20,1885,PULZ,ST,26000,26000,100.00
20,1886,PUNJABCHEM,EQ,10389,6958,66.97
20,1887,PURPLEUTED,SM,27000,17000,62.96
20,1888,PURVA,EQ,36803,20303,55.17
20,1889,PURVFLEXI,SM,9600,8800,91.67
20,1890,PVP,EQ,765682,419165,54.74
20,1891,PVRINOX,EQ,291186,92135,31.64
20,1892,PVSL,EQ,43041,19874,46.17
20,1893,PVTBANIETF,EQ,1536648,1015389,66.08
20,1894,PVTBANKADD,EQ,40046,31109,77.68
20,1895,PYRAMID,EQ,82007,37417,45.63
20,1896,QGOLDHALF,EQ,38628,26136,67.66
20,1897,QMSMEDI,SM,2000,2000,100.00
20,1898,QNIFTY,EQ,131,108,82.44
20,1899,QUADFUTURE,EQ,2438239,308628,12.66
20,1900,QUADPRO,SM,24000,24000,100.00
20,1901,QUAL30IETF,EQ,61983,41272,66.59
20,1902,QUESS,EQ,523741,134258,25.63
20,1903,QUESTLAB,ST,19200,18000,93.75
20,1904,QUICKHEAL,EQ,118687,37748,31.80
20,1905,QUICKTOUCH,ST,4000,3000,75.00
20,1906,QVCEL,ST,6400,6400,100.00
20,1907,RACE,EQ,5034,4189,83.21
20,1908,RACLGEAR,EQ,10983,5496,50.04
20,1909,RADHIKAJWE,EQ,389524,223521,57.38
20,1910,RADIANTCMS,EQ,179621,142143,79.13
20,1911,RADICO,EQ,242621,124216,51.20
20,1912,RADIOCITY,EQ,135880,80344,59.13
20,1913,RADIOCITY,P1,2818,2635,93.51
20,1914,RADIOWALLA,SM,4800,4800,100.00
20,1915,RAILTEL,EQ,2944665,528209,17.94
20,1916,RAIN,EQ,700939,340445,48.57
20,1917,RAINBOW,EQ,131261,52009,39.62
20,1918,RAJESHEXPO,EQ,414263,175597,42.39
20,1919,RAJINDLTD,SM,27000,12000,44.44
20,1920,RAJMET,EQ,327840,199132,60.74
20,1921,RAJPUTANA,SM,17000,11000,64.71
20,1922,RAJRATAN,EQ,46066,25123,54.54
20,1923,RAJSREESUG,EQ,46957,19563,41.66
20,1924,RALLIS,EQ,244397,101510,41.53
20,1925,RAMANEWS,EQ,197686,123733,62.59
20,1926,RAMAPHO,EQ,39739,25642,64.53
20,1927,RAMASTEEL,EQ,8480532,2283459,26.93
20,1928,RAMCOCEM,EQ,278411,91546,32.88
20,1929,RAMCOIND,EQ,44501,27630,62.09
20,1930,RAMCOSYS,EQ,75383,27130,35.99
20,1931,RAMKY,EQ,46640,23675,50.76
20,1932,RAMRAT,EQ,28649,16858,58.84
20,1933,RANASUG,EQ,119979,66447,55.38
20,1934,RANEENGINE,EQ,12531,8324,66.43
20,1935,RANEHOLDIN,EQ,11519,6886,59.78
20,1936,RAPPID,ST,6600,6000,90.91
20,1937,RATEGAIN,EQ,94534,41800,44.22
20,1938,RATNAMANI,EQ,28262,15819,55.97
20,1939,RATNAVEER,EQ,249356,120620,48.37
20,1940,RAYMOND,EQ,374170,57440,15.35
20,1941,RAYMONDLSL,EQ,438830,178580,40.69
20,1942,RBA,EQ,1955191,1128879,57.74
20,1943,RBL,EQ,12040,6698,55.63
20,1944,RBLBANK,EQ,12439109,3335937,26.82
20,1945,RBMINFRA,SM,60200,48600,80.73
20,1946,RBS,ST,6400,6400,100.00
20,1947,RBZJEWEL,EQ,100384,62687,62.45
20,1948,RCDL,SM,12000,12000,100.00
20,1949,RCF,EQ,2939687,654195,22.25
20,1950,RECLTD,EQ,8302923,3757850,45.26
20,1951,REDINGTON,EQ,1591574,318138,19.99
20,1952,REDTAPE,EQ,73080,41037,56.15
20,1953,REFRACTORY,ST,31000,30000,96.77
20,1954,RELAXO,EQ,39781,17503,44.00
20,1955,RELCHEMQ,EQ,3950,1986,50.28
20,1956,RELIABLE,EQ,3516,2206,62.74
20,1957,RELIANCE,EQ,9269259,4851304,52.34
20,1958,RELIGARE,EQ,831342,404405,48.64
20,1959,RELINFRA,EQ,2679925,1665656,62.15
20,1960,RELTD,EQ,50628,34094,67.34
20,1961,REMSONSIND,EQ,56185,28750,51.17
20,1962,REMUS,SM,4300,2600,60.47
20,1963,RENUKA,EQ,4134685,1408228,34.06
20,1964,REPCOHOME,EQ,107563,57520,53.48
20,1965,REPRO,EQ,190273,91256,47.96
20,1966,RESPONIND,EQ,173555,113807,65.57
20,1967,RETAIL,EQ,2227,1878,84.33
20,1968,REXPRO,ST,4000,4000,100.00
20,1969,RGL,EQ,263863,119402,45.25
20,1970,RHIM,EQ,61316,34224,55.82
20,1971,RICOAUTO,EQ,313897,112345,35.79
20,1972,RIIL,EQ,93694,19142,20.43
20,1973,RILINFRA,SM,58800,55800,94.90
20,1974,RISHABH,EQ,29489,16813,57.01
20,1975,RITCO,EQ,81851,28150,34.39
20,1976,RITES,EQ,1183667,281019,23.74
20,1977,RKDL,EQ,17094,12143,71.04
20,1978,RKEC,EQ,44611,27881,62.50
20,1979,RKFORGE,EQ,274423,65393,23.83
20,1980,RKSWAMY,EQ,33833,17283,51.08
20,1981,RMDRIP,ST,3500,3500,100.00
20,1982,RML,EQ,21382,5913,27.65
20,1983,RNFI,ST,22800,22800,100.00
20,1984,ROCKINGDCE,SM,5500,3000,54.55
20,1985,ROHLTD,EQ,33198,16931,51.00
20,1986,ROLEXRINGS,EQ,4996,2516,50.36
20,1987,ROML,EQ,5907,5510,93.28
20,1988,ROSSARI,EQ,34076,14229,41.76
20,1989,ROSSTECH,EQ,4366,2496,57.17
20,1990,ROTO,EQ,48299,16313,33.78
20,1991,ROUTE,EQ,40959,19614,47.89
20,1992,ROXHITECH,SM,56000,40000,71.43
20,1993,RPEL,EQ,75076,40044,53.34
20,1994,RPGLIFE,EQ,37945,9138,24.08
20,1995,RPOWER,EQ,14301589,6661493,46.58
20,1996,RPPL,EQ,272820,205662,75.38
20,1997,RPSGVENT,EQ,19005,10722,56.42
20,1998,RPTECH,EQ,91697,42831,46.71
20,1999,RRKABEL,EQ,56859,25166,44.26
20,2000,RSWM,EQ,45085,30614,67.90
20,2001,RSYSTEMS,EQ,51216,26162,51.08
20,2002,RTNINDIA,EQ,1388273,564380,40.65
20,2003,RTNPOWER,EQ,14582116,7988414,54.78
20,2004,RUBFILA,EQ,15432,9616,62.31
20,2005,RUBYMILLS,EQ,8820,4088,46.35
20,2006,RUCHINFRA,EQ,90885,51350,56.50
20,2007,RUCHIRA,EQ,19595,10086,51.47
20,2008,RULKA,ST,7200,6900,95.83
20,2009,RUPA,EQ,36522,18037,49.39
20,2010,RUSHIL,EQ,404080,218867,54.16
20,2011,RUSTOMJEE,EQ,22215,13087,58.91
20,2012,RVNL,EQ,10326411,2127608,20.60
20,2013,SAAKSHI,SM,12600,10800,85.71
20,2014,SABAR,ST,60000,60000,100.00
20,2015,SADBHAV,EQ,2699618,975532,36.14
20,2016,SADBHIN,EQ,177232,107843,60.85
20,2017,SADHAV,SM,40800,30000,73.53
20,2018,SADHNANIQ,EQ,429270,246256,57.37
20,2019,SAFARI,EQ,13846,4636,33.48
20,2020,SAGARDEEP,EQ,120461,37942,31.50
20,2021,SAGCEM,EQ,19324,9341,48.34
20,2022,SAHAJSOLAR,SM,9000,7600,84.44
20,2023,SAHANA,ST,8875,7875,88.73
20,2024,SAHASRA,SM,41200,27200,66.02
20,2025,SAHYADRI,EQ,6897,5667,82.17
20,2026,SAIFL,SM,68800,60000,87.21
20,2027,SAIL,EQ,11418706,2232678,19.55
20,2028,SAILIFE,EQ,156303,78603,50.29
20,2029,SAJHOTELS,ST,52000,50000,96.15
20,2030,SAKAR,EQ,32456,23100,71.17
20,2031,SAKHTISUG,EQ,103517,62739,60.61
20,2032,SAKSOFT,EQ,61557,26293,42.71
20,2033,SALASAR,EQ,3794631,1473650,38.84
20,2034,SALONA,EQ,611,263,43.04
20,2035,SALSTEEL,EQ,58384,41179,70.53
20,2036,SALZERELEC,EQ,102506,39087,38.13
20,2037,SAMHI,EQ,3668121,1849764,50.43
20,2038,SAMMAANCAP,EQ,6136766,3373694,54.98
20,2039,SANATHAN,EQ,187001,89567,47.90
20,2040,SANDESH,EQ,537,373,69.46
20,2041,SANDHAR,EQ,32239,13487,41.83
20,2042,SANDUMA,EQ,84897,40763,48.01
20,2043,SANGAMIND,EQ,17475,9322,53.34
20,2044,SANGHIIND,EQ,844193,265716,31.48
20,2045,SANGHVIMOV,EQ,343318,174026,50.69
20,2046,SANGINITA,EQ,29682,17621,59.37
20,2047,SANOFI,EQ,8765,3849,43.91
20,2048,SANOFICONR,EQ,7154,4495,62.83
20,2049,SANSERA,EQ,59052,21910,37.10
20,2050,SANSTAR,EQ,205394,84897,41.33
20,2051,SAPPHIRE,EQ,125615,65370,52.04
20,2052,SARDAEN,EQ,254085,133831,52.67
20,2053,SAREGAMA,EQ,264890,104473,39.44
20,2054,SAROJA,SM,8000,1600,20.00
20,2055,SARTELE,SM,73000,51500,70.55
20,2056,SARVESHWAR,EQ,1702136,808536,47.50
20,2057,SASKEN,EQ,8559,4255,49.71
20,2058,SASTASUNDR,EQ,8463,4548,53.74
20,2059,SATECH,ST,35000,31000,88.57
20,2060,SATIA,EQ,147016,80079,54.47
20,2061,SATIN,EQ,308420,162947,52.83
20,2062,SATINDLTD,EQ,386789,176982,45.76
20,2063,SATIPOLY,SM,1000,1000,100.00
20,2064,SATKARTAR,ST,100800,100800,100.00
20,2065,SAURASHCEM,EQ,36449,16505,45.28
20,2066,SBC,EQ,11799425,3719656,31.52
20,2067,SBCL,EQ,102523,54986,53.63
20,2068,SBFC,EQ,845115,391456,46.32
20,2069,SBGLP,EQ,1050810,569094,54.16
20,2070,SBICARD,EQ,2619372,1152763,44.01
20,2071,SBIETFCON,EQ,2825,2147,76.00
20,2072,SBIETFIT,EQ,2062,1538,74.59
20,2073,SBIETFPB,EQ,3270,2251,68.84
20,2074,SBIETFQLTY,EQ,3658,2581,70.56
20,2075,SBILIFE,EQ,1016159,498494,49.06
20,2076,SBIN,EQ,11085824,4847228,43.72
20,2077,SBINEQWETF,EQ,26681,20121,75.41
20,2078,SBISILVER,EQ,105155,91398,86.92
20,2079,SCHAEFFLER,EQ,45224,17790,39.34
20,2080,SCHAND,EQ,52548,41386,78.76
20,2081,SCHNEIDER,EQ,167826,56373,33.59
20,2082,SCI,EQ,902884,290901,32.22
20,2083,SCILAL,EQ,486401,214158,44.03
20,2084,SCL25924A,N1,10,10,100.00
20,2085,SCLZC25,YN,10,10,100.00
20,2086,SCML,SM,5000,4000,80.00
20,2087,SCPL,EQ,5868,4420,75.32
20,2088,SDBL,EQ,843841,260666,30.89
20,2089,SDL26BEES,EQ,398081,395059,99.24
20,2090,SDREAMS,SM,12000,8000,66.67
20,2091,SEAMECLTD,EQ,88430,77514,87.66
20,2092,SECMARK,EQ,511,464,90.80
20,2093,SECURKLOUD,EQ,39261,23834,60.71
20,2094,SEJALLTD,EQ,8328,5570,66.88
20,2095,SEL,ST,1600,1400,87.50
20,2096,SELAN,EQ,357566,62331,17.43
20,2097,SELMC,EQ,11686,7144,61.13
20,2098,SENCO,EQ,337693,138873,41.12
20,2099,SENORES,EQ,1451593,560220,38.59
20,2100,SENSEXADD,EQ,436,310,71.10
20,2101,SENSEXETF,EQ,6297,3763,59.76
20,2102,SENSEXIETF,EQ,11127,4618,41.50
20,2103,SEPC,EQ,5214584,2052919,39.37
20,2104,SEQUENT,EQ,458069,243794,53.22
20,2105,SERVICE,SM,10000,10000,100.00
20,2106,SERVOTECH,EQ,513835,223550,43.51
20,2107,SESHAPAPER,EQ,13710,7228,52.72
20,2108,SETF10GILT,EQ,24123,19241,79.76
20,2109,SETFGOLD,EQ,1654938,1147465,69.34
20,2110,SETFNIF50,EQ,533493,448488,84.07
20,2111,SETFNIFBK,EQ,156424,120794,77.22
20,2112,SETFNN50,EQ,34493,24644,71.45
20,2113,SFL,EQ,50631,21159,41.79
20,2114,SFML,SM,14400,11200,77.78
20,2115,SGBAPR28I,GB,50,37,74.00
20,2116,SGBAUG27,GB,31,31,100.00
20,2117,SGBAUG28V,GB,1103,890,80.69
20,2118,SGBAUG29V,GB,265,235,88.68
20,2119,SGBAUG30,GB,406,374,92.12
20,2120,SGBD29VIII,GB,184,183,99.46
20,2121,SGBDC27VII,GB,29,28,96.55
20,2122,SGBDE30III,GB,650,595,91.54
20,2123,SGBDE31III,GB,1441,1063,73.77
20,2124,SGBDEC2513,GB,1,1,100.00
20,2125,SGBDEC25XI,GB,2,1,50.00
20,2126,SGBDEC26,GB,60,40,66.67
20,2127,SGBFEB27,GB,6,6,100.00
20,2128,SGBFEB29XI,GB,43,43,100.00
20,2129,SGBFEB32IV,GB,2246,1434,63.85
20,2130,SGBJ28VIII,GB,118,114,96.61
20,2131,SGBJAN27,GB,5,5,100.00
20,2132,SGBJAN29IX,GB,100,75,75.00
20,2133,SGBJAN29X,GB,125,72,57.60
20,2134,SGBJAN30IX,GB,39,31,79.49
20,2135,SGBJU29III,GB,275,240,87.27
20,2136,SGBJUL25,GB,155,135,87.10
20,2137,SGBJUL28IV,GB,244,198,81.15
20,2138,SGBJUL29IV,GB,73,47,64.38
20,2139,SGBJUN27,GB,13,13,100.00
20,2140,SGBJUN28,GB,26,26,100.00
20,2141,SGBJUN29II,GB,67,59,88.06
20,2142,SGBJUN30,GB,139,109,78.42
20,2143,SGBJUN31I,GB,2016,1740,86.31
20,2144,SGBMAR25,GB,11,11,100.00
20,2145,SGBMAR28X,GB,19,19,100.00
20,2146,SGBMAR30X,GB,45,45,100.00
20,2147,SGBMAR31IV,GB,565,455,80.53
20,2148,SGBMAY25,GB,14,14,100.00
20,2149,SGBMAY26,GB,169,169,100.00
20,2150,SGBMAY28,GB,260,246,94.62
20,2151,SGBMAY29I,GB,1601,1223,76.39
20,2152,SGBMR29XII,GB,125,95,76.00
20,2153,SGBN28VIII,GB,167,153,91.62
20,2154,SGBNOV26,GB,42,42,100.00
20,2155,SGBNV29VII,GB,444,432,97.30
20,2156,SGBOC28VII,GB,105,86,81.90
20,2157,SGBOCT25,GB,11,11,100.00
20,2158,SGBOCT25IV,GB,25,25,100.00
20,2159,SGBOCT25V,GB,1,1,100.00
20,2160,SGBOCT26,GB,5,5,100.00
20,2161,SGBOCT27,GB,1,1,100.00
20,2162,SGBSEP28VI,GB,368,266,72.28
20,2163,SGBSEP29VI,GB,85,59,69.41
20,2164,SGBSEP31II,GB,838,674,80.43
20,2165,SGL,EQ,14906,6543,43.90
20,2166,SGLTL,EQ,1485986,359216,24.17
20,2167,SHAH,EQ,564952,317833,56.26
20,2168,SHALBY,EQ,88366,69627,78.79
20,2169,SHALPAINTS,EQ,102748,50149,48.81
20,2170,SHANKARA,EQ,22252,14064,63.20
20,2171,SHANTHALA,ST,1200,1200,100.00
20,2172,SHANTI,EQ,959470,192857,20.10
20,2173,SHANTIGEAR,EQ,362345,61018,16.84
20,2174,SHARDACROP,EQ,275689,108031,39.19
20,2175,SHARDAMOTR,EQ,8642,3995,46.23
20,2176,SHAREINDIA,EQ,853414,400568,46.94
20,2177,SHARIABEES,EQ,3384,2376,70.21
20,2178,SHEETAL,SM,78000,58000,74.36
20,2179,SHEMAROO,EQ,10210,4557,44.63
20,2180,SHERA,SM,24000,18000,75.00
20,2181,SHIGAN,SM,7500,7500,100.00
20,2182,SHILPAMED,EQ,186298,70528,37.86
20,2183,SHIVALIK,EQ,85951,41758,48.58
20,2184,SHIVAMAUTO,EQ,177855,82496,46.38
20,2185,SHIVAMILLS,EQ,11594,4018,34.66
20,2186,SHIVATEX,EQ,20902,6466,30.93
20,2187,SHK,EQ,92320,36839,39.90
20,2188,SHOPERSTOP,EQ,37638,14821,39.38
20,2189,SHREDIGCEM,EQ,182650,95890,52.50
20,2190,SHREECEM,EQ,32714,8172,24.98
20,2191,SHREEKARNI,ST,4950,4200,84.85
20,2192,SHREEOSFM,SM,8000,2000,25.00
20,2193,SHREEPUSHK,EQ,35554,24650,69.33
20,2194,SHRENIK,EQ,728916,394947,54.18
20,2195,SHREYANIND,EQ,6184,3633,58.75
20,2196,SHRIPISTON,EQ,27538,13348,48.47
20,2197,SHRIRAMFIN,EQ,7172857,3248552,45.29
20,2198,SHRIRAMPPS,EQ,916897,437793,47.75
20,2199,SHRITECH,SM,2000,2000,100.00
20,2200,SHUBHLAXMI,ST,9000,9000,100.00
20,2201,SHYAMCENT,EQ,81938,56476,68.93
20,2202,SHYAMMETL,EQ,667912,193194,28.93
20,2203,SIEMENS,EQ,295210,122645,41.55
20,2204,SIGACHI,EQ,1015108,479241,47.21
20,2205,SIGIND,EQ,24396,12164,49.86
20,2206,SIGMA,EQ,20419,1811,8.87
20,2207,SIGNATURE,EQ,480105,31679,6.60
20,2208,SIKKO,EQ,93332,18539,19.86
20,2209,SIL,EQ,31930,18195,56.98
20,2210,SILGO,EQ,58430,10479,17.93
20,2211,SILINV,EQ,5695,4411,77.45
20,2212,SILKFLEX,SM,8000,8000,100.00
20,2213,SILLYMONKS,EQ,10109,6397,63.28
20,2214,SILVER,EQ,166562,102880,61.77
20,2215,SILVER1,EQ,53188,38534,72.45
20,2216,SILVERADD,EQ,41611,40497,97.32
20,2217,SILVERBEES,EQ,6269956,5079081,81.01
20,2218,SILVERETF,EQ,167241,129233,77.27
20,2219,SILVERIETF,EQ,716597,573888,80.09
20,2220,SILVERTUC,EQ,14368,5327,37.08
20,2221,SILVRETF,EQ,46221,41399,89.57
20,2222,SINCLAIR,EQ,95791,47487,49.57
20,2223,SINDHUTRAD,EQ,3086420,955631,30.96
20,2224,SINTERCOM,EQ,11658,7984,68.49
20,2225,SIRCA,EQ,34188,14403,42.13
20,2226,SIS,EQ,339183,284300,83.82
20,2227,SIYSIL,EQ,254016,103193,40.62
20,2228,SJLOGISTIC,SM,15750,13750,87.30
20,2229,SJS,EQ,70659,41092,58.16
20,2230,SJVN,EQ,11978051,2462897,20.56
20,2231,SKFINDIA,EQ,87912,68343,77.74
20,2232,SKIPPER,EQ,1204254,377143,31.32
20,2233,SKMEGGPROD,EQ,30623,14468,47.25
20,2234,SKP,SM,17000,12500,73.53
20,2235,SKYGOLD,EQ,920194,318259,34.59
20,2236,SLONE,ST,800,800,100.00
20,2237,SMALLCAP,EQ,1470499,987594,67.16
20,2238,SMCGLOBAL,EQ,452203,81388,18.00
20,2239,SMLISUZU,EQ,8026,4144,51.63
20,2240,SMLT,EQ,5843,4097,70.12
20,2241,SMSPHARMA,EQ,88232,40009,45.35
20,2242,SMVD,SM,36360,36360,100.00
20,2243,SNOWMAN,EQ,110718,57469,51.91
20,2244,SOBHA,EQ,565787,118990,21.03
20,2245,SOLARA,EQ,177673,91475,51.49
20,2246,SOLARAPP,E1,22311,20807,93.26
20,2247,SOLARINDS,EQ,343024,143564,41.85
20,2248,SOLEX,SM,40500,32000,79.01
20,2249,SOMANYCERA,EQ,35048,21008,59.94
20,2250,SOMICONVEY,EQ,10739,6243,58.13
20,2251,SONACOMS,EQ,2746724,1370739,49.90
20,2252,SONAMAC,ST,8000,8000,100.00
20,2253,SONATSOFTW,EQ,266016,91859,34.53
20,2254,SONUINFRA,ST,60000,57000,95.00
20,2255,SOTL,EQ,37351,21602,57.84
20,2256,SOUTHBANK,EQ,9722617,3634666,37.38
20,2257,SOUTHWEST,EQ,20888,11680,55.92
20,2258,SPAL,EQ,11952,5041,42.18
20,2259,SPANDANA,EQ,342000,178151,52.09
20,2260,SPARC,EQ,389312,161311,41.43
20,2261,SPCL,ST,41400,41400,100.00
20,2262,SPECIALITY,EQ,43352,27209,62.76
20,2263,SPECTRUM,SM,7500,6375,85.00
20,2264,SPECTSTM,ST,2400,2400,100.00
20,2265,SPENCERS,EQ,218227,83293,38.17
20,2266,SPIC,EQ,580508,337669,58.17
20,2267,SPLIL,EQ,84706,21632,25.54
20,2268,SPLPETRO,EQ,39708,26994,67.98
20,2269,SPORTKING,EQ,96373,44588,46.27
20,2270,SPPPOLY,ST,24000,24000,100.00
20,2271,SPRL,ST,3200,2400,75.00
20,2272,SREEL,EQ,8384,5507,65.68
20,2273,SRF,EQ,3252957,635499,19.54
20,2274,SRGHFL,EQ,23370,20522,87.81
20,2275,SRHHYPOLTD,EQ,23798,9786,41.12
20,2276,SRIVASAVI,SM,3000,3000,100.00
20,2277,SSDL,EQ,30005,15047,50.15
20,2278,SSEGL,SM,36800,23800,64.67
20,2279,SSFL,SM,7500,6500,86.67
20,2280,S&SPOWER,EQ,2925,1881,64.31
20,2281,SSWL,EQ,85625,39594,46.24
20,2282,STANLEY,EQ,61845,25198,40.74
20,2283,STAR,EQ,4565298,860983,18.86
20,2284,STARCEMENT,EQ,592607,176159,29.73
20,2285,STARHEALTH,EQ,679940,447840,65.86
20,2286,STARPAPER,EQ,92530,83662,90.42
20,2287,STARTECK,EQ,32021,3296,10.29
20,2288,STCINDIA,EQ,71292,21145,29.66
20,2289,STEELCAS,EQ,17302,8746,50.55
20,2290,STEELCITY,EQ,15797,8322,52.68
20,2291,STEELXIND,EQ,1074501,450077,41.89
20,2292,STEL,EQ,3686,2659,72.14
20,2293,STERTOOLS,EQ,173117,48859,28.22
20,2294,STLTECH,EQ,590532,242784,41.11
20,2295,STOVEKRAFT,EQ,75796,21153,27.91
20,2296,STYLAMIND,EQ,13177,5944,45.11
20,2297,STYLEBAAZA,EQ,607449,260616,42.90
20,2298,STYRENIX,EQ,69365,37619,54.23
20,2299,SUBEXLTD,EQ,2610494,1093122,41.87
20,2300,SUBROS,EQ,86439,45659,52.82
20,2301,SUDARSCHEM,EQ,133483,52192,39.10
20,2302,SUKHJITS,EQ,6792,4626,68.11
20,2303,SULA,EQ,210800,92027,43.66
20,2304,SUMICHEM,EQ,2653913,2131650,80.32
20,2305,SUMMITSEC,EQ,8909,3675,41.25
20,2306,SUNCLAY,EQ,8141,5883,72.26
20,2307,SUNDARAM,EQ,331245,292939,88.44
20,2308,SUNDARMFIN,EQ,36977,15107,40.86
20,2309,SUNDARMHLD,EQ,72961,23958,32.84
20,2310,SUNDRMFAST,EQ,932361,847138,90.86
20,2311,SUNLITE,SM,16800,16800,100.00
20,2312,SUNPHARMA,EQ,2017991,1257229,62.30
20,2313,SUNREST,SM,1600,1600,100.00
20,2314,SUNTECK,EQ,254218,62071,24.42
20,2315,SUNTV,EQ,702952,270064,38.42
20,2316,SUPERHOUSE,EQ,3387,2257,66.64
20,2317,SUPRAJIT,EQ,74857,43099,57.58
20,2318,SUPREMEIND,EQ,211347,104485,49.44
20,2319,SUPREMEPWR,ST,111000,103000,92.79
20,2320,SUPRIYA,EQ,373155,165786,44.43
20,2321,SURAJEST,EQ,188917,104302,55.21
20,2322,SURAKSHA,EQ,80820,33250,41.14
20,2323,SURANASOL,EQ,175044,100908,57.65
20,2324,SURANAT&P,EQ,73938,43467,58.79
20,2325,SURANI,ST,400,400,100.00
20,2326,SURYALAXMI,EQ,14857,8355,56.24
20,2327,SURYAROSNI,EQ,186063,78676,42.28
20,2328,SURYODAY,EQ,139252,67546,48.51
20,2329,SUTLEJTEX,EQ,35386,16831,47.56
20,2330,SUVEN,EQ,375284,197248,52.56
20,2331,SUVENPHAR,EQ,173967,83320,47.89
20,2332,SUVIDHAA,EQ,385374,232924,60.44
20,2333,SUYOG,EQ,11538,5346,46.33
20,2334,SUZLON,EQ,10961611,10961609,100.00
20,2335,SWANENERGY,EQ,1558465,384902,24.70
20,2336,SWARAJ,SM,20000,19000,95.00
20,2337,SWARAJENG,EQ,22556,13101,58.08
20,2338,SWASTIK,SM,16800,9600,57.14
20,2339,SWELECTES,EQ,75128,28820,38.36
20,2340,SWIGGY,EQ,10278807,3534940,34.39
20,2341,SWSOLAR,EQ,4564037,1742523,38.18
20,2342,SYLVANPLY,SM,6000,4000,66.67
20,2343,SYMPHONY,EQ,42157,16797,39.84
20,2344,SYNCOMF,EQ,1456346,709210,48.70
20,2345,SYNGENE,EQ,339807,169539,49.89
20,2346,SYNOPTICS,SM,6000,4200,70.00
20,2347,SYRMA,EQ,8793330,1162003,13.21
20,2348,SYSTANGO,SM,16800,12400,73.81
20,2349,TAC,ST,2600,2600,100.00
20,2350,TAINWALCHM,EQ,37079,15740,42.45
20,2351,TAJGVK,EQ,223094,88579,39.70
20,2352,TALBROAUTO,EQ,27860,14062,50.47
20,2353,TANLA,EQ,846892,282992,33.42
20,2354,TAPIFRUIT,SM,3750,3750,100.00
20,2355,TARC,EQ,43593,43593,100.00
20,2356,TARMAT,EQ,17166,6263,36.48
20,2357,TARSONS,EQ,25749,12702,49.33
20,2358,TASTYBITE,EQ,2094,826,39.45
20,2359,TATACHEM,EQ,383812,92659,24.14
20,2360,TATACOMM,EQ,240945,80871,33.56
20,2361,TATACONSUM,EQ,1706978,668372,39.16
20,2362,TATAELXSI,EQ,138349,68596,49.58
20,2363,TATAGOLD,EQ,6718636,4677931,69.63
20,2364,TATAINVEST,EQ,22636,6728,29.72
20,2365,TATAMOTORS,EQ,59390998,22452528,37.80
20,2366,TATAPOWER,EQ,7304454,2819944,38.61
20,2367,TATASTEEL,EQ,25256096,11163956,44.20
20,2368,TATATECH,EQ,440309,215583,48.96
20,2369,TATSILV,EQ,1298502,1126213,86.73
20,2370,TATVA,EQ,28014,15094,53.88
20,2371,TBI,SM,10200,9600,94.12
20,2372,TBOTEK,EQ,15334,5454,35.57
20,2373,TBZ,EQ,104429,44793,42.89
20,2374,TCHF30,NB,1,1,100.00
20,2375,TCI,EQ,33402,15170,45.42
20,2376,TCIEXP,EQ,172166,160568,93.26
20,2377,TCL,SM,311200,296800,95.37
20,2378,TCLCONS,EQ,94751,39799,42.00
20,2379,TCPLPACK,EQ,2378,1620,68.12
20,2380,TCS,EQ,1531251,859803,56.15
20,2381,TDPOWERSYS,EQ,907500,312916,34.48
20,2382,TEAMLEASE,EQ,81524,57018,69.94
20,2383,TECH,EQ,5473,3354,61.28
20,2384,TECHERA,ST,41600,38400,92.31
20,2385,TECHLABS,ST,19375,16375,84.52
20,2386,TECHM,EQ,868832,358334,41.24
20,2387,TECHNOE,EQ,924570,349109,37.76
20,2388,TECILCHEM,EQ,859,815,94.88
20,2389,TEGA,EQ,17321,7578,43.75
20,2390,TEJASNET,EQ,1375318,535477,38.93
20,2391,TEXINFRA,EQ,809344,406594,50.24
20,2392,TEXMOPIPES,EQ,23057,16193,70.23
20,2393,TEXRAIL,EQ,2349929,609206,25.92
20,2394,TFCILTD,EQ,213418,93544,43.83
20,2395,TGBHOTELS,EQ,44931,34916,77.71
20,2396,TGL,ST,55200,49400,89.49
20,2397,THANGAMAYL,EQ,20274,10839,53.46
20,2398,THEINVEST,EQ,4469,1275,28.53
20,2399,THEJO,EQ,4245,2573,60.61
20,2400,THEMISMED,EQ,79866,39061,48.91
20,2401,THERMAX,EQ,46664,13944,29.88
20,2402,THOMASCOOK,EQ,531287,278851,52.49
20,2403,THYROCARE,EQ,75277,53489,71.06
20,2404,TI,EQ,646038,243414,37.68
20,2405,TIIL,EQ,17867,5918,33.12
20,2406,TIINDIA,EQ,530165,418199,78.88
20,2407,TIL,EQ,7558,5598,74.07
20,2408,TIMESCAN,SM,4000,4000,100.00
20,2409,TIMETECHNO,EQ,1064747,367385,34.50
20,2410,TIMKEN,EQ,14978,8055,53.78
20,2411,TIPSMUSIC,EQ,247540,131944,53.30
20,2412,TIRUMALCHM,EQ,351840,178797,50.82
20,2413,TIRUPATI,SM,500,500,100.00
20,2414,TITAGARH,EQ,2153178,437312,20.31
20,2415,TITAN,EQ,688608,363186,52.74
20,2416,TMB,EQ,255453,142866,55.93
20,2417,TNIDETF,EQ,29985,19702,65.71
20,2418,TNPETRO,EQ,114398,54864,47.96
20,2419,TNPL,EQ,193575,90894,46.96
20,2420,TOKYOPLAST,EQ,19721,15198,77.07
20,2421,TOLINS,EQ,144007,77148,53.57
20,2422,TOP100CASE,EQ,429732,333478,77.60
20,2423,TOP10ADD,EQ,223094,198796,89.11
20,2424,TORNTPHARM,EQ,512150,341276,66.64
20,2425,TORNTPOWER,EQ,168208,78957,46.94
20,2426,TOTAL,EQ,4624,2422,52.38
20,2427,TOUCHWOOD,EQ,3954,2473,62.54
20,2428,TPLPLASTEH,EQ,133637,20505,15.34
20,2429,TRACXN,EQ,128035,60825,47.51
20,2430,TRANSRAILL,EQ,1552910,274603,17.68
20,2431,TRANSTEEL,ST,118000,114000,96.61
20,2432,TRANSWORLD,EQ,33278,18884,56.75
20,2433,TREJHARA,EQ,56259,37751,67.10
20,2434,TREL,EQ,332364,182014,54.76
20,2435,TRENT,EQ,575077,229147,39.85
20,2436,TRF,EQ,24221,12775,52.74
20,2437,TRIDENT,EQ,5799669,1493419,25.75
20,2438,TRIDHYA,SM,3000,3000,100.00
20,2439,TRIGYN,EQ,50585,27003,53.38
20,2440,TRITURBINE,EQ,1106272,436030,39.41
20,2441,TRIVENI,EQ,358247,90286,25.20
20,2442,TROM,SM,33000,19200,58.18
20,2443,TRUST,ST,43200,41400,95.83
20,2444,TTKHLTCARE,EQ,1890,1240,65.61
20,2445,TTKPRESTIG,EQ,32088,8687,27.07
20,2446,TTML,EQ,2551436,712114,27.91
20,2447,TUNWAL,SM,72000,48000,66.67
20,2448,TVSELECT,EQ,38314,13170,34.37
20,2449,TVSHLTD,EQ,7889,3651,46.28
20,2450,TVSMOTOR,EQ,879247,430357,48.95
20,2451,TVSSCS,EQ,881473,419597,47.60
20,2452,TVSSRICHAK,EQ,1960,919,46.89
20,2453,TVTODAY,EQ,48041,24105,50.18
20,2454,UBL,EQ,238369,74536,31.27
20,2455,UCOBANK,EQ,2653483,785563,29.60
20,2456,UDAICEMENT,EQ,312974,186414,59.56
20,2457,UDS,EQ,223701,98697,44.12
20,2458,UFLEX,EQ,31456,13898,44.18
20,2459,UFO,EQ,790493,292562,37.01
20,2460,UGARSUGAR,EQ,522216,215787,41.32
20,2461,UGROCAP,EQ,126606,71840,56.74
20,2462,UHTL,ST,40000,36000,90.00
20,2463,UJJIVANSFB,EQ,17078005,7025874,41.14
20,2464,ULTRACEMCO,EQ,274820,153790,55.96
20,2465,UMA,SM,8000,8000,100.00
20,2466,UMAEXPORTS,EQ,23720,14372,60.59
20,2467,UMESLTD,EQ,24334,21146,86.90
20,2468,UNICHEMLAB,EQ,21835,7724,35.37
20,2469,UNIDT,EQ,13372,8477,63.39
20,2470,UNIECOM,EQ,593186,161875,27.29
20,2471,UNIENTER,EQ,5313,1741,32.77
20,2472,UNIHEALTH,SM,2000,1000,50.00
20,2473,UNIINFO,EQ,3391,1782,52.55
20,2474,UNILEX,SM,12800,9600,75.00
20,2475,UNIMECH,EQ,125495,33217,26.47
20,2476,UNIONBANK,EQ,7962048,2582438,32.43
20,2477,UNIPARTS,EQ,59536,35858,60.23
20,2478,UNITDSPR,EQ,749914,473156,63.09
20,2479,UNITEDTEA,EQ,1289,577,44.76
20,2480,UNIVCABLES,EQ,20612,9074,44.02
20,2481,UNOMINDA,EQ,601028,244568,40.69
20,2482,UPL,EQ,2784958,623601,22.39
20,2483,URAVIDEF,EQ,7025,5700,81.14
20,2484,URBAN,ST,6400,5200,81.25
20,2485,USHAFIN,SM,59200,50400,85.14
20,2486,USHAMART,EQ,967106,523394,54.12
20,2487,USK,EQ,82668,46497,56.25
20,2488,UTIAMC,EQ,184059,68219,37.06
20,2489,UTIBANKETF,EQ,92268,65710,71.22
20,2490,UTINEXT50,EQ,132019,117046,88.66
20,2491,UTINIFTETF,EQ,220072,214135,97.30
20,2492,UTISENSETF,EQ,2350,939,39.96
20,2493,UTISXN50,EQ,1487,792,53.26
20,2494,UTKARSHBNK,EQ,1249488,526997,42.18
20,2495,UTSSAV,ST,78000,70200,90.00
20,2496,UTTAMSUGAR,EQ,45096,17025,37.75
20,2497,UWCSL,ST,2000,2000,100.00
20,2498,UYFINCORP,EQ,55288,40956,74.08
20,2499,VADILALIND,EQ,3410,1643,48.18
20,2500,VAIBHAVGBL,EQ,2053115,531943,25.91
20,2501,VAISHALI,EQ,554741,321086,57.88
20,2502,VAKRANGEE,EQ,8774117,3008025,34.28
20,2503,VAL30IETF,EQ,175044,91989,52.55
20,2504,VALIANTLAB,EQ,11776,6076,51.60
20,2505,VALIANTORG,EQ,31904,21617,67.76
20,2506,VARDHACRLC,EQ,29882,20668,69.17
20,2507,VARROC,EQ,54418,27111,49.82
20,2508,VASCONEQ,EQ,775675,339504,43.77
20,2509,VASWANI,EQ,62791,35143,55.97
20,2510,VBL,EQ,2914821,1470603,50.45
20,2511,VCL,EQ,309402,225726,72.96
20,2512,VDEAL,SM,10800,7200,66.67
20,2513,VEDL,EQ,4765643,2039022,42.79
20,2514,VEEDOL,EQ,13962,7890,56.51
20,2515,VELS,SM,4800,4800,100.00
20,2516,VENKEYS,EQ,62182,27809,44.72
20,2517,VENTIVE,EQ,143239,77622,54.19
20,2518,VENUSPIPES,EQ,73529,34714,47.21
20,2519,VENUSREM,EQ,8753,4731,54.05
20,2520,VERANDA,EQ,145380,89489,61.56
20,2521,VERTEXPLUS,SM,16200,16200,100.00
20,2522,VESUVIUS,EQ,12998,5305,40.81
20,2523,VETO,EQ,37286,22317,59.85
20,2524,VGUARD,EQ,316058,125295,39.64
20,2525,VHL,EQ,521,253,48.56
20,2526,VIAZ,SM,4000,4000,100.00
20,2527,VIDHIING,EQ,50171,19741,39.35
20,2528,VIESL,SM,20800,12800,61.54
20,2529,VIJAYA,EQ,1574954,173977,11.05
20,2530,VIKASECO,EQ,2221221,1118940,50.37
20,2531,VIKASLIFE,EQ,2387642,1321872,55.36
20,2532,VILAS,ST,19250,17000,88.31
20,2533,VIMTALABS,EQ,47973,25766,53.71
20,2534,VINATIORGA,EQ,478580,448383,93.69
20,2535,VINCOFE,EQ,2771686,939267,33.89
20,2536,VINDHYATEL,EQ,11673,9080,77.79
20,2537,VINEETLAB,EQ,14624,8357,57.15
20,2538,VINSYS,SM,6000,5000,83.33
20,2539,VINYAS,ST,6800,6600,97.06
20,2540,VINYLINDIA,EQ,12194,5784,47.43
20,2541,VIPCLOTHNG,EQ,136011,95060,69.89
20,2542,VIPIND,EQ,398589,192975,48.41
20,2543,VIRINCHI,EQ,147213,91952,62.46
20,2544,VISAKAIND,EQ,82265,38918,47.31
20,2545,VISHNU,EQ,157083,64397,41.00
20,2546,VISHNUINFR,SM,11000,9000,81.82
20,2547,VISHWARAJ,EQ,1123120,462268,41.16
20,2548,VISHWAS,SM,12800,12800,100.00
20,2549,VITAL,SM,14400,10800,75.00
20,2550,VIVIANA,ST,4250,4125,97.06
20,2551,VIVIDHA,EQ,268116,168334,62.78
20,2552,VLEGOV,EQ,880474,346304,39.33
20,2553,VLINFRA,ST,12000,12000,100.00
20,2554,VLSFINANCE,EQ,19615,10107,51.53
20,2555,VMARCIND,ST,27750,26500,95.50
20,2556,VMART,EQ,22163,8496,38.33
20,2557,VMM,EQ,10455428,3421050,32.72
20,2558,VOLTAMP,EQ,144821,44068,30.43
20,2559,VOLTAS,EQ,11456156,3589286,31.33
20,2560,VPRPL,EQ,515446,204171,39.61
20,2561,VR,ST,800,800,100.00
20,2562,VRAJ,EQ,21736,9323,42.89
20,2563,VRLLOG,EQ,37094,14244,38.40
20,2564,VSCL,ST,6000,6000,100.00
20,2565,VSSL,EQ,195685,106505,54.43
20,2566,VSTIND,EQ,103080,61734,59.89
20,2567,VSTL,EQ,9916,6727,67.84
20,2568,VSTTILLERS,EQ,2468,1419,57.50
20,2569,VTL,EQ,104989,59623,56.79
20,2570,WAAREEENER,EQ,2372322,562018,23.69
20,2571,WABAG,EQ,442901,161929,36.56
20,2572,WALCHANNAG,EQ,253942,114347,45.03
20,2573,WALPAR,SM,4000,4000,100.00
20,2574,WANBURY,EQ,156138,103593,66.35
20,2575,WCIL,EQ,193956,89692,46.24
20,2576,WEALTH,EQ,12046,9490,78.78
20,2577,WEIZMANIND,EQ,155661,34263,22.01
20,2578,WEL,EQ,322418,155357,48.18
20,2579,WELCORP,EQ,195203,91141,46.69
20,2580,WELENT,EQ,268633,175829,65.45
20,2581,WELINV,EQ,1142,582,50.96
20,2582,WELSPUNLIV,EQ,4542106,1376007,30.29
20,2583,WENDT,EQ,1823,927,50.85
20,2584,WESTLIFE,EQ,37336,15517,41.56
20,2585,WEWIN,EQ,4252,2773,65.22
20,2586,WHEELS,EQ,18698,11087,59.30
20,2587,WHIRLPOOL,EQ,328238,328195,99.99
20,2588,WILLAMAGOR,EQ,3753,2534,67.52
20,2589,WINDLAS,EQ,23559,8379,35.57
20,2590,WINDMACHIN,EQ,65426,38987,59.59
20,2591,WINSOL,SM,20800,12800,61.54
20,2592,WIPRO,EQ,9984186,3413179,34.19
20,2593,WOCKPHARMA,EQ,339744,196422,57.81
20,2594,WOL3D,SM,2000,2000,100.00
20,2595,WONDERLA,EQ,86649,43165,49.82
20,2596,WORTH,EQ,18221,8333,45.73
20,2597,WSI,EQ,78171,54810,70.12
20,2598,WSTCSTPAPR,EQ,71836,41191,57.34
20,2599,WTICAB,ST,3500,3500,100.00
20,2600,XCHANGING,EQ,119344,57598,48.26
20,2601,XELPMOC,EQ,9674,5598,57.87
20,2602,XPROINDIA,EQ,33638,16180,48.10
20,2603,XTGLOBAL,EQ,12475,7422,59.49
20,2604,YASHO,EQ,4724,2465,52.18
20,2605,YASHOPTICS,SM,16000,12800,80.00
20,2606,YATHARTH,EQ,900143,416965,46.32
20,2607,YATRA,EQ,60513,27490,45.43
20,2608,YCCL,SM,30000,30000,100.00
20,2609,YESBANK,EQ,103327002,29174900,28.24
20,2610,YUDIZ,SM,800,800,100.00
20,2611,YUKEN,EQ,7773,4557,58.63
20,2612,ZAGGLE,EQ,85659,85658,100.00
20,2613,ZEAL,SM,16800,9000,53.57
20,2614,ZEEL,EQ,10248249,4826753,47.10
20,2615,ZEELEARN,EQ,408404,219367,53.71
20,2616,ZEEMEDIA,EQ,1610251,814370,50.57
20,2617,ZENITHDRUG,ST,13600,13600,100.00
20,2618,ZENITHEXPO,EQ,594,254,42.76
20,2619,ZENITHSTL,EQ,202605,145592,71.86
20,2620,ZENSARTECH,EQ,3518108,901618,25.63
20,2621,ZENTEC,EQ,491796,164105,33.37
20,2622,ZFCVINDIA,EQ,10672,6370,59.69
20,2623,ZIMLAB,EQ,19977,10639,53.26
20,2624,ZODIAC,EQ,13889,8706,62.68
20,2625,ZODIACLOTH,EQ,13040,6173,47.34
20,2626,ZOMATO,EQ,44730687,13546633,30.28
20,2627,ZOTA,EQ,37078,12048,32.49
20,2628,ZTECH,ST,300,300,100.00
20,2629,ZUARI,EQ,106474,47808,44.90
20,2630,ZUARIIND,EQ,29352,13016,44.34
20,2631,ZYDUSLIFE,EQ,844983,324674,38.42
20,2632,ZYDUSWELL,EQ,8069,3614,44.79
