Security Wise Delivery Position - Compulsory Rolling Settlement
10,MTO,29012025,1031582318,0002642
Trade Date <29-JAN-2025>,Settlement Type <N>
Record Type,Sr No,Name of Security,Quantity Traded,Deliverable Quantity(gross across client level),% of Deliverable Quantity to Traded Quantity
20,1,0MOFSL27,N3,999,999,100.00
20,2,1003IIFL29,NC,80,80,100.00
20,3,1003ISFL28,N4,230,200,86.96
20,4,1015ECL29,NR,425,425,100.00
20,5,1018GS2026,GS,259,259,100.00
20,6,1025NFL25,N5,109,109,100.00
20,7,1025SCL34Z,N1,10,10,100.00
20,8,1025SFIL26,NT,14,14,100.00
20,9,1025UCL25,N8,100,100,100.00
20,10,1035UCL26,NA,13,8,61.54
20,11,1040UCL25,N4,76,76,100.00
20,12,1050IIFL29,ND,2,2,100.00
20,13,1050ISFL28,N5,20,20,100.00
20,14,1050NFL26,N7,50,50,100.00
20,15,1065NFL27,NC,125,125,100.00
20,16,1075UCL25,N9,200,200,100.00
20,17,10IFSL26,N7,15,15,100.00
20,18,10IIFL28,N4,1056,543,51.42
20,19,10IIFL28A,NE,262,262,100.00
20,20,10IIFL29,N6,863,500,57.94
20,21,10NIDO26,N6,1500,1290,86.00
20,22,1119NFL27,ND,50,50,100.00
20,23,182D100725,TB,100,100,100.00
20,24,182D170725,TB,100,100,100.00
20,25,182D270225,TB,9100,9000,98.90
20,26,20MICRONS,EQ,123412,71079,57.59
20,27,360ONE,EQ,804573,221646,27.55
20,28,364D030425,TB,7000,7000,100.00
20,29,364D040925,TB,1300,1100,84.62
20,30,364D060325,TB,500,500,100.00
20,31,364D111225,TB,100,100,100.00
20,32,364D131125,TB,1100,1100,100.00
20,33,364D150126,TB,100,100,100.00
20,34,364D180425,TB,1000,1000,100.00
20,35,364D240725,TB,100,100,100.00
20,36,364D280825,TB,400,300,75.00
20,37,3IINFOLTD,EQ,409645,190728,46.56
20,38,3MINDIA,EQ,3320,1480,44.58
20,39,563GS2026,GS,17,17,100.00
20,40,574GS2026,GS,99,99,100.00
20,41,5PAISA,EQ,18100,7730,42.71
20,42,619GS2034,GS,5,5,100.00
20,43,63MOONS,EQ,132190,62155,47.02
20,44,654GS2032,GS,11503,11500,99.97
20,45,664GS2027,GS,200,200,100.00
20,46,667GS2050,GS,4154,4151,99.93
20,47,676GS2061,GS,496,496,100.00
20,48,679GS2034,GS,2000,2000,100.00
20,49,679GS2034A,GS,200,200,100.00
20,50,68GS2060,GS,28200,28200,100.00
20,51,695GS2061,GS,2520,2520,100.00
20,52,698GR2054,GS,400,400,100.00
20,53,699GS2026,GS,100,100,100.00
20,54,699GS2051,GS,24885,24885,100.00
20,55,702GS2031,GS,3303,3303,100.00
20,56,704GS2029,GS,200,200,100.00
20,57,706GS2028,GS,13850,13850,100.00
20,58,709GS2054,GS,20689,20663,99.87
20,59,709GS2074,GS,1200,600,50.00
20,60,710GS2029,GS,9652,9651,99.99
20,61,717GS2030,GS,3100,3100,100.00
20,62,718GS2033,GS,372523,372523,100.00
20,63,718GS2037,GS,1700,1700,100.00
20,64,719GS2060,GS,26,26,100.00
20,65,71GS2034,GS,2826,2825,99.96
20,66,723GS2039,GS,999,999,100.00
20,67,726GS2032,GS,17006,17006,100.00
20,68,726GS2033,GS,2900,1900,65.52
20,69,727GS2026,GS,1800,1800,100.00
20,70,728IRFC30,NG,259,259,100.00
20,71,729NHAI26,NC,500,500,100.00
20,72,732GS2030,GS,1100,1100,100.00
20,73,734GS2064,GS,4805,4805,100.00
20,74,736GS2052,GS,1891,1891,100.00
20,75,737GS2028,GS,6500,6500,100.00
20,76,738GS2027,GS,92767,92567,99.78
20,77,739NHAI31A,ND,1,1,100.00
20,78,73GS2053,GS,39202,36702,93.62
20,79,741GS2036,GS,15936,15936,100.00
20,80,743REC35,NH,21,21,100.00
20,81,74GS2062,GS,3,3,100.00
20,82,750IRFC35,NK,66,66,100.00
20,83,751HUDCO28,N5,150,150,100.00
20,84,753IRFC30,NJ,951,951,100.00
20,85,754GS2036,GS,267399,256647,95.98
20,86,760PFCL35,N3,50,50,100.00
20,87,762GS2039,GS,589,589,100.00
20,88,763GS2059,GS,1000,1000,100.00
20,89,764HUDCO31,N8,243,243,100.00
20,90,764NABAR31,N2,1176,1161,98.72
20,91,766GJ30A,SG,1000,1000,100.00
20,92,769HUDCO31,N9,482,469,97.30
20,93,769NHAI31,NE,1838,1838,100.00
20,94,76IGT26,ND,100,100,100.00
20,95,76NHAI31,NA,1,1,100.00
20,96,772GS2025,GS,9001,9001,100.00
20,97,772GS2049,GS,1012,1012,100.00
20,98,774IREDA31,N7,20,20,100.00
20,99,77GA33A,SG,200,100,50.00
20,100,797IGT31,NL,1,1,100.00
20,101,79NHIT35,N1,670,535,79.85
20,102,79NHIT47,N3,1077,1072,99.54
20,103,805ABFL28,N2,100,100,100.00
20,104,810IRFC27,N2,150,150,100.00
20,105,81TCHF28,N8,80,80,100.00
20,106,820IIFL27,N9,400,400,100.00
20,107,82HUDCO27,N2,385,385,100.00
20,108,82IGT31,NJ,180,180,100.00
20,109,830CIFC26,N2,10,10,100.00
20,110,830NHAI27,N2,215,215,100.00
20,111,830PFCL27,N5,80,80,100.00
20,112,833GS2026,GS,3,3,100.00
20,113,835IFL25,NV,26,26,100.00
20,114,840CIFCL28,N4,100,100,100.00
20,115,842IIFL26,NL,125,125,100.00
20,116,843IHFL29,NC,40,40,100.00
20,117,849NTPC25,N7,335255,174045,51.91
20,118,84TCHF28,NA,61,31,50.82
20,119,862REC33,NA,100,100,100.00
20,120,865IFL28,NZ,104,104,100.00
20,121,865IHFL27,N1,2,2,100.00
20,122,865IIFL28,NS,1618,1618,100.00
20,123,865IRFC29,NA,1040,1030,99.04
20,124,865LTF26,NN,935,925,98.93
20,125,865SCL26,N8,3,3,100.00
20,126,865TCAPS27,N8,1,1,100.00
20,127,871REC28,N9,1777,1294,72.82
20,128,872MMFSL26,N1,25,25,100.00
20,129,873NTPC28,N5,100,100,100.00
20,130,875IIFL26,NM,100,100,100.00
20,131,875NHAI29,N6,2589,2050,79.18
20,132,875SFL27,ZF,99,99,100.00
20,133,876HUDCO28,ND,503,503,100.00
20,134,880IREDA29,N5,2,2,100.00
20,135,880IREDA34,N6,500,500,100.00
20,136,885IHL26,N1,141,141,100.00
20,137,886REC34,NG,300,300,100.00
20,138,888IHFL25F,NC,3,3,100.00
20,139,888IRFC29,NE,208,188,90.38
20,140,888REC29,NF,6,6,100.00
20,141,891IIFCL34,N4,5,5,100.00
20,142,891NTPC33,N6,1144,748,65.38
20,143,892NHPC33,N6,377,377,100.00
20,144,892PFCL33,N8,211,144,68.25
20,145,897GS2030,GS,10,10,100.00
20,146,897MOFSL29,N4,590,590,100.00
20,147,901HUDCO34,NE,316,178,56.33
20,148,901NHB34,N6,478,233,48.74
20,149,905LTF27,NF,1681,1300,77.33
20,150,905PEL26,N1,30,30,100.00
20,151,910CAGL25,N7,15,15,100.00
20,152,910TCAP28,NA,330,200,60.61
20,153,915SCL26,NE,343,343,100.00
20,154,91D060225,TB,200,200,100.00
20,155,91D060325,TB,100,100,100.00
20,156,91D130325,TB,700,700,100.00
20,157,91D280325,TB,600,600,100.00
20,158,91MOFSL27,N2,1573,1573,100.00
20,159,91SFL27,ZI,50,50,100.00
20,160,925ERFL28,N6,170,170,100.00
20,161,925SCL25B,Y3,11,11,100.00
20,162,92GS2030,GS,23140,23140,100.00
20,163,92SFIL28,ND,10,10,100.00
20,164,930SFL28,YP,202,202,100.00
20,165,935LTF29,N5,320,320,100.00
20,166,935PEL33,N3,145,145,100.00
20,167,943ECL28,NJ,37,37,100.00
20,168,945IFSL25,N4,90,90,100.00
20,169,948SCL26A,NN,3,3,100.00
20,170,94SFL28,YL,100,100,100.00
20,171,956AEL29,N6,60,60,100.00
20,172,957ICCL25,YW,15,15,100.00
20,173,957ISFL26,N2,1387,887,63.95
20,174,957NIDO26,N5,258,239,92.64
20,175,960IIFLS26,N9,10,10,100.00
20,176,965AEL27,N4,145,145,100.00
20,177,965SCL25C,N0,9,9,100.00
20,178,965SCL25E,BF,21,21,100.00
20,179,965SCL26Y,N1,10,10,100.00
20,180,96IIFL28,N5,1260,1106,87.78
20,181,96IIFL28A,NF,1172,1172,100.00
20,182,96SFIL24A,NB,59,50,84.75
20,183,97MOFSL34,N7,1132,649,57.33
20,184,97SFL29,YZ,280,280,100.00
20,185,985ECL28,NK,240,214,89.17
20,186,985IIFL22,NC,15,15,100.00
20,187,98SCL27,ZX,63,63,100.00
20,188,99AEL29,N7,70,70,100.00
20,189,99SCL27V,N1,10,10,100.00
20,190,9IIFL28A,NT,100,100,100.00
20,191,9MMFSML,N2,20,20,100.00
20,192,9PEL25,N0,100,100,100.00
20,193,9SCL26BA,NA,4516,4516,100.00
20,194,AAATECH,EQ,16963,8249,48.63
20,195,AADHARHFC,EQ,558659,141758,25.37
20,196,AAKASH,EQ,63215,44994,71.18
20,197,AAREYDRUGS,EQ,20614,14913,72.34
20,198,AARON,EQ,10081,2809,27.86
20,199,AARTIDRUGS,EQ,86037,29388,34.16
20,200,AARTIIND,EQ,3564254,2048823,57.48
20,201,AARTIPHARM,EQ,685549,377982,55.14
20,202,AARTISURF,EQ,12755,5407,42.39
20,203,AARVI,EQ,10467,6359,60.75
20,204,AAVAS,EQ,95042,54698,57.55
20,205,ABAN,EQ,105108,105108,100.00
20,206,ABB,EQ,119869,43559,36.34
20,207,ABBOTINDIA,EQ,27004,15026,55.64
20,208,ABCAPITAL,EQ,3352447,990401,29.54
20,209,ABCOTS,ST,25500,11500,45.10
20,210,ABDL,EQ,323339,140264,43.38
20,211,ABFRL,EQ,2526914,1007340,39.86
20,212,ABGSEC,EQ,168,158,94.05
20,213,ABHAPOWER,ST,49600,49600,100.00
20,214,ABINFRA,EQ,59611,11121,18.66
20,215,ABREL,EQ,148464,66319,44.67
20,216,ABSLAMC,EQ,549967,222716,40.50
20,217,ABSLBANETF,EQ,33398,32427,97.09
20,218,ABSLLIQUID,EQ,2539,2438,96.02
20,219,ABSLNN50ET,EQ,21708,13755,63.36
20,220,ABSLPSE,EQ,301420,236637,78.51
20,221,ABSMARINE,SM,57000,41500,72.81
20,222,ACC,EQ,687960,324429,47.16
20,223,ACCELYA,EQ,62264,34312,55.11
20,224,ACCENTMIC,SM,7000,5500,78.57
20,225,ACCURACY,EQ,460677,347001,75.32
20,226,ACE,EQ,198072,59413,30.00
20,227,ACEINTEG,EQ,6423,4140,64.46
20,228,ACI,EQ,142491,55324,38.83
20,229,ACL,EQ,29370,17874,60.86
20,230,ACLGATI,EQ,736512,410665,55.76
20,231,ACMESOLAR,EQ,942089,390386,41.44
20,232,ADANIENSOL,EQ,1398816,394852,28.23
20,233,ADANIENT,EQ,785220,141285,17.99
20,234,ADANIGREEN,EQ,1865241,441993,23.70
20,235,ADANIPORTS,EQ,4603700,2822531,61.31
20,236,ADANIPOWER,EQ,7833685,1087295,13.88
20,237,ADFFOODS,EQ,105005,40982,39.03
20,238,ADL,EQ,2865,1990,69.46
20,239,ADORWELD,EQ,44607,35349,79.25
20,240,ADSL,EQ,508977,105324,20.69
20,241,ADVANIHOTR,EQ,34893,16649,47.71
20,242,ADVENZYMES,EQ,83464,45961,55.07
20,243,AEGISLOG,EQ,2969570,278739,9.39
20,244,AEL120924,N2,10,10,100.00
20,245,AEROFLEX,EQ,1927356,525030,27.24
20,246,AERON,SM,31000,18000,58.06
20,247,AESTHETIK,SM,12000,10000,83.33
20,248,AETHER,EQ,26770,11534,43.09
20,249,AFCONS,EQ,3470302,1975285,56.92
20,250,AFFLE,EQ,135801,77097,56.77
20,251,AFFORDABLE,EQ,10665,6556,61.47
20,252,AFIL,EQ,96786,43189,44.62
20,253,AGARIND,EQ,11576,6359,54.93
20,254,AGARWALFT,SM,1500,1500,100.00
20,255,AGARWALTUF,SM,13200,7200,54.55
20,256,AGI,EQ,2689013,710186,26.41
20,257,AGIIL,EQ,6130,2664,43.46
20,258,AGNI,SM,30000,30000,100.00
20,259,AGRITECH,EQ,31846,8546,26.84
20,260,AGROPHOS,EQ,47277,35303,74.67
20,261,AGSTRA,EQ,1176001,608051,51.70
20,262,AHIMSA,ST,3000,3000,100.00
20,263,AHL,EQ,66391,32049,48.27
20,264,AHLADA,EQ,19510,13560,69.50
20,265,AHLEAST,EQ,8980,4536,50.51
20,266,AHLUCONT,EQ,203732,30639,15.04
20,267,AIAENG,EQ,107750,91217,84.66
20,268,AIIL,EQ,166100,142858,86.01
20,269,AILIMITED,ST,16500,16500,100.00
20,270,AIMTRON,SM,74000,58400,78.92
20,271,AIRAN,EQ,97262,49174,50.56
20,272,AIROLAM,EQ,11391,5474,48.06
20,273,AIRTELPP,E1,512667,482006,94.02
20,274,AJANTPHARM,EQ,118488,40512,34.19
20,275,AJMERA,EQ,66518,39462,59.33
20,276,AJOONI,EQ,437907,309064,70.58
20,277,AKANKSHA,ST,24000,23000,95.83
20,278,AKASH,EQ,1387,1029,74.19
20,279,AKG,EQ,5065,3674,72.54
20,280,AKIKO,SM,11200,8000,71.43
20,281,AKSHARCHEM,EQ,6584,3625,55.06
20,282,AKUMS,EQ,282929,155562,54.98
20,283,AKZOINDIA,EQ,7459,4359,58.44
20,284,ALANKIT,EQ,668385,245487,36.73
20,285,ALBERTDAVD,EQ,5565,4253,76.42
20,286,ALEMBICLTD,EQ,307466,94764,30.82
20,287,ALICON,EQ,15927,6806,42.73
20,288,ALIVUS,EQ,103629,41199,39.76
20,289,ALKALI,EQ,9800,4220,43.06
20,290,ALKEM,EQ,61140,31131,50.92
20,291,ALKYLAMINE,EQ,33154,13154,39.68
20,292,ALLCARGO,EQ,1457957,718246,49.26
20,293,ALLDIGI,EQ,17529,7734,44.12
20,294,ALLETEC,ST,18400,16800,91.30
20,295,ALOKINDS,EQ,4691866,1395881,29.75
20,296,ALPA,EQ,45364,26711,58.88
20,297,ALPEXSOLAR,SM,70200,38400,54.70
20,298,ALPHA,EQ,2078806,1626561,78.24
20,299,ALPHAETF,EQ,643550,500466,77.77
20,300,ALPHAGEO,EQ,7483,4580,61.21
20,301,ALPL30IETF,EQ,1070556,977803,91.34
20,302,ALUWIND,SM,36000,28500,79.17
20,303,AMBER,EQ,1226641,122917,10.02
20,304,AMBEY,SM,10000,8000,80.00
20,305,AMBICAAGAR,EQ,8991,1882,20.93
20,306,AMBIKCO,EQ,5996,3301,55.05
20,307,AMBUJACEM,EQ,11092558,2726066,24.58
20,308,AMDIND,EQ,4132,2167,52.44
20,309,AMEYA,SM,2000,2000,100.00
20,310,AMIABLE,SM,1600,1600,100.00
20,311,AMIORG,EQ,2837994,634643,22.36
20,312,AMJLAND,EQ,119132,25755,21.62
20,313,AMJUMBO,SM,8000,8000,100.00
20,314,AMNPLST,EQ,11373,4583,40.30
20,315,AMRUTANJAN,EQ,12062,6701,55.55
20,316,ANANDRATHI,EQ,73134,46571,63.68
20,317,ANANTRAJ,EQ,10539773,2660516,25.24
20,318,ANDHRAPAP,EQ,47247,23551,49.85
20,319,ANDHRSUGAR,EQ,138893,65884,47.44
20,320,ANGELONE,EQ,1277478,172883,13.53
20,321,ANIKINDS,EQ,1630,1143,70.12
20,322,ANLON,SM,1200,1200,100.00
20,323,ANMOL,EQ,140296,66075,47.10
20,324,ANNAPURNA,SM,57500,39000,67.83
20,325,ANTGRAPHIC,EQ,305860,237409,77.62
20,326,ANUHPHR,EQ,23609,11356,48.10
20,327,ANUP,EQ,38765,17582,45.36
20,328,ANURAS,EQ,115016,51732,44.98
20,329,ANYA,SM,740000,670000,90.54
20,330,APARINDS,EQ,1017235,327128,32.16
20,331,APCL,EQ,11032,2587,23.45
20,332,APCOTEXIND,EQ,24049,13730,57.09
20,333,APEX,EQ,114265,33774,29.56
20,334,APEXECO,SM,60800,35200,57.89
20,335,APLAPOLLO,EQ,156856,58701,37.42
20,336,APLLTD,EQ,303606,202094,66.56
20,337,APOLLO,EQ,5360881,1869336,34.87
20,338,APOLLOHOSP,EQ,146288,62838,42.95
20,339,APOLLOPIPE,EQ,59990,26829,44.72
20,340,APOLLOTYRE,EQ,1827081,1068572,58.49
20,341,APOLSINHOT,EQ,1115,532,47.71
20,342,APRAMEYA,ST,16000,14000,87.50
20,343,APS,SM,153250,90250,58.89
20,344,APTECHT,EQ,103854,46596,44.87
20,345,APTUS,EQ,211134,71288,33.76
20,346,ARABIAN,SM,8000,8000,100.00
20,347,ARCHIDPLY,EQ,14249,5011,35.17
20,348,ARCHIES,EQ,27199,14680,53.97
20,349,ARE&M,EQ,488853,199499,40.81
20,350,ARHAM,SM,3000,3000,100.00
20,351,ARIHANTACA,ST,2400,2400,100.00
20,352,ARIHANTCAP,EQ,249762,67593,27.06
20,353,ARIHANTSUP,EQ,40680,13813,33.96
20,354,ARKADE,EQ,2145628,590207,27.51
20,355,ARMANFIN,EQ,40567,19226,47.39
20,356,AROGRANITE,EQ,4721,3097,65.60
20,357,ARROWGREEN,EQ,19544,13113,67.09
20,358,ARTEMISMED,EQ,165284,95723,57.91
20,359,ARVEE,EQ,460,231,50.22
20,360,ARVIND,EQ,698257,285747,40.92
20,361,ARVINDFASN,EQ,318479,180641,56.72
20,362,ARVSMART,EQ,61877,28668,46.33
20,363,ASAHIINDIA,EQ,362549,39941,11.02
20,364,ASAHISONG,EQ,5655,4191,74.11
20,365,ASAL,EQ,18868,7671,40.66
20,366,ASALCBR,EQ,196033,84506,43.11
20,367,ASHALOG,ST,8000,8000,100.00
20,368,ASHAPURMIN,EQ,780008,310862,39.85
20,369,ASHIANA,EQ,42722,17802,41.67
20,370,ASHIMASYN,EQ,124907,59929,47.98
20,371,ASHOKA,EQ,1353158,487803,36.05
20,372,ASHOKAMET,EQ,57801,41743,72.22
20,373,ASHOKLEY,EQ,6461243,3162784,48.95
20,374,ASIANENE,EQ,160493,85169,53.07
20,375,ASIANPAINT,EQ,1281122,745437,58.19
20,376,ASIANTILES,EQ,449872,240617,53.49
20,377,ASKAUTOLTD,EQ,157950,69508,44.01
20,378,ASMS,EQ,683264,419753,61.43
20,379,ASPINWALL,EQ,21045,14259,67.75
20,380,ASPIRE,ST,30000,26000,86.67
20,381,ASTEC,EQ,41069,16411,39.96
20,382,ASTERDM,EQ,566755,312184,55.08
20,383,ASTRAL,EQ,160914,60564,37.64
20,384,ASTRAMICRO,EQ,139475,62577,44.87
20,385,ASTRAZEN,EQ,22236,5944,26.73
20,386,ASTRON,EQ,32148,14062,43.74
20,387,ATAM,EQ,24711,12143,49.14
20,388,ATFL,EQ,48060,31963,66.51
20,389,ATGL,EQ,971739,271791,27.97
20,390,ATL,EQ,358463,178399,49.77
20,391,ATMASTCO,ST,46800,46000,98.29
20,392,ATUL,EQ,21934,9074,41.37
20,393,ATULAUTO,EQ,52467,18951,36.12
20,394,AUBANK,EQ,2890746,1185379,41.01
20,395,AURDIS,ST,1250,1250,100.00
20,396,AURIONPRO,EQ,78529,54933,69.95
20,397,AUROIMPEX,SM,8000,4800,60.00
20,398,AUROPHARMA,EQ,540377,171487,31.73
20,399,AURUM,EQ,157957,25896,16.39
20,400,AURUMPP1,E1,1236,1186,95.95
20,401,AUSL,SM,52000,50000,96.15
20,402,AUTOAXLES,EQ,2840,1814,63.87
20,403,AUTOBEES,EQ,134051,64392,48.04
20,404,AUTOIETF,EQ,188930,108290,57.32
20,405,AUTOIND,EQ,95657,51030,53.35
20,406,AVADHSUGAR,EQ,146175,55329,37.85
20,407,AVALON,EQ,1424438,1069159,75.06
20,408,AVANTEL,EQ,503789,184278,36.58
20,409,AVANTIFEED,EQ,1346959,200378,14.88
20,410,AVIANSH,ST,10000,10000,100.00
20,411,AVL,EQ,52430,30833,58.81
20,412,AVPINFRA,ST,40800,40000,98.04
20,413,AVTNPL,EQ,59477,33995,57.16
20,414,AWFIS,EQ,133874,58026,43.34
20,415,AWHCL,EQ,66296,24231,36.55
20,416,AWL,EQ,2078020,810520,39.00
20,417,AXISBANK,EQ,11175206,8744871,78.25
20,418,AXISBNKETF,EQ,153,153,100.00
20,419,AXISBPSETF,EQ,4723970,4697963,99.45
20,420,AXISCETF,EQ,1027,657,63.97
20,421,AXISGOLD,EQ,211201,152490,72.20
20,422,AXISHCETF,EQ,1954,1560,79.84
20,423,AXISILVER,EQ,16086,9854,61.26
20,424,AXISNIFTY,EQ,4648,4312,92.77
20,425,AXISTECETF,EQ,1245,633,50.84
20,426,AXITA,EQ,1811080,416462,23.00
20,427,AXSENSEX,EQ,805,700,86.96
20,428,AYMSYNTEX,EQ,117771,73603,62.50
20,429,AZAD,EQ,256913,106454,41.44
20,430,BABAFP,SM,11200,9600,85.71
20,431,BAHETI,ST,6750,6000,88.89
20,432,BAIDFIN,EQ,2342545,802330,34.25
20,433,BAJAJ-AUTO,EQ,802600,155868,19.42
20,434,BAJAJCON,EQ,220279,85648,38.88
20,435,BAJAJELEC,EQ,17908,7796,43.53
20,436,BAJAJFINSV,EQ,1880079,936247,49.80
20,437,BAJAJHCARE,EQ,1476265,242077,16.40
20,438,BAJAJHFL,EQ,18331409,6149800,33.55
20,439,BAJAJHIND,EQ,13232458,3935162,29.74
20,440,BAJAJHLDNG,EQ,49369,29449,59.65
20,441,BAJEL,EQ,145876,70130,48.08
20,442,BAJFINANCE,EQ,1514920,820923,54.19
20,443,BALAJEE,EQ,39733,19893,50.07
20,444,BALAMINES,EQ,36684,14338,39.09
20,445,BALAXI,EQ,19236,6530,33.95
20,446,BALCO,ST,4800,3600,75.00
20,447,BALKRISHNA,EQ,40519,11975,29.55
20,448,BALKRISIND,EQ,234076,83934,35.86
20,449,BALMLAWRIE,EQ,181093,76339,42.15
20,450,BALPHARMA,EQ,19679,8618,43.79
20,451,BALRAMCHIN,EQ,1484773,208177,14.02
20,452,BALUFORGE,EQ,1069850,231464,21.64
20,453,BANARISUG,EQ,2385,1907,79.96
20,454,BANCOINDIA,EQ,116673,62590,53.65
20,455,BANDHANBNK,EQ,6165678,1739845,28.22
20,456,BANKA,EQ,10416,8386,80.51
20,457,BANKBARODA,EQ,8514453,4033219,47.37
20,458,BANKBEES,EQ,812125,390898,48.13
20,459,BANKBETF,EQ,5081,4766,93.80
20,460,BANKETF,EQ,1181,1006,85.18
20,461,BANKETFADD,EQ,1985,1557,78.44
20,462,BANKIETF,EQ,2358028,2074238,87.96
20,463,BANKINDIA,EQ,13568733,3899192,28.74
20,464,BANKNIFTY1,EQ,112337,102119,90.90
20,465,BANKPSU,EQ,1669,1119,67.05
20,466,BANSALWIRE,EQ,60912,38120,62.58
20,467,BANSWRAS,EQ,30915,17584,56.88
20,468,BARBEQUE,EQ,499879,355960,71.21
20,469,BARFLEX,ST,404000,386000,95.54
20,470,BASF,EQ,19485,7708,39.56
20,471,BASILIC,ST,24900,23400,93.98
20,472,BASML,EQ,71602,40514,56.58
20,473,BATAINDIA,EQ,347931,130862,37.61
20,474,BAWEJA,SM,9600,8000,83.33
20,475,BAYERCROP,EQ,14458,7283,50.37
20,476,BBETF0432,EQ,1580,1164,73.67
20,477,BBL,EQ,28321,14468,51.09
20,478,BBNPNBETF,EQ,756,70,9.26
20,479,BBNPPGOLD,EQ,1787,1661,92.95
20,480,BBOX,EQ,763790,385671,50.49
20,481,BBTC,EQ,88369,12534,14.18
20,482,BBTCL,EQ,1060,259,24.43
20,483,BCLIND,EQ,970765,522139,53.79
20,484,BCONCEPTS,EQ,19391,10132,52.25
20,485,BDL,EQ,828662,166552,20.10
20,486,BEACON,SM,10000,7000,70.00
20,487,BEARDSELL,EQ,56106,29781,53.08
20,488,BECTORFOOD,EQ,29107,13575,46.64
20,489,BEDMUTHA,EQ,6653,3530,53.06
20,490,BEL,EQ,14361301,5356605,37.30
20,491,BEML,EQ,143272,33698,23.52
20,492,BEPL,EQ,1595430,494284,30.98
20,493,BERGEPAINT,EQ,1610261,817798,50.79
20,494,BESTAGRO,EQ,15274,8604,56.33
20,495,BETA,SM,4500,2600,57.78
20,496,BEWLTD,ST,14500,13500,93.10
20,497,BFINVEST,EQ,19190,9237,48.13
20,498,BFSI,EQ,233863,183007,78.25
20,499,BFUTILITIE,EQ,61290,34609,56.47
20,500,BHAGCHEM,EQ,36986,21241,57.43
20,501,BHAGERIA,EQ,36508,18119,49.63
20,502,BHAGYANGR,EQ,18128,9704,53.53
20,503,BHANDARI,EQ,388614,164332,42.29
20,504,BHARATFORG,EQ,604487,384259,63.57
20,505,BHARATGEAR,EQ,24689,10139,41.07
20,506,BHARATRAS,EQ,1316,740,56.23
20,507,BHARATWIRE,EQ,116762,37981,32.53
20,508,BHARTIARTL,EQ,5009227,3477004,69.41
20,509,BHARTIHEXA,EQ,213208,60321,28.29
20,510,BHEL,EQ,38044200,6096898,16.03
20,511,BIGBLOC,EQ,117271,47898,40.84
20,512,BIKAJI,EQ,198953,96537,48.52
20,513,BIKEWO,SM,12000,6000,50.00
20,514,BINANIIND,EQ,35766,25880,72.36
20,515,BIOCON,EQ,4128263,769143,18.63
20,516,BIOFILCHEM,EQ,9971,6271,62.89
20,517,BIRDYS,SM,3600,3600,100.00
20,518,BIRET,RR,328353,304937,92.87
20,519,BIRLACABLE,EQ,47764,31819,66.62
20,520,BIRLACORPN,EQ,45813,28693,62.63
20,521,BLACKBUCK,EQ,28541,17927,62.81
20,522,BLAL,EQ,55144,33872,61.42
20,523,BLBLIMITED,EQ,228330,181684,79.57
20,524,BLISSGVS,EQ,570862,193881,33.96
20,525,BLKASHYAP,EQ,902463,612246,67.84
20,526,BLS,EQ,5699176,1396192,24.50
20,527,BLSE,EQ,153625,57864,37.67
20,528,BLUEDART,EQ,4899,1723,35.17
20,529,BLUEJET,EQ,890510,503985,56.60
20,530,BLUEPEBBLE,SM,9600,4800,50.00
20,531,BLUESTARCO,EQ,250546,109632,43.76
20,532,BMETRICS,SM,1600,1600,100.00
20,533,BODALCHEM,EQ,105456,46789,44.37
20,534,BOMDYEING,EQ,746786,247682,33.17
20,535,BOROLTD,EQ,69277,29467,42.54
20,536,BOROSCI,EQ,45093,23209,51.47
20,537,BOSCHLTD,EQ,183316,104210,56.85
20,538,BOSS,ST,2000,2000,100.00
20,539,BPCL,EQ,9435973,4203254,44.54
20,540,BPL,EQ,115186,42119,36.57
20,541,BRACEPORT,ST,14400,11200,77.78
20,542,BRIGADE,EQ,858010,158772,18.50
20,543,BRITANNIA,EQ,298533,159112,53.30
20,544,BRNL,EQ,41061,18127,44.15
20,545,BSE,EQ,1702312,352865,20.73
20,546,BSE500IETF,EQ,23408,13964,59.65
20,547,BSHSL,EQ,169683,24818,14.63
20,548,BSL,EQ,24734,12711,51.39
20,549,BSLGOLDETF,EQ,60563,35463,58.56
20,550,BSLNIFTY,EQ,128771,66296,51.48
20,551,BSLSENETFG,EQ,2133,1812,84.95
20,552,BSOFT,EQ,1300810,511329,39.31
20,553,BULKCORP,SM,16800,10800,64.29
20,554,BURNPUR,EQ,254264,212965,83.76
20,555,BUTTERFLY,EQ,13792,8351,60.55
20,556,BVCL,EQ,12059,3927,32.56
20,557,C2C,SM,136800,100800,73.68
20,558,CADSYS,ST,1000,1000,100.00
20,559,CAMLINFINE,EQ,395364,119522,30.23
20,560,CAMPUS,EQ,750567,328108,43.71
20,561,CAMS,EQ,1112274,433606,38.98
20,562,CANARYS,SM,84000,56000,66.67
20,563,CANBK,EQ,23565700,10002685,42.45
20,564,CANFINHOME,EQ,868154,515596,59.39
20,565,CANTABIL,EQ,149404,86527,57.91
20,566,CAPACITE,EQ,388508,185523,47.75
20,567,CAPINVIT,IV,509979,500280,98.10
20,568,CAPITALSFB,EQ,26788,13042,48.69
20,569,CAPLIPOINT,EQ,171109,61839,36.14
20,570,CARBORUNIV,EQ,47367,24005,50.68
20,571,CAREERP,EQ,29030,20940,72.13
20,572,CARERATING,EQ,61391,34019,55.41
20,573,CARRARO,EQ,85607,42409,49.54
20,574,CARTRADE,EQ,1975204,494095,25.01
20,575,CARYSIL,EQ,35348,15346,43.41
20,576,CASTROLIND,EQ,1712653,729678,42.61
20,577,CCHHL,EQ,38714,27694,71.53
20,578,CCL,EQ,109396,29793,27.23
20,579,CDSL,EQ,5527228,1561974,28.26
20,580,CEATLTD,EQ,132845,57533,43.31
20,581,CEIGALL,EQ,378452,243624,64.37
20,582,CELEBRITY,EQ,33286,19810,59.51
20,583,CELLECOR,SM,660000,354000,53.64
20,584,CELLO,EQ,160705,52582,32.72
20,585,CELLPOINT,SM,2400,2400,100.00
20,586,CENTENKA,EQ,12793,7569,59.17
20,587,CENTEXT,EQ,116116,63514,54.70
20,588,CENTRALBK,EQ,4978401,1584894,31.84
20,589,CENTRUM,EQ,287317,139259,48.47
20,590,CENTUM,EQ,10615,5300,49.93
20,591,CENTURYPLY,EQ,37243,13160,35.34
20,592,CERA,EQ,16959,4891,28.84
20,593,CESC,EQ,3742569,1479465,39.53
20,594,CEWATER,EQ,379384,49403,13.02
20,595,CGCL,EQ,1257307,151593,12.06
20,596,CGPOWER,EQ,11394085,2388311,20.96
20,597,CGRAPHICS,SM,96000,72800,75.83
20,598,CHALET,EQ,531992,367301,69.04
20,599,CHAMBLFERT,EQ,815781,134605,16.50
20,600,CHAVDA,SM,20000,14000,70.00
20,601,CHEMBOND,EQ,7645,5777,75.57
20,602,CHEMCON,EQ,17560,10302,58.67
20,603,CHEMFAB,EQ,45519,17245,37.89
20,604,CHEMPLASTS,EQ,51291,17653,34.42
20,605,CHENNPETRO,EQ,453000,169157,37.34
20,606,CHETANA,SM,24000,19200,80.00
20,607,CHEVIOT,EQ,4225,3281,77.66
20,608,CHOICEIN,EQ,803110,95353,11.87
20,609,CHOLAFIN,EQ,2589903,1396540,53.92
20,610,CHOLAHLDNG,EQ,128424,24660,19.20
20,611,CIEINDIA,EQ,71907,33677,46.83
20,612,CIGNITITEC,EQ,189000,68274,36.12
20,613,CINEVISTA,EQ,48947,24380,49.81
20,614,CIPLA,EQ,3775947,1850348,49.00
20,615,CLEAN,EQ,86304,52226,60.51
20,616,CLEDUCATE,EQ,94841,39068,41.19
20,617,CLOUD,SZ,124000,111000,89.52
20,618,CLSEL,EQ,123464,68067,55.13
20,619,CLSL,SM,12000,6000,50.00
20,620,CMMIPL,SZ,3000,3000,100.00
20,621,CMRSL,SM,800,800,100.00
20,622,CMSINFO,EQ,834355,618627,74.14
20,623,COALINDIA,EQ,6680927,3301244,49.41
20,624,COASTCORP,EQ,20098,10729,53.38
20,625,COCHINSHIP,EQ,409995,176834,43.13
20,626,COFORGE,EQ,377010,141586,37.55
20,627,COLPAL,EQ,838694,279086,33.28
20,628,COMMITTED,ST,24000,24000,100.00
20,629,COMMOIETF,EQ,30089,13095,43.52
20,630,COMPUSOFT,EQ,57683,28877,50.06
20,631,CONCOR,EQ,338611,133269,39.36
20,632,CONCORDBIO,EQ,38008,16528,43.49
20,633,CONFIPET,EQ,196384,67763,34.51
20,634,CONS,EQ,3343,1740,52.05
20,635,CONSOFINVT,EQ,24509,12828,52.34
20,636,CONSUMBEES,EQ,63377,35975,56.76
20,637,CONSUMER,EQ,70030,50773,72.50
20,638,CONSUMIETF,EQ,12922,5951,46.05
20,639,CONTROLPR,EQ,17459,6196,35.49
20,640,COOLCAPS,ST,1250,1250,100.00
20,641,CORALFINAC,EQ,16891,10156,60.13
20,642,CORDSCABLE,EQ,28193,16050,56.93
20,643,COROMANDEL,EQ,261426,107538,41.14
20,644,COSMOFIRST,EQ,72263,34949,48.36
20,645,COUNCODOS,EQ,90537,70784,78.18
20,646,CPS,ST,2400,2400,100.00
20,647,CPSEETF,EQ,2302046,1712587,74.39
20,648,CRAFTSMAN,EQ,102279,39757,38.87
20,649,CRAYONS,SM,19000,14000,73.68
20,650,CREATIVE,EQ,8865,4414,49.79
20,651,CREDITACC,EQ,9462573,1420519,15.01
20,652,CREST,EQ,8286,6093,73.53
20,653,CRISIL,EQ,49507,12897,26.05
20,654,CROMPTON,EQ,1380280,691405,50.09
20,655,CROWN,EQ,23261,17636,75.82
20,656,CSBBANK,EQ,191502,85457,44.62
20,657,CSLFINANCE,EQ,17594,12857,73.08
20,658,CTE,EQ,23703,13567,57.24
20,659,CUB,EQ,1436280,455102,31.69
20,660,CUMMINSIND,EQ,537445,313818,58.39
20,661,CUPID,EQ,281475,99100,35.21
20,662,CYBERMEDIA,EQ,20160,11569,57.39
20,663,CYBERTECH,EQ,279342,55542,19.88
20,664,CYIENT,EQ,1191830,374098,31.39
20,665,CYIENTDLM,EQ,496384,235115,47.37
20,666,DABUR,EQ,2201858,1264315,57.42
20,667,DALBHARAT,EQ,500967,301211,60.13
20,668,DALMIASUG,EQ,211564,69860,33.02
20,669,DAMCAPITAL,EQ,3057653,551756,18.05
20,670,DAMODARIND,EQ,7404,3359,45.37
20,671,DANGEE,EQ,189176,117501,62.11
20,672,DANISH,SM,160800,98400,61.19
20,673,DATAMATICS,EQ,838728,226886,27.05
20,674,DATAPATTNS,EQ,109527,26367,24.07
20,675,DAVANGERE,EQ,3608009,1628842,45.15
20,676,DBCORP,EQ,79304,39213,49.45
20,677,DBEIL,EQ,100983,35006,34.67
20,678,DBL,EQ,1266159,255834,20.21
20,679,DBOL,EQ,224534,120695,53.75
20,680,DBREALTY,EQ,1184776,577339,48.73
20,681,DBSTOCKBRO,EQ,22058,10857,49.22
20,682,DCAL,EQ,324905,116049,35.72
20,683,DCBBANK,EQ,1174824,501767,42.71
20,684,DCG,SM,39600,36000,90.91
20,685,DCI,EQ,25882,13541,52.32
20,686,DCM,EQ,33584,16636,49.54
20,687,DCMNVL,EQ,24275,20352,83.84
20,688,DCMSHRIRAM,EQ,80822,24799,30.68
20,689,DCMSRIND,EQ,101655,53873,53.00
20,690,DCW,EQ,1666803,907511,54.45
20,691,DCXINDIA,EQ,349956,151673,43.34
20,692,DDEVPLSTIK,EQ,191213,116663,61.01
20,693,DECCANCE,EQ,7171,3797,52.95
20,694,DECCANTRAN,ST,20400,20400,100.00
20,695,DEEDEV,EQ,103853,66323,63.86
20,696,DEEM,SM,6000,6000,100.00
20,697,DEEPAKFERT,EQ,6560210,1251668,19.08
20,698,DEEPAKNTR,EQ,113914,26502,23.26
20,699,DEEPINDS,EQ,169060,71381,42.22
20,700,DELAPLEX,SM,13800,9000,65.22
20,701,DELHIVERY,EQ,956197,303528,31.74
20,702,DELTACORP,EQ,1214461,562078,46.28
20,703,DELTAMAGNT,EQ,788,478,60.66
20,704,DELTIC,SM,37000,24000,64.86
20,705,DEN,EQ,1200315,323442,26.95
20,706,DENEERS,ST,4800,4200,87.50
20,707,DENORA,EQ,7316,3949,53.98
20,708,DENTALKART,SM,10000,7750,77.50
20,709,DESTINY,ST,1500,1500,100.00
20,710,DEVIT,EQ,113302,38224,33.74
20,711,DEVYANI,EQ,1229979,383118,31.15
20,712,DHAMPURSUG,EQ,520588,107769,20.70
20,713,DHANI,EQ,3230778,1131117,35.01
20,714,DHANLAXMI,ST,90000,62000,68.89
20,715,DHANUKA,EQ,16775,7621,45.43
20,716,DHARIWAL,SM,1200,1200,100.00
20,717,DHARMAJ,EQ,63365,38071,60.08
20,718,DHRUV,EQ,119059,82998,69.71
20,719,DHTL,SM,4000,3200,80.00
20,720,DHUNINV,EQ,1775,1429,80.51
20,721,DIAMINESQ,EQ,2616,1907,72.90
20,722,DIAMONDYD,EQ,63750,31416,49.28
20,723,DICIND,EQ,1541,881,57.17
20,724,DIFFNKG,EQ,77836,40777,52.39
20,725,DIGIDRIVE,EQ,62163,36262,58.33
20,726,DIGIKORE,ST,4200,4200,100.00
20,727,DIGISPICE,EQ,80652,40440,50.14
20,728,DISHTV,EQ,12702309,6828094,53.75
20,729,DIVGIITTS,EQ,11078,8778,79.24
20,730,DIVISLAB,EQ,241519,95014,39.34
20,731,DIVOPPBEES,EQ,24756,13509,54.57
20,732,DIVYADHAN,SM,24000,18000,75.00
20,733,DIXON,EQ,323696,90203,27.87
20,734,DKEGL,SM,1500,1500,100.00
20,735,DLF,EQ,3831233,1796174,46.88
20,736,DLINKINDIA,EQ,79160,34819,43.99
20,737,DMART,EQ,387658,237397,61.24
20,738,DNAMEDIA,EQ,34210,18411,53.82
20,739,DODLA,EQ,17007,5464,32.13
20,740,DOLATALGO,EQ,268355,143527,53.48
20,741,DOLLAR,EQ,25857,13743,53.15
20,742,DOLLEX,SM,4000,4000,100.00
20,743,DOLPHIN,EQ,7091,4576,64.53
20,744,DOMS,EQ,95618,30458,31.85
20,745,DONEAR,EQ,90461,33354,36.87
20,746,DPABHUSHAN,EQ,6950,2543,36.59
20,747,DPEL,ST,28500,24000,84.21
20,748,DPSCLTD,EQ,253045,135897,53.70
20,749,DPWIRES,EQ,17151,9108,53.10
20,750,DRCSYSTEMS,EQ,114821,54793,47.72
20,751,DREAMFOLKS,EQ,57310,29336,51.19
20,752,DREDGECORP,EQ,22805,8086,35.46
20,753,DRL,SM,24000,24000,100.00
20,754,DRONE,ST,18000,18000,100.00
20,755,DRREDDY,EQ,3458251,2534075,73.28
20,756,DSSL,EQ,43666,19817,45.38
20,757,DTIL,EQ,8378,2638,31.49
20,758,DTL,SM,3600,2400,66.67
20,759,DUCOL,SM,9600,7200,75.00
20,760,DUCON,EQ,619321,430426,69.50
20,761,DUGLOBAL,SM,7500,7500,100.00
20,762,DURLAX,SM,28000,18000,64.29
20,763,DVL,EQ,10633,5157,48.50
20,764,DWARKESH,EQ,1344604,363862,27.06
20,765,DYCL,EQ,164794,80631,48.93
20,766,DYNAMATECH,EQ,4002,1415,35.36
20,767,DYNAMIC,ST,33500,32500,97.01
20,768,DYNPRO,EQ,2922,1455,49.79
20,769,EASEMYTRIP,EQ,30755617,10894157,35.42
20,770,EBANKNIFTY,EQ,2068,2068,100.00
20,771,EBBETF0425,EQ,3496,3496,100.00
20,772,EBBETF0430,EQ,4446,3400,76.47
20,773,EBBETF0431,EQ,4786,4582,95.74
20,774,EBBETF0433,EQ,24787,21727,87.65
20,775,ECAPINSURE,EQ,55908,44623,79.82
20,776,ECLERX,EQ,48398,25933,53.58
20,777,ECOSMOBLTY,EQ,194693,70679,36.30
20,778,EDELWEISS,EQ,2246571,1186864,52.83
20,779,EFACTOR,ST,8800,4800,54.55
20,780,EFFWA,ST,18400,18400,100.00
20,781,EFORCE,SM,10800,8400,77.78
20,782,EGOLD,EQ,32271,31236,96.79
20,783,EICHERMOT,EQ,357310,141763,39.68
20,784,EIDPARRY,EQ,177748,61035,34.34
20,785,EIEL,EQ,3930052,979453,24.92
20,786,EIFFL,EQ,186565,182782,97.97
20,787,EIHAHOTELS,EQ,21866,11418,52.22
20,788,EIHOTEL,EQ,258321,116626,45.15
20,789,EIMCOELECO,EQ,24041,12804,53.26
20,790,EKC,EQ,376949,137387,36.45
20,791,ELDEHSG,EQ,1523,732,48.06
20,792,ELECON,EQ,661206,310057,46.89
20,793,ELECTCAST,EQ,836226,419917,50.22
20,794,ELGIEQUIP,EQ,61256,31106,50.78
20,795,ELIN,EQ,131051,68421,52.21
20,796,EMAIN,ST,1144000,1092000,95.45
20,797,EMAMILTD,EQ,880317,535658,60.85
20,798,EMAMIPAP,EQ,9971,4980,49.94
20,799,EMBASSY,RR,308497,276207,89.53
20,800,EMBDL,EQ,7887686,2002337,25.39
20,801,EMCURE,EQ,85609,46673,54.52
20,802,EMIL,EQ,305824,107563,35.17
20,803,EMKAYTOOLS,SM,2550,2250,88.24
20,804,EMMBI,EQ,150860,52911,35.07
20,805,EMMIL,ST,19750,18750,94.94
20,806,EMSLIMITED,EQ,317513,102842,32.39
20,807,EMUDHRA,EQ,1965608,442510,22.51
20,808,EMULTIMQ,EQ,36817,34565,93.88
20,809,ENDURANCE,EQ,35466,20234,57.05
20,810,ENFUSE,ST,7800,6000,76.92
20,811,ENGINERSIN,EQ,2208840,775030,35.09
20,812,ENIL,EQ,15186,10238,67.42
20,813,ENSER,ST,4000,4000,100.00
20,814,ENTERO,EQ,66549,50219,75.46
20,815,ENVIRO,SM,56000,26000,46.43
20,816,EPACK,EQ,290129,167265,57.65
20,817,EPIGRAL,EQ,79029,28412,35.95
20,818,EPL,EQ,966209,393567,40.73
20,819,EQUAL50ADD,EQ,5230,3138,60.00
20,820,EQUITASBNK,EQ,3924831,2130096,54.27
20,821,ERIS,EQ,51104,28734,56.23
20,822,ESABINDIA,EQ,17420,9379,53.84
20,823,ESAFSFB,EQ,293324,109285,37.26
20,824,ESCONET,ST,3600,3600,100.00
20,825,ESCORTS,EQ,70231,13991,19.92
20,826,ESFL,SM,27000,19080,70.67
20,827,ESG,EQ,5770,3151,54.61
20,828,ESILVER,EQ,68810,67348,97.88
20,829,ESPRIT,ST,9600,8000,83.33
20,830,ESSENTIA,EQ,2623193,1767996,67.40
20,831,ESTER,EQ,136329,46460,34.08
20,832,ETHOSLTD,EQ,42052,23960,56.98
20,833,ETML,SM,216000,178800,82.78
20,834,EUREKAFORB,EQ,348521,206476,59.24
20,835,EUROBOND,SM,69000,69000,100.00
20,836,EVEREADY,EQ,63466,27928,44.00
20,837,EVINDIA,EQ,159688,129243,80.93
20,838,EXCELINDUS,EQ,11431,4633,40.53
20,839,EXICOM,EQ,397739,181415,45.61
20,840,EXIDEIND,EQ,7667714,977242,12.74
20,841,EXPLEOSOL,EQ,8052,4685,58.18
20,842,EXXARO,EQ,3403783,2313887,67.98
20,843,FACT,EQ,362822,41778,11.51
20,844,FAIRCHEMOR,EQ,16996,7176,42.22
20,845,FALCONTECH,SM,6000,0,0.00
20,846,FAZE3Q,EQ,4486,1937,43.18
20,847,FCL,EQ,320684,145805,45.47
20,848,FCSSOFT,EQ,2109030,1052774,49.92
20,849,FDC,EQ,44893,18025,40.15
20,850,FEDERALBNK,EQ,10013432,4940668,49.34
20,851,FEDFINA,EQ,481786,266949,55.41
20,852,FELIX,ST,18000,17000,94.44
20,853,FIBERWEB,EQ,64750,32686,50.48
20,854,FICRF3GP,MF,2000,2000,100.00
20,855,FIDEL,ST,13000,13000,100.00
20,856,FIEMIND,EQ,22712,10248,45.12
20,857,FILATEX,EQ,2601524,891280,34.26
20,858,FINCABLES,EQ,103404,34067,32.95
20,859,FINEORG,EQ,10854,4070,37.50
20,860,FINIETF,EQ,88244,53326,60.43
20,861,FINOPB,EQ,93932,40041,42.63
20,862,FINPIPE,EQ,490813,160746,32.75
20,863,FIRSTCRY,EQ,121544,46429,38.20
20,864,FIVESTAR,EQ,391427,118418,30.25
20,865,FLAIR,EQ,82037,59336,72.33
20,866,FLUOROCHEM,EQ,269765,49990,18.53
20,867,FMCGIETF,EQ,1414141,849597,60.08
20,868,FMGOETZE,EQ,25092,15467,61.64
20,869,FOCUS,EQ,450475,281255,62.44
20,870,FONEBOX,SM,4000,4000,100.00
20,871,FOODSIN,EQ,93693,14868,15.87
20,872,FORCAS,ST,9600,9600,100.00
20,873,FORCEMOT,EQ,20659,8539,41.33
20,874,FORGEAUTO,SM,4800,3600,75.00
20,875,FORTIS,EQ,1738092,658490,37.89
20,876,FOSECOIND,EQ,863,395,45.77
20,877,FRESHARA,ST,63600,62400,98.11
20,878,FROG,SM,272000,152800,56.18
20,879,FSL,EQ,5473001,945428,17.27
20,880,FUSION,EQ,287930,135035,46.90
20,881,GABRIEL,EQ,145976,56412,38.64
20,882,GAEL,EQ,827693,258993,31.29
20,883,GAIL,EQ,16409375,9357339,57.02
20,884,GALAPREC,EQ,57944,18958,32.72
20,885,GALAXYSURF,EQ,7479,4907,65.61
20,886,GALLANTT,EQ,39591,26669,67.36
20,887,GANDHAR,EQ,191696,64934,33.87
20,888,GANDHITUBE,EQ,1139,709,62.25
20,889,GANECOS,EQ,73308,27289,37.23
20,890,GANESHBE,EQ,87816,54346,61.89
20,891,GANESHHOUC,EQ,186845,53056,28.40
20,892,GANESHIN,SM,112000,52800,47.14
20,893,GANGAFORGE,EQ,138603,104539,75.42
20,894,GANGESSECU,EQ,4863,1920,39.48
20,895,GARFIBRES,EQ,115386,69907,60.59
20,896,GARUDA,EQ,898964,233252,25.95
20,897,GATEWAY,EQ,326416,142001,43.50
20,898,GEECEE,EQ,3636,2213,60.86
20,899,GEEKAYWIRE,EQ,110768,60625,54.73
20,900,GENCON,EQ,109119,60233,55.20
20,901,GENESYS,EQ,391665,152439,38.92
20,902,GENSOL,EQ,228137,70628,30.96
20,903,GENUSPAPER,EQ,119390,48531,40.65
20,904,GENUSPOWER,EQ,502169,240657,47.92
20,905,GEOJITFSL,EQ,314661,114646,36.43
20,906,GEPIL,EQ,100929,56195,55.68
20,907,GESHIP,EQ,286108,123223,43.07
20,908,GFLLIMITED,EQ,58225,27200,46.72
20,909,GGBL,ST,46500,44400,95.48
20,910,GHCL,EQ,172687,68487,39.66
20,911,GHCLTEXTIL,EQ,127153,66157,52.03
20,912,GICHSGFIN,EQ,77350,47594,61.53
20,913,GICL,ST,115500,115500,100.00
20,914,GICRE,EQ,561879,120097,21.37
20,915,GILLETTE,EQ,21683,10780,49.72
20,916,GILT5YBEES,EQ,197103,140022,71.04
20,917,GINNIFILA,EQ,70004,41538,59.34
20,918,GIPCL,EQ,512332,218272,42.60
20,919,GKWLIMITED,EQ,1320,888,67.27
20,920,GLAND,EQ,79923,29541,36.96
20,921,GLAXO,EQ,226380,137001,60.52
20,922,GLENMARK,EQ,284020,77577,27.31
20,923,GLOBAL,EQ,85818,50534,58.89
20,924,GLOBALPET,SM,4500,1500,33.33
20,925,GLOBE,EQ,1316777,802267,60.93
20,926,GLOBUSSPR,EQ,68198,23839,34.96
20,927,GLOSTERLTD,EQ,1647,1207,73.28
20,928,GMBREW,EQ,44334,17346,39.13
20,929,GMDCLTD,EQ,3768893,640934,17.01
20,930,GMMPFAUDLR,EQ,27876,13708,49.17
20,931,GMRAIRPORT,EQ,25973856,13106490,50.46
20,932,GMRP&UI,EQ,1944476,912118,46.91
20,933,GNA,EQ,60157,38129,63.38
20,934,GNFC,EQ,429774,112125,26.09
20,935,GOACARBON,EQ,26529,11219,42.29
20,936,GOCLCORP,EQ,32936,20789,63.12
20,937,GOCOLORS,EQ,17612,8458,48.02
20,938,GODAVARIB,EQ,220528,102498,46.48
20,939,GODFRYPHLP,EQ,33937,10436,30.75
20,940,GODIGIT,EQ,1358908,156551,11.52
20,941,GODREJAGRO,EQ,226183,131589,58.18
20,942,GODREJCP,EQ,758944,449430,59.22
20,943,GODREJIND,EQ,100591,42738,42.49
20,944,GODREJPROP,EQ,746880,413164,55.32
20,945,GOKEX,EQ,80720,32834,40.68
20,946,GOKULAGRO,EQ,100017,43352,43.34
20,947,GOLD1,EQ,484186,332130,68.60
20,948,GOLDBEES,EQ,7048513,5015438,71.16
20,949,GOLDCASE,EQ,840249,661260,78.70
20,950,GOLDETF,EQ,148502,90701,61.08
20,951,GOLDETFADD,EQ,59908,52916,88.33
20,952,GOLDIAM,EQ,1674332,408436,24.39
20,953,GOLDIETF,EQ,742793,576713,77.64
20,954,GOLDSHARE,EQ,328543,311588,94.84
20,955,GOLDSTAR,SM,33750,22500,66.67
20,956,GOODLUCK,EQ,94716,38252,40.39
20,957,GOPAL,EQ,44528,17973,40.36
20,958,GOYALALUM,EQ,129274,86166,66.65
20,959,GOYALSALT,SM,4200,4200,100.00
20,960,GPECO,ST,4800,4800,100.00
20,961,GPIL,EQ,1051565,436358,41.50
20,962,GPPL,EQ,1307629,634696,48.54
20,963,GPTHEALTH,EQ,95695,50601,52.88
20,964,GPTINFRA,EQ,146992,58481,39.79
20,965,GRANULES,EQ,1456353,685407,47.06
20,966,GRAPHITE,EQ,237109,68341,28.82
20,967,GRASIM,EQ,200039,74124,37.05
20,968,GRAVITA,EQ,309329,79251,25.62
20,969,GRCL,SM,250,250,100.00
20,970,GREAVESCOT,EQ,11876841,1977072,16.65
20,971,GREENCHEF,SM,4800,4000,83.33
20,972,GREENLAM,EQ,19687,6842,34.75
20,973,GREENPANEL,EQ,92579,48216,52.08
20,974,GREENPLY,EQ,108688,47204,43.43
20,975,GREENPOWER,EQ,3104133,1456000,46.91
20,976,GRINDWELL,EQ,23486,11332,48.25
20,977,GRINFRA,EQ,10032,4470,44.56
20,978,GRMOVER,EQ,71278,38767,54.39
20,979,GROBTEA,EQ,155,118,76.13
20,980,GROWWDEFNC,EQ,197720,103300,52.25
20,981,GROWWEV,EQ,167062,105349,63.06
20,982,GROWWGOLD,EQ,80827,34838,43.10
20,983,GROWWLIQID,EQ,268003,239581,89.39
20,984,GRPLTD,EQ,1414,840,59.41
20,985,GRSE,EQ,487256,79334,16.28
20,986,GRWRHITECH,EQ,146520,63885,43.60
20,987,GSEC10IETF,EQ,200,200,100.00
20,988,GSEC10YEAR,EQ,134,94,70.15
20,989,GSEC5IETF,EQ,979,684,69.87
20,990,GSFC,EQ,1123772,355158,31.60
20,991,GSLSU,EQ,206281,29126,14.12
20,992,GSMFOILS,ST,14000,14000,100.00
20,993,GSPL,EQ,376020,148173,39.41
20,994,GSS,EQ,44481,21526,48.39
20,995,GSTL,ST,9000,9000,100.00
20,996,GTL,EQ,337695,182064,53.91
20,997,GTLINFRA,EQ,41925296,13995043,33.38
20,998,GTPL,EQ,86724,45165,52.08
20,999,GUFICBIO,EQ,24712,9684,39.19
20,1000,GUJALKALI,EQ,35760,12135,33.93
20,1001,GUJAPOLLO,EQ,27484,18473,67.21
20,1002,GUJGASLTD,EQ,533680,131888,24.71
20,1003,GULFOILLUB,EQ,70041,26982,38.52
20,1004,GULFPETRO,EQ,94861,54485,57.44
20,1005,GULPOLY,EQ,111864,48182,43.07
20,1006,GVPTECH,EQ,105787,76033,71.87
20,1007,GVT&D,EQ,885725,768108,86.72
20,1008,HAL,EQ,1582724,443912,28.05
20,1009,HAPPSTMNDS,EQ,279869,111588,39.87
20,1010,HAPPYFORGE,EQ,39539,24228,61.28
20,1011,HARIOMPIPE,EQ,56063,28942,51.62
20,1012,HARRMALAYA,EQ,18957,10218,53.90
20,1013,HARSHA,EQ,46343,24567,53.01
20,1014,HATHWAY,EQ,2232585,817074,36.60
20,1015,HATSUN,EQ,9593,5231,54.53
20,1016,HAVELLS,EQ,569570,256206,44.98
20,1017,HAVISHA,EQ,86411,46514,53.83
20,1018,HBLENGINE,EQ,1817448,514959,28.33
20,1019,HBSL,EQ,6722,3740,55.64
20,1020,HCC,EQ,29765465,9267054,31.13
20,1021,HCG,EQ,311976,238973,76.60
20,1022,HCL-INSYS,EQ,153590,94992,61.85
20,1023,HCLTECH,EQ,3733620,2728087,73.07
20,1024,HDFCAMC,EQ,129136,47683,36.92
20,1025,HDFCBANK,EQ,6309945,4346810,68.89
20,1026,HDFCBSE500,EQ,7715,4592,59.52
20,1027,HDFCGOLD,EQ,1021621,689625,67.50
20,1028,HDFCGROWTH,EQ,3111,1806,58.05
20,1029,HDFCLIFE,EQ,2005819,945071,47.12
20,1030,HDFCLIQUID,EQ,1644,1125,68.43
20,1031,HDFCLOWVOL,EQ,14327,10329,72.09
20,1032,HDFCMID150,EQ,380469,319239,83.91
20,1033,HDFCMOMENT,EQ,204610,156616,76.54
20,1034,HDFCNEXT50,EQ,48940,39680,81.08
20,1035,HDFCNIF100,EQ,51043,24641,48.27
20,1036,HDFCNIFBAN,EQ,576102,555719,96.46
20,1037,HDFCNIFIT,EQ,8749,5280,60.35
20,1038,HDFCNIFTY,EQ,92914,50568,54.42
20,1039,HDFCPSUBK,EQ,12467,6928,55.57
20,1040,HDFCPVTBAN,EQ,65792,55844,84.88
20,1041,HDFCQUAL,EQ,6539,3863,59.08
20,1042,HDFCSENSEX,EQ,50263,36164,71.95
20,1043,HDFCSILVER,EQ,152719,94138,61.64
20,1044,HDFCSML250,EQ,857271,593815,69.27
20,1045,HDFCVALUE,EQ,44124,29265,66.32
20,1046,HEADSUP,EQ,14581,10562,72.44
20,1047,HEALTHADD,EQ,2243,1036,46.19
20,1048,HEALTHIETF,EQ,59909,46676,77.91
20,1049,HEALTHY,EQ,119183,70458,59.12
20,1050,HEG,EQ,452310,208355,46.06
20,1051,HEIDELBERG,EQ,137654,55678,40.45
20,1052,HEMIPROP,EQ,344964,147206,42.67
20,1053,HERANBA,EQ,70426,33765,47.94
20,1054,HERITGFOOD,EQ,244747,120992,49.44
20,1055,HEROMOTOCO,EQ,479893,213740,44.54
20,1056,HESTERBIO,EQ,3907,2986,76.43
20,1057,HEUBACHIND,EQ,235225,68725,29.22
20,1058,HEXATRADEX,EQ,23535,20968,89.09
20,1059,HFCL,EQ,8694770,2190025,25.19
20,1060,HGINFRA,EQ,107293,29105,27.13
20,1061,HGS,EQ,12568,6740,53.63
20,1062,HIGREEN,ST,4000,4000,100.00
20,1063,HIKAL,EQ,195830,82710,42.24
20,1064,HIL,EQ,9376,5784,61.69
20,1065,HILTON,EQ,48218,27577,57.19
20,1066,HIMATSEIDE,EQ,616301,255745,41.50
20,1067,HINDALCO,EQ,4618198,2602091,56.34
20,1068,HINDCOMPOS,EQ,4470,2828,63.27
20,1069,HINDCOPPER,EQ,3635520,1142918,31.44
20,1070,HINDMOTORS,EQ,5566601,1468189,26.37
20,1071,HINDOILEXP,EQ,614057,243017,39.58
20,1072,HINDPETRO,EQ,3747258,1505477,40.18
20,1073,HINDUNILVR,EQ,699576,351483,50.24
20,1074,HINDWAREAP,EQ,213346,133989,62.80
20,1075,HINDZINC,EQ,1683342,561849,33.38
20,1076,HIRECT,EQ,8034,5185,64.54
20,1077,HISARMETAL,EQ,5311,3498,65.86
20,1078,HITECH,EQ,424364,146661,34.56
20,1079,HITECHCORP,EQ,12673,7199,56.81
20,1080,HLEGLAS,EQ,35104,14541,41.42
20,1081,HLVLTD,EQ,723757,405251,55.99
20,1082,HMAAGRO,EQ,2861367,2753763,96.24
20,1083,HMVL,EQ,26758,13476,50.36
20,1084,HNDFDS,EQ,40967,20250,49.43
20,1085,HNGSNGBEES,EQ,117221,66366,56.62
20,1086,HOACFOODS,ST,3000,3000,100.00
20,1087,HOLMARC,ST,6000,6000,100.00
20,1088,HOMEFIRST,EQ,338366,117486,34.72
20,1089,HONASA,EQ,417733,183603,43.95
20,1090,HONAUT,EQ,4927,1530,31.05
20,1091,HONDAPOWER,EQ,2635,957,36.32
20,1092,HOVS,EQ,7919,4719,59.59
20,1093,HPAL,EQ,134117,80880,60.31
20,1094,HPIL,EQ,1881,908,48.27
20,1095,HPL,EQ,561797,85390,15.20
20,1096,HRHNEXT,ST,3000,3000,100.00
20,1097,HSCL,EQ,625342,223710,35.77
20,1098,HTMEDIA,EQ,70401,32002,45.46
20,1099,HUBTOWN,EQ,81070,55325,68.24
20,1100,HUDCO,EQ,5372911,1120545,20.86
20,1101,HUHTAMAKI,EQ,155290,113079,72.82
20,1102,HVAX,ST,7500,7500,100.00
20,1103,HYUNDAI,EQ,676152,292496,43.26
20,1104,ICEMAKE,EQ,12809,6545,51.10
20,1105,ICICIB22,EQ,330096,123766,37.49
20,1106,ICICIBANK,EQ,7666777,4809292,62.73
20,1107,ICICIGI,EQ,792094,576765,72.82
20,1108,ICICIPRULI,EQ,760118,391639,51.52
20,1109,ICIL,EQ,286079,122142,42.70
20,1110,ICRA,EQ,4813,2794,58.05
20,1111,IDBI,EQ,3796352,1397005,36.80
20,1112,IDEA,EQ,186423902,58123379,31.18
20,1113,IDEAFORGE,EQ,1217336,190868,15.68
20,1114,IDEALTECHO,SM,7000,7000,100.00
20,1115,IDENTICAL,ST,26000,26000,100.00
20,1116,IDFCFIRSTB,EQ,58562492,30034120,51.29
20,1117,IDFNIFTYET,EQ,684,347,50.73
20,1118,IEML,SM,27500,24000,87.27
20,1119,IEX,EQ,12670335,2287729,18.06
20,1120,IFBAGRO,EQ,3958,2992,75.59
20,1121,IFBIND,EQ,310433,134823,43.43
20,1122,IFCI,EQ,7579142,1582121,20.87
20,1123,IFGLEXPOR,EQ,7820,3841,49.12
20,1124,IGARASHI,EQ,43170,26834,62.16
20,1125,IGIL,EQ,1418342,493255,34.78
20,1126,IGL,EQ,6917953,1273169,18.40
20,1127,IGPL,EQ,24729,14916,60.32
20,1128,IHFL261224,N1,20,20,100.00
20,1129,IIFL,EQ,2092312,920977,44.02
20,1130,IIFLCAPS,EQ,322218,181190,56.23
20,1131,IIFLZC25,ND,65,65,100.00
20,1132,IIFLZC28,NG,975,975,100.00
20,1133,IIFLZC28A,NU,220,220,100.00
20,1134,IIFLZC28B,Y1,200,200,100.00
20,1135,IKIO,EQ,59552,22783,38.26
20,1136,IKS,EQ,611421,308837,50.51
20,1137,IMAGICAA,EQ,433623,201338,46.43
20,1138,IMC1,N0,103,103,100.00
20,1139,IMC1,N1,1,1,100.00
20,1140,IMC1,N3,25,25,100.00
20,1141,IMFA,EQ,569968,283220,49.69
20,1142,IMPAL,EQ,14995,2223,14.82
20,1143,INCREDIBLE,EQ,6632,4787,72.18
20,1144,INDBANK,EQ,115084,39924,34.69
20,1145,INDGN,EQ,233459,109048,46.71
20,1146,INDHOTEL,EQ,2589510,1341766,51.82
20,1147,INDIACEM,EQ,1614487,217729,13.49
20,1148,INDIAGLYCO,EQ,93766,30020,32.02
20,1149,INDIAMART,EQ,520222,273431,52.56
20,1150,INDIANB,EQ,5282493,1508465,28.56
20,1151,INDIANHUME,EQ,55356,27371,49.45
20,1152,INDIASHLTR,EQ,33341,15528,46.57
20,1153,INDIGO,EQ,344762,130907,37.97
20,1154,INDIGOPNTS,EQ,73424,23092,31.45
20,1155,INDIGRID,IV,275300,223730,81.27
20,1156,INDNIPPON,EQ,7057,4324,61.27
20,1157,INDOAMIN,EQ,129465,45416,35.08
20,1158,INDOBORAX,EQ,22838,12484,54.66
20,1159,INDOCO,EQ,126328,72504,57.39
20,1160,INDOFARM,EQ,2250965,358908,15.94
20,1161,INDORAMA,EQ,59024,42648,72.26
20,1162,INDOSTAR,EQ,95925,37708,39.31
20,1163,INDOWIND,EQ,403701,198802,49.24
20,1164,INDRAMEDCO,EQ,193662,81524,42.10
20,1165,INDTERRAIN,EQ,45597,27454,60.21
20,1166,INDUSINDBK,EQ,2571504,1289314,50.14
20,1167,INDUSINVIT,IV,32967,24395,74.00
20,1168,INDUSTOWER,EQ,4888368,1906728,39.01
20,1169,INFIBEAM,EQ,6863590,2041718,29.75
20,1170,INFINIUM,SM,1500,1500,100.00
20,1171,INFOBEAN,EQ,64665,29276,45.27
20,1172,INFOLLION,ST,7200,6400,88.89
20,1173,INFOMEDIA,EQ,32868,19242,58.54
20,1174,INFRABEES,EQ,20276,16718,82.45
20,1175,INFRAIETF,EQ,80605,41461,51.44
20,1176,INFY,EQ,5145155,2981332,57.94
20,1177,INGERRAND,EQ,8946,4517,50.49
20,1178,INM,SM,19800,19800,100.00
20,1179,INNOMET,SM,12000,12000,100.00
20,1180,INNOVACAP,EQ,85861,42863,49.92
20,1181,INNOVANA,EQ,1527,982,64.31
20,1182,INOXGREEN,EQ,5270003,824499,15.65
20,1183,INOXINDIA,EQ,93803,46073,49.12
20,1184,INOXWIND,EQ,53835770,6750622,12.54
20,1185,INSECTICID,EQ,49952,26375,52.80
20,1186,INSPIRE,SM,34000,20000,58.82
20,1187,INSPIRISYS,EQ,1946,807,41.47
20,1188,INTELLECT,EQ,1485285,945136,63.63
20,1189,INTENTECH,EQ,20803,15232,73.22
20,1190,INTERARCH,EQ,168113,45753,27.22
20,1191,INTLCONV,EQ,62523,27057,43.28
20,1192,INVENTURE,EQ,1092818,644253,58.95
20,1193,IOB,EQ,4279424,890376,20.81
20,1194,IOC,EQ,12017314,6431644,53.52
20,1195,IOLCP,EQ,197825,70575,35.68
20,1196,IONEXCHANG,EQ,231579,123091,53.15
20,1197,IPCALAB,EQ,791584,506106,63.94
20,1198,IPHL,ST,25200,22800,90.48
20,1199,IPL,EQ,175621,77566,44.17
20,1200,IRB,EQ,9911672,2685849,27.10
20,1201,IRBINVIT,IV,333669,323907,97.07
20,1202,IRCON,EQ,11096358,1981794,17.86
20,1203,IRCTC,EQ,699239,215127,30.77
20,1204,IREDA,EQ,8533081,1792765,21.01
20,1205,IRFC,EQ,19560159,4209785,21.52
20,1206,IRISDOREME,EQ,78105,10271,13.15
20,1207,IRMENERGY,EQ,44069,23405,53.11
20,1208,ISEC,EQ,112989,40872,36.17
20,1209,ISFT,EQ,14326,4090,28.55
20,1210,ISGEC,EQ,83409,45777,54.88
20,1211,ISHAN,SM,1872000,1248000,66.67
20,1212,IT,EQ,118594,37225,31.39
20,1213,ITBEES,EQ,2499953,1352358,54.10
20,1214,ITC,EQ,15158510,9959829,65.70
20,1215,ITDC,EQ,25311,7785,30.76
20,1216,ITDCEM,EQ,919560,519694,56.52
20,1217,ITETF,EQ,163430,148402,90.80
20,1218,ITETFADD,EQ,3470,3299,95.07
20,1219,ITIETF,EQ,113238,68283,60.30
20,1220,IVC,EQ,114025,68813,60.35
20,1221,IVP,EQ,2959,1392,47.04
20,1222,IVZINGOLD,EQ,224,178,79.46
20,1223,IVZINNIFTY,EQ,33,23,69.70
20,1224,IWEL,EQ,1968,1614,82.01
20,1225,IXIGO,EQ,4772712,859197,18.00
20,1226,JAGRAN,EQ,95053,62071,65.30
20,1227,JAGSNPHARM,EQ,339275,58760,17.32
20,1228,JAIBALAJI,EQ,391125,236396,60.44
20,1229,JAICORPLTD,EQ,1204573,363120,30.15
20,1230,JAINAM,ST,1000,1000,100.00
20,1231,JAIPURKURT,EQ,92630,40451,43.67
20,1232,JALAN,ST,180000,180000,100.00
20,1233,JAMNAAUTO,EQ,530982,258375,48.66
20,1234,JASH,EQ,264167,141953,53.74
20,1235,JAYAGROGN,EQ,16111,11765,73.02
20,1236,JAYBARMARU,EQ,31685,17546,55.38
20,1237,JAYBEE,ST,89000,88000,98.88
20,1238,JAYNECOIND,EQ,109912,76670,69.76
20,1239,JAYSREETEA,EQ,59769,19876,33.25
20,1240,JBCHEPHARM,EQ,39187,18603,47.47
20,1241,JBMA,EQ,250983,45519,18.14
20,1242,JCHAC,EQ,23612,15221,64.46
20,1243,JEYYAM,SM,64000,56000,87.50
20,1244,JFLLIFE,ST,6000,6000,100.00
20,1245,JGCHEM,EQ,196259,72828,37.11
20,1246,JHS,EQ,45544,25658,56.34
20,1247,JINDALPHOT,EQ,6876,2761,40.15
20,1248,JINDALPOLY,EQ,116904,40722,34.83
20,1249,JINDALSAW,EQ,2988439,757101,25.33
20,1250,JINDALSTEL,EQ,551268,138876,25.19
20,1251,JINDRILL,EQ,681894,237449,34.82
20,1252,JINDWORLD,EQ,415873,88095,21.18
20,1253,JIOFIN,EQ,23719434,11808659,49.78
20,1254,JISLDVREQS,EQ,84627,30738,36.32
20,1255,JISLJALEQS,EQ,3328312,1230671,36.98
20,1256,JITFINFRA,EQ,40549,24175,59.62
20,1257,JIWANRAM,ST,90000,66000,73.33
20,1258,J&KBANK,EQ,2971186,1038383,34.95
20,1259,JKCEMENT,EQ,197946,75046,37.91
20,1260,JKIL,EQ,97123,42819,44.09
20,1261,JKLAKSHMI,EQ,67442,24731,36.67
20,1262,JKPAPER,EQ,175648,53978,30.73
20,1263,JKTYRE,EQ,452719,182222,40.25
20,1264,JLHL,EQ,14205,6537,46.02
20,1265,JMA,EQ,3521,2216,62.94
20,1266,JMFINANCIL,EQ,21697851,4614364,21.27
20,1267,JNKINDIA,EQ,15080,8502,56.38
20,1268,JOCIL,EQ,1903,1139,59.85
20,1269,JPOLYINVST,EQ,5107,1892,37.05
20,1270,JPPOWER,EQ,23739634,6283086,26.47
20,1271,JSFB,EQ,811361,216158,26.64
20,1272,JSL,EQ,321064,88352,27.52
20,1273,JSLL,SM,15390,12510,81.29
20,1274,JSWENERGY,EQ,28908664,11939217,41.30
20,1275,JSWINFRA,EQ,2604747,1072778,41.19
20,1276,JSWSTEEL,EQ,1298065,394307,30.38
20,1277,JTEKTINDIA,EQ,109876,73027,66.46
20,1278,JTLIND,EQ,2741524,1778803,64.88
20,1279,JUBLFOOD,EQ,1761359,777197,44.12
20,1280,JUBLINGREA,EQ,644789,316106,49.02
20,1281,JUBLPHARMA,EQ,207983,81841,39.35
20,1282,JUNIORBEES,EQ,304266,159928,52.56
20,1283,JUNIPER,EQ,172169,104936,60.95
20,1284,JUSTDIAL,EQ,146898,42225,28.74
20,1285,JWL,EQ,12939473,4375238,33.81
20,1286,JYOTHYLAB,EQ,434153,161442,37.19
20,1287,JYOTICNC,EQ,390074,136773,35.06
20,1288,JYOTISTRUC,EQ,6837879,3540176,51.77
20,1289,KABRAEXTRU,EQ,22237,8952,40.26
20,1290,KAJARIACER,EQ,187499,116414,62.09
20,1291,KAKATCEM,EQ,3164,1465,46.30
20,1292,KALAMANDIR,EQ,778431,342377,43.98
20,1293,KALANA,SM,22000,14000,63.64
20,1294,KALYANKJIL,EQ,18178589,1539519,8.47
20,1295,KAMATHOTEL,EQ,37770,21599,57.19
20,1296,KAMDHENU,EQ,907664,244113,26.89
20,1297,KANANIIND,EQ,143416,110004,76.70
20,1298,KANDARP,ST,4000,4000,100.00
20,1299,KANORICHEM,EQ,13349,7915,59.29
20,1300,KANPRPLA,EQ,11076,6818,61.56
20,1301,KANSAINER,EQ,3515586,2885727,82.08
20,1302,KAPSTON,EQ,5564,3141,56.45
20,1303,KARMAENG,EQ,5340,4285,80.24
20,1304,KARURVYSYA,EQ,870346,336908,38.71
20,1305,KATARIA,ST,9000,9000,100.00
20,1306,KAUSHALYA,EQ,1664,1246,74.88
20,1307,KAYNES,EQ,3519386,321528,9.14
20,1308,KBCGLOBAL,EQ,41808516,17556890,41.99
20,1309,KCEIL,ST,15000,13500,90.00
20,1310,KCK,ST,20000,20000,100.00
20,1311,KCP,EQ,250613,106591,42.53
20,1312,KCPSUGIND,EQ,193392,97918,50.63
20,1313,KDDL,EQ,7024,3568,50.80
20,1314,KDL,ST,16800,16800,100.00
20,1315,KEC,EQ,880239,326388,37.08
20,1316,KECL,EQ,142462,52692,36.99
20,1317,KEI,EQ,140623,50476,35.89
20,1318,KEL,SM,7200,7200,100.00
20,1319,KELLTONTEC,EQ,1298197,309502,23.84
20,1320,KESORAMIND,EQ,235014,116958,49.77
20,1321,KEYFINSERV,EQ,7474,4838,64.73
20,1322,KFINTECH,EQ,1410030,571536,40.53
20,1323,KHADIM,EQ,47794,24004,50.22
20,1324,KHAICHEM,EQ,113160,42442,37.51
20,1325,KHAITANLTD,EQ,6271,3432,54.73
20,1326,KHANDSE,EQ,40302,9965,24.73
20,1327,KHFM,SM,3100,1550,50.00
20,1328,KICL,EQ,2824,1747,61.86
20,1329,KILITCH,EQ,4200,2949,70.21
20,1330,KIMS,EQ,263200,159437,60.58
20,1331,KINGFA,EQ,11827,5198,43.95
20,1332,KIOCL,EQ,156374,41679,26.65
20,1333,KIRIINDUS,EQ,257961,145532,56.42
20,1334,KIRLOSBROS,EQ,129822,38735,29.84
20,1335,KIRLOSENG,EQ,305163,175096,57.38
20,1336,KIRLOSIND,EQ,5740,4257,74.16
20,1337,KIRLPNU,EQ,313569,180314,57.50
20,1338,KKCL,EQ,133279,123213,92.45
20,1339,KKJEWELS,ST,374000,364000,97.33
20,1340,KLL,SM,6400,6400,100.00
20,1341,KMEW,EQ,8335,5340,64.07
20,1342,KMSUGAR,EQ,213167,69048,32.39
20,1343,KNAGRI,SM,104000,102000,98.08
20,1344,KNRCON,EQ,593982,279695,47.09
20,1345,KODYTECH,SM,10600,6100,57.55
20,1346,KOHINOOR,EQ,65985,22368,33.90
20,1347,KOKUYOCMLN,EQ,33971,16197,47.68
20,1348,KOLTEPATIL,EQ,109750,54454,49.62
20,1349,KONSTELEC,ST,18000,18000,100.00
20,1350,KONTOR,SM,10800,9600,88.89
20,1351,KORE,ST,2000,2000,100.00
20,1352,KOTAKBANK,EQ,2351631,1433917,60.98
20,1353,KOTARISUG,EQ,71380,30960,43.37
20,1354,KOTHARIPET,EQ,263475,31840,12.08
20,1355,KOTYARK,SM,23600,18800,79.66
20,1356,KPEL,EQ,83250,60844,73.09
20,1357,KPIGREEN,EQ,679113,359286,52.91
20,1358,KPIL,EQ,245644,111754,45.49
20,1359,KPITTECH,EQ,9955740,1671881,16.79
20,1360,KPRMILL,EQ,171945,56329,32.76
20,1361,KRBL,EQ,278999,118827,42.59
20,1362,KRISHANA,EQ,44480,28990,65.18
20,1363,KRISHCA,SM,24000,15500,64.58
20,1364,KRISHIVAL,SM,500,500,100.00
20,1365,KRISHNADEF,SM,26750,17250,64.49
20,1366,KRITI,EQ,21547,10510,48.78
20,1367,KRITINUT,EQ,62473,29402,47.06
20,1368,KRN,EQ,1380199,287598,20.84
20,1369,KRONOX,EQ,116266,37718,32.44
20,1370,KROSS,EQ,118285,41315,34.93
20,1371,KRSNAA,EQ,99025,60671,61.27
20,1372,KRYSTAL,EQ,28715,12699,44.22
20,1373,KSB,EQ,132618,67704,51.05
20,1374,KSCL,EQ,105559,74633,70.70
20,1375,KSL,EQ,28947,14523,50.17
20,1376,KSOLVES,EQ,11791,5515,46.77
20,1377,KTKBANK,EQ,696523,360271,51.72
20,1378,KTL,ST,18000,15000,83.33
20,1379,KUANTUM,EQ,36792,27078,73.60
20,1380,LAGNAM,EQ,19022,8822,46.38
20,1381,LAKSHYA,SM,59200,40000,67.57
20,1382,LALPATHLAB,EQ,289489,186288,64.35
20,1383,LAMOSAIC,ST,4200,4200,100.00
20,1384,LANCORHOL,EQ,17173,6252,36.41
20,1385,LANDMARK,EQ,55475,31533,56.84
20,1386,LAOPALA,EQ,67622,45499,67.28
20,1387,LASA,EQ,41103,20585,50.08
20,1388,LATENTVIEW,EQ,179541,80348,44.75
20,1389,LAURUSLABS,EQ,4394319,1165754,26.53
20,1390,LAWSIKHO,SM,15500,11500,74.19
20,1391,LAXMICOT,EQ,28885,16769,58.05
20,1392,LAXMIDENTL,EQ,2116975,260447,12.30
20,1393,LEMERITE,ST,29600,18400,62.16
20,1394,LEMONTREE,EQ,2903530,1382157,47.60
20,1395,LEXUS,EQ,580915,57114,9.83
20,1396,LFIC,EQ,2129,1314,61.72
20,1397,LGBBROSLTD,EQ,16766,10709,63.87
20,1398,LIBAS,EQ,28980,15910,54.90
20,1399,LIBERTSHOE,EQ,20718,13384,64.60
20,1400,LICHSGFIN,EQ,1439625,569029,39.53
20,1401,LICI,EQ,939222,221266,23.56
20,1402,LICMFGOLD,EQ,1026,962,93.76
20,1403,LICNETFGSC,EQ,89783,54257,60.43
20,1404,LICNETFN50,EQ,364,356,97.80
20,1405,LICNETFSEN,EQ,18,18,100.00
20,1406,LICNFNHGP,EQ,1481,859,58.00
20,1407,LICNMID100,EQ,9288,4067,43.79
20,1408,LIKHITHA,EQ,72865,33695,46.24
20,1409,LINC,EQ,62526,45324,72.49
20,1410,LINCOLN,EQ,30963,18185,58.73
20,1411,LINDEINDIA,EQ,393613,52562,13.35
20,1412,LIQUID,EQ,156372,26643,17.04
20,1413,LIQUID1,EQ,174664,95066,54.43
20,1414,LIQUIDADD,EQ,820838,630686,76.83
20,1415,LIQUIDBEES,EQ,2600576,1664620,64.01
20,1416,LIQUIDBETF,EQ,43702,15306,35.02
20,1417,LIQUIDCASE,EQ,8058686,4948488,61.41
20,1418,LIQUIDETF,EQ,145879,103422,70.90
20,1419,LIQUIDIETF,EQ,507965,372311,73.29
20,1420,LIQUIDPLUS,EQ,23746,23645,99.57
20,1421,LIQUIDSBI,EQ,1861,1857,99.79
20,1422,LIQUIDSHRI,EQ,5698,4446,78.03
20,1423,LLOYDS,SM,9000,8000,88.89
20,1424,LLOYDSENGG,EQ,3354119,1116282,33.28
20,1425,LLOYDSENT,EQ,2812767,1230142,43.73
20,1426,LLOYDSME,EQ,743894,311123,41.82
20,1427,LMW,EQ,2461,1710,69.48
20,1428,LODHA,EQ,2018443,882802,43.74
20,1429,LOKESHMACH,EQ,29694,15329,51.62
20,1430,LOTUSEYE,EQ,51075,17116,33.51
20,1431,LOVABLE,EQ,22415,9436,42.10
20,1432,LOWVOL,EQ,39,19,48.72
20,1433,LOWVOL1,EQ,112911,103928,92.04
20,1434,LOWVOLIETF,EQ,341210,204429,59.91
20,1435,LRRPL,ST,3000,3000,100.00
20,1436,LT,EQ,1238704,708307,57.18
20,1437,LTF,EQ,6916017,2905235,42.01
20,1438,LTFOODS,EQ,457540,212635,46.47
20,1439,LTGILTBEES,EQ,3054506,2330348,76.29
20,1440,LTIM,EQ,248653,82452,33.16
20,1441,LTTS,EQ,151866,30994,20.41
20,1442,LUMAXIND,EQ,3149,2282,72.47
20,1443,LUMAXTECH,EQ,133621,61965,46.37
20,1444,LUPIN,EQ,575970,304809,52.92
20,1445,LUXIND,EQ,31776,16327,51.38
20,1446,LXCHEM,EQ,655025,282953,43.20
20,1447,LYKALABS,EQ,48828,23084,47.28
20,1448,LYPSAGEMS,EQ,12529,8666,69.17
20,1449,MACOBSTECH,SM,1600,800,50.00
20,1450,MACPOWER,EQ,15183,7205,47.45
20,1451,MADHAV,EQ,3555,2616,73.59
20,1452,MADHAVBAUG,SM,1600,1200,75.00
20,1453,MADHUCON,EQ,67201,43978,65.44
20,1454,MADHUSUDAN,SM,9000,7000,77.78
20,1455,MADRASFERT,EQ,148644,44129,29.69
20,1456,MAFANG,EQ,1069791,564597,52.78
20,1457,MAGADSUGAR,EQ,17141,10631,62.02
20,1458,MAGNUM,EQ,38566,26114,67.71
20,1459,MAGSON,SM,106000,104000,98.11
20,1460,MAHABANK,EQ,13357924,4569821,34.21
20,1461,MAHAPEXLTD,EQ,5844,2651,45.36
20,1462,MAHESHWARI,EQ,55300,19044,34.44
20,1463,MAHKTECH,EQ,1419777,737798,51.97
20,1464,MAHLIFE,EQ,130855,54693,41.80
20,1465,MAHLOG,EQ,59103,26988,45.66
20,1466,MAHSCOOTER,EQ,3286,2222,67.62
20,1467,MAHSEAMLES,EQ,138070,64018,46.37
20,1468,MAITHANALL,EQ,21493,8697,40.46
20,1469,MAITREYA,ST,6800,6000,88.24
20,1470,MAKEINDIA,EQ,10901,8882,81.48
20,1471,MAL,SM,52800,49600,93.94
20,1472,MALLCOM,EQ,2890,1266,43.81
20,1473,MALUPAPER,EQ,7166,3149,43.94
20,1474,MAMATA,EQ,499641,119005,23.82
20,1475,MANAKALUCO,EQ,26264,16924,64.44
20,1476,MANAKSIA,EQ,23099,12331,53.38
20,1477,MANAKSTEEL,EQ,13123,7822,59.61
20,1478,MANALIPETC,EQ,171923,76909,44.73
20,1479,MANAPPURAM,EQ,23514228,9963419,42.37
20,1480,MANBA,EQ,230173,127060,55.20
20,1481,MANCREDIT,EQ,59096,27341,46.27
20,1482,MANDEEP,SM,18000,16000,88.89
20,1483,MANGALAM,EQ,11453,6036,52.70
20,1484,MANGCHEFER,EQ,410776,277775,67.62
20,1485,MANGLMCEM,EQ,36109,19902,55.12
20,1486,MANINDS,EQ,131946,73571,55.76
20,1487,MANINFRA,EQ,2133326,496805,23.29
20,1488,MANKIND,EQ,515998,336246,65.16
20,1489,MANOMAY,EQ,36971,23772,64.30
20,1490,MANORAMA,EQ,39272,22208,56.55
20,1491,MANORG,EQ,2087,1444,69.19
20,1492,MANUGRAPH,EQ,19317,10173,52.66
20,1493,MANYAVAR,EQ,368711,319277,86.59
20,1494,MAPMYINDIA,EQ,134221,65740,48.98
20,1495,MARALOVER,EQ,21364,11180,52.33
20,1496,MARATHON,EQ,49192,28602,58.14
20,1497,MARCO,SM,9000,6000,66.67
20,1498,MARICO,EQ,2457335,1318629,53.66
20,1499,MARINETRAN,ST,4000,4000,100.00
20,1500,MARKSANS,EQ,781115,277247,35.49
20,1501,MARUTI,EQ,817549,299019,36.58
20,1502,MASFIN,EQ,273895,71418,26.07
20,1503,MASON,ST,9000,9000,100.00
20,1504,MASPTOP50,EQ,379911,265072,69.77
20,1505,MASTEK,EQ,59321,23836,40.18
20,1506,MASTERTR,EQ,33878,20583,60.76
20,1507,MATRIMONY,EQ,3919,2221,56.67
20,1508,MAWANASUG,EQ,76090,32623,42.87
20,1509,MAXESTATES,EQ,106761,57581,53.93
20,1510,MAXHEALTH,EQ,1074681,541351,50.37
20,1511,MAXIND,EQ,19926,9862,49.49
20,1512,MAXPOSURE,SM,36000,28000,77.78
20,1513,MAYURUNIQ,EQ,21675,8899,41.06
20,1514,MAZDOCK,EQ,2838163,414231,14.60
20,1515,MBAPL,EQ,127418,44986,35.31
20,1516,MBLINFRA,EQ,149157,52844,35.43
20,1517,MCON,ST,7000,7000,100.00
20,1518,MCX,EQ,336054,100434,29.89
20,1519,MEDANTA,EQ,118871,54195,45.59
20,1520,MEDIASSIST,EQ,203400,89602,44.05
20,1521,MEDICAMEQ,EQ,8757,6318,72.15
20,1522,MEDICO,EQ,2075577,1134192,54.64
20,1523,MEDIORG,SM,28000,20000,71.43
20,1524,MEDPLUS,EQ,189792,124367,65.53
20,1525,MEGAFLEX,SM,24000,24000,100.00
20,1526,MEGASTAR,EQ,247174,243577,98.54
20,1527,MEGATHERM,SM,11200,8800,78.57
20,1528,MENONBE,EQ,18064,9145,50.63
20,1529,METAL,EQ,112432,63390,56.38
20,1530,METALIETF,EQ,828477,401927,48.51
20,1531,METROBRAND,EQ,107261,82482,76.90
20,1532,METROPOLIS,EQ,92532,28071,30.34
20,1533,MFSL,EQ,781623,511606,65.45
20,1534,MGEL,EQ,140998,71232,50.52
20,1535,MGL,EQ,2632069,432451,16.43
20,1536,MHHL,ST,19500,19500,100.00
20,1537,MHRIL,EQ,68761,34345,49.95
20,1538,MICEL,EQ,125263,79123,63.17
20,1539,MID150BEES,EQ,391080,257803,65.92
20,1540,MID150CASE,EQ,677609,507633,74.92
20,1541,MIDCAP,EQ,27050,16410,60.67
20,1542,MIDCAPETF,EQ,2023941,1531097,75.65
20,1543,MIDCAPIETF,EQ,618410,312787,50.58
20,1544,MIDHANI,EQ,433830,99163,22.86
20,1545,MIDQ50ADD,EQ,8646,7556,87.39
20,1546,MIDSELIETF,EQ,147105,78911,53.64
20,1547,MIDSMALL,EQ,318463,269051,84.48
20,1548,MIEL,ST,12000,10000,83.33
20,1549,MINDACORP,EQ,386998,164522,42.51
20,1550,MINDSPACE,RR,39128,29959,76.57
20,1551,MINDTECK,EQ,31702,16445,51.87
20,1552,MIRCELECTR,EQ,544467,329304,60.48
20,1553,MIRZAINT,EQ,76176,40000,52.51
20,1554,MITCON,EQ,41944,6260,14.92
20,1555,MITCONPP,E1,620,420,67.74
20,1556,MITTAL,EQ,1162912,490060,42.14
20,1557,MKPL,EQ,154343,115952,75.13
20,1558,M&M,EQ,1808565,824182,45.57
20,1559,M&MFIN,EQ,3677522,590122,16.05
20,1560,M&MFIN,N3,13,13,100.00
20,1561,MMFL,EQ,34385,16405,47.71
20,1562,MMP,EQ,9740,5497,56.44
20,1563,MMTC,EQ,1259283,288703,22.93
20,1564,MNC,EQ,20392,17299,84.83
20,1565,MOBIKWIK,EQ,30487411,949207,3.11
20,1566,MODEFENCE,EQ,374275,233319,62.34
20,1567,MODIRUBBER,EQ,2157,1903,88.22
20,1568,MODISONLTD,EQ,62087,17753,28.59
20,1569,MOGSEC,EQ,6991,1082,15.48
20,1570,MOHEALTH,EQ,36385,24277,66.72
20,1571,MOIL,EQ,965502,260691,27.00
20,1572,MOKSH,EQ,124166,103370,83.25
20,1573,MOL,EQ,265629,117317,44.17
20,1574,MOLDTECH,EQ,71203,41110,57.74
20,1575,MOLDTKPAC,EQ,135741,82307,60.64
20,1576,MOLOWVOL,EQ,4435,3600,81.17
20,1577,MOM100,EQ,483721,248015,51.27
20,1578,MOM30IETF,EQ,1669036,1075389,64.43
20,1579,MOM50,EQ,5938,4890,82.35
20,1580,MOMENTUM,EQ,95840,71610,74.72
20,1581,MOMENTUM50,EQ,268687,196899,73.28
20,1582,MOMOMENTUM,EQ,157151,94605,60.20
20,1583,MON100,EQ,617299,331438,53.69
20,1584,MONARCH,EQ,132131,50855,38.49
20,1585,MONIFTY500,EQ,200573,145316,72.45
20,1586,MONQ50,EQ,34343,33481,97.49
20,1587,MONTECARLO,EQ,7611,2368,31.11
20,1588,MOQUALITY,EQ,1471,1093,74.30
20,1589,MOREALTY,EQ,296317,202693,68.40
20,1590,MOREPENLAB,EQ,3003730,847928,28.23
20,1591,MOS,ST,3200,3200,100.00
20,1592,MOSMALL250,EQ,1122347,694395,61.87
20,1593,MOTHERSON,EQ,4777431,1958169,40.99
20,1594,MOTILALOFS,EQ,5188093,892823,17.21
20,1595,MOTISONS,EQ,993959,563602,56.70
20,1596,MOTOGENFIN,EQ,11814,6494,54.97
20,1597,MOVALUE,EQ,38443,24161,62.85
20,1598,MPHASIS,EQ,636180,309881,48.71
20,1599,MPSLTD,EQ,71084,24431,34.37
20,1600,MRF,EQ,5682,2116,37.24
20,1601,MRO-TEK,EQ,3153,2442,77.45
20,1602,MRPL,EQ,1149446,321603,27.98
20,1603,MSPL,EQ,173530,114096,65.75
20,1604,MSTCLTD,EQ,141673,54388,38.39
20,1605,MSUMI,EQ,2612752,1194395,45.71
20,1606,MTARTECH,EQ,78108,20877,26.73
20,1607,MTNL,EQ,4594113,592423,12.90
20,1608,MUFIN,EQ,176360,92394,52.39
20,1609,MUFTI,EQ,152215,82510,54.21
20,1610,MUKANDLTD,EQ,217338,106906,49.19
20,1611,MUKKA,EQ,337105,142462,42.26
20,1612,MUKTAARTS,EQ,10111,5511,54.50
20,1613,MULTICAP,EQ,200217,128315,64.09
20,1614,MUNJALAU,EQ,56102,21191,37.77
20,1615,MUNJALSHOW,EQ,16715,7203,43.09
20,1616,MURUDCERA,EQ,19766,12606,63.78
20,1617,MUTHOOTCAP,EQ,47491,34611,72.88
20,1618,MUTHOOTFIN,EQ,518813,286183,55.16
20,1619,MUTHOOTMF,EQ,379373,131273,34.60
20,1620,MVGJL,EQ,174202,53663,30.81
20,1621,MVKAGRO,SM,16800,13200,78.57
20,1622,MWL,SM,57600,55200,95.83
20,1623,MYMUDRA,SM,18000,14400,80.00
20,1624,NACLIND,EQ,464661,184267,39.66
20,1625,NAGAFERT,EQ,625267,374415,59.88
20,1626,NAGREEKEXP,EQ,43011,19710,45.83
20,1627,NAHARCAP,EQ,6793,3622,53.32
20,1628,NAHARINDUS,EQ,14826,6700,45.19
20,1629,NAHARPOLY,EQ,12751,9328,73.16
20,1630,NAHARSPING,EQ,39168,20028,51.13
20,1631,NAMAN,ST,7200,6400,88.89
20,1632,NAM-INDIA,EQ,1551204,989329,63.78
20,1633,NAMOEWASTE,ST,48000,46400,96.67
20,1634,NATCOPHARM,EQ,548621,253871,46.27
20,1635,NATHBIOGEN,EQ,13937,9126,65.48
20,1636,NATIONALUM,EQ,5201019,1365115,26.25
20,1637,NAUKRI,EQ,209571,97260,46.41
20,1638,NAVA,EQ,286028,136314,47.66
20,1639,NAVINFLUOR,EQ,195692,51064,26.09
20,1640,NAVKARCORP,EQ,831835,463166,55.68
20,1641,NAVNETEDUL,EQ,83413,46043,55.20
20,1642,NAZARA,EQ,174561,63908,36.61
20,1643,NBCC,EQ,10117561,2287148,22.61
20,1644,NCC,EQ,5135910,1471950,28.66
20,1645,NCLIND,EQ,88427,51087,57.77
20,1646,NDL,EQ,3801529,2041287,53.70
20,1647,NDLVENTURE,EQ,8708,4956,56.91
20,1648,NDRAUTO,EQ,15492,6759,43.63
20,1649,NDTV,EQ,72286,25421,35.17
20,1650,NECCLTD,EQ,66686,41158,61.72
20,1651,NEELAM,ST,48000,48000,100.00
20,1652,NELCAST,EQ,108469,34059,31.40
20,1653,NELCO,EQ,72095,28868,40.04
20,1654,NEOGEN,EQ,54820,18390,33.55
20,1655,NEPHROCARE,SM,9600,6400,66.67
20,1656,NESCO,EQ,84219,36062,42.82
20,1657,NESTLEIND,EQ,397145,169399,42.65
20,1658,NETF,EQ,2047,1587,77.53
20,1659,NETWEB,EQ,755412,273223,36.17
20,1660,NETWORK18,EQ,3588463,1234373,34.40
20,1661,NEULANDLAB,EQ,21643,7144,33.01
20,1662,NEWGEN,EQ,751155,334567,44.54
20,1663,NEWJAISA,SM,18000,10500,58.33
20,1664,NEXT50,EQ,11352,8974,79.05
20,1665,NEXT50IETF,EQ,509038,326956,64.23
20,1666,NFL,EQ,1828663,462690,25.30
20,1667,NGIL,EQ,182191,25507,14.00
20,1668,NGILPP1,E1,219,219,100.00
20,1669,NGLFINE,EQ,1840,1069,58.10
20,1670,NH,EQ,109382,52886,48.35
20,1671,NHIT,IV,250000,250000,100.00
20,1672,NHPC,EQ,13912840,5413363,38.91
20,1673,NIACL,EQ,616990,195951,31.76
20,1674,NIDAN,SM,7000,7000,100.00
20,1675,NIDOZC26,N7,143,143,100.00
20,1676,NIF100BEES,EQ,21874,16293,74.49
20,1677,NIF100IETF,EQ,59459,31549,53.06
20,1678,NIF10GETF,EQ,1647,1018,61.81
20,1679,NIF5GETF,EQ,536,536,100.00
20,1680,NIFITETF,EQ,484,482,99.59
20,1681,NIFMID150,EQ,1441,1136,78.83
20,1682,NIFTY1,EQ,89969,79735,88.62
20,1683,NIFTY50ADD,EQ,24868,17446,70.15
20,1684,NIFTYBEES,EQ,4481256,2745356,61.26
20,1685,NIFTYBETF,EQ,6265,3141,50.14
20,1686,NIFTYETF,EQ,234189,122399,52.27
20,1687,NIFTYIETF,EQ,294207,164527,55.92
20,1688,NIFTYQLITY,EQ,58065,40939,70.51
20,1689,NIITLTD,EQ,876841,287195,32.75
20,1690,NIITMTS,EQ,66192,34543,52.19
20,1691,NILAINFRA,EQ,664584,255139,38.39
20,1692,NILKAMAL,EQ,2683,1814,67.61
20,1693,NINSYS,EQ,4824,1720,35.66
20,1694,NIPPOBATRY,EQ,2623,1772,67.56
20,1695,NIRAJ,EQ,28065,18367,65.44
20,1696,NIRMAN,SM,17400,9900,56.90
20,1697,NITINSPIN,EQ,99488,44550,44.78
20,1698,NITIRAJ,EQ,6421,4950,77.09
20,1699,NIVABUPA,EQ,1106311,465023,42.03
20,1700,NLCINDIA,EQ,896838,346124,38.59
20,1701,NMDC,EQ,14177669,3475176,24.51
20,1702,NMSTEEL,SM,73600,28800,39.13
20,1703,NOCIL,EQ,156892,57061,36.37
20,1704,NORTHARC,EQ,186326,89202,47.87
20,1705,NOVAAGRI,EQ,160135,68490,42.77
20,1706,NPBET,EQ,86,61,70.93
20,1707,NPST,SM,20100,12950,64.43
20,1708,NRAIL,EQ,6363,3330,52.33
20,1709,NRBBEARING,EQ,73123,35377,48.38
20,1710,NRL,EQ,110262,75207,68.21
20,1711,NSIL,EQ,13711,5324,38.83
20,1712,NSLNISP,EQ,27364375,2464792,9.01
20,1713,NTPC,EQ,16056888,10562968,65.78
20,1714,NTPCGREEN,EQ,8757089,3558250,40.63
20,1715,NUCLEUS,EQ,42211,15782,37.39
20,1716,NUVAMA,EQ,159583,68944,43.20
20,1717,NUVOCO,EQ,714160,598653,83.83
20,1718,NV20,EQ,28726,8751,30.46
20,1719,NV20BEES,EQ,10196,6977,68.43
20,1720,NV20IETF,EQ,487867,243941,50.00
20,1721,NXST,RR,364817,352572,96.64
20,1722,NYKAA,EQ,9475290,5993865,63.26
20,1723,OAL,EQ,30479,17356,56.94
20,1724,OBCL,EQ,22314,5843,26.19
20,1725,OBEROIRLTY,EQ,736424,312594,42.45
20,1726,OBSCP,ST,730800,571200,78.16
20,1727,OCCL,EQ,10427,6875,65.93
20,1728,OCCLLTD,EQ,94248,49042,52.04
20,1729,OFSS,EQ,182919,55983,30.61
20,1730,OIL,EQ,2555776,1045259,40.90
20,1731,OILIETF,EQ,965362,651661,67.50
20,1732,OLAELEC,EQ,26430739,8790560,33.26
20,1733,OLECTRA,EQ,444101,156527,35.25
20,1734,OLIL,SM,80400,58800,73.13
20,1735,OMAXAUTO,EQ,45989,19870,43.21
20,1736,OMAXE,EQ,192786,96430,50.02
20,1737,OMFURN,ST,19200,14400,75.00
20,1738,OMINFRAL,EQ,64772,29905,46.17
20,1739,ONDOOR,ST,600,600,100.00
20,1740,ONELIFECAP,EQ,8295,4391,52.94
20,1741,ONEPOINT,EQ,874166,443009,50.68
20,1742,ONGC,EQ,5651586,2301247,40.72
20,1743,ONMOBILE,EQ,262825,102485,38.99
20,1744,ONWARDTEC,EQ,99559,54699,54.94
20,1745,ONYX,ST,174000,170000,97.70
20,1746,OPTIEMUS,EQ,122773,85138,69.35
20,1747,ORCHPHARMA,EQ,42051,14949,35.55
20,1748,ORIANA,SM,152550,102000,66.86
20,1749,ORICONENT,EQ,295790,161299,54.53
20,1750,ORIENTALTL,EQ,96531,32119,33.27
20,1751,ORIENTBELL,EQ,6329,3661,57.84
20,1752,ORIENTCEM,EQ,424001,304253,71.76
20,1753,ORIENTCER,EQ,133608,40715,30.47
20,1754,ORIENTELEC,EQ,487534,194216,39.84
20,1755,ORIENTHOT,EQ,229944,151683,65.97
20,1756,ORIENTPPR,EQ,884015,433826,49.07
20,1757,ORIENTTECH,EQ,1416671,452767,31.96
20,1758,ORISSAMINE,EQ,6700,2984,44.54
20,1759,ORTINGLOBE,EQ,10602,6043,57.00
20,1760,OSELDEVICE,ST,20000,20000,100.00
20,1761,OSWALAGRO,EQ,5453,5453,100.00
20,1762,OSWALGREEN,EQ,531145,178261,33.56
20,1763,OWAIS,SM,15300,11700,76.47
20,1764,PAGEIND,EQ,32215,18636,57.85
20,1765,PAISALO,EQ,1963433,1022283,52.07
20,1766,PAKKA,EQ,78323,44867,57.28
20,1767,PALASHSECU,EQ,1983,1120,56.48
20,1768,PANACEABIO,EQ,894200,374084,41.83
20,1769,PANAMAPET,EQ,16588,10654,64.23
20,1770,PANSARI,EQ,535,172,32.15
20,1771,PARACABLES,EQ,1171639,509040,43.45
20,1772,PARADEEP,EQ,3659734,946278,25.86
20,1773,PARAGMILK,EQ,364449,154193,42.31
20,1774,PARAGON,ST,12000,10800,90.00
20,1775,PARAMATRIX,SM,3600,2400,66.67
20,1776,PARAMOUNT,SM,6000,6000,100.00
20,1777,PARAS,EQ,116973,36189,30.94
20,1778,PARASPETRO,EQ,145168,104073,71.69
20,1779,PARIN,ST,500,500,100.00
20,1780,PARKHOTELS,EQ,270497,168590,62.33
20,1781,PARTYCRUS,SM,15000,11000,73.33
20,1782,PASHUPATI,ST,42800,42800,100.00
20,1783,PATANJALI,EQ,735016,319051,43.41
20,1784,PATELENG,EQ,2240971,1026337,45.80
20,1785,PATINTLOG,EQ,108876,40226,36.95
20,1786,PAVNAIND,EQ,8271,6403,77.42
20,1787,PAYTM,EQ,4378055,1105440,25.25
20,1788,PCBL,EQ,1956727,650189,33.23
20,1789,PCCL,SM,5200,4400,84.62
20,1790,PCJEWELLER,EQ,5030531,3606072,71.68
20,1791,PDMJEPAPER,EQ,70678,50360,71.25
20,1792,PDSL,EQ,208078,125552,60.34
20,1793,PEARLPOLY,EQ,37489,15571,41.53
20,1794,PEL,EQ,625648,91632,14.65
20,1795,PELATRO,ST,3600,3000,83.33
20,1796,PENIND,EQ,500088,223201,44.63
20,1797,PENINLAND,EQ,464833,280382,60.32
20,1798,PENTAGON,SM,47000,30000,63.83
20,1799,PERFECT,ST,48000,48000,100.00
20,1800,PERSISTENT,EQ,724783,238053,32.84
20,1801,PETRONET,EQ,2611081,1047698,40.13
20,1802,PETRONET,T0,1,1,100.00
20,1803,PFC,EQ,8257720,3043774,36.86
20,1804,PFIZER,EQ,13923,6233,44.77
20,1805,PFOCUS,EQ,56651,33479,59.10
20,1806,PFS,EQ,2883997,1082855,37.55
20,1807,PGEL,EQ,3339970,1234879,36.97
20,1808,PGHH,EQ,2028,1032,50.89
20,1809,PGHL,EQ,2215,1194,53.91
20,1810,PGIL,EQ,105723,44788,42.36
20,1811,PGINVIT,IV,1081085,965692,89.33
20,1812,PHANTOMFX,ST,11700,11700,100.00
20,1813,PHARMABEES,EQ,2786721,1919233,68.87
20,1814,PHOENIXLTD,EQ,167936,54978,32.74
20,1815,PHOGLOBAL,ST,16000,14000,87.50
20,1816,PIDILITIND,EQ,207441,90167,43.47
20,1817,PIIND,EQ,126453,62156,49.15
20,1818,PILANIINVS,EQ,2885,1595,55.29
20,1819,PILITA,EQ,319198,169483,53.10
20,1820,PITTIENG,EQ,23976,10961,45.72
20,1821,PIXTRANS,EQ,26454,14215,53.73
20,1822,PLADAINFO,SM,6000,6000,100.00
20,1823,PLASTIBLEN,EQ,8190,5441,66.43
20,1824,PLATIND,EQ,252633,128094,50.70
20,1825,PLAZACABLE,EQ,25407,16565,65.20
20,1826,PNB,EQ,34295362,11598382,33.82
20,1827,PNBGILTS,EQ,722567,255561,35.37
20,1828,PNBHOUSING,EQ,536749,226209,42.14
20,1829,PNC,EQ,110784,27842,25.13
20,1830,PNCINFRA,EQ,257133,78181,30.40
20,1831,PNGJL,EQ,286441,131008,45.74
20,1832,POCL,EQ,78521,54967,70.00
20,1833,PODDARMENT,EQ,2217,1358,61.25
20,1834,POKARNA,EQ,39713,23031,57.99
20,1835,POLICYBZR,EQ,756568,351356,46.44
20,1836,POLYCAB,EQ,430356,161413,37.51
20,1837,POLYMED,EQ,147609,60867,41.24
20,1838,POLYPLEX,EQ,220934,110310,49.93
20,1839,POLYSIL,SM,8000,4000,50.00
20,1840,PONNIERODE,EQ,17967,8930,49.70
20,1841,POONAWALLA,EQ,2374589,383844,16.16
20,1842,POSITRON,SM,20400,14700,72.06
20,1843,POWERGRID,EQ,4800024,2451383,51.07
20,1844,POWERINDIA,EQ,266916,52436,19.65
20,1845,POWERMECH,EQ,683579,220669,32.28
20,1846,PPAP,EQ,8707,5380,61.79
20,1847,PPL,EQ,204048,54202,26.56
20,1848,PPLPHARMA,EQ,14548125,2176001,14.96
20,1849,PPSL,SM,54000,45000,83.33
20,1850,PRAENG,EQ,107300,84424,78.68
20,1851,PRAJIND,EQ,2276253,866192,38.05
20,1852,PRAKASH,EQ,383419,183200,47.78
20,1853,PRAKASHSTL,EQ,254430,150506,59.15
20,1854,PRAMARA,SM,1000,1000,100.00
20,1855,PRANIK,SM,4800,3200,66.67
20,1856,PRATHAM,ST,5200,5200,100.00
20,1857,PRECAM,EQ,198139,73352,37.02
20,1858,PRECISION,ST,16000,16000,100.00
20,1859,PRECWIRE,EQ,179430,66818,37.24
20,1860,PREMEXPLN,EQ,59586,27578,46.28
20,1861,PREMIERENE,EQ,4790205,1693432,35.35
20,1862,PREMIUM,SM,18000,15000,83.33
20,1863,PRESSTONIC,ST,15200,15200,100.00
20,1864,PRESTIGE,EQ,818604,403439,49.28
20,1865,PRICOLLTD,EQ,344491,222944,64.72
20,1866,PRIMESECU,EQ,118992,44693,37.56
20,1867,PRINCEPIPE,EQ,120151,42801,35.62
20,1868,PRITI,EQ,12474,5425,43.49
20,1869,PRITIKA,ST,5000,4000,80.00
20,1870,PRITIKAUTO,EQ,143129,72372,50.56
20,1871,PRIVISCL,EQ,38025,20626,54.24
20,1872,PRIZOR,ST,11200,11200,100.00
20,1873,PRLIND,SM,9000,7000,77.78
20,1874,PROLIFE,SM,11500,6500,56.52
20,1875,PROPEQUITY,SM,11400,10200,89.47
20,1876,PROV,SM,240,240,100.00
20,1877,PRSMJOHNSN,EQ,297113,111166,37.42
20,1878,PRUDENT,EQ,325349,172372,52.98
20,1879,PSB,EQ,500722,131583,26.28
20,1880,PSFL,SM,20000,12000,60.00
20,1881,PSPPROJECT,EQ,38971,17924,45.99
20,1882,PSUBANK,EQ,326778,324538,99.31
20,1883,PSUBANKADD,EQ,10066,7942,78.90
20,1884,PSUBNKBEES,EQ,1527933,853352,55.85
20,1885,PSUBNKIETF,EQ,73663,33079,44.91
20,1886,PTC,EQ,1193585,470913,39.45
20,1887,PTCIL,EQ,12469,6614,53.04
20,1888,PTL,EQ,54366,41023,75.46
20,1889,PULZ,ST,28000,28000,100.00
20,1890,PUNJABCHEM,EQ,9963,4850,48.68
20,1891,PURPLEUTED,SM,38000,28000,73.68
20,1892,PURVA,EQ,19953,14093,70.63
20,1893,PURVFLEXI,SM,18400,12000,65.22
20,1894,PVP,EQ,267533,138541,51.78
20,1895,PVRINOX,EQ,359816,138933,38.61
20,1896,PVSL,EQ,22774,11874,52.14
20,1897,PVTBANIETF,EQ,2409440,1838393,76.30
20,1898,PVTBANKADD,EQ,43216,23724,54.90
20,1899,PYRAMID,EQ,75333,37941,50.36
20,1900,QGOLDHALF,EQ,83690,52194,62.37
20,1901,QMSMEDI,SM,9000,9000,100.00
20,1902,QNIFTY,EQ,584,305,52.23
20,1903,QUADFUTURE,EQ,4148484,423831,10.22
20,1904,QUADPRO,SM,36000,36000,100.00
20,1905,QUAL30IETF,EQ,293392,141587,48.26
20,1906,QUESS,EQ,113977,46101,40.45
20,1907,QUESTLAB,ST,8400,8400,100.00
20,1908,QUICKHEAL,EQ,142709,63912,44.78
20,1909,QUICKTOUCH,ST,5000,4000,80.00
20,1910,QVCEL,ST,16000,14400,90.00
20,1911,RACE,EQ,2653,1661,62.61
20,1912,RACLGEAR,EQ,8293,6086,73.39
20,1913,RADHIKAJWE,EQ,543989,242667,44.61
20,1914,RADIANTCMS,EQ,173303,125875,72.63
20,1915,RADICO,EQ,398774,99321,24.91
20,1916,RADIOCITY,EQ,206743,95671,46.28
20,1917,RADIOCITY,P1,50180,50001,99.64
20,1918,RADIOWALLA,SM,8000,6400,80.00
20,1919,RAILTEL,EQ,1987409,373669,18.80
20,1920,RAIN,EQ,713956,316153,44.28
20,1921,RAINBOW,EQ,37084,15515,41.84
20,1922,RAJESHEXPO,EQ,455628,155074,34.04
20,1923,RAJINDLTD,SM,52500,27000,51.43
20,1924,RAJMET,EQ,490509,278319,56.74
20,1925,RAJPUTANA,SM,18000,14000,77.78
20,1926,RAJRATAN,EQ,59850,28571,47.74
20,1927,RAJSREESUG,EQ,143564,56310,39.22
20,1928,RALLIS,EQ,360684,202333,56.10
20,1929,RAMANEWS,EQ,88820,57190,64.39
20,1930,RAMAPHO,EQ,20741,8483,40.90
20,1931,RAMASTEEL,EQ,23115510,2004507,8.67
20,1932,RAMCOCEM,EQ,227226,47015,20.69
20,1933,RAMCOIND,EQ,69025,44703,64.76
20,1934,RAMCOSYS,EQ,99835,49609,49.69
20,1935,RAMKY,EQ,88078,58013,65.87
20,1936,RAMRAT,EQ,29680,12764,43.01
20,1937,RANASUG,EQ,314757,125811,39.97
20,1938,RANEENGINE,EQ,29045,12606,43.40
20,1939,RANEHOLDIN,EQ,25190,8016,31.82
20,1940,RAPPID,ST,9600,8400,87.50
20,1941,RATEGAIN,EQ,110335,50108,45.41
20,1942,RATNAMANI,EQ,14437,7316,50.68
20,1943,RATNAVEER,EQ,468501,216763,46.27
20,1944,RAYMOND,EQ,299754,41455,13.83
20,1945,RAYMONDLSL,EQ,76372,35734,46.79
20,1946,RBA,EQ,1789795,1350131,75.43
20,1947,RBL,EQ,11760,5247,44.62
20,1948,RBLBANK,EQ,7388307,2091476,28.31
20,1949,RBMINFRA,SM,45600,29000,63.60
20,1950,RBS,ST,27200,24000,88.24
20,1951,RBZJEWEL,EQ,51724,29976,57.95
20,1952,RCDL,SM,12000,12000,100.00
20,1953,RCF,EQ,2310971,584030,25.27
20,1954,RECLTD,EQ,5834329,1956234,33.53
20,1955,REDINGTON,EQ,2765858,478844,17.31
20,1956,REDTAPE,EQ,83899,54533,65.00
20,1957,REFRACTORY,ST,18000,15000,83.33
20,1958,RELAXO,EQ,59646,23328,39.11
20,1959,RELCHEMQ,EQ,3611,3094,85.68
20,1960,RELIABLE,EQ,4848,2143,44.20
20,1961,RELIANCE,EQ,5928156,3043758,51.34
20,1962,RELIGARE,EQ,809770,374233,46.21
20,1963,RELINFRA,EQ,4864812,2701114,55.52
20,1964,RELTD,EQ,29682,22052,74.29
20,1965,REMSONSIND,EQ,68935,38362,55.65
20,1966,REMUS,SM,2500,1750,70.00
20,1967,RENUKA,EQ,8216817,1725838,21.00
20,1968,REPCOHOME,EQ,344327,223751,64.98
20,1969,REPRO,EQ,29889,25940,86.79
20,1970,RESPONIND,EQ,70161,39484,56.28
20,1971,RETAIL,EQ,4672,3200,68.49
20,1972,REXPIPES,SM,2000,2000,100.00
20,1973,REXPRO,ST,284000,284000,100.00
20,1974,RGL,EQ,277440,133740,48.21
20,1975,RHIM,EQ,61900,22077,35.67
20,1976,RICOAUTO,EQ,454448,137829,30.33
20,1977,RIIL,EQ,111054,16114,14.51
20,1978,RILINFRA,SM,87400,48800,55.84
20,1979,RISHABH,EQ,20959,11626,55.47
20,1980,RITCO,EQ,41258,15083,36.56
20,1981,RITES,EQ,1020266,255877,25.08
20,1982,RITEZONE,SM,1600,1600,100.00
20,1983,RKDL,EQ,27499,19599,71.27
20,1984,RKEC,EQ,41278,22102,53.54
20,1985,RKFORGE,EQ,387653,70937,18.30
20,1986,RKSWAMY,EQ,40918,15709,38.39
20,1987,RMDRIP,ST,8500,8000,94.12
20,1988,RML,EQ,6753,3919,58.03
20,1989,RNFI,ST,87600,87600,100.00
20,1990,ROCKINGDCE,SM,5500,4250,77.27
20,1991,ROHLTD,EQ,48390,26911,55.61
20,1992,ROLEXRINGS,EQ,5231,2173,41.54
20,1993,ROML,EQ,8515,6090,71.52
20,1994,ROSSARI,EQ,25536,10796,42.28
20,1995,ROSSTECH,EQ,21742,13953,64.18
20,1996,ROTO,EQ,97731,34870,35.68
20,1997,ROUTE,EQ,75170,29172,38.81
20,1998,ROXHITECH,SM,65600,48000,73.17
20,1999,RPEL,EQ,59321,34221,57.69
20,2000,RPGLIFE,EQ,90913,26336,28.97
20,2001,RPOWER,EQ,12072838,6272785,51.96
20,2002,RPPL,EQ,156592,96207,61.44
20,2003,RPSGVENT,EQ,34474,14824,43.00
20,2004,RPTECH,EQ,94243,36811,39.06
20,2005,RRKABEL,EQ,100520,25741,25.61
20,2006,RSWM,EQ,33927,21250,62.63
20,2007,RSYSTEMS,EQ,73645,32504,44.14
20,2008,RTNINDIA,EQ,1244953,349811,28.10
20,2009,RTNPOWER,EQ,13561362,6356917,46.88
20,2010,RUBFILA,EQ,64716,31114,48.08
20,2011,RUBYMILLS,EQ,14368,7692,53.54
20,2012,RUCHINFRA,EQ,38951,22746,58.40
20,2013,RUCHIRA,EQ,18078,10902,60.31
20,2014,RULKA,ST,8400,8100,96.43
20,2015,RUPA,EQ,105778,53115,50.21
20,2016,RUSHIL,EQ,483839,236552,48.89
20,2017,RUSTOMJEE,EQ,8590,3357,39.08
20,2018,RVNL,EQ,7673095,1884112,24.55
20,2019,SAAKSHI,SM,14400,11400,79.17
20,2020,SABAR,ST,70000,70000,100.00
20,2021,SADBHAV,EQ,3932803,944966,24.03
20,2022,SADBHIN,EQ,137563,84745,61.60
20,2023,SADHAV,SM,48000,35400,73.75
20,2024,SADHNANIQ,EQ,493435,210581,42.68
20,2025,SAFARI,EQ,35909,23234,64.70
20,2026,SAGARDEEP,EQ,47384,35664,75.27
20,2027,SAGCEM,EQ,20583,13417,65.18
20,2028,SAHAJSOLAR,SM,10400,7200,69.23
20,2029,SAHANA,ST,11625,11125,95.70
20,2030,SAHASRA,SM,84000,42400,50.48
20,2031,SAHYADRI,EQ,4675,3487,74.59
20,2032,SAIFL,SM,22400,18400,82.14
20,2033,SAIL,EQ,10829311,2438689,22.52
20,2034,SAILIFE,EQ,93818,31784,33.88
20,2035,SAJHOTELS,ST,24000,22000,91.67
20,2036,SAKAR,EQ,11567,7530,65.10
20,2037,SAKHTISUG,EQ,170409,81643,47.91
20,2038,SAKSOFT,EQ,73465,33262,45.28
20,2039,SALASAR,EQ,3468858,1305446,37.63
20,2040,SALONA,EQ,380,151,39.74
20,2041,SALSTEEL,EQ,63203,37344,59.09
20,2042,SALZERELEC,EQ,91467,31762,34.73
20,2043,SAMHI,EQ,1538101,813288,52.88
20,2044,SAMMAANCAP,EQ,4369677,2058031,47.10
20,2045,SANATHAN,EQ,244853,122536,50.04
20,2046,SANDESH,EQ,1615,1155,71.52
20,2047,SANDHAR,EQ,51662,24062,46.58
20,2048,SANDUMA,EQ,80807,35956,44.50
20,2049,SANGAMIND,EQ,18098,9503,52.51
20,2050,SANGANI,ST,3000,3000,100.00
20,2051,SANGHIIND,EQ,953919,199143,20.88
20,2052,SANGHVIMOV,EQ,275846,137218,49.74
20,2053,SANGINITA,EQ,27114,23712,87.45
20,2054,SANOFI,EQ,13901,6887,49.54
20,2055,SANOFICONR,EQ,1734,924,53.29
20,2056,SANSERA,EQ,102907,50518,49.09
20,2057,SANSTAR,EQ,405423,171345,42.26
20,2058,SAPPHIRE,EQ,150002,64376,42.92
20,2059,SARDAEN,EQ,253614,126861,50.02
20,2060,SAREGAMA,EQ,506187,131010,25.88
20,2061,SAROJA,SM,1600,1600,100.00
20,2062,SARTELE,SM,332500,244500,73.53
20,2063,SARVESHWAR,EQ,1501759,794770,52.92
20,2064,SASKEN,EQ,12009,5087,42.36
20,2065,SASTASUNDR,EQ,17033,11717,68.79
20,2066,SATECH,ST,47000,42000,89.36
20,2067,SATIA,EQ,126827,75693,59.68
20,2068,SATIN,EQ,223318,146956,65.81
20,2069,SATINDLTD,EQ,497116,209430,42.13
20,2070,SATIPOLY,SM,2000,2000,100.00
20,2071,SATKARTAR,ST,240000,227200,94.67
20,2072,SAURASHCEM,EQ,37885,20526,54.18
20,2073,SBC,EQ,2374210,1024977,43.17
20,2074,SBCL,EQ,37899,22508,59.39
20,2075,SBFC,EQ,1277954,651006,50.94
20,2076,SBGLP,EQ,1067402,531270,49.77
20,2077,SBICARD,EQ,4991376,1091508,21.87
20,2078,SBIETFCON,EQ,3395,1533,45.15
20,2079,SBIETFIT,EQ,2281,1228,53.84
20,2080,SBIETFPB,EQ,4337,3881,89.49
20,2081,SBIETFQLTY,EQ,759,486,64.03
20,2082,SBILIFE,EQ,1021447,638135,62.47
20,2083,SBIN,EQ,9251973,5101878,55.14
20,2084,SBINEQWETF,EQ,36065,34197,94.82
20,2085,SBISILVER,EQ,7505,4682,62.39
20,2086,SCHAEFFLER,EQ,20934,10258,49.00
20,2087,SCHAND,EQ,53091,38808,73.10
20,2088,SCHNEIDER,EQ,2225145,176910,7.95
20,2089,SCI,EQ,1346423,374863,27.84
20,2090,SCILAL,EQ,415836,181621,43.68
20,2091,SCL310524,ZF,50,25,50.00
20,2092,SCLZC25,YN,10,10,100.00
20,2093,SCML,SM,1000,1000,100.00
20,2094,SCPL,EQ,4049,2698,66.63
20,2095,SDBL,EQ,1237373,731010,59.08
20,2096,SDL26BEES,EQ,15034,12982,86.35
20,2097,SDREAMS,SM,7000,6000,85.71
20,2098,SEAMECLTD,EQ,20140,13617,67.61
20,2099,SECL,ST,6250,6250,100.00
20,2100,SECMARK,EQ,1750,1417,80.97
20,2101,SECURKLOUD,EQ,15654,11591,74.04
20,2102,SEJALLTD,EQ,9491,9489,99.98
20,2103,SEL,ST,1000,1000,100.00
20,2104,SELAN,EQ,86029,40673,47.28
20,2105,SELMC,EQ,21652,15645,72.26
20,2106,SENCO,EQ,497452,179798,36.14
20,2107,SENORES,EQ,424994,131493,30.94
20,2108,SENSEXADD,EQ,369,269,72.90
20,2109,SENSEXETF,EQ,6695,2898,43.29
20,2110,SENSEXIETF,EQ,5797,3048,52.58
20,2111,SEPC,EQ,6246382,2482863,39.75
20,2112,SEQUENT,EQ,489190,244991,50.08
20,2113,SERVICE,SM,4000,4000,100.00
20,2114,SERVOTECH,EQ,508405,252351,49.64
20,2115,SESHAPAPER,EQ,29078,19581,67.34
20,2116,SETF10GILT,EQ,21840,17547,80.34
20,2117,SETFGOLD,EQ,1946446,1581360,81.24
20,2118,SETFNIF50,EQ,243068,169724,69.83
20,2119,SETFNIFBK,EQ,715451,513233,71.74
20,2120,SETFNN50,EQ,35350,22070,62.43
20,2121,SFL,EQ,40365,14594,36.16
20,2122,SFML,SM,17600,11200,63.64
20,2123,SGBAPR28I,GB,182,99,54.40
20,2124,SGBAUG27,GB,91,88,96.70
20,2125,SGBAUG28V,GB,1473,1079,73.25
20,2126,SGBAUG29V,GB,50,43,86.00
20,2127,SGBAUG30,GB,476,314,65.97
20,2128,SGBD29VIII,GB,260,202,77.69
20,2129,SGBDC27VII,GB,40,20,50.00
20,2130,SGBDE30III,GB,163,114,69.94
20,2131,SGBDE31III,GB,1758,1432,81.46
20,2132,SGBDEC26,GB,12,11,91.67
20,2133,SGBFEB29XI,GB,205,165,80.49
20,2134,SGBFEB32IV,GB,1296,907,69.98
20,2135,SGBJ28VIII,GB,18,15,83.33
20,2136,SGBJAN26,GB,18,18,100.00
20,2137,SGBJAN29IX,GB,776,771,99.36
20,2138,SGBJAN29X,GB,77,55,71.43
20,2139,SGBJAN30IX,GB,38,32,84.21
20,2140,SGBJU29III,GB,227,139,61.23
20,2141,SGBJUL25,GB,112,106,94.64
20,2142,SGBJUL27,GB,42,42,100.00
20,2143,SGBJUL28IV,GB,1418,1185,83.57
20,2144,SGBJUL29IV,GB,248,204,82.26
20,2145,SGBJUN28,GB,20,20,100.00
20,2146,SGBJUN29II,GB,92,63,68.48
20,2147,SGBJUN30,GB,66,55,83.33
20,2148,SGBJUN31I,GB,1124,779,69.31
20,2149,SGBMAR25,GB,30,30,100.00
20,2150,SGBMAR28X,GB,12,12,100.00
20,2151,SGBMAR30X,GB,4,2,50.00
20,2152,SGBMAR31IV,GB,550,478,86.91
20,2153,SGBMAY25,GB,14,14,100.00
20,2154,SGBMAY26,GB,15,15,100.00
20,2155,SGBMAY28,GB,64,55,85.94
20,2156,SGBMAY29I,GB,462,365,79.00
20,2157,SGBMR29XII,GB,105,94,89.52
20,2158,SGBN28VIII,GB,263,167,63.50
20,2159,SGBNOV26,GB,7,7,100.00
20,2160,SGBNV29VII,GB,221,190,85.97
20,2161,SGBOC28VII,GB,103,76,73.79
20,2162,SGBOCT25,GB,25,16,64.00
20,2163,SGBOCT25IV,GB,14,14,100.00
20,2164,SGBOCT25V,GB,7,5,71.43
20,2165,SGBOCT26,GB,1,1,100.00
20,2166,SGBOCT27,GB,64,34,53.13
20,2167,SGBOCT27VI,GB,54,52,96.30
20,2168,SGBSEP27,GB,1,1,100.00
20,2169,SGBSEP28VI,GB,310,242,78.06
20,2170,SGBSEP29VI,GB,260,233,89.62
20,2171,SGBSEP31II,GB,543,436,80.29
20,2172,SGL,EQ,9288,4287,46.16
20,2173,SGLTL,EQ,4527849,708511,15.65
20,2174,SHAH,EQ,934148,523004,55.99
20,2175,SHALBY,EQ,50892,24129,47.41
20,2176,SHALPAINTS,EQ,152474,106299,69.72
20,2177,SHANKARA,EQ,19099,10922,57.19
20,2178,SHANTI,EQ,874617,104072,11.90
20,2179,SHANTIGEAR,EQ,28035,13374,47.70
20,2180,SHARDACROP,EQ,558948,291667,52.18
20,2181,SHARDAMOTR,EQ,12087,5278,43.67
20,2182,SHAREINDIA,EQ,883362,322162,36.47
20,2183,SHARIABEES,EQ,3401,2283,67.13
20,2184,SHEETAL,SM,38000,22000,57.89
20,2185,SHEMAROO,EQ,13437,7462,55.53
20,2186,SHERA,SM,19000,14000,73.68
20,2187,SHIGAN,SM,1500,1500,100.00
20,2188,SHILPAMED,EQ,340186,131392,38.62
20,2189,SHIVALIK,EQ,69129,19963,28.88
20,2190,SHIVAMAUTO,EQ,182597,75379,41.28
20,2191,SHIVAMILLS,EQ,22843,8958,39.22
20,2192,SHIVATEX,EQ,67197,16117,23.98
20,2193,SHK,EQ,242852,148456,61.13
20,2194,SHOPERSTOP,EQ,189873,160696,84.63
20,2195,SHREDIGCEM,EQ,295084,154624,52.40
20,2196,SHREECEM,EQ,37297,13354,35.80
20,2197,SHREEKARNI,ST,3600,2700,75.00
20,2198,SHREEPUSHK,EQ,70110,36479,52.03
20,2199,SHRENIK,EQ,945962,458501,48.47
20,2200,SHREYANIND,EQ,9281,5330,57.43
20,2201,SHRIPISTON,EQ,56085,25212,44.95
20,2202,SHRIRAMFIN,EQ,9135552,5235063,57.30
20,2203,SHRIRAMPPS,EQ,646635,300194,46.42
20,2204,SHRITECH,SM,6000,6000,100.00
20,2205,SHUBHLAXMI,ST,64000,64000,100.00
20,2206,SHUBHSHREE,ST,1200,1200,100.00
20,2207,SHYAMCENT,EQ,624980,529984,84.80
20,2208,SHYAMMETL,EQ,210374,66603,31.66
20,2209,SIDDHIKA,ST,2000,2000,100.00
20,2210,SIEMENS,EQ,167518,67714,40.42
20,2211,SIGACHI,EQ,2020248,689231,34.12
20,2212,SIGIND,EQ,36264,15765,43.47
20,2213,SIGMA,EQ,35178,4246,12.07
20,2214,SIGNATURE,EQ,602141,129937,21.58
20,2215,SIKKO,EQ,19701,9193,46.66
20,2216,SIL,EQ,27152,15430,56.83
20,2217,SILGO,EQ,47279,20692,43.77
20,2218,SILINV,EQ,3991,2337,58.56
20,2219,SILKFLEX,SM,18000,18000,100.00
20,2220,SILLYMONKS,EQ,2064,1910,92.54
20,2221,SILVER,EQ,106023,92064,86.83
20,2222,SILVER1,EQ,34789,22480,64.62
20,2223,SILVERADD,EQ,92630,92451,99.81
20,2224,SILVERBEES,EQ,4350390,2619530,60.21
20,2225,SILVERETF,EQ,66637,50552,75.86
20,2226,SILVERIETF,EQ,408752,259013,63.37
20,2227,SILVERTUC,EQ,10838,1935,17.85
20,2228,SILVRETF,EQ,35827,33350,93.09
20,2229,SINCLAIR,EQ,44503,22715,51.04
20,2230,SINDHUTRAD,EQ,607634,244572,40.25
20,2231,SINTERCOM,EQ,7859,4888,62.20
20,2232,SIRCA,EQ,54317,22359,41.16
20,2233,SIS,EQ,346228,76153,22.00
20,2234,SIYSIL,EQ,172415,40821,23.68
20,2235,SJLOGISTIC,SM,18750,16000,85.33
20,2236,SJS,EQ,155539,59841,38.47
20,2237,SJVN,EQ,11064396,3035197,27.43
20,2238,SKFINDIA,EQ,81019,64742,79.91
20,2239,SKIPPER,EQ,1462310,264062,18.06
20,2240,SKMEGGPROD,EQ,28171,14842,52.69
20,2241,SKP,SM,14500,9000,62.07
20,2242,SKYGOLD,EQ,535957,266200,49.67
20,2243,SMALLCAP,EQ,1458856,968312,66.37
20,2244,SMCGLOBAL,EQ,70737,34955,49.42
20,2245,SMLISUZU,EQ,11460,5662,49.41
20,2246,SMLT,EQ,5357,2911,54.34
20,2247,SMSPHARMA,EQ,74753,34961,46.77
20,2248,SMVD,SM,40400,40400,100.00
20,2249,SNOWMAN,EQ,183465,83420,45.47
20,2250,SOBHA,EQ,956541,124818,13.05
20,2251,SOLARA,EQ,351040,172608,49.17
20,2252,SOLARAPP,E1,16994,16860,99.21
20,2253,SOLARINDS,EQ,42442,24015,56.58
20,2254,SOLEX,SM,64000,34875,54.49
20,2255,SOMANYCERA,EQ,32837,13158,40.07
20,2256,SOMICONVEY,EQ,11477,3388,29.52
20,2257,SONACOMS,EQ,3576782,2275125,63.61
20,2258,SONAMAC,ST,17000,16000,94.12
20,2259,SONATSOFTW,EQ,471863,191275,40.54
20,2260,SONUINFRA,ST,9000,9000,100.00
20,2261,SOTL,EQ,46865,27953,59.65
20,2262,SOUTHBANK,EQ,21655387,9121200,42.12
20,2263,SOUTHWEST,EQ,23958,11888,49.62
20,2264,SPAL,EQ,17831,8873,49.76
20,2265,SPANDANA,EQ,554158,215742,38.93
20,2266,SPARC,EQ,631948,319465,50.55
20,2267,SPCL,ST,10200,10200,100.00
20,2268,SPECIALITY,EQ,58442,41736,71.41
20,2269,SPECTRUM,SM,6750,6375,94.44
20,2270,SPECTSTM,ST,6400,6400,100.00
20,2271,SPENCERS,EQ,91478,39897,43.61
20,2272,SPIC,EQ,554805,287252,51.78
20,2273,SPLIL,EQ,9188,6166,67.11
20,2274,SPLPETRO,EQ,78746,36310,46.11
20,2275,SPORTKING,EQ,109732,47321,43.12
20,2276,SPPPOLY,ST,22000,22000,100.00
20,2277,SPRL,ST,8000,4800,60.00
20,2278,SREEL,EQ,41753,15199,36.40
20,2279,SRF,EQ,921481,179596,19.49
20,2280,SRGHFL,EQ,37759,33086,87.62
20,2281,SRHHYPOLTD,EQ,17239,10246,59.44
20,2282,SRIVASAVI,SM,7000,7000,100.00
20,2283,SSDL,EQ,35552,18758,52.76
20,2284,SSEGL,SM,50000,34600,69.20
20,2285,SSFL,SM,18500,18000,97.30
20,2286,S&SPOWER,EQ,4655,3421,73.49
20,2287,SSWL,EQ,108083,48874,45.22
20,2288,STANLEY,EQ,65614,34099,51.97
20,2289,STAR,EQ,622802,233681,37.52
20,2290,STARCEMENT,EQ,326360,109062,33.42
20,2291,STARHEALTH,EQ,813089,345357,42.47
20,2292,STARPAPER,EQ,101209,87197,86.16
20,2293,STARTECK,EQ,15846,1844,11.64
20,2294,STCINDIA,EQ,47219,14819,31.38
20,2295,STEELCAS,EQ,70479,30580,43.39
20,2296,STEELCITY,EQ,22749,10438,45.88
20,2297,STEELXIND,EQ,952390,404699,42.49
20,2298,STEL,EQ,3338,2539,76.06
20,2299,STERTOOLS,EQ,87622,33643,38.40
20,2300,STLTECH,EQ,1054038,591797,56.15
20,2301,STOVEKRAFT,EQ,92810,23090,24.88
20,2302,STYLAMIND,EQ,20410,7720,37.82
20,2303,STYLEBAAZA,EQ,894391,496264,55.49
20,2304,STYRENIX,EQ,26974,14000,51.90
20,2305,SUBEXLTD,EQ,3738939,1655230,44.27
20,2306,SUBROS,EQ,28174,15053,53.43
20,2307,SUDARSCHEM,EQ,205548,55571,27.04
20,2308,SUKHJITS,EQ,7522,5133,68.24
20,2309,SULA,EQ,210456,92261,43.84
20,2310,SUMICHEM,EQ,546280,316818,58.00
20,2311,SUMMITSEC,EQ,14256,6439,45.17
20,2312,SUNCLAY,EQ,46885,29226,62.34
20,2313,SUNDARAM,EQ,549605,501898,91.32
20,2314,SUNDARMFIN,EQ,47357,23034,48.64
20,2315,SUNDARMHLD,EQ,59213,26588,44.90
20,2316,SUNDRMFAST,EQ,640476,568979,88.84
20,2317,SUNLITE,SM,13200,13200,100.00
20,2318,SUNPHARMA,EQ,1433336,887418,61.91
20,2319,SUNREST,SM,9600,6400,66.67
20,2320,SUNTECK,EQ,204233,58389,28.59
20,2321,SUNTV,EQ,240690,67102,27.88
20,2322,SUPERHOUSE,EQ,3154,1444,45.78
20,2323,SUPRAJIT,EQ,48087,23056,47.95
20,2324,SUPREMEIND,EQ,177677,67951,38.24
20,2325,SUPREMEPWR,ST,187500,179000,95.47
20,2326,SUPRIYA,EQ,300158,124515,41.48
20,2327,SURAJEST,EQ,271801,140696,51.76
20,2328,SURAKSHA,EQ,63927,26734,41.82
20,2329,SURANASOL,EQ,248298,152029,61.23
20,2330,SURANAT&P,EQ,84017,40863,48.64
20,2331,SURANI,ST,600,600,100.00
20,2332,SURYALAXMI,EQ,10086,6633,65.76
20,2333,SURYAROSNI,EQ,214661,101052,47.08
20,2334,SURYODAY,EQ,190669,85627,44.91
20,2335,SUTLEJTEX,EQ,97365,35805,36.77
20,2336,SUVEN,EQ,567789,342059,60.24
20,2337,SUVENPHAR,EQ,97365,43222,44.39
20,2338,SUVIDHAA,EQ,719063,485827,67.56
20,2339,SUYOG,EQ,21036,9257,44.01
20,2340,SUZLON,EQ,13990368,13955903,99.75
20,2341,SWANENERGY,EQ,5185016,789648,15.23
20,2342,SWARAJ,SM,11500,8500,73.91
20,2343,SWARAJENG,EQ,13166,6273,47.65
20,2344,SWASTIK,SM,12000,7200,60.00
20,2345,SWELECTES,EQ,28340,13361,47.15
20,2346,SWIGGY,EQ,11860436,4017253,33.87
20,2347,SWSOLAR,EQ,2722664,1325999,48.70
20,2348,SYLVANPLY,SM,6000,6000,100.00
20,2349,SYMPHONY,EQ,33207,12257,36.91
20,2350,SYNCOMF,EQ,1818684,953497,52.43
20,2351,SYNGENE,EQ,465733,208733,44.82
20,2352,SYNOPTICS,SM,2400,1800,75.00
20,2353,SYRMA,EQ,9435799,1293890,13.71
20,2354,SYSTANGO,SM,40000,23200,58.00
20,2355,TAC,ST,1000,1000,100.00
20,2356,TAINWALCHM,EQ,409238,58654,14.33
20,2357,TAJGVK,EQ,175676,59550,33.90
20,2358,TALBROAUTO,EQ,95533,50347,52.70
20,2359,TANLA,EQ,1910892,380606,19.92
20,2360,TARC,EQ,381097,326043,85.55
20,2361,TARMAT,EQ,23026,9051,39.31
20,2362,TARSONS,EQ,26282,15898,60.49
20,2363,TASTYBITE,EQ,2043,937,45.86
20,2364,TATACHEM,EQ,540595,229831,42.51
20,2365,TATACOMM,EQ,304022,173456,57.05
20,2366,TATACONSUM,EQ,1479070,572895,38.73
20,2367,TATAELXSI,EQ,143522,63984,44.58
20,2368,TATAGOLD,EQ,5629540,3987993,70.84
20,2369,TATAINVEST,EQ,43980,9844,22.38
20,2370,TATAMOTORS,EQ,12461404,2998102,24.06
20,2371,TATAPOWER,EQ,6707937,2874914,42.86
20,2372,TATASTEEL,EQ,16674706,4980978,29.87
20,2373,TATATECH,EQ,689657,275059,39.88
20,2374,TATSILV,EQ,913790,448818,49.12
20,2375,TATVA,EQ,55032,27177,49.38
20,2376,TBI,SM,40800,38400,94.12
20,2377,TBOTEK,EQ,44752,24579,54.92
20,2378,TBZ,EQ,192070,89955,46.83
20,2379,TCI,EQ,123981,109654,88.44
20,2380,TCIEXP,EQ,17753,8950,50.41
20,2381,TCL,SM,96800,84800,87.60
20,2382,TCLCONS,EQ,134476,73522,54.67
20,2383,TCPLPACK,EQ,1855,727,39.19
20,2384,TCS,EQ,1217089,697347,57.30
20,2385,TDPOWERSYS,EQ,736796,305807,41.50
20,2386,TEAMLEASE,EQ,54735,29763,54.38
20,2387,TECH,EQ,3909,2355,60.25
20,2388,TECHERA,ST,120000,116800,97.33
20,2389,TECHLABS,ST,30750,29500,95.93
20,2390,TECHM,EQ,1146508,569698,49.69
20,2391,TECHNOE,EQ,288743,106354,36.83
20,2392,TECILCHEM,EQ,3277,3217,98.17
20,2393,TEGA,EQ,22078,12587,57.01
20,2394,TEJASNET,EQ,1400749,461960,32.98
20,2395,TEXINFRA,EQ,951633,532051,55.91
20,2396,TEXMOPIPES,EQ,27458,18227,66.38
20,2397,TEXRAIL,EQ,1830205,666754,36.43
20,2398,TFCILTD,EQ,576839,324600,56.27
20,2399,TGBHOTELS,EQ,67806,48071,70.89
20,2400,TGL,ST,68200,65200,95.60
20,2401,THANGAMAYL,EQ,28843,11851,41.09
20,2402,THEINVEST,EQ,4992,3474,69.59
20,2403,THEJO,EQ,8101,4981,61.49
20,2404,THEMISMED,EQ,190958,91286,47.80
20,2405,THERMAX,EQ,102914,25901,25.17
20,2406,THOMASCOOK,EQ,1977616,1422113,71.91
20,2407,THYROCARE,EQ,72894,36741,50.40
20,2408,TI,EQ,566645,200749,35.43
20,2409,TIIL,EQ,14378,8280,57.59
20,2410,TIINDIA,EQ,332823,222541,66.86
20,2411,TIL,EQ,22960,15085,65.70
20,2412,TIMESCAN,SM,2000,2000,100.00
20,2413,TIMETECHNO,EQ,867861,286407,33.00
20,2414,TIMKEN,EQ,28134,11967,42.54
20,2415,TIPSMUSIC,EQ,287382,149815,52.13
20,2416,TIRUMALCHM,EQ,1422907,505024,35.49
20,2417,TIRUPATI,SM,5500,5500,100.00
20,2418,TITAGARH,EQ,1045735,382591,36.59
20,2419,TITAN,EQ,570137,343617,60.27
20,2420,TMB,EQ,91646,45282,49.41
20,2421,TNIDETF,EQ,41059,34325,83.60
20,2422,TNPETRO,EQ,86895,45857,52.77
20,2423,TNPL,EQ,214847,79941,37.21
20,2424,TOKYOPLAST,EQ,3165,1574,49.73
20,2425,TOLINS,EQ,341112,139999,41.04
20,2426,TOP100CASE,EQ,522685,311760,59.65
20,2427,TOP10ADD,EQ,49857,42451,85.15
20,2428,TORNTPHARM,EQ,255311,142435,55.79
20,2429,TORNTPOWER,EQ,375289,174664,46.54
20,2430,TOTAL,EQ,9389,6933,73.84
20,2431,TOUCHWOOD,EQ,5121,3260,63.66
20,2432,TPLPLASTEH,EQ,159081,31325,19.69
20,2433,TRACXN,EQ,170398,79844,46.86
20,2434,TRANSRAILL,EQ,1373166,228149,16.61
20,2435,TRANSTEEL,ST,4000,4000,100.00
20,2436,TRANSWORLD,EQ,27150,16287,59.99
20,2437,TREJHARA,EQ,22440,13938,62.11
20,2438,TREL,EQ,351300,129345,36.82
20,2439,TRENT,EQ,701998,284020,40.46
20,2440,TRF,EQ,21200,10454,49.31
20,2441,TRIDENT,EQ,7172681,1990989,27.76
20,2442,TRIDHYA,SM,3000,3000,100.00
20,2443,TRIGYN,EQ,74737,42857,57.34
20,2444,TRITURBINE,EQ,828574,266244,32.13
20,2445,TRIVENI,EQ,730828,373415,51.09
20,2446,TROM,SM,14400,7800,54.17
20,2447,TRUST,ST,35400,34200,96.61
20,2448,TTKHLTCARE,EQ,1431,761,53.18
20,2449,TTKPRESTIG,EQ,60447,18096,29.94
20,2450,TTML,EQ,3146512,691059,21.96
20,2451,TUNWAL,SM,58000,40000,68.97
20,2452,TVSELECT,EQ,23418,10159,43.38
20,2453,TVSHLTD,EQ,11590,3181,27.45
20,2454,TVSMOTOR,EQ,3167978,1066998,33.68
20,2455,TVSSCS,EQ,770325,377009,48.94
20,2456,TVSSRICHAK,EQ,2084,1218,58.45
20,2457,TVTODAY,EQ,107009,46608,43.56
20,2458,UBL,EQ,118239,24446,20.68
20,2459,UCOBANK,EQ,5058909,1194412,23.61
20,2460,UDAICEMENT,EQ,210948,110705,52.48
20,2461,UDS,EQ,557369,154085,27.65
20,2462,UFLEX,EQ,29151,8780,30.12
20,2463,UFO,EQ,74986,37423,49.91
20,2464,UGARSUGAR,EQ,1268939,445811,35.13
20,2465,UGROCAP,EQ,236534,128370,54.27
20,2466,UHTL,ST,108000,94000,87.04
20,2467,UJJIVANSFB,EQ,11650290,5122680,43.97
20,2468,ULTRACEMCO,EQ,377755,239449,63.39
20,2469,UMA,SM,8000,4000,50.00
20,2470,UMAEXPORTS,EQ,19109,7968,41.70
20,2471,UMESLTD,EQ,48025,27875,58.04
20,2472,UNICHEMLAB,EQ,34176,13707,40.11
20,2473,UNIDT,EQ,17388,9131,52.51
20,2474,UNIECOM,EQ,541088,181778,33.59
20,2475,UNIENTER,EQ,8339,3699,44.36
20,2476,UNIHEALTH,SM,1000,1000,100.00
20,2477,UNIINFO,EQ,9835,4060,41.28
20,2478,UNILEX,SM,3200,0,0.00
20,2479,UNIMECH,EQ,322438,113902,35.33
20,2480,UNIONBANK,EQ,11886270,2847339,23.95
20,2481,UNIPARTS,EQ,106083,63616,59.97
20,2482,UNITDSPR,EQ,766197,436291,56.94
20,2483,UNITEDTEA,EQ,1789,1108,61.93
20,2484,UNIVCABLES,EQ,34938,15187,43.47
20,2485,UNOMINDA,EQ,354699,149720,42.21
20,2486,UPL,EQ,2181049,1030367,47.24
20,2487,UPLPP,E1,807930,611532,75.69
20,2488,URAVIDEF,EQ,4307,3134,72.77
20,2489,URBAN,ST,21200,19600,92.45
20,2490,USASEEDS,SM,1500,1200,80.00
20,2491,USHAFIN,SM,8000,4800,60.00
20,2492,USHAMART,EQ,1340369,513421,38.30
20,2493,USK,EQ,71941,37529,52.17
20,2494,UTIAMC,EQ,599637,136996,22.85
20,2495,UTIBANKETF,EQ,82021,65529,79.89
20,2496,UTINEXT50,EQ,53305,35263,66.15
20,2497,UTINIFTETF,EQ,19345,17914,92.60
20,2498,UTISENSETF,EQ,1445,338,23.39
20,2499,UTISXN50,EQ,1662,1028,61.85
20,2500,UTKARSHBNK,EQ,1318361,546938,41.49
20,2501,UTSSAV,ST,112800,105600,93.62
20,2502,UTTAMSUGAR,EQ,64624,19553,30.26
20,2503,UWCSL,ST,4000,4000,100.00
20,2504,UYFINCORP,EQ,66002,44064,66.76
20,2505,VADILALIND,EQ,8189,4382,53.51
20,2506,VAIBHAVGBL,EQ,2066154,518500,25.09
20,2507,VAISHALI,EQ,1386666,771367,55.63
20,2508,VAKRANGEE,EQ,15429719,7163842,46.43
20,2509,VAL30IETF,EQ,295731,172983,58.49
20,2510,VALIANTLAB,EQ,28141,14120,50.18
20,2511,VALIANTORG,EQ,25884,14784,57.12
20,2512,VARDHACRLC,EQ,47203,26172,55.45
20,2513,VARROC,EQ,89852,18575,20.67
20,2514,VASCONEQ,EQ,424712,189827,44.70
20,2515,VASWANI,EQ,40697,22168,54.47
20,2516,VBL,EQ,2099560,1051688,50.09
20,2517,VCL,EQ,187380,128852,68.77
20,2518,VDEAL,SM,21600,14400,66.67
20,2519,VEDL,EQ,4671527,1683396,36.04
20,2520,VEEDOL,EQ,11210,5019,44.77
20,2521,VELS,SM,1200,1200,100.00
20,2522,VENKEYS,EQ,45323,21105,46.57
20,2523,VENTIVE,EQ,228845,132115,57.73
20,2524,VENUSPIPES,EQ,154409,41770,27.05
20,2525,VENUSREM,EQ,25185,15282,60.68
20,2526,VERA,ST,1500,1500,100.00
20,2527,VERANDA,EQ,206826,124200,60.05
20,2528,VERTOZ,EQ,1554081,793562,51.06
20,2529,VESUVIUS,EQ,16339,8118,49.68
20,2530,VETO,EQ,46610,13660,29.31
20,2531,VGUARD,EQ,267837,107134,40.00
20,2532,VHL,EQ,657,305,46.42
20,2533,VIAZ,SM,2000,2000,100.00
20,2534,VIDHIING,EQ,10555,4708,44.60
20,2535,VIESL,SM,40000,24000,60.00
20,2536,VIJAYA,EQ,322531,92539,28.69
20,2537,VIKASECO,EQ,3485677,1743714,50.03
20,2538,VIKASLIFE,EQ,3116264,1567862,50.31
20,2539,VILAS,ST,23250,18750,80.65
20,2540,VILINBIO,SM,8000,8000,100.00
20,2541,VIMTALABS,EQ,122359,44623,36.47
20,2542,VINATIORGA,EQ,37841,13328,35.22
20,2543,VINCOFE,EQ,428519,265078,61.86
20,2544,VINDHYATEL,EQ,19144,10782,56.32
20,2545,VINEETLAB,EQ,9780,6943,70.99
20,2546,VINSYS,SM,11500,6500,56.52
20,2547,VINYAS,ST,16000,15400,96.25
20,2548,VINYLINDIA,EQ,10052,5411,53.83
20,2549,VIPCLOTHNG,EQ,74107,47202,63.69
20,2550,VIPIND,EQ,1811447,521219,28.77
20,2551,VIRINCHI,EQ,588264,419734,71.35
20,2552,VISAKAIND,EQ,105731,52943,50.07
20,2553,VISHNU,EQ,331734,183144,55.21
20,2554,VISHNUINFR,SM,12000,10000,83.33
20,2555,VISHWARAJ,EQ,1285817,344445,26.79
20,2556,VISHWAS,SM,1600,1600,100.00
20,2557,VITAL,SM,8400,6000,71.43
20,2558,VIVIANA,ST,9375,8375,89.33
20,2559,VIVIDHA,EQ,427629,207371,48.49
20,2560,VIVO,SM,1600,1600,100.00
20,2561,VLEGOV,EQ,2873459,1219849,42.45
20,2562,VLINFRA,ST,21000,21000,100.00
20,2563,VLSFINANCE,EQ,54556,30439,55.79
20,2564,VMARCIND,ST,5750,5750,100.00
20,2565,VMART,EQ,33472,20268,60.55
20,2566,VMM,EQ,10325507,3165444,30.66
20,2567,VOLTAMP,EQ,88480,28880,32.64
20,2568,VOLTAS,EQ,454464,106227,23.37
20,2569,VPRPL,EQ,498073,185393,37.22
20,2570,VR,ST,2000,1600,80.00
20,2571,VRAJ,EQ,37751,16323,43.24
20,2572,VRLLOG,EQ,287736,240877,83.71
20,2573,VSCL,ST,3000,3000,100.00
20,2574,VSSL,EQ,79198,28447,35.92
20,2575,VSTIND,EQ,136969,73259,53.49
20,2576,VSTL,EQ,19989,15209,76.09
20,2577,VSTTILLERS,EQ,13022,10079,77.40
20,2578,VTL,EQ,161700,78146,48.33
20,2579,WAAREEENER,EQ,2485779,443165,17.83
20,2580,WABAG,EQ,1055620,243932,23.11
20,2581,WALCHANNAG,EQ,288261,153447,53.23
20,2582,WALPAR,SM,2000,2000,100.00
20,2583,WANBURY,EQ,261143,148639,56.92
20,2584,WCIL,EQ,159540,74323,46.59
20,2585,WEALTH,EQ,25023,17513,69.99
20,2586,WEIZMANIND,EQ,934,567,60.71
20,2587,WEL,EQ,613503,209385,34.13
20,2588,WELCORP,EQ,288034,121830,42.30
20,2589,WELENT,EQ,364638,155487,42.64
20,2590,WELINV,EQ,7875,6321,80.27
20,2591,WELSPUNLIV,EQ,1012848,283365,27.98
20,2592,WENDT,EQ,254,119,46.85
20,2593,WESTLIFE,EQ,69010,15594,22.60
20,2594,WEWIN,EQ,4526,2240,49.49
20,2595,WHEELS,EQ,30640,10508,34.30
20,2596,WHIRLPOOL,EQ,110167,85461,77.57
20,2597,WILLAMAGOR,EQ,6484,5243,80.86
20,2598,WINDLAS,EQ,108650,37426,34.45
20,2599,WINDMACHIN,EQ,193366,95429,49.35
20,2600,WINSOL,SM,25600,16800,65.63
20,2601,WIPRO,EQ,16338112,8000527,48.97
20,2602,WOCKPHARMA,EQ,291623,117519,40.30
20,2603,WOL3D,SM,19000,14000,73.68
20,2604,WOMANCART,ST,400,400,100.00
20,2605,WONDERLA,EQ,76914,32094,41.73
20,2606,WORTH,EQ,37090,26321,70.97
20,2607,WSI,EQ,66654,40591,60.90
20,2608,WSTCSTPAPR,EQ,39056,20884,53.47
20,2609,WTICAB,ST,14000,13500,96.43
20,2610,XCHANGING,EQ,128105,60931,47.56
20,2611,XELPMOC,EQ,11336,6478,57.15
20,2612,XPROINDIA,EQ,176157,42965,24.39
20,2613,XTGLOBAL,EQ,21002,10112,48.15
20,2614,YASHO,EQ,24642,8791,35.67
20,2615,YASHOPTICS,SM,48000,44800,93.33
20,2616,YATHARTH,EQ,1429669,655959,45.88
20,2617,YATRA,EQ,132829,84579,63.68
20,2618,YCCL,SM,6000,6000,100.00
20,2619,YESBANK,EQ,98741576,34593646,35.03
20,2620,YUDIZ,SM,2400,2400,100.00
20,2621,YUKEN,EQ,14266,8791,61.62
20,2622,ZAGGLE,EQ,224832,159133,70.78
20,2623,ZEAL,SM,15600,10800,69.23
20,2624,ZEEL,EQ,17513410,7804614,44.56
20,2625,ZEELEARN,EQ,641405,334687,52.18
20,2626,ZEEMEDIA,EQ,1231967,837029,67.94
20,2627,ZENITHDRUG,ST,20000,19200,96.00
20,2628,ZENITHEXPO,EQ,2443,917,37.54
20,2629,ZENITHSTL,EQ,314884,168490,53.51
20,2630,ZENSARTECH,EQ,3242129,601350,18.55
20,2631,ZENTEC,EQ,1064959,328993,30.89
20,2632,ZFCVINDIA,EQ,13889,5750,41.40
20,2633,ZIMLAB,EQ,42214,32098,76.04
20,2634,ZODIAC,EQ,6934,5092,73.44
20,2635,ZODIACLOTH,EQ,14931,11762,78.78
20,2636,ZOMATO,EQ,53638588,21060564,39.26
20,2637,ZOTA,EQ,49285,15744,31.94
20,2638,ZTECH,ST,15300,15300,100.00
20,2639,ZUARI,EQ,195081,94277,48.33
20,2640,ZUARIIND,EQ,66517,25321,38.07
20,2641,ZYDUSLIFE,EQ,765465,296590,38.75
20,2642,ZYDUSWELL,EQ,13123,5650,43.05
