Security Wise Delivery Position - Compulsory Rolling Settlement
10,MTO,15012025,1232082966,0002624
Trade Date <15-JAN-2025>,Settlement Type <N>
Record Type,Sr No,Name of Security,Quantity Traded,Deliverable Quantity(gross across client level),% of Deliverable Quantity to Traded Quantity
20,1,0MOFSL26,N1,200,200,100.00
20,2,0MOFSL27,N3,500,500,100.00
20,3,1003IIFL29,NC,316,316,100.00
20,4,1003ISFL28,N4,120,120,100.00
20,5,1003SFIL28,NX,60,60,100.00
20,6,1015ECL29,NR,1311,1209,92.22
20,7,1018GS2026,GS,2,1,50.00
20,8,1030SFIL28,NM,47,33,70.21
20,9,1040UCL25,N4,60,60,100.00
20,10,1040UCL27B,N1,201,201,100.00
20,11,1050IIFL29,ND,1,1,100.00
20,12,1050ISFL28,N5,1031,1031,100.00
20,13,1050NFL26,N7,75,75,100.00
20,14,1050UCL25,N7,220,120,54.55
20,15,105IIFL29,N7,65,65,100.00
20,16,105UCL2026,NB,201,201,100.00
20,17,1060ECL29,NS,100,100,100.00
20,18,1065NFL27,NC,131,131,100.00
20,19,1075SCL34,ZR,50,50,100.00
20,20,10IIFL28,N4,2,2,100.00
20,21,10IIFL28A,NE,358,358,100.00
20,22,10IIFL29,N6,45,45,100.00
20,23,11DLSL25A,Y3,90,90,100.00
20,24,11UCL26,NC,20,20,100.00
20,25,182D040425,TB,100,100,100.00
20,26,182D190625,TB,100,100,100.00
20,27,182D230125,TB,600,600,100.00
20,28,182D300125,TB,100,100,100.00
20,29,20MICRONS,EQ,93085,56096,60.26
20,30,360ONE,EQ,3496182,989752,28.31
20,31,364D030725,TB,500,300,60.00
20,32,364D050625,TB,2000,2000,100.00
20,33,364D080126,TB,4300,4300,100.00
20,34,364D091025,TB,100,100,100.00
20,35,364D100725,TB,100,100,100.00
20,36,364D130225,TB,100,100,100.00
20,37,3IINFOLTD,EQ,423827,208698,49.24
20,38,3MINDIA,EQ,4643,1714,36.92
20,39,574GS2026,GS,2,2,100.00
20,40,5PAISA,EQ,22639,11133,49.18
20,41,63MOONS,EQ,210190,105582,50.23
20,42,664GS2027,GS,900,900,100.00
20,43,667GS2050,GS,6500,6500,100.00
20,44,676GS2061,GS,100,100,100.00
20,45,679GS2034,GS,200,200,100.00
20,46,695GS2061,GS,2770,2770,100.00
20,47,697GR2034,GS,8,8,100.00
20,48,698GR2054,GS,920,820,89.13
20,49,699GS2026,GS,3196,3196,100.00
20,50,699GS2051,GS,32,31,96.88
20,51,702GS2027,GS,6,6,100.00
20,52,702GS2031,GS,1001,1000,99.90
20,53,704GS2029,GS,34740,19740,56.82
20,54,706GS2028,GS,1727,1727,100.00
20,55,709GS2054,GS,3576,3576,100.00
20,56,709GS2074,GS,261,261,100.00
20,57,710GS2029,GS,16616,16609,99.96
20,58,717GS2030,GS,3000,3000,100.00
20,59,718GS2037,GS,38813,38633,99.54
20,60,71GS2034,GS,28100,28100,100.00
20,61,725GS2063,GS,224634,174332,77.61
20,62,726GS2032,GS,450,450,100.00
20,63,728IRFC30,NG,600,600,100.00
20,64,729NHAI26,NC,1,1,100.00
20,65,732GS2030,GS,1000,1000,100.00
20,66,733GS2026,GS,12000,12000,100.00
20,67,734GS2064,GS,1356,1356,100.00
20,68,734IRFC28,N4,5,5,100.00
20,69,736GS2052,GS,1,1,100.00
20,70,736NTPC25D,NB,63,63,100.00
20,71,737GS2028,GS,1510,1510,100.00
20,72,737NTPC35C,NA,2,2,100.00
20,73,738GS2027,GS,9342,9341,99.99
20,74,738REC27TF,N2,100,100,100.00
20,75,739NHAI26,N8,146,146,100.00
20,76,739NHAI31A,ND,484,262,54.13
20,77,73GS2053,GS,3150,3150,100.00
20,78,740IIFCL33,N1,34,0,0.00
20,79,741GS2036,GS,4002,4002,100.00
20,80,743TN53,SG,500,500,100.00
20,81,743TS33,SG,300,300,100.00
20,82,746GS2073,GS,21,21,100.00
20,83,747PN43,SG,200,200,100.00
20,84,74GS2062,GS,8451,8451,100.00
20,85,751HUDCO28,N5,1,1,100.00
20,86,753IRFC30,NJ,40,40,100.00
20,87,754GS2036,GS,144761,142739,98.60
20,88,75HR30,SG,400,400,100.00
20,89,760PFCL35,N3,238,188,78.99
20,90,762NTPC35F,ND,40,40,100.00
20,91,764HUDCO31,N8,280,200,71.43
20,92,764IRFC31,NO,227,225,99.12
20,93,764NABAR31,N2,690,350,50.72
20,94,769HUDCO31,N9,957,862,90.07
20,95,769NHAI31,NE,314,289,92.04
20,96,76NHAI31,NA,1401,700,49.96
20,97,774IREDA31,N7,301,301,100.00
20,98,79NHIT35,N1,670,669,99.85
20,99,79NHIT40,N2,1,1,100.00
20,100,79NHIT47,N3,501,450,89.82
20,101,805ABFL28,N2,50,50,100.00
20,102,810IRFC27,N2,1039,1033,99.42
20,103,812REC27,NI,150,150,100.00
20,104,81TCHF28,N8,59,50,84.75
20,105,82HUDCO27,N2,2115,2115,100.00
20,106,82IGT31,NJ,200,200,100.00
20,107,830NHAI27,N2,1496,1496,100.00
20,108,840IRFC29,N8,55,55,100.00
20,109,842IIFL26,NL,210,210,100.00
20,110,843IHFL29,NC,298,198,66.44
20,111,849NTPC25,N7,245546,245501,99.98
20,112,84TCHF28,NA,441,441,100.00
20,113,85IFL26,NX,141,141,100.00
20,114,863IRFC29,NC,216,216,100.00
20,115,865IFL28,NZ,1020,1020,100.00
20,116,865IIFL28,NS,743,743,100.00
20,117,865IRFC29,NA,101,101,100.00
20,118,865LTF26,NN,345,345,100.00
20,119,865TCAPS27,N8,250,190,76.00
20,120,867PFCL33,N7,100,100,100.00
20,121,871REC28,N9,629,607,96.50
20,122,875IIFL26,NM,35,35,100.00
20,123,875NHAI29,N6,1350,1246,92.30
20,124,876HUDCO28,ND,223,223,100.00
20,125,880IREDA34,N6,100,100,100.00
20,126,885IHL26,N1,18,11,61.11
20,127,885MOFSL26,N0,287,287,100.00
20,128,885TCAPS29,NC,4,4,100.00
20,129,888ERFL28,N5,25,25,100.00
20,130,888IHFL25F,NC,440,440,100.00
20,131,888IRFC29,NE,280,280,100.00
20,132,888REC29,NF,54,54,100.00
20,133,888SFIL25C,NR,40,20,50.00
20,134,889SCL26,NS,103,103,100.00
20,135,891NTPC33,N6,12,12,100.00
20,136,892NHPC33,N6,353,353,100.00
20,137,892PFCL33,N8,148,135,91.22
20,138,897GS2030,GS,10,10,100.00
20,139,8ABFL26,N0,360,360,100.00
20,140,901HUDCO34,NE,305,255,83.61
20,141,901NHB34,N6,1015,613,60.39
20,142,903SFL28,YI,101,101,100.00
20,143,910TCAP28,NA,55,55,100.00
20,144,915SCL26,NE,370,370,100.00
20,145,91D060325,TB,100,100,100.00
20,146,91D200325,TB,700,700,100.00
20,147,91D300125,TB,100,100,100.00
20,148,91MOFSL27,N2,145,120,82.76
20,149,921ISFL25,N0,24,24,100.00
20,150,925IHFL25D,N6,160,160,100.00
20,151,925SCL26F,N1,20,20,100.00
20,152,92GS2030,GS,10000,10000,100.00
20,153,92SFIL28,ND,450,450,100.00
20,154,932AEL27,N3,22,22,100.00
20,155,935MOFSL29,N5,2650,2550,96.23
20,156,93MOFSL34,N6,235,235,100.00
20,157,943ECL28,NJ,4,4,100.00
20,158,948SFIL25A,NG,235,234,99.57
20,159,94IFCI25,NL,8,8,100.00
20,160,94SFL28,YL,50,50,100.00
20,161,950SCL23A,AP,49,49,100.00
20,162,955SCL25,ZU,114,114,100.00
20,163,955SCL27A,ZJ,10,10,100.00
20,164,955SFIL25A,NH,2,2,100.00
20,165,956AEL29,N6,50,50,100.00
20,166,957ISFL26,N2,4,4,100.00
20,167,957NIDO26,N5,50,50,100.00
20,168,960IIFLS26,N9,545,545,100.00
20,169,960ISFL25,N1,165,165,100.00
20,170,965AEL27,N4,47,47,100.00
20,171,965IHFL25D,N7,20,20,100.00
20,172,965SCFL25,AB,34,34,100.00
20,173,965SCL25,AG,1,1,100.00
20,174,965SCL25A,NF,45,25,55.56
20,175,965SCL26,YO,120,120,100.00
20,176,965SCL26F,N1,20,20,100.00
20,177,965SFIL25I,NQ,1,1,100.00
20,178,96IIFL28,N5,1334,1082,81.11
20,179,96IIFL28A,NF,4118,3968,96.36
20,180,96SFIL24A,NB,52,52,100.00
20,181,970CAGL28,ND,550,550,100.00
20,182,971SCL28,AN,100,100,100.00
20,183,97MOFSL34,N7,2600,2600,100.00
20,184,985IIFL22,NC,3,3,100.00
20,185,990SCFL26,AJ,5,5,100.00
20,186,990SCL26D,AH,19,19,100.00
20,187,99AEL29,N7,279,236,84.59
20,188,9IIFL28,Y0,395,395,100.00
20,189,9IIFL28A,NT,28,28,100.00
20,190,9PEL25,N0,152,152,100.00
20,191,9SCL25,YM,252,252,100.00
20,192,AAATECH,EQ,22802,15883,69.66
20,193,AADHARHFC,EQ,503364,320907,63.75
20,194,AAKASH,EQ,222909,117705,52.80
20,195,AARON,EQ,11453,4807,41.97
20,196,AARTIDRUGS,EQ,95206,37946,39.86
20,197,AARTIIND,EQ,3320720,920041,27.71
20,198,AARTIPHARM,EQ,382898,186104,48.60
20,199,AARTISURF,EQ,3592,1709,47.58
20,200,AARVI,EQ,9259,5458,58.95
20,201,AATMAJ,SM,12000,12000,100.00
20,202,AAVAS,EQ,149384,125682,84.13
20,203,ABAN,EQ,94295,54374,57.66
20,204,ABB,EQ,252993,125612,49.65
20,205,ABBOTINDIA,EQ,11977,5415,45.21
20,206,ABCAPITAL,EQ,2212822,908207,41.04
20,207,ABCOTS,ST,11500,5500,47.83
20,208,ABDL,EQ,422197,192876,45.68
20,209,ABFRL,EQ,9871585,3072426,31.12
20,210,ABGSEC,EQ,912,519,56.91
20,211,ABHAPOWER,ST,27200,27200,100.00
20,212,ABINFRA,EQ,60041,2880,4.80
20,213,ABREL,EQ,162457,54392,33.48
20,214,ABSLAMC,EQ,438121,218470,49.87
20,215,ABSLBANETF,EQ,34283,24468,71.37
20,216,ABSLLIQUID,EQ,2061,1410,68.41
20,217,ABSLNN50ET,EQ,11786,10083,85.55
20,218,ABSLPSE,EQ,122505,93430,76.27
20,219,ABSMARINE,SM,65000,42000,64.62
20,220,ACC,EQ,396534,251499,63.42
20,221,ACCELYA,EQ,14187,8770,61.82
20,222,ACCENTMIC,SM,27000,18500,68.52
20,223,ACCORD,SM,2000,2000,100.00
20,224,ACCURACY,EQ,179859,110234,61.29
20,225,ACE,EQ,226137,77669,34.35
20,226,ACEINTEG,EQ,18386,9519,51.77
20,227,ACI,EQ,83448,36638,43.91
20,228,ACL,EQ,18444,8918,48.35
20,229,ACLGATI,EQ,1079736,288577,26.73
20,230,ACMESOLAR,EQ,704158,379851,53.94
20,231,ADANIENSOL,EQ,3599461,934721,25.97
20,232,ADANIENT,EQ,1421437,509607,35.85
20,233,ADANIGREEN,EQ,13279463,1506951,11.35
20,234,ADANIPORTS,EQ,3135942,1316893,41.99
20,235,ADANIPOWER,EQ,39118967,4104958,10.49
20,236,ADFFOODS,EQ,90347,41255,45.66
20,237,ADL,EQ,693,393,56.71
20,238,ADORWELD,EQ,36486,11831,32.43
20,239,ADSL,EQ,486856,169214,34.76
20,240,ADVANIHOTR,EQ,115873,46786,40.38
20,241,ADVENZYMES,EQ,78207,41275,52.78
20,242,AEGISLOG,EQ,5951719,325177,5.46
20,243,AEROFLEX,EQ,626162,256228,40.92
20,244,AERON,SM,34000,19000,55.88
20,245,AESTHETIK,SM,10000,8000,80.00
20,246,AETHER,EQ,40681,15065,37.03
20,247,AFCONS,EQ,1540683,458604,29.77
20,248,AFFLE,EQ,336984,239563,71.09
20,249,AFFORDABLE,EQ,7783,5348,68.71
20,250,AFIL,EQ,207485,120072,57.87
20,251,AGARIND,EQ,15003,8019,53.45
20,252,AGARWALFT,SM,1500,1500,100.00
20,253,AGARWALTUF,SM,73200,42000,57.38
20,254,AGI,EQ,91557,44585,48.70
20,255,AGIIL,EQ,1542,754,48.90
20,256,AGNI,SM,20000,10000,50.00
20,257,AGRITECH,EQ,4717,2583,54.76
20,258,AGROPHOS,EQ,30602,8021,26.21
20,259,AGSTRA,EQ,405870,223076,54.96
20,260,AGUL,SM,8000,8000,100.00
20,261,AHIMSA,ST,3000,3000,100.00
20,262,AHL,EQ,81807,28631,35.00
20,263,AHLADA,EQ,17133,10012,58.44
20,264,AHLEAST,EQ,6556,4440,67.72
20,265,AHLUCONT,EQ,98465,56887,57.77
20,266,AIAENG,EQ,58403,45295,77.56
20,267,AIIL,EQ,76793,31888,41.52
20,268,AIMTRON,ST,26000,24800,95.38
20,269,AIRAN,EQ,118209,43870,37.11
20,270,AIROLAM,EQ,21756,4487,20.62
20,271,AIRTELPP,E1,43961,26228,59.66
20,272,AJANTPHARM,EQ,144015,78379,54.42
20,273,AJMERA,EQ,40468,15944,39.40
20,274,AJOONI,EQ,594405,346948,58.37
20,275,AKANKSHA,ST,25000,24000,96.00
20,276,AKASH,EQ,3071,1885,61.38
20,277,AKG,EQ,31049,15585,50.19
20,278,AKIKO,SM,64000,46400,72.50
20,279,AKSHARCHEM,EQ,7895,3833,48.55
20,280,AKUMS,EQ,139392,55384,39.73
20,281,AKZOINDIA,EQ,94791,86250,90.99
20,282,ALANKIT,EQ,576799,301664,52.30
20,283,ALBERTDAVD,EQ,4465,2697,60.40
20,284,ALEMBICLTD,EQ,374512,106899,28.54
20,285,ALICON,EQ,16988,8294,48.82
20,286,ALKALI,EQ,8436,2029,24.05
20,287,ALKEM,EQ,105851,57329,54.16
20,288,ALKYLAMINE,EQ,27404,11880,43.35
20,289,ALLCARGO,EQ,2487358,1020042,41.01
20,290,ALLDIGI,EQ,6172,2771,44.90
20,291,ALLETEC,ST,13600,12800,94.12
20,292,ALOKINDS,EQ,32596395,3521996,10.80
20,293,ALPA,EQ,92226,53354,57.85
20,294,ALPEXSOLAR,SM,40600,26200,64.53
20,295,ALPHA,EQ,854802,511236,59.81
20,296,ALPHAETF,EQ,499645,242748,48.58
20,297,ALPHAGEO,EQ,9775,4331,44.31
20,298,ALPL30IETF,EQ,776553,613564,79.01
20,299,ALUWIND,SM,36000,24000,66.67
20,300,AMBER,EQ,690894,128887,18.66
20,301,AMBEY,SM,66000,42000,63.64
20,302,AMBICAAGAR,EQ,8168,1791,21.93
20,303,AMBIKCO,EQ,7514,3384,45.04
20,304,AMBUJACEM,EQ,1765700,532164,30.14
20,305,AMDIND,EQ,8947,5417,60.55
20,306,AMEYA,ST,5000,5000,100.00
20,307,AMIABLE,SM,11200,6400,57.14
20,308,AMIORG,EQ,213247,101152,47.43
20,309,AMJLAND,EQ,74328,31800,42.78
20,310,AMNPLST,EQ,13907,6615,47.57
20,311,AMRUTANJAN,EQ,64035,30690,47.93
20,312,ANANDRATHI,EQ,87690,24192,27.59
20,313,ANANTRAJ,EQ,3276535,636836,19.44
20,314,ANDHRAPAP,EQ,76709,34374,44.81
20,315,ANDHRSUGAR,EQ,76211,36404,47.77
20,316,ANGELONE,EQ,2848896,460921,16.18
20,317,ANLON,SM,6400,5600,87.50
20,318,ANMOL,EQ,57663,28361,49.18
20,319,ANNAPURNA,SM,22750,15000,65.93
20,320,ANTGRAPHIC,EQ,288319,249714,86.61
20,321,ANUHPHR,EQ,45034,18499,41.08
20,322,ANUP,EQ,31521,11204,35.54
20,323,ANURAS,EQ,108786,47978,44.10
20,324,ANYA,ST,1930000,1870000,96.89
20,325,APARINDS,EQ,85420,38063,44.56
20,326,APCL,EQ,3615,3028,83.76
20,327,APCOTEXIND,EQ,17483,10684,61.11
20,328,APEX,EQ,94362,31213,33.08
20,329,APEXECO,SM,184000,100800,54.78
20,330,APLAPOLLO,EQ,884934,480096,54.25
20,331,APLLTD,EQ,130492,54565,41.81
20,332,APOLLO,EQ,6147589,1760955,28.64
20,333,APOLLOHOSP,EQ,547360,370946,67.77
20,334,APOLLOPIPE,EQ,23155,12661,54.68
20,335,APOLLOTYRE,EQ,1855864,776183,41.82
20,336,APOLSINHOT,EQ,936,613,65.49
20,337,APRAMEYA,ST,4000,4000,100.00
20,338,APS,SM,50750,35250,69.46
20,339,APTECHT,EQ,51246,18623,36.34
20,340,APTUS,EQ,4517206,3800147,84.13
20,341,ARABIAN,SM,24000,24000,100.00
20,342,ARCHIDPLY,EQ,22690,11329,49.93
20,343,ARCHIES,EQ,31014,17564,56.63
20,344,ARE&M,EQ,561555,216634,38.58
20,345,ARIHANTACA,ST,2400,2400,100.00
20,346,ARIHANTCAP,EQ,204142,92528,45.33
20,347,ARIHANTSUP,EQ,48103,15694,32.63
20,348,ARISTO,ST,3200,3200,100.00
20,349,ARKADE,EQ,944853,324019,34.29
20,350,ARMANFIN,EQ,27990,16064,57.39
20,351,AROGRANITE,EQ,6967,3437,49.33
20,352,ARROWGREEN,EQ,37340,17271,46.25
20,353,ARTEMISMED,EQ,55490,29159,52.55
20,354,ARVEE,EQ,332,175,52.71
20,355,ARVIND,EQ,527345,129070,24.48
20,356,ARVINDFASN,EQ,330748,149276,45.13
20,357,ARVINDPORT,ST,9000,9000,100.00
20,358,ARVSMART,EQ,34578,18732,54.17
20,359,ASAHIINDIA,EQ,69275,30055,43.39
20,360,ASAHISONG,EQ,11641,5769,49.56
20,361,ASAL,EQ,39370,15474,39.30
20,362,ASALCBR,EQ,28346,14893,52.54
20,363,ASHALOG,ST,19000,15000,78.95
20,364,ASHAPURMIN,EQ,410795,223759,54.47
20,365,ASHIANA,EQ,190944,66066,34.60
20,366,ASHOKA,EQ,2501986,820612,32.80
20,367,ASHOKLEY,EQ,3426099,1174048,34.27
20,368,ASIANENE,EQ,83775,36507,43.58
20,369,ASIANPAINT,EQ,1308999,855809,65.38
20,370,ASIANTILES,EQ,313833,167325,53.32
20,371,ASKAUTOLTD,EQ,275316,95175,34.57
20,372,ASLIND,SM,4000,2000,50.00
20,373,ASMS,EQ,1404683,980100,69.77
20,374,ASPINWALL,EQ,8891,5000,56.24
20,375,ASPIRE,ST,12000,10000,83.33
20,376,ASTEC,EQ,8768,4324,49.32
20,377,ASTERDM,EQ,774135,486111,62.79
20,378,ASTRAL,EQ,731479,501580,68.57
20,379,ASTRAMICRO,EQ,225570,115060,51.01
20,380,ASTRAZEN,EQ,61394,15869,25.85
20,381,ASTRON,EQ,19473,14720,75.59
20,382,ATAM,EQ,18865,11719,62.12
20,383,ATFL,EQ,21499,12332,57.36
20,384,ATGL,EQ,2356369,325594,13.82
20,385,ATL,EQ,538837,216373,40.16
20,386,ATMASTCO,ST,29200,29200,100.00
20,387,ATUL,EQ,14288,7586,53.09
20,388,ATULAUTO,EQ,22265,8967,40.27
20,389,AUBANK,EQ,1782010,982275,55.12
20,390,AURDIS,ST,5000,4375,87.50
20,391,AURIONPRO,EQ,28714,17735,61.76
20,392,AUROIMPEX,SM,8000,8000,100.00
20,393,AUROPHARMA,EQ,974366,532102,54.61
20,394,AURUM,EQ,16921,9757,57.66
20,395,AURUMPP1,E1,6484,6403,98.75
20,396,AUSL,SM,4000,2000,50.00
20,397,AUTOAXLES,EQ,5007,3965,79.19
20,398,AUTOBEES,EQ,97156,39319,40.47
20,399,AUTOIETF,EQ,219323,142330,64.90
20,400,AUTOIND,EQ,61420,33990,55.34
20,401,AVADHSUGAR,EQ,57034,29598,51.90
20,402,AVALON,EQ,605276,339903,56.16
20,403,AVANTEL,EQ,731238,354797,48.52
20,404,AVANTIFEED,EQ,536677,131224,24.45
20,405,AVG,EQ,45429,23880,52.57
20,406,AVIANSH,ST,50000,42000,84.00
20,407,AVL,EQ,124622,92494,74.22
20,408,AVPINFRA,ST,4800,4800,100.00
20,409,AVTNPL,EQ,40442,27122,67.06
20,410,AWFIS,EQ,754387,612822,81.23
20,411,AWHCL,EQ,68175,32847,48.18
20,412,AWL,EQ,15002432,8478015,56.51
20,413,AXISBANK,EQ,11418721,6672057,58.43
20,414,AXISBNKETF,EQ,478,467,97.70
20,415,AXISBPSETF,EQ,1039731,1029291,99.00
20,416,AXISCETF,EQ,920,830,90.22
20,417,AXISGOLD,EQ,185518,151655,81.75
20,418,AXISHCETF,EQ,7346,5650,76.91
20,419,AXISILVER,EQ,9463,9098,96.14
20,420,AXISNIFTY,EQ,8619,6202,71.96
20,421,AXISTECETF,EQ,486,483,99.38
20,422,AXITA,EQ,5775339,1305422,22.60
20,423,AXSENSEX,EQ,1225,623,50.86
20,424,AYMSYNTEX,EQ,41955,26104,62.22
20,425,AZAD,EQ,72019,25541,35.46
20,426,BABAFP,SM,9600,8000,83.33
20,427,BAHETI,ST,8625,8250,95.65
20,428,BAIDFIN,EQ,214574,111695,52.05
20,429,BAJAJ-AUTO,EQ,347402,170417,49.05
20,430,BAJAJCON,EQ,212014,113310,53.44
20,431,BAJAJELEC,EQ,20189,8859,43.88
20,432,BAJAJFINSV,EQ,2098490,830793,39.59
20,433,BAJAJHCARE,EQ,315879,113495,35.93
20,434,BAJAJHFL,EQ,8490247,4400675,51.83
20,435,BAJAJHIND,EQ,7003283,2684130,38.33
20,436,BAJAJHLDNG,EQ,36677,12047,32.85
20,437,BAJEL,EQ,125797,53740,42.72
20,438,BAJFINANCE,EQ,681750,277838,40.75
20,439,BALAJEE,EQ,74180,35079,47.29
20,440,BALAMINES,EQ,45207,12852,28.43
20,441,BALAXI,EQ,98794,36860,37.31
20,442,BALCO,ST,1200,1200,100.00
20,443,BALKRISHNA,EQ,70535,36114,51.20
20,444,BALKRISIND,EQ,108563,49420,45.52
20,445,BALMLAWRIE,EQ,144820,42824,29.57
20,446,BALPHARMA,EQ,23377,11545,49.39
20,447,BALRAMCHIN,EQ,689579,327566,47.50
20,448,BALUFORGE,EQ,307458,139043,45.22
20,449,BANARISUG,EQ,630,508,80.63
20,450,BANCOINDIA,EQ,100355,43352,43.20
20,451,BANDHANBNK,EQ,6296217,2155731,34.24
20,452,BANKA,EQ,13071,6526,49.93
20,453,BANKBARODA,EQ,8409931,3279029,38.99
20,454,BANKBEES,EQ,312038,146535,46.96
20,455,BANKBETF,EQ,32273,23673,73.35
20,456,BANKETF,EQ,4523,4014,88.75
20,457,BANKETFADD,EQ,5978,4065,68.00
20,458,BANKIETF,EQ,262733,212989,81.07
20,459,BANKINDIA,EQ,7021894,2166085,30.85
20,460,BANKNIFTY1,EQ,61655,49767,80.72
20,461,BANKPSU,EQ,2726,1973,72.38
20,462,BANSALWIRE,EQ,65237,34796,53.34
20,463,BANSWRAS,EQ,19943,12094,60.64
20,464,BARBEQUE,EQ,79144,50060,63.25
20,465,BASF,EQ,17523,6089,34.75
20,466,BASILIC,ST,50400,50400,100.00
20,467,BASML,EQ,118300,88077,74.45
20,468,BATAINDIA,EQ,206940,67987,32.85
20,469,BAWEJA,SM,4800,3200,66.67
20,470,BAYERCROP,EQ,31421,21362,67.99
20,471,BBETF0432,EQ,2208,2173,98.41
20,472,BBL,EQ,29253,18235,62.34
20,473,BBNPNBETF,EQ,306,192,62.75
20,474,BBNPPGOLD,EQ,8449,8221,97.30
20,475,BBOX,EQ,116192,71797,61.79
20,476,BBTC,EQ,33478,11859,35.42
20,477,BBTCL,EQ,2069,1335,64.52
20,478,BCLIND,EQ,512590,246441,48.08
20,479,BCONCEPTS,EQ,26151,15427,58.99
20,480,BDL,EQ,273357,115633,42.30
20,481,BEACON,SM,28000,12000,42.86
20,482,BEARDSELL,EQ,46893,23377,49.85
20,483,BECTORFOOD,EQ,99876,42546,42.60
20,484,BEDMUTHA,EQ,21959,8959,40.80
20,485,BEL,EQ,11376064,4124580,36.26
20,486,BEML,EQ,444646,207415,46.65
20,487,BEPL,EQ,290634,128380,44.17
20,488,BERGEPAINT,EQ,360555,154602,42.88
20,489,BESTAGRO,EQ,17107,7304,42.70
20,490,BETA,SM,3200,2500,78.13
20,491,BEWLTD,ST,29000,25500,87.93
20,492,BFINVEST,EQ,38893,14945,38.43
20,493,BFSI,EQ,68648,60769,88.52
20,494,BHAGCHEM,EQ,32180,19628,60.99
20,495,BHAGERIA,EQ,16409,9819,59.84
20,496,BHAGYANGR,EQ,30480,12507,41.03
20,497,BHANDARI,EQ,569619,333921,58.62
20,498,BHARATFORG,EQ,1300950,973915,74.86
20,499,BHARATGEAR,EQ,12924,7369,57.02
20,500,BHARATRAS,EQ,5760,2437,42.31
20,501,BHARATWIRE,EQ,215851,167001,77.37
20,502,BHARTIARTL,EQ,2960985,1942069,65.59
20,503,BHARTIHEXA,EQ,238856,124730,52.22
20,504,BHEL,EQ,13345400,3201152,23.99
20,505,BHINVIT,IV,60795,48808,80.28
20,506,BIGBLOC,EQ,249463,76958,30.85
20,507,BIKAJI,EQ,304481,171234,56.24
20,508,BIKEWO,SM,14000,10000,71.43
20,509,BINANIIND,EQ,30419,23415,76.97
20,510,BIOCON,EQ,6005133,2565232,42.72
20,511,BIOFILCHEM,EQ,13632,8482,62.22
20,512,BIRET,RR,273968,248202,90.60
20,513,BIRLACABLE,EQ,27011,9077,33.60
20,514,BIRLACORPN,EQ,207385,107904,52.03
20,515,BLACKBUCK,EQ,66711,36178,54.23
20,516,BLAL,EQ,30889,15482,50.12
20,517,BLBLIMITED,EQ,72331,24821,34.32
20,518,BLISSGVS,EQ,387100,135485,35.00
20,519,BLKASHYAP,EQ,289565,141132,48.74
20,520,BLS,EQ,1865984,893572,47.89
20,521,BLSE,EQ,91716,39786,43.38
20,522,BLUEDART,EQ,17985,5363,29.82
20,523,BLUEJET,EQ,124786,48873,39.17
20,524,BLUEPEBBLE,SM,2400,2000,83.33
20,525,BLUESTARCO,EQ,419353,208924,49.82
20,526,BMETRICS,SM,11200,9600,85.71
20,527,BODALCHEM,EQ,212102,89667,42.28
20,528,BOMDYEING,EQ,1058176,351332,33.20
20,529,BOROLTD,EQ,87309,34605,39.64
20,530,BOROSCI,EQ,64586,33186,51.38
20,531,BOSCHLTD,EQ,13843,7026,50.75
20,532,BOSS,ST,10000,10000,100.00
20,533,BPCL,EQ,13448052,8094033,60.19
20,534,BPL,EQ,171284,65232,38.08
20,535,BRACEPORT,ST,9600,9600,100.00
20,536,BRIGADE,EQ,131581,66953,50.88
20,537,BRITANNIA,EQ,242422,135017,55.70
20,538,BRNL,EQ,1048318,260418,24.84
20,539,BSE,EQ,3633566,1088162,29.95
20,540,BSE500IETF,EQ,57347,37591,65.55
20,541,BSHSL,EQ,10980,7875,71.72
20,542,BSL,EQ,30710,8707,28.35
20,543,BSLGOLDETF,EQ,635706,610609,96.05
20,544,BSLNIFTY,EQ,207701,145978,70.28
20,545,BSLSENETFG,EQ,1400,1342,95.86
20,546,BSOFT,EQ,1072679,432560,40.33
20,547,BTML,EQ,598562,241603,40.36
20,548,BULKCORP,SM,1200,1200,100.00
20,549,BURNPUR,EQ,333975,202493,60.63
20,550,BUTTERFLY,EQ,1481,703,47.47
20,551,BVCL,EQ,11909,5349,44.92
20,552,C2C,SM,436800,279000,63.87
20,553,CADSYS,ST,8000,6000,75.00
20,554,CALSOFT,EQ,107159,101561,94.78
20,555,CAMLINFINE,EQ,2105184,617399,29.33
20,556,CAMPUS,EQ,349736,101719,29.08
20,557,CAMS,EQ,427182,157930,36.97
20,558,CANARYS,SM,40000,28000,70.00
20,559,CANBK,EQ,34474633,15996881,46.40
20,560,CANFINHOME,EQ,599629,307556,51.29
20,561,CANTABIL,EQ,142634,54429,38.16
20,562,CAPACITE,EQ,449916,186608,41.48
20,563,CAPITALSFB,EQ,14056,8998,64.02
20,564,CAPLIPOINT,EQ,120317,47827,39.75
20,565,CARBORUNIV,EQ,52960,23915,45.16
20,566,CAREERP,EQ,18760,12535,66.82
20,567,CARERATING,EQ,41739,23227,55.65
20,568,CARRARO,EQ,185134,84287,45.53
20,569,CARTRADE,EQ,659868,429165,65.04
20,570,CARYSIL,EQ,54481,28408,52.14
20,571,CASTROLIND,EQ,1611879,635774,39.44
20,572,CBAZAAR,SM,48000,40000,83.33
20,573,CCHHL,EQ,26917,19821,73.64
20,574,CCL,EQ,92129,41497,45.04
20,575,CDSL,EQ,3865884,1126823,29.15
20,576,CEATLTD,EQ,59944,14123,23.56
20,577,CEIGALL,EQ,61886,24375,39.39
20,578,CELEBRITY,EQ,84065,49270,58.61
20,579,CELLECOR,SM,768000,627000,81.64
20,580,CELLO,EQ,561847,441059,78.50
20,581,CELLPOINT,SM,24000,19200,80.00
20,582,CENTENKA,EQ,34389,17726,51.55
20,583,CENTEXT,EQ,37357,22762,60.93
20,584,CENTRALBK,EQ,17789974,3950287,22.21
20,585,CENTRUM,EQ,132941,62747,47.20
20,586,CENTUM,EQ,7465,3170,42.46
20,587,CENTURYPLY,EQ,431788,344561,79.80
20,588,CERA,EQ,14910,6402,42.94
20,589,CESC,EQ,10402105,5197498,49.97
20,590,CEWATER,EQ,125836,32732,26.01
20,591,CGCL,EQ,362653,83095,22.91
20,592,CGPOWER,EQ,5275014,3109575,58.95
20,593,CGRAPHICS,SM,32800,24800,75.61
20,594,CHALET,EQ,188392,80843,42.91
20,595,CHAMBLFERT,EQ,1195169,553680,46.33
20,596,CHAVDA,SM,11000,8000,72.73
20,597,CHEMBOND,EQ,8522,3762,44.14
20,598,CHEMCON,EQ,16673,7569,45.40
20,599,CHEMFAB,EQ,5273,2410,45.70
20,600,CHEMPLASTS,EQ,40219,18560,46.15
20,601,CHENNPETRO,EQ,703555,228650,32.50
20,602,CHETANA,SM,43200,32000,74.07
20,603,CHEVIOT,EQ,3647,2335,64.03
20,604,CHOICEIN,EQ,537371,139483,25.96
20,605,CHOLAFIN,EQ,1132553,566683,50.04
20,606,CHOLAHLDNG,EQ,90517,52422,57.91
20,607,CIEINDIA,EQ,93194,38819,41.65
20,608,CIGNITITEC,EQ,238451,116056,48.67
20,609,CINEVISTA,EQ,49088,31682,64.54
20,610,CIPLA,EQ,1126634,677083,60.10
20,611,CLEAN,EQ,47506,20675,43.52
20,612,CLEDUCATE,EQ,36735,25325,68.94
20,613,CLOUD,SZ,182000,181000,99.45
20,614,CLSEL,EQ,65105,17553,26.96
20,615,CLSL,SM,2000,2000,100.00
20,616,CMMIPL,SZ,6000,6000,100.00
20,617,CMNL,ST,12000,10500,87.50
20,618,CMRSL,SM,3200,3200,100.00
20,619,CMSINFO,EQ,199565,105117,52.67
20,620,COALINDIA,EQ,11117714,5299775,47.67
20,621,COASTCORP,EQ,17953,10048,55.97
20,622,COCHINSHIP,EQ,403285,183442,45.49
20,623,COFORGE,EQ,667612,413747,61.97
20,624,COLPAL,EQ,709371,343809,48.47
20,625,COMMITTED,ST,12800,12800,100.00
20,626,COMMOIETF,EQ,28557,16158,56.58
20,627,COMPUSOFT,EQ,39902,24995,62.64
20,628,CONCOR,EQ,574946,253794,44.14
20,629,CONCORDBIO,EQ,186728,111234,59.57
20,630,CONFIPET,EQ,209351,86617,41.37
20,631,CONS,EQ,2273,2100,92.39
20,632,CONSOFINVT,EQ,2284,1308,57.27
20,633,CONSUMBEES,EQ,48068,29745,61.88
20,634,CONSUMER,EQ,21959,20263,92.28
20,635,CONSUMIETF,EQ,11003,4572,41.55
20,636,CONTI,ST,19998,19998,100.00
20,637,CONTROLPR,EQ,8057,3681,45.69
20,638,COOLCAPS,ST,87500,82500,94.29
20,639,CORALFINAC,EQ,24302,14227,58.54
20,640,CORDSCABLE,EQ,31837,14978,47.05
20,641,COROMANDEL,EQ,195897,90957,46.43
20,642,COSMOFIRST,EQ,86020,30086,34.98
20,643,COUNCODOS,EQ,38478,24466,63.58
20,644,CPS,ST,4800,4800,100.00
20,645,CPSEETF,EQ,1944707,1112410,57.20
20,646,CRAFTSMAN,EQ,45145,18364,40.68
20,647,CRAYONS,SM,8000,7000,87.50
20,648,CREATIVE,EQ,13675,9759,71.36
20,649,CREDITACC,EQ,1357718,363510,26.77
20,650,CREST,EQ,14716,9095,61.80
20,651,CRISIL,EQ,43805,16269,37.14
20,652,CROMPTON,EQ,1287013,624701,48.54
20,653,CROWN,EQ,15884,12965,81.62
20,654,CSBBANK,EQ,453792,186791,41.16
20,655,CSLFINANCE,EQ,49236,41883,85.07
20,656,CTE,EQ,11194,6326,56.51
20,657,CUB,EQ,967272,329013,34.01
20,658,CUBEXTUB,EQ,1325020,344131,25.97
20,659,CUMMINSIND,EQ,677709,405939,59.90
20,660,CUPID,EQ,316723,140934,44.50
20,661,CYBERMEDIA,EQ,96599,68282,70.69
20,662,CYIENT,EQ,253873,107665,42.41
20,663,CYIENTDLM,EQ,120393,50848,42.24
20,664,DABUR,EQ,1959656,1254634,64.02
20,665,DALBHARAT,EQ,328842,207617,63.14
20,666,DALMIASUG,EQ,85252,36611,42.94
20,667,DAMCAPITAL,EQ,1458311,350230,24.02
20,668,DAMODARIND,EQ,4746,3611,76.09
20,669,DANGEE,EQ,79528,57341,72.10
20,670,DANISH,SM,90000,46500,51.67
20,671,DATAMATICS,EQ,129795,74614,57.49
20,672,DATAPATTNS,EQ,77003,26378,34.26
20,673,DAVANGERE,EQ,2512107,1163467,46.31
20,674,DBCORP,EQ,57621,28657,49.73
20,675,DBEIL,EQ,244706,78797,32.20
20,676,DBL,EQ,100017,25103,25.10
20,677,DBOL,EQ,86822,51040,58.79
20,678,DBREALTY,EQ,1417885,564760,39.83
20,679,DBSTOCKBRO,EQ,42419,15862,37.39
20,680,DCAL,EQ,382325,134970,35.30
20,681,DCBBANK,EQ,838124,437143,52.16
20,682,DCG,SM,21600,14400,66.67
20,683,DCI,EQ,13725,6577,47.92
20,684,DCM,EQ,142435,54566,38.31
20,685,DCMNVL,EQ,8830,7467,84.56
20,686,DCMSHRIRAM,EQ,24303,10140,41.72
20,687,DCMSRIND,EQ,123296,76342,61.92
20,688,DCW,EQ,1035118,489692,47.31
20,689,DCXINDIA,EQ,661345,297795,45.03
20,690,DDEVPLSTIK,EQ,53535,27202,50.81
20,691,DECCANCE,EQ,3771,2201,58.37
20,692,DECCANTRAN,ST,21600,20400,94.44
20,693,DEEDEV,EQ,67581,33378,49.39
20,694,DEEM,SM,4000,3000,75.00
20,695,DEEPAKFERT,EQ,371073,131969,35.56
20,696,DEEPAKNTR,EQ,135250,68035,50.30
20,697,DEEPINDS,EQ,226941,88271,38.90
20,698,DELAPLEX,SM,3600,3000,83.33
20,699,DELHIVERY,EQ,1214925,622675,51.25
20,700,DELTACORP,EQ,1716383,365102,21.27
20,701,DELTAMAGNT,EQ,6029,3713,61.59
20,702,DELTIC,ST,763000,674000,88.34
20,703,DEN,EQ,1003091,306613,30.57
20,704,DENEERS,ST,1800,1800,100.00
20,705,DENORA,EQ,28318,15804,55.81
20,706,DENTALKART,SM,5000,3250,65.00
20,707,DESTINY,ST,1500,1500,100.00
20,708,DEVIT,EQ,387802,123130,31.75
20,709,DEVYANI,EQ,30680457,3257996,10.62
20,710,DHAMPURSUG,EQ,169020,66338,39.25
20,711,DHANI,EQ,6540551,3165955,48.41
20,712,DHANLAXMI,ST,30000,26000,86.67
20,713,DHANUKA,EQ,23296,12534,53.80
20,714,DHARIWAL,SM,1200,1200,100.00
20,715,DHARMAJ,EQ,77785,30758,39.54
20,716,DHRUV,EQ,21149,9354,44.23
20,717,DHTL,SM,4000,2400,60.00
20,718,DHUNINV,EQ,434,241,55.53
20,719,DIACABS,EQ,254882,212938,83.54
20,720,DIAMINESQ,EQ,3458,2484,71.83
20,721,DIAMONDYD,EQ,66290,28355,42.77
20,722,DICIND,EQ,1029,769,74.73
20,723,DIFFNKG,EQ,33149,18378,55.44
20,724,DIGIDRIVE,EQ,105829,42485,40.14
20,725,DIGIKORE,ST,24600,24600,100.00
20,726,DIGISPICE,EQ,80400,47153,58.65
20,727,DISHTV,EQ,14652738,4551960,31.07
20,728,DIVGIITTS,EQ,11395,7200,63.19
20,729,DIVISLAB,EQ,483267,262969,54.41
20,730,DIVOPPBEES,EQ,28529,14429,50.58
20,731,DIVYADHAN,SM,48000,44000,91.67
20,732,DIXON,EQ,637125,322485,50.62
20,733,DKEGL,SM,7500,7500,100.00
20,734,DLF,EQ,5333750,3342513,62.67
20,735,DLINKINDIA,EQ,94472,41676,44.11
20,736,DMART,EQ,744961,428646,57.54
20,737,DNAMEDIA,EQ,579391,292082,50.41
20,738,DODLA,EQ,56936,38400,67.44
20,739,DOLATALGO,EQ,288290,133774,46.40
20,740,DOLLAR,EQ,34880,16666,47.78
20,741,DOLLEX,SM,24000,20000,83.33
20,742,DOMS,EQ,71708,37390,52.14
20,743,DONEAR,EQ,154196,45723,29.65
20,744,DPABHUSHAN,EQ,2213,943,42.61
20,745,DPEL,ST,7500,7500,100.00
20,746,DPSCLTD,EQ,123623,72059,58.29
20,747,DPWIRES,EQ,10678,6475,60.64
20,748,DRCSYSTEMS,EQ,83231,42294,50.82
20,749,DREAMFOLKS,EQ,168347,120223,71.41
20,750,DREDGECORP,EQ,14367,9754,67.89
20,751,DRONE,ST,47000,47000,100.00
20,752,DRREDDY,EQ,1940371,1189167,61.29
20,753,DSSL,EQ,33691,16763,49.76
20,754,DTIL,EQ,10661,2453,23.01
20,755,DTL,SM,10800,7200,66.67
20,756,DUCOL,SM,6400,4800,75.00
20,757,DUCON,EQ,449341,249966,55.63
20,758,DUGLOBAL,SM,12500,12500,100.00
20,759,DURLAX,SM,6000,4000,66.67
20,760,DVL,EQ,12207,6752,55.31
20,761,DWARKESH,EQ,637381,257020,40.32
20,762,DYCL,EQ,56798,21789,38.36
20,763,DYNAMATECH,EQ,11516,5195,45.11
20,764,DYNAMIC,ST,12500,12500,100.00
20,765,DYNPRO,EQ,13187,7934,60.17
20,766,EASEMYTRIP,EQ,33816525,11143612,32.95
20,767,EBANKNIFTY,EQ,1644,1644,100.00
20,768,EBBETF0425,EQ,44005,43840,99.63
20,769,EBBETF0430,EQ,2124,1999,94.11
20,770,EBBETF0431,EQ,5808,4186,72.07
20,771,EBBETF0433,EQ,1304,837,64.19
20,772,ECAPINSURE,EQ,13766,12644,91.85
20,773,ECLERX,EQ,174078,119300,68.53
20,774,ECOSMOBLTY,EQ,112475,41559,36.95
20,775,EDELWEISS,EQ,2344567,1325839,56.55
20,776,EFACTOR,ST,5600,4800,85.71
20,777,EFFWA,ST,18400,17200,93.48
20,778,EFORCE,SM,56400,36000,63.83
20,779,EGOLD,EQ,3048,2702,88.65
20,780,EICHERMOT,EQ,497259,312720,62.89
20,781,EIDPARRY,EQ,363211,131664,36.25
20,782,EIEL,EQ,3968251,654441,16.49
20,783,EIFFL,EQ,281269,254479,90.48
20,784,EIHAHOTELS,EQ,51121,22566,44.14
20,785,EIHOTEL,EQ,782755,375625,47.99
20,786,EIMCOELECO,EQ,13569,9149,67.43
20,787,EKC,EQ,586468,195536,33.34
20,788,ELDEHSG,EQ,708,363,51.27
20,789,ELECON,EQ,676226,170376,25.20
20,790,ELECTCAST,EQ,970227,405906,41.84
20,791,ELGIEQUIP,EQ,285273,145999,51.18
20,792,ELIN,EQ,96475,55265,57.28
20,793,EMAMILTD,EQ,445131,245543,55.16
20,794,EMAMIPAP,EQ,21203,10399,49.04
20,795,EMBASSY,RR,431479,413755,95.89
20,796,EMBDL,EQ,6626854,1685417,25.43
20,797,EMCURE,EQ,269333,243467,90.40
20,798,EMIL,EQ,715301,418578,58.52
20,799,EMKAYTOOLS,SM,4950,3900,78.79
20,800,EMMBI,EQ,98579,26915,27.30
20,801,EMMIL,ST,23000,23000,100.00
20,802,EMSLIMITED,EQ,215072,65536,30.47
20,803,EMUDHRA,EQ,88740,23722,26.73
20,804,EMULTIMQ,EQ,57813,33341,57.67
20,805,ENDURANCE,EQ,46307,17133,37.00
20,806,ENFUSE,ST,19800,17400,87.88
20,807,ENGINERSIN,EQ,4118175,878260,21.33
20,808,ENIL,EQ,19167,9479,49.45
20,809,ENSER,ST,10000,10000,100.00
20,810,ENTERO,EQ,45191,32939,72.89
20,811,ENVIRO,SM,126000,82000,65.08
20,812,EPACK,EQ,963710,436013,45.24
20,813,EPIGRAL,EQ,56328,27780,49.32
20,814,EPL,EQ,385150,171622,44.56
20,815,EQUAL50ADD,EQ,6236,5960,95.57
20,816,EQUITASBNK,EQ,4630718,2341167,50.56
20,817,ERIS,EQ,243134,179611,73.87
20,818,ESABINDIA,EQ,3157,1956,61.96
20,819,ESAFSFB,EQ,251630,124173,49.35
20,820,ESCONET,ST,3600,3600,100.00
20,821,ESCORTS,EQ,274614,117147,42.66
20,822,ESFL,SM,255600,198000,77.46
20,823,ESG,EQ,2076,1947,93.79
20,824,ESILVER,EQ,165340,165237,99.94
20,825,ESPRIT,ST,94400,88000,93.22
20,826,ESTER,EQ,123010,44587,36.25
20,827,ETHOSLTD,EQ,24586,10983,44.67
20,828,ETML,SM,54000,38400,71.11
20,829,EUREKAFORB,EQ,103776,57700,55.60
20,830,EVEREADY,EQ,37611,19488,51.81
20,831,EVERESTIND,EQ,25144,13580,54.01
20,832,EVINDIA,EQ,238322,142063,59.61
20,833,EXCELINDUS,EQ,10415,6058,58.17
20,834,EXCELLENT,SM,4800,4800,100.00
20,835,EXICOM,EQ,238528,132454,55.53
20,836,EXIDEIND,EQ,1465678,519588,35.45
20,837,EXPLEOSOL,EQ,18223,13990,76.77
20,838,EXXARO,EQ,2890860,1403449,48.55
20,839,FACT,EQ,189514,30745,16.22
20,840,FAIRCHEMOR,EQ,28484,12666,44.47
20,841,FAZE3Q,EQ,24644,11591,47.03
20,842,FCL,EQ,331129,122669,37.05
20,843,FCSSOFT,EQ,2617337,1286153,49.14
20,844,FDC,EQ,34110,16956,49.71
20,845,FEDERALBNK,EQ,4521543,2033171,44.97
20,846,FEDFINA,EQ,682086,440307,64.55
20,847,FELIX,ST,25500,25500,100.00
20,848,FIBERWEB,EQ,103516,65217,63.00
20,849,FICRF3GP,MF,1000,1000,100.00
20,850,FIDEL,ST,5000,5000,100.00
20,851,FIEMIND,EQ,42264,18532,43.85
20,852,FILATEX,EQ,1809413,672892,37.19
20,853,FINCABLES,EQ,183775,90474,49.23
20,854,FINEORG,EQ,15880,7966,50.16
20,855,FINIETF,EQ,94275,57199,60.67
20,856,FINOPB,EQ,54201,27665,51.04
20,857,FINPIPE,EQ,842793,308548,36.61
20,858,FIRSTCRY,EQ,544293,360599,66.25
20,859,FIVESTAR,EQ,982329,674094,68.62
20,860,FLAIR,EQ,76653,39420,51.43
20,861,FLUOROCHEM,EQ,65622,29456,44.89
20,862,FMCGIETF,EQ,1093491,554775,50.73
20,863,FMGOETZE,EQ,43700,27533,63.00
20,864,FOCE,ST,500,500,100.00
20,865,FOCUS,EQ,132143,52661,39.85
20,866,FONEBOX,SM,6000,5000,83.33
20,867,FOODSIN,EQ,790728,286079,36.18
20,868,FORCAS,ST,3200,3200,100.00
20,869,FORCEMOT,EQ,17755,8047,45.32
20,870,FORGEAUTO,SM,14400,9600,66.67
20,871,FORTIS,EQ,1806479,938714,51.96
20,872,FOSECOIND,EQ,2267,1285,56.68
20,873,FRESHARA,ST,36000,36000,100.00
20,874,FROG,SM,17600,11200,63.64
20,875,FSL,EQ,2809307,1126979,40.12
20,876,FUSION,EQ,148804,76734,51.57
20,877,GABRIEL,EQ,104937,47553,45.32
20,878,GAEL,EQ,669143,274556,41.03
20,879,GAIL,EQ,11373283,6912520,60.78
20,880,GAJANAND,ST,36000,33000,91.67
20,881,GALAPREC,EQ,66443,22856,34.40
20,882,GALAXYSURF,EQ,7274,3454,47.48
20,883,GALLANTT,EQ,27242,15854,58.20
20,884,GANDHAR,EQ,140707,67553,48.01
20,885,GANDHITUBE,EQ,2512,1293,51.47
20,886,GANECOS,EQ,269224,109577,40.70
20,887,GANESHBE,EQ,50325,23810,47.31
20,888,GANESHHOUC,EQ,235285,70401,29.92
20,889,GANESHIN,SM,94400,83200,88.14
20,890,GANGAFORGE,EQ,566012,357070,63.09
20,891,GANGESSECU,EQ,6508,3892,59.80
20,892,GARFIBRES,EQ,570737,494594,86.66
20,893,GARUDA,EQ,1194312,457646,38.32
20,894,GATEWAY,EQ,366345,142536,38.91
20,895,GEECEE,EQ,8325,4887,58.70
20,896,GEEKAYWIRE,EQ,36599,21414,58.51
20,897,GENCON,EQ,100684,56786,56.40
20,898,GENESYS,EQ,165245,63805,38.61
20,899,GENSOL,EQ,54420,26650,48.97
20,900,GENUSPAPER,EQ,129725,60827,46.89
20,901,GENUSPOWER,EQ,404734,222188,54.90
20,902,GEOJITFSL,EQ,210475,110153,52.34
20,903,GEPIL,EQ,135447,64284,47.46
20,904,GESHIP,EQ,376968,214265,56.84
20,905,GFLLIMITED,EQ,63475,40923,64.47
20,906,GGBL,SM,33000,20100,60.91
20,907,GHCL,EQ,122687,52399,42.71
20,908,GHCLTEXTIL,EQ,181387,74666,41.16
20,909,GICHSGFIN,EQ,135233,88688,65.58
20,910,GICL,ST,1500,1500,100.00
20,911,GICRE,EQ,934201,201286,21.55
20,912,GILLETTE,EQ,9841,4763,48.40
20,913,GILT5YBEES,EQ,165475,124731,75.38
20,914,GINNIFILA,EQ,113529,62618,55.16
20,915,GIPCL,EQ,474162,232485,49.03
20,916,GKWLIMITED,EQ,843,240,28.47
20,917,GLAND,EQ,138020,79671,57.72
20,918,GLAXO,EQ,113576,59647,52.52
20,919,GLENMARK,EQ,1019075,303319,29.76
20,920,GLOBAL,EQ,41688,21453,51.46
20,921,GLOBALPET,SM,7500,6000,80.00
20,922,GLOBE,EQ,1363178,863681,63.36
20,923,GLOBUSSPR,EQ,49719,25494,51.28
20,924,GLOSTERLTD,EQ,2665,1156,43.38
20,925,GLS,EQ,88833,42530,47.88
20,926,GMBREW,EQ,18569,7581,40.83
20,927,GMDCLTD,EQ,397103,185978,46.83
20,928,GMMPFAUDLR,EQ,27239,16894,62.02
20,929,GMRAIRPORT,EQ,9958755,4955543,49.76
20,930,GMRP&UI,EQ,1079469,497117,46.05
20,931,GNA,EQ,26108,12601,48.26
20,932,GNFC,EQ,285446,114267,40.03
20,933,GOACARBON,EQ,38557,8311,21.56
20,934,GOCLCORP,EQ,19999,9918,49.59
20,935,GOCOLORS,EQ,55690,49691,89.23
20,936,GODAVARIB,EQ,101069,46931,46.43
20,937,GODFRYPHLP,EQ,38143,16589,43.49
20,938,GODIGIT,EQ,229460,104359,45.48
20,939,GODREJAGRO,EQ,79843,39027,48.88
20,940,GODREJCP,EQ,1173420,796598,67.89
20,941,GODREJIND,EQ,114235,30641,26.82
20,942,GODREJPROP,EQ,530439,231474,43.64
20,943,GOKEX,EQ,261358,68706,26.29
20,944,GOKULAGRO,EQ,68168,32584,47.80
20,945,GOLD1,EQ,590338,447204,75.75
20,946,GOLDBEES,EQ,7111641,5151329,72.44
20,947,GOLDCASE,EQ,1694124,1155442,68.20
20,948,GOLDETF,EQ,301292,249851,82.93
20,949,GOLDETFADD,EQ,75033,68584,91.41
20,950,GOLDIAM,EQ,1751789,442568,25.26
20,951,GOLDIETF,EQ,1804243,1277231,70.79
20,952,GOLDSHARE,EQ,229107,177196,77.34
20,953,GOLDSTAR,SM,67500,33750,50.00
20,954,GOODLUCK,EQ,38677,17657,45.65
20,955,GOPAL,EQ,244335,122680,50.21
20,956,GOYALALUM,EQ,104788,71510,68.24
20,957,GOYALSALT,SM,22800,16800,73.68
20,958,GPECO,ST,6600,6600,100.00
20,959,GPIL,EQ,993519,350827,35.31
20,960,GPPL,EQ,702001,313082,44.60
20,961,GPTHEALTH,EQ,96733,43381,44.85
20,962,GPTINFRA,EQ,102037,50041,49.04
20,963,GRANULES,EQ,1586138,616545,38.87
20,964,GRAPHISAD,ST,6000,6000,100.00
20,965,GRAPHITE,EQ,741114,242082,32.66
20,966,GRASIM,EQ,583299,372847,63.92
20,967,GRAVITA,EQ,148341,55240,37.24
20,968,GRCL,SM,500,500,100.00
20,969,GREAVESCOT,EQ,3845098,764804,19.89
20,970,GREENCHEF,SM,13600,8000,58.82
20,971,GREENLAM,EQ,12939,4852,37.50
20,972,GREENPANEL,EQ,52293,24456,46.77
20,973,GREENPLY,EQ,53819,19955,37.08
20,974,GREENPOWER,EQ,5102036,1665372,32.64
20,975,GRINDWELL,EQ,29821,16531,55.43
20,976,GRINFRA,EQ,16272,6083,37.38
20,977,GRMOVER,EQ,107983,50116,46.41
20,978,GROBTEA,EQ,97,67,69.07
20,979,GROWWDEFNC,EQ,101590,56049,55.17
20,980,GROWWEV,EQ,238100,137574,57.78
20,981,GROWWGOLD,EQ,65738,32295,49.13
20,982,GROWWLIQID,EQ,84733,55335,65.31
20,983,GRPLTD,EQ,916,603,65.83
20,984,GRSE,EQ,474711,143885,30.31
20,985,GRWRHITECH,EQ,61546,24031,39.05
20,986,GSEC10ABSL,EQ,112,110,98.21
20,987,GSEC10YEAR,EQ,13,3,23.08
20,988,GSEC5IETF,EQ,2113,1603,75.86
20,989,GSFC,EQ,779602,276630,35.48
20,990,GSLSU,EQ,62003,27912,45.02
20,991,GSMFOILS,ST,48000,42000,87.50
20,992,GSPL,EQ,413766,205028,49.55
20,993,GSS,EQ,18645,10307,55.28
20,994,GSTL,ST,5000,5000,100.00
20,995,GTL,EQ,728870,331260,45.45
20,996,GTLINFRA,EQ,69548407,21970543,31.59
20,997,GTPL,EQ,52876,21113,39.93
20,998,GUFICBIO,EQ,51894,25090,48.35
20,999,GUJALKALI,EQ,20742,9725,46.89
20,1000,GUJAPOLLO,EQ,33737,21791,64.59
20,1001,GUJGASLTD,EQ,521721,91634,17.56
20,1002,GULFOILLUB,EQ,105164,56282,53.52
20,1003,GULFPETRO,EQ,65888,31341,47.57
20,1004,GULPOLY,EQ,112835,59318,52.57
20,1005,GVPTECH,EQ,44961,25704,57.17
20,1006,HAL,EQ,1061461,441568,41.60
20,1007,HAPPSTMNDS,EQ,273047,101045,37.01
20,1008,HAPPYFORGE,EQ,12306,6512,52.92
20,1009,HARIOMPIPE,EQ,77924,32664,41.92
20,1010,HARRMALAYA,EQ,31766,16289,51.28
20,1011,HARSHA,EQ,52802,26569,50.32
20,1012,HATHWAY,EQ,9301154,1878223,20.19
20,1013,HATSUN,EQ,160816,36623,22.77
20,1014,HAVELLS,EQ,1668330,966434,57.93
20,1015,HAVISHA,EQ,28211,21631,76.68
20,1016,HBLENGINE,EQ,896727,354682,39.55
20,1017,HBSL,EQ,10435,4755,45.57
20,1018,HCC,EQ,26210090,9877983,37.69
20,1019,HCG,EQ,135592,79658,58.75
20,1020,HCL-INSYS,EQ,190071,151758,79.84
20,1021,HCLTECH,EQ,3350594,1953517,58.30
20,1022,HDFCAMC,EQ,1864301,451334,24.21
20,1023,HDFCBANK,EQ,7011446,4547576,64.86
20,1024,HDFCBSE500,EQ,31036,25876,83.37
20,1025,HDFCGOLD,EQ,1504172,1219315,81.06
20,1026,HDFCGROWTH,EQ,2176,1363,62.64
20,1027,HDFCLIFE,EQ,5633587,3145075,55.83
20,1028,HDFCLIQUID,EQ,4703,2999,63.77
20,1029,HDFCLOWVOL,EQ,5309,3561,67.07
20,1030,HDFCMID150,EQ,178179,119611,67.13
20,1031,HDFCMOMENT,EQ,150590,129723,86.14
20,1032,HDFCNEXT50,EQ,146729,52783,35.97
20,1033,HDFCNIF100,EQ,30155,26631,88.31
20,1034,HDFCNIFBAN,EQ,39283,32494,82.72
20,1035,HDFCNIFIT,EQ,3684,1947,52.85
20,1036,HDFCNIFTY,EQ,1013506,637674,62.92
20,1037,HDFCPSUBK,EQ,27955,12819,45.86
20,1038,HDFCPVTBAN,EQ,48803,29674,60.80
20,1039,HDFCQUAL,EQ,7349,6251,85.06
20,1040,HDFCSENSEX,EQ,26216,22881,87.28
20,1041,HDFCSILVER,EQ,251567,168898,67.14
20,1042,HDFCSML250,EQ,382412,240805,62.97
20,1043,HDFCVALUE,EQ,5845,5140,87.94
20,1044,HEADSUP,EQ,60733,37387,61.56
20,1045,HEALTHADD,EQ,1489,773,51.91
20,1046,HEALTHIETF,EQ,44858,22062,49.18
20,1047,HEALTHY,EQ,135293,102759,75.95
20,1048,HEG,EQ,987291,255995,25.93
20,1049,HEIDELBERG,EQ,57956,26281,45.35
20,1050,HEMIPROP,EQ,298580,172041,57.62
20,1051,HERANBA,EQ,80921,25725,31.79
20,1052,HERITGFOOD,EQ,189251,105674,55.84
20,1053,HEROMOTOCO,EQ,281045,148097,52.70
20,1054,HESTERBIO,EQ,4844,4175,86.19
20,1055,HEUBACHIND,EQ,32905,18373,55.84
20,1056,HEXATRADEX,EQ,6040,2867,47.47
20,1057,HFCL,EQ,15804761,5746765,36.36
20,1058,HGINFRA,EQ,31522,12690,40.26
20,1059,HGS,EQ,10217,4884,47.80
20,1060,HIGREEN,ST,6400,5600,87.50
20,1061,HIKAL,EQ,185524,68876,37.13
20,1062,HIL,EQ,12128,6353,52.38
20,1063,HILTON,EQ,304399,155747,51.17
20,1064,HIMATSEIDE,EQ,1421438,407257,28.65
20,1065,HINDALCO,EQ,4390121,2493427,56.80
20,1066,HINDCOMPOS,EQ,10507,4977,47.37
20,1067,HINDCOPPER,EQ,3836574,1668280,43.48
20,1068,HINDMOTORS,EQ,390182,148051,37.94
20,1069,HINDOILEXP,EQ,331308,150268,45.36
20,1070,HINDPETRO,EQ,4162695,1497879,35.98
20,1071,HINDUNILVR,EQ,1215150,756762,62.28
20,1072,HINDWAREAP,EQ,41689,17470,41.91
20,1073,HINDZINC,EQ,713988,313769,43.95
20,1074,HIRECT,EQ,40466,15307,37.83
20,1075,HISARMETAL,EQ,3868,1796,46.43
20,1076,HITECH,EQ,298990,122597,41.00
20,1077,HITECHCORP,EQ,2410,1892,78.51
20,1078,HLEGLAS,EQ,48379,20064,41.47
20,1079,HLVLTD,EQ,1008319,543574,53.91
20,1080,HMAAGRO,EQ,152630,98201,64.34
20,1081,HMVL,EQ,11619,5823,50.12
20,1082,HNDFDS,EQ,27674,15029,54.31
20,1083,HNGSNGBEES,EQ,45093,27888,61.85
20,1084,HOLMARC,ST,1500,1500,100.00
20,1085,HOMEFIRST,EQ,281093,128487,45.71
20,1086,HONASA,EQ,775900,530612,68.39
20,1087,HONAUT,EQ,1811,802,44.28
20,1088,HONDAPOWER,EQ,3185,1812,56.89
20,1089,HOVS,EQ,14033,7192,51.25
20,1090,HPAL,EQ,49921,29339,58.77
20,1091,HPIL,EQ,2052,1145,55.80
20,1092,HPL,EQ,227437,91374,40.18
20,1093,HRHNEXT,ST,4500,4500,100.00
20,1094,HSCL,EQ,692376,207139,29.92
20,1095,HTMEDIA,EQ,678800,592716,87.32
20,1096,HUDCO,EQ,6249573,2089591,33.44
20,1097,HUHTAMAKI,EQ,61330,26540,43.27
20,1098,HVAX,ST,3000,2700,90.00
20,1099,HYUNDAI,EQ,569286,401190,70.47
20,1100,IBLFL,ST,16000,16000,100.00
20,1101,ICEMAKE,EQ,8125,4474,55.06
20,1102,ICICIB22,EQ,180347,85174,47.23
20,1103,ICICIBANK,EQ,5355382,3158847,58.98
20,1104,ICICIGI,EQ,528556,177729,33.63
20,1105,ICICIPRULI,EQ,2420045,1740323,71.91
20,1106,ICIL,EQ,468387,81881,17.48
20,1107,ICRA,EQ,2338,973,41.62
20,1108,IDBI,EQ,20817524,4400543,21.14
20,1109,IDEA,EQ,1368293831,241815755,17.67
20,1110,IDEAFORGE,EQ,68084,31364,46.07
20,1111,IDEALTECHO,SM,1000,1000,100.00
20,1112,IDENTICAL,SM,132000,72000,54.55
20,1113,IDFCFIRSTB,EQ,35089619,14121833,40.25
20,1114,IDFNIFTYET,EQ,746,613,82.17
20,1115,IEML,SM,11500,7000,60.87
20,1116,IEX,EQ,2994810,1147660,38.32
20,1117,IFBAGRO,EQ,4651,2601,55.92
20,1118,IFBIND,EQ,69353,34126,49.21
20,1119,IFCI,EQ,8807733,3369661,38.26
20,1120,IFCIZC25,NM,129,129,100.00
20,1121,IFGLEXPOR,EQ,117037,111353,95.14
20,1122,IGARASHI,EQ,18998,8806,46.35
20,1123,IGIL,EQ,2198983,781637,35.55
20,1124,IGL,EQ,2452398,684576,27.91
20,1125,IGPL,EQ,21748,13062,60.06
20,1126,IHFL261224,N1,10,10,100.00
20,1127,IIFL,EQ,1304816,612420,46.94
20,1128,IIFLCAPS,EQ,216979,110826,51.08
20,1129,IIFLHF29,NE,87,86,98.85
20,1130,IIFLZC25,ND,99,99,100.00
20,1131,IIFLZC25B,NW,9,9,100.00
20,1132,IIFLZC26,NN,14,14,100.00
20,1133,IIFLZC28,NG,171,171,100.00
20,1134,IIFLZC28A,NU,20,20,100.00
20,1135,IIFLZC28C,N6,46,0,0.00
20,1136,IKIO,EQ,64268,34548,53.76
20,1137,IKS,EQ,317496,170943,53.84
20,1138,IMAGICAA,EQ,567465,242207,42.68
20,1139,IMC1,N0,20,20,100.00
20,1140,IMC1,N1,217,217,100.00
20,1141,IMC1,N2,297,207,69.70
20,1142,IMC1,N3,10,10,100.00
20,1143,IMFA,EQ,126434,30653,24.24
20,1144,IMPAL,EQ,269,154,57.25
20,1145,INCREDIBLE,EQ,3390,1657,48.88
20,1146,INDBANK,EQ,198561,80335,40.46
20,1147,INDGN,EQ,800883,462386,57.73
20,1148,INDHOTEL,EQ,6492665,3659819,56.37
20,1149,INDIACEM,EQ,423969,288881,68.14
20,1150,INDIAGLYCO,EQ,145156,52834,36.40
20,1151,INDIAMART,EQ,263290,145415,55.23
20,1152,INDIANB,EQ,840964,314984,37.46
20,1153,INDIANHUME,EQ,47448,21163,44.60
20,1154,INDIASHLTR,EQ,193834,144450,74.52
20,1155,INDIFRA,SM,2000,2000,100.00
20,1156,INDIGO,EQ,784809,430863,54.90
20,1157,INDIGOPNTS,EQ,53512,28955,54.11
20,1158,INDIGRID,IV,162430,146358,90.11
20,1159,INDNIPPON,EQ,2388,1508,63.15
20,1160,INDOAMIN,EQ,176330,72707,41.23
20,1161,INDOBORAX,EQ,27754,10736,38.68
20,1162,INDOCO,EQ,20061,9465,47.18
20,1163,INDOFARM,EQ,3949345,644276,16.31
20,1164,INDORAMA,EQ,1115750,341546,30.61
20,1165,INDOSTAR,EQ,133086,66954,50.31
20,1166,INDOWIND,EQ,349076,170033,48.71
20,1167,INDRAMEDCO,EQ,248914,109853,44.13
20,1168,INDTERRAIN,EQ,43899,20242,46.11
20,1169,INDUSINDBK,EQ,3633812,1699722,46.78
20,1170,INDUSTOWER,EQ,22050850,10092552,45.77
20,1171,INFIBEAM,EQ,6434340,3769592,58.59
20,1172,INFINIUM,SM,500,500,100.00
20,1173,INFOBEAN,EQ,7072,3694,52.23
20,1174,INFOLLION,ST,58800,58800,100.00
20,1175,INFOMEDIA,EQ,19241,13914,72.31
20,1176,INFRABEES,EQ,9988,6979,69.87
20,1177,INFRAIETF,EQ,66556,32767,49.23
20,1178,INFY,EQ,2985439,1890937,63.34
20,1179,INGERRAND,EQ,6442,2651,41.15
20,1180,INM,SM,600,600,100.00
20,1181,INNOMET,SM,3600,2400,66.67
20,1182,INNOVACAP,EQ,231915,119705,51.62
20,1183,INNOVANA,EQ,9930,3356,33.80
20,1184,INOXGREEN,EQ,703008,168361,23.95
20,1185,INOXINDIA,EQ,45248,20196,44.63
20,1186,INOXWIND,EQ,11080728,2466499,22.26
20,1187,INSECTICID,EQ,20720,9277,44.77
20,1188,INSPIRE,SM,46000,34000,73.91
20,1189,INSPIRISYS,EQ,3237,1647,50.88
20,1190,INTELLECT,EQ,548074,94599,17.26
20,1191,INTENTECH,EQ,29972,18324,61.14
20,1192,INTERARCH,EQ,281002,94145,33.50
20,1193,INTLCONV,EQ,62039,31468,50.72
20,1194,INVENTURE,EQ,1757514,949774,54.04
20,1195,IOB,EQ,24755502,4522591,18.27
20,1196,IOC,EQ,11472116,5193284,45.27
20,1197,IOLCP,EQ,160917,70911,44.07
20,1198,IONEXCHANG,EQ,192645,87271,45.30
20,1199,IPCALAB,EQ,270570,94683,34.99
20,1200,IPHL,ST,16800,15600,92.86
20,1201,IPL,EQ,122331,51884,42.41
20,1202,IPSL,ST,1000,1000,100.00
20,1203,IRB,EQ,15221818,5798491,38.09
20,1204,IRBINVIT,IV,190252,165663,87.08
20,1205,IRCON,EQ,4687576,1145856,24.44
20,1206,IRCTC,EQ,865946,256408,29.61
20,1207,IREDA,EQ,12280297,2336359,19.03
20,1208,IRFC,EQ,34455125,6207759,18.02
20,1209,IRISDOREME,EQ,62844,7309,11.63
20,1210,IRMENERGY,EQ,36141,23961,66.30
20,1211,ISEC,EQ,88186,47417,53.77
20,1212,ISFT,EQ,19657,5715,29.07
20,1213,ISGEC,EQ,65556,32626,49.77
20,1214,ISHAN,SM,576000,288000,50.00
20,1215,IT,EQ,16725,7434,44.45
20,1216,ITALIANE,SM,4000,4000,100.00
20,1217,ITBEES,EQ,2257040,1137851,50.41
20,1218,ITC,EQ,9786805,6253307,63.90
20,1219,ITDC,EQ,23097,7605,32.93
20,1220,ITDCEM,EQ,450034,304347,67.63
20,1221,ITETF,EQ,31470,21791,69.24
20,1222,ITETFADD,EQ,1056,811,76.80
20,1223,ITIETF,EQ,463924,243831,52.56
20,1224,IVC,EQ,175246,99415,56.73
20,1225,IVP,EQ,3203,2155,67.28
20,1226,IVZINGOLD,EQ,53,51,96.23
20,1227,IWEL,EQ,8491,4721,55.60
20,1228,IXIGO,EQ,1177255,566910,48.16
20,1229,JAGRAN,EQ,77744,41923,53.92
20,1230,JAGSNPHARM,EQ,152441,74110,48.62
20,1231,JAIBALAJI,EQ,42528,22044,51.83
20,1232,JAICORPLTD,EQ,2330280,546896,23.47
20,1233,JAINAM,ST,1000,1000,100.00
20,1234,JAIPURKURT,EQ,45511,28565,62.77
20,1235,JALAN,ST,363000,363000,100.00
20,1236,JAMNAAUTO,EQ,903099,419632,46.47
20,1237,JASH,EQ,308472,138196,44.80
20,1238,JAYAGROGN,EQ,10706,7801,72.87
20,1239,JAYBARMARU,EQ,43560,26961,61.89
20,1240,JAYBEE,ST,15000,14000,93.33
20,1241,JAYNECOIND,EQ,184427,121460,65.86
20,1242,JAYSREETEA,EQ,104064,51629,49.61
20,1243,JBCHEPHARM,EQ,33537,17994,53.65
20,1244,JBMA,EQ,139173,21483,15.44
20,1245,JCHAC,EQ,11792,6770,57.41
20,1246,JEYYAM,SM,14000,8000,57.14
20,1247,JGCHEM,EQ,76889,29833,38.80
20,1248,JHS,EQ,122642,71008,57.90
20,1249,JINDALPHOT,EQ,8046,3788,47.08
20,1250,JINDALPOLY,EQ,21252,9182,43.21
20,1251,JINDALSAW,EQ,2501036,751591,30.05
20,1252,JINDALSTEL,EQ,1733336,848448,48.95
20,1253,JINDRILL,EQ,66065,35147,53.20
20,1254,JINDWORLD,EQ,201620,74483,36.94
20,1255,JIOFIN,EQ,12932861,7083883,54.77
20,1256,JISLDVREQS,EQ,64755,25290,39.05
20,1257,JISLJALEQS,EQ,4315553,1475037,34.18
20,1258,JITFINFRA,EQ,28225,15015,53.20
20,1259,JIWANRAM,SM,132000,108000,81.82
20,1260,J&KBANK,EQ,2222100,813609,36.61
20,1261,JKCEMENT,EQ,50871,17213,33.84
20,1262,JKIL,EQ,667835,210080,31.46
20,1263,JKLAKSHMI,EQ,46398,18471,39.81
20,1264,JKPAPER,EQ,313938,122807,39.12
20,1265,JKTYRE,EQ,203477,76746,37.72
20,1266,JLHL,EQ,64824,39382,60.75
20,1267,JMA,EQ,5931,3360,56.65
20,1268,JMFINANCIL,EQ,1919039,485802,25.31
20,1269,JNKINDIA,EQ,43991,17557,39.91
20,1270,JOCIL,EQ,6173,4631,75.02
20,1271,JPOLYINVST,EQ,8521,4679,54.91
20,1272,JPPOWER,EQ,26554780,7866916,29.63
20,1273,JSFB,EQ,306785,228072,74.34
20,1274,JSL,EQ,646252,354816,54.90
20,1275,JSLL,SM,10080,7020,69.64
20,1276,JSWENERGY,EQ,3204143,1301382,40.62
20,1277,JSWINFRA,EQ,899911,427918,47.55
20,1278,JSWSTEEL,EQ,1581897,947104,59.87
20,1279,JTEKTINDIA,EQ,135538,71644,52.86
20,1280,JTLIND,EQ,885366,487404,55.05
20,1281,JUBLFOOD,EQ,2808585,1817072,64.70
20,1282,JUBLINGREA,EQ,261559,88227,33.73
20,1283,JUBLPHARMA,EQ,157391,83077,52.78
20,1284,JUNIORBEES,EQ,334298,143135,42.82
20,1285,JUNIPER,EQ,1241875,1092555,87.98
20,1286,JUSTDIAL,EQ,538250,140265,26.06
20,1287,JWL,EQ,821458,313949,38.22
20,1288,JYOTHYLAB,EQ,230956,87563,37.91
20,1289,JYOTICNC,EQ,355386,177506,49.95
20,1290,JYOTISTRUC,EQ,10972211,4436104,40.43
20,1291,K2INFRA,ST,42600,35400,83.10
20,1292,KABRAEXTRU,EQ,61326,19320,31.50
20,1293,KAJARIACER,EQ,702592,595906,84.82
20,1294,KAKATCEM,EQ,4353,2494,57.29
20,1295,KALAMANDIR,EQ,171220,80943,47.27
20,1296,KALANA,SM,86000,38000,44.19
20,1297,KALYANKJIL,EQ,29446466,5532521,18.79
20,1298,KAMATHOTEL,EQ,22106,10448,47.26
20,1299,KAMDHENU,EQ,5426553,1265180,23.31
20,1300,KANANIIND,EQ,147565,78818,53.41
20,1301,KANDARP,ST,36000,32000,88.89
20,1302,KANORICHEM,EQ,18931,9259,48.91
20,1303,KANPRPLA,EQ,2337,1448,61.96
20,1304,KANSAINER,EQ,322291,162595,50.45
20,1305,KAPSTON,EQ,2491,1398,56.12
20,1306,KARMAENG,EQ,8256,5162,62.52
20,1307,KARNIKA,ST,2000,2000,100.00
20,1308,KARURVYSYA,EQ,1415121,929619,65.69
20,1309,KATARIA,SM,22200,12600,56.76
20,1310,KAUSHALYA,EQ,875,422,48.23
20,1311,KAYNES,EQ,1600291,163253,10.20
20,1312,KBCGLOBAL,EQ,16673450,9636082,57.79
20,1313,KCEIL,ST,60500,60000,99.17
20,1314,KCP,EQ,154929,59544,38.43
20,1315,KCPSUGIND,EQ,137695,78795,57.22
20,1316,KDDL,EQ,5285,2406,45.53
20,1317,KDL,ST,9850,9200,93.40
20,1318,KEC,EQ,957186,465058,48.59
20,1319,KECL,EQ,140697,48060,34.16
20,1320,KEI,EQ,170471,92010,53.97
20,1321,KEL,SM,1200,1200,100.00
20,1322,KELLTONTEC,EQ,1140602,360477,31.60
20,1323,KESORAMIND,EQ,287362,120874,42.06
20,1324,KEYFINSERV,EQ,38385,21091,54.95
20,1325,KFINTECH,EQ,1860275,649686,34.92
20,1326,KHADIM,EQ,9143,5749,62.88
20,1327,KHAICHEM,EQ,109764,41520,37.83
20,1328,KHAITANLTD,EQ,1236,930,75.24
20,1329,KHANDSE,EQ,145387,60321,41.49
20,1330,KICL,EQ,2631,1243,47.24
20,1331,KILITCH,EQ,7690,3056,39.74
20,1332,KIMS,EQ,337700,160507,47.53
20,1333,KINGFA,EQ,18420,8513,46.22
20,1334,KIOCL,EQ,106123,32778,30.89
20,1335,KIRIINDUS,EQ,170159,72915,42.85
20,1336,KIRLOSBROS,EQ,167837,42892,25.56
20,1337,KIRLOSENG,EQ,196513,124224,63.21
20,1338,KIRLOSIND,EQ,1756,984,56.04
20,1339,KIRLPNU,EQ,69814,43705,62.60
20,1340,KKCL,EQ,73855,61915,83.83
20,1341,KLL,SM,36800,25600,69.57
20,1342,KMEW,EQ,42976,24894,57.93
20,1343,KMSUGAR,EQ,122041,51486,42.19
20,1344,KNAGRI,ST,24800,24800,100.00
20,1345,KNRCON,EQ,455329,162767,35.75
20,1346,KODYTECH,SM,18500,12300,66.49
20,1347,KOHINOOR,EQ,108412,48983,45.18
20,1348,KOKUYOCMLN,EQ,20325,8490,41.77
20,1349,KOLTEPATIL,EQ,310693,66187,21.30
20,1350,KONSTELEC,ST,16000,16000,100.00
20,1351,KONTOR,SM,6000,5400,90.00
20,1352,KORE,ST,1000,1000,100.00
20,1353,KOTAKBANK,EQ,3509861,2533203,72.17
20,1354,KOTARISUG,EQ,47052,31749,67.48
20,1355,KOTHARIPET,EQ,43121,17800,41.28
20,1356,KOTYARK,SM,13200,9200,69.70
20,1357,KPEL,EQ,313910,146292,46.60
20,1358,KPIGREEN,EQ,1706554,761986,44.65
20,1359,KPIL,EQ,260002,199268,76.64
20,1360,KPITTECH,EQ,640880,219663,34.28
20,1361,KPRMILL,EQ,237116,93663,39.50
20,1362,KRBL,EQ,313860,148435,47.29
20,1363,KRISHANA,EQ,231405,96306,41.62
20,1364,KRISHCA,SM,6000,4000,66.67
20,1365,KRISHIVAL,SM,500,500,100.00
20,1366,KRISHNADEF,SM,35750,20750,58.04
20,1367,KRITINUT,EQ,23074,9136,39.59
20,1368,KRN,EQ,407347,93004,22.83
20,1369,KRONOX,EQ,167152,81742,48.90
20,1370,KROSS,EQ,134671,70397,52.27
20,1371,KRSNAA,EQ,51754,23119,44.67
20,1372,KRYSTAL,EQ,12684,5837,46.02
20,1373,KSB,EQ,51990,23750,45.68
20,1374,KSCL,EQ,173665,113257,65.22
20,1375,KSL,EQ,72262,32814,45.41
20,1376,KSOLVES,EQ,16529,8983,54.35
20,1377,KTKBANK,EQ,2053732,1357227,66.09
20,1378,KTL,ST,3000,3000,100.00
20,1379,KUANTUM,EQ,30638,16894,55.14
20,1380,LAGNAM,EQ,162840,35914,22.05
20,1381,LAKSHYA,SM,31200,20000,64.10
20,1382,LALPATHLAB,EQ,228220,129547,56.76
20,1383,LAMOSAIC,ST,7200,7200,100.00
20,1384,LANCORHOL,EQ,65536,49416,75.40
20,1385,LANDMARK,EQ,42794,23663,55.30
20,1386,LAOPALA,EQ,36165,16398,45.34
20,1387,LASA,EQ,55711,29973,53.80
20,1388,LATENTVIEW,EQ,224779,108577,48.30
20,1389,LAURUSLABS,EQ,3183480,1118700,35.14
20,1390,LAWSIKHO,SM,22000,20000,90.91
20,1391,LAXMICOT,EQ,16605,6633,39.95
20,1392,LEMERITE,ST,10400,8000,76.92
20,1393,LEMONTREE,EQ,1686258,524008,31.08
20,1394,LEXUS,EQ,17492,8581,49.06
20,1395,LFIC,EQ,2544,925,36.36
20,1396,LGBBROSLTD,EQ,9055,5245,57.92
20,1397,LIBAS,EQ,35551,26509,74.57
20,1398,LIBERTSHOE,EQ,11454,6418,56.03
20,1399,LICHSGFIN,EQ,984734,444136,45.10
20,1400,LICI,EQ,984158,388754,39.50
20,1401,LICMFGOLD,EQ,212,161,75.94
20,1402,LICNETFGSC,EQ,5210,4433,85.09
20,1403,LICNETFN50,EQ,991,599,60.44
20,1404,LICNETFSEN,EQ,2,2,100.00
20,1405,LICNFNHGP,EQ,1701,1537,90.36
20,1406,LICNMID100,EQ,5941,1535,25.84
20,1407,LIKHITHA,EQ,63527,24169,38.05
20,1408,LINC,EQ,80617,44211,54.84
20,1409,LINCOLN,EQ,39304,17213,43.79
20,1410,LINDEINDIA,EQ,55342,32748,59.17
20,1411,LIQUID,EQ,132169,73938,55.94
20,1412,LIQUID1,EQ,138555,121471,87.67
20,1413,LIQUIDADD,EQ,366147,218966,59.80
20,1414,LIQUIDBEES,EQ,2863068,2108911,73.66
20,1415,LIQUIDBETF,EQ,309062,293798,95.06
20,1416,LIQUIDCASE,EQ,5453185,5183171,95.05
20,1417,LIQUIDETF,EQ,174112,118535,68.08
20,1418,LIQUIDIETF,EQ,399298,256511,64.24
20,1419,LIQUIDPLUS,EQ,5423,3423,63.12
20,1420,LIQUIDSBI,EQ,5383,4631,86.03
20,1421,LIQUIDSHRI,EQ,17899,9999,55.86
20,1422,LLOYDS,SM,6000,4000,66.67
20,1423,LLOYDSENGG,EQ,3782959,1185696,31.34
20,1424,LLOYDSENT,EQ,1986286,1026642,51.69
20,1425,LLOYDSME,EQ,508793,215795,42.41
20,1426,LMW,EQ,1805,1046,57.95
20,1427,LODHA,EQ,3165699,1915541,60.51
20,1428,LOKESHMACH,EQ,15438,10832,70.16
20,1429,LOTUSEYE,EQ,74646,28190,37.76
20,1430,LOVABLE,EQ,14460,6885,47.61
20,1431,LOWVOL,EQ,70732,70364,99.48
20,1432,LOWVOL1,EQ,53222,51101,96.01
20,1433,LOWVOLIETF,EQ,3563149,2300000,64.55
20,1434,LRRPL,ST,1500,1500,100.00
20,1435,LT,EQ,1155446,680328,58.88
20,1436,LTF,EQ,7978664,4216507,52.85
20,1437,LTFOODS,EQ,424506,170415,40.14
20,1438,LTGILTBEES,EQ,1117990,926942,82.91
20,1439,LTIM,EQ,315806,130769,41.41
20,1440,LTTS,EQ,220136,33582,15.26
20,1441,LUMAXIND,EQ,1390,829,59.64
20,1442,LUMAXTECH,EQ,112840,55976,49.61
20,1443,LUPIN,EQ,452989,177092,39.09
20,1444,LUXIND,EQ,50411,24097,47.80
20,1445,LXCHEM,EQ,878598,504028,57.37
20,1446,LYKALABS,EQ,51301,21775,42.45
20,1447,LYPSAGEMS,EQ,35458,21556,60.79
20,1448,MACOBSTECH,SM,42400,36000,84.91
20,1449,MACPOWER,EQ,7839,4992,63.68
20,1450,MADHAV,EQ,52971,10927,20.63
20,1451,MADHAVBAUG,SM,3200,2400,75.00
20,1452,MADHUCON,EQ,45960,28794,62.65
20,1453,MADHUSUDAN,SM,7000,5000,71.43
20,1454,MADRASFERT,EQ,101713,46736,45.95
20,1455,MAFANG,EQ,162094,153395,94.63
20,1456,MAGADSUGAR,EQ,8413,6042,71.82
20,1457,MAGNUM,EQ,53863,37005,68.70
20,1458,MAHABANK,EQ,42863151,7231553,16.87
20,1459,MAHAPEXLTD,EQ,16930,10651,62.91
20,1460,MAHEPC,EQ,64578,40549,62.79
20,1461,MAHESHWARI,EQ,36353,8612,23.69
20,1462,MAHICKRA,SM,55500,23250,41.89
20,1463,MAHKTECH,EQ,796556,651439,81.78
20,1464,MAHLIFE,EQ,176148,66018,37.48
20,1465,MAHLOG,EQ,44096,19848,45.01
20,1466,MAHSCOOTER,EQ,11506,2740,23.81
20,1467,MAHSEAMLES,EQ,178260,64487,36.18
20,1468,MAITHANALL,EQ,21256,11004,51.77
20,1469,MAITREYA,ST,2000,1600,80.00
20,1470,MAKEINDIA,EQ,19860,18626,93.79
20,1471,MAL,SM,80000,65600,82.00
20,1472,MALLCOM,EQ,1686,1043,61.86
20,1473,MALUPAPER,EQ,76000,16506,21.72
20,1474,MAMATA,EQ,4428743,679829,15.35
20,1475,MANAKALUCO,EQ,43529,31830,73.12
20,1476,MANAKSIA,EQ,56515,35473,62.77
20,1477,MANAKSTEEL,EQ,136019,36971,27.18
20,1478,MANALIPETC,EQ,281392,120466,42.81
20,1479,MANAPPURAM,EQ,11625648,4387403,37.74
20,1480,MANBA,EQ,110153,44980,40.83
20,1481,MANCREDIT,EQ,37062,14531,39.21
20,1482,MANDEEP,SM,2000,2000,100.00
20,1483,MANGALAM,EQ,17061,10091,59.15
20,1484,MANGCHEFER,EQ,242433,119550,49.31
20,1485,MANGLMCEM,EQ,100076,49945,49.91
20,1486,MANINDS,EQ,130744,71133,54.41
20,1487,MANINFRA,EQ,1128086,474698,42.08
20,1488,MANKIND,EQ,561374,329063,58.62
20,1489,MANOMAY,EQ,12783,4832,37.80
20,1490,MANORAMA,EQ,29886,21563,72.15
20,1491,MANORG,EQ,2803,1868,66.64
20,1492,MANUGRAPH,EQ,3442,2419,70.28
20,1493,MANYAVAR,EQ,529637,447968,84.58
20,1494,MAPMYINDIA,EQ,40117,20756,51.74
20,1495,MARALOVER,EQ,25886,12209,47.16
20,1496,MARATHON,EQ,77385,36558,47.24
20,1497,MARCO,SM,13500,10500,77.78
20,1498,MARICO,EQ,947122,485923,51.31
20,1499,MARINETRAN,ST,12000,8000,66.67
20,1500,MARKSANS,EQ,1220324,581388,47.64
20,1501,MARUTI,EQ,692822,348113,50.25
20,1502,MASFIN,EQ,731277,625278,85.50
20,1503,MASON,ST,3000,3000,100.00
20,1504,MASPTOP50,EQ,173418,119470,68.89
20,1505,MASTEK,EQ,57779,26721,46.25
20,1506,MASTERTR,EQ,21547,11528,53.50
20,1507,MATRIMONY,EQ,3705,2635,71.12
20,1508,MAWANASUG,EQ,32976,15496,46.99
20,1509,MAXESTATES,EQ,145176,75329,51.89
20,1510,MAXHEALTH,EQ,4749303,3595472,75.71
20,1511,MAXIND,EQ,17402,10637,61.13
20,1512,MAXPOSURE,SM,11000,9000,81.82
20,1513,MAYURUNIQ,EQ,24456,14419,58.96
20,1514,MAZDA,EQ,77293,9087,11.76
20,1515,MAZDOCK,EQ,3311823,418950,12.65
20,1516,MBAPL,EQ,441398,125193,28.36
20,1517,MBLINFRA,EQ,111433,50923,45.70
20,1518,MCX,EQ,550299,140931,25.61
20,1519,MDL,SM,25000,20000,80.00
20,1520,MEDANTA,EQ,308941,193724,62.71
20,1521,MEDIASSIST,EQ,263022,84747,32.22
20,1522,MEDICAMEQ,EQ,11891,6792,57.12
20,1523,MEDICO,EQ,486754,129642,26.63
20,1524,MEDIORG,ST,2000,2000,100.00
20,1525,MEDPLUS,EQ,163846,84031,51.29
20,1526,MEGAFLEX,SM,12000,12000,100.00
20,1527,MEGASTAR,EQ,17706,11767,66.46
20,1528,MEGATHERM,SM,22400,11200,50.00
20,1529,MENONBE,EQ,40624,32921,81.04
20,1530,METAL,EQ,59245,41991,70.88
20,1531,METALIETF,EQ,1847933,870398,47.10
20,1532,METROBRAND,EQ,47202,24306,51.49
20,1533,METROPOLIS,EQ,97851,49610,50.70
20,1534,MFSL,EQ,543843,365919,67.28
20,1535,MGEL,EQ,193277,122042,63.14
20,1536,MGL,EQ,561153,235114,41.90
20,1537,MHHL,SM,150000,96000,64.00
20,1538,MHRIL,EQ,114758,59207,51.59
20,1539,MICEL,EQ,177862,104365,58.68
20,1540,MICROPRO,SM,3200,3200,100.00
20,1541,MID150BEES,EQ,403128,241052,59.80
20,1542,MID150CASE,EQ,1153657,968167,83.92
20,1543,MIDCAP,EQ,16357,9760,59.67
20,1544,MIDCAPETF,EQ,766824,484979,63.25
20,1545,MIDCAPIETF,EQ,462450,191520,41.41
20,1546,MIDHANI,EQ,234626,80197,34.18
20,1547,MIDQ50ADD,EQ,1003,943,94.02
20,1548,MIDSELIETF,EQ,468875,287549,61.33
20,1549,MIDSMALL,EQ,314021,296460,94.41
20,1550,MIEL,ST,12000,12000,100.00
20,1551,MINDACORP,EQ,4388159,1246499,28.41
20,1552,MINDSPACE,RR,276421,267964,96.94
20,1553,MINDTECK,EQ,33211,16283,49.03
20,1554,MIRCELECTR,EQ,590805,360029,60.94
20,1555,MIRZAINT,EQ,80821,42628,52.74
20,1556,MITCON,EQ,5666,4586,80.94
20,1557,MITCONPP,E1,986,440,44.62
20,1558,MITTAL,EQ,2436124,1063282,43.65
20,1559,M&M,EQ,2440803,1285717,52.68
20,1560,M&MFIN,EQ,1353723,490177,36.21
20,1561,M&MFIN,N3,20,20,100.00
20,1562,MMFL,EQ,34844,20292,58.24
20,1563,MMP,EQ,15634,10470,66.97
20,1564,MMTC,EQ,1427192,360028,25.23
20,1565,MNC,EQ,16108,14920,92.62
20,1566,MOBIKWIK,EQ,28750850,3228379,11.23
20,1567,MODEFENCE,EQ,1218214,1136714,93.31
20,1568,MODIRUBBER,EQ,1689,1245,73.71
20,1569,MODISONLTD,EQ,13970,7439,53.25
20,1570,MOGSEC,EQ,184,161,87.50
20,1571,MOHEALTH,EQ,55464,42751,77.08
20,1572,MOIL,EQ,2131356,496235,23.28
20,1573,MOKSH,EQ,144171,102611,71.17
20,1574,MOL,EQ,593627,245133,41.29
20,1575,MOLDTECH,EQ,30144,15639,51.88
20,1576,MOLDTKPAC,EQ,127082,101419,79.81
20,1577,MOLOWVOL,EQ,1634,1309,80.11
20,1578,MOM100,EQ,360538,204305,56.67
20,1579,MOM30IETF,EQ,636407,389802,61.25
20,1580,MOM50,EQ,2458,1574,64.04
20,1581,MOMENTUM,EQ,83959,57577,68.58
20,1582,MOMENTUM50,EQ,235538,187058,79.42
20,1583,MOMOMENTUM,EQ,125918,74829,59.43
20,1584,MON100,EQ,904426,521346,57.64
20,1585,MONARCH,EQ,153745,45871,29.84
20,1586,MONIFTY500,EQ,166561,155285,93.23
20,1587,MONQ50,EQ,86427,57272,66.27
20,1588,MONTECARLO,EQ,19807,6777,34.22
20,1589,MOQUALITY,EQ,1122,785,69.96
20,1590,MOREALTY,EQ,123173,65982,53.57
20,1591,MOREPENLAB,EQ,4420476,1520096,34.39
20,1592,MOS,ST,28000,27200,97.14
20,1593,MOSMALL250,EQ,543948,318068,58.47
20,1594,MOTHERSON,EQ,9616261,4690088,48.77
20,1595,MOTILALOFS,EQ,2515769,858972,34.14
20,1596,MOTISONS,EQ,1240362,687693,55.44
20,1597,MOTOGENFIN,EQ,7379,4968,67.33
20,1598,MOVALUE,EQ,59562,29593,49.68
20,1599,MPHASIS,EQ,346009,216983,62.71
20,1600,MPSLTD,EQ,18368,9826,53.50
20,1601,MPTODAY,SM,2000,2000,100.00
20,1602,MRF,EQ,5385,1715,31.85
20,1603,MRO-TEK,EQ,28894,13466,46.60
20,1604,MRPL,EQ,3125849,523276,16.74
20,1605,MSPL,EQ,488174,252813,51.79
20,1606,MSTCLTD,EQ,119678,53070,44.34
20,1607,MSUMI,EQ,14301462,11669943,81.60
20,1608,MTARTECH,EQ,84103,41033,48.79
20,1609,MTNL,EQ,2640933,768441,29.10
20,1610,MUFIN,EQ,122578,50039,40.82
20,1611,MUFTI,EQ,144427,70793,49.02
20,1612,MUKANDLTD,EQ,138660,89938,64.86
20,1613,MUKKA,EQ,291173,133008,45.68
20,1614,MUKTAARTS,EQ,31439,18897,60.11
20,1615,MULTICAP,EQ,99760,88462,88.67
20,1616,MUNJALAU,EQ,117320,49916,42.55
20,1617,MUNJALSHOW,EQ,30525,15078,49.40
20,1618,MURUDCERA,EQ,37951,20009,52.72
20,1619,MUTHOOTCAP,EQ,16867,8077,47.89
20,1620,MUTHOOTFIN,EQ,325597,170234,52.28
20,1621,MUTHOOTMF,EQ,66535,30585,45.97
20,1622,MVGJL,EQ,418086,148947,35.63
20,1623,MVKAGRO,SM,38400,33600,87.50
20,1624,MWL,SM,15600,10800,69.23
20,1625,MYMUDRA,SM,27600,19200,69.57
20,1626,NACLIND,EQ,145049,57125,39.38
20,1627,NAGAFERT,EQ,500073,271810,54.35
20,1628,NAHARCAP,EQ,4874,1837,37.69
20,1629,NAHARINDUS,EQ,19899,11337,56.97
20,1630,NAHARPOLY,EQ,12634,8874,70.24
20,1631,NAHARSPING,EQ,34146,12811,37.52
20,1632,NAMAN,ST,2400,2400,100.00
20,1633,NAM-INDIA,EQ,1434233,762089,53.14
20,1634,NAMOEWASTE,ST,27200,20800,76.47
20,1635,NARMADA,EQ,129019,79111,61.32
20,1636,NATCOPHARM,EQ,399617,216383,54.15
20,1637,NATHBIOGEN,EQ,22703,9333,41.11
20,1638,NATIONALUM,EQ,10199198,3771043,36.97
20,1639,NAUKRI,EQ,450827,280346,62.18
20,1640,NAVA,EQ,143703,65348,45.47
20,1641,NAVINFLUOR,EQ,250630,79788,31.83
20,1642,NAVKARCORP,EQ,2475576,957879,38.69
20,1643,NAVNETEDUL,EQ,81239,44497,54.77
20,1644,NAZARA,EQ,382051,130714,34.21
20,1645,NBCC,EQ,10993490,2768414,25.18
20,1646,NCC,EQ,3187929,1400558,43.93
20,1647,NCLIND,EQ,50784,29045,57.19
20,1648,NDL,EQ,1039669,700068,67.34
20,1649,NDLVENTURE,EQ,6993,4443,63.53
20,1650,NDRAUTO,EQ,20069,9239,46.04
20,1651,NDTV,EQ,207269,50502,24.37
20,1652,NECCLTD,EQ,435408,80697,18.53
20,1653,NELCAST,EQ,41627,17732,42.60
20,1654,NELCO,EQ,183682,40514,22.06
20,1655,NEOGEN,EQ,23072,8283,35.90
20,1656,NEPHROCARE,SM,42800,32400,75.70
20,1657,NESCO,EQ,144387,26126,18.09
20,1658,NESTLEIND,EQ,723625,380153,52.53
20,1659,NETF,EQ,1797,1398,77.80
20,1660,NETWEB,EQ,188968,102244,54.11
20,1661,NETWORK18,EQ,13348897,5381062,40.31
20,1662,NEULANDLAB,EQ,40224,30507,75.84
20,1663,NEWGEN,EQ,1497621,202376,13.51
20,1664,NEWJAISA,SM,55500,46500,83.78
20,1665,NEXT50,EQ,7345,5779,78.68
20,1666,NEXT50IETF,EQ,582397,256673,44.07
20,1667,NFL,EQ,1727216,477112,27.62
20,1668,NGIL,EQ,87433,4384,5.01
20,1669,NGLFINE,EQ,3303,1480,44.81
20,1670,NH,EQ,121005,62672,51.79
20,1671,NHPC,EQ,13272868,3768228,28.39
20,1672,NIACL,EQ,1356492,196790,14.51
20,1673,NIDAN,SM,3000,2000,66.67
20,1674,NIDOZC26,N7,47,47,100.00
20,1675,NIF100BEES,EQ,19918,8845,44.41
20,1676,NIF100IETF,EQ,79208,41596,52.51
20,1677,NIF10GETF,EQ,73,37,50.68
20,1678,NIF5GETF,EQ,1219,765,62.76
20,1679,NIFITETF,EQ,320,319,99.69
20,1680,NIFMID150,EQ,831,653,78.58
20,1681,NIFTY1,EQ,137107,126976,92.61
20,1682,NIFTY50ADD,EQ,17391,7826,45.00
20,1683,NIFTYBEES,EQ,3630304,2382378,65.62
20,1684,NIFTYBETF,EQ,1232,1027,83.36
20,1685,NIFTYETF,EQ,54269,47261,87.09
20,1686,NIFTYIETF,EQ,460571,321871,69.89
20,1687,NIFTYQLITY,EQ,20931,17278,82.55
20,1688,NIITLTD,EQ,974776,369522,37.91
20,1689,NIITMTS,EQ,94595,76566,80.94
20,1690,NILAINFRA,EQ,694594,248712,35.81
20,1691,NILKAMAL,EQ,1060,597,56.32
20,1692,NINSYS,EQ,5300,2664,50.26
20,1693,NIPPOBATRY,EQ,5068,3312,65.35
20,1694,NIRMAN,SM,24300,14100,58.02
20,1695,NITINSPIN,EQ,128505,59808,46.54
20,1696,NITIRAJ,EQ,3620,1440,39.78
20,1697,NIVABUPA,EQ,730541,300595,41.15
20,1698,NLCINDIA,EQ,636706,197177,30.97
20,1699,NMDC,EQ,22377655,8441031,37.72
20,1700,NMSTEEL,SM,64000,43200,67.50
20,1701,NOCIL,EQ,652387,459355,70.41
20,1702,NORTHARC,EQ,130402,57731,44.27
20,1703,NOVAAGRI,EQ,579227,199776,34.49
20,1704,NPBET,EQ,1261,1115,88.42
20,1705,NPST,SM,21350,14200,66.51
20,1706,NRAIL,EQ,8367,6687,79.92
20,1707,NRBBEARING,EQ,66771,29592,44.32
20,1708,NSIL,EQ,15702,9268,59.02
20,1709,NSLNISP,EQ,2301059,910989,39.59
20,1710,NTPC,EQ,21894626,10452362,47.74
20,1711,NTPCGREEN,EQ,17247764,3734245,21.65
20,1712,NUCLEUS,EQ,14394,7313,50.81
20,1713,NURECA,EQ,892139,232675,26.08
20,1714,NUVAMA,EQ,117440,49343,42.02
20,1715,NUVOCO,EQ,168228,75067,44.62
20,1716,NV20,EQ,10631,7113,66.91
20,1717,NV20BEES,EQ,9090,6531,71.85
20,1718,NV20IETF,EQ,552140,320426,58.03
20,1719,NXST,RR,468117,407697,87.09
20,1720,NYKAA,EQ,7801286,3163984,40.56
20,1721,OAL,EQ,15782,6136,38.88
20,1722,OBCL,EQ,3653,1991,54.50
20,1723,OBEROIRLTY,EQ,804805,393423,48.88
20,1724,OBSCP,ST,3600,3600,100.00
20,1725,OCCL,EQ,12401,7511,60.57
20,1726,OCCLLTD,EQ,183942,115824,62.97
20,1727,OFSS,EQ,186595,60276,32.30
20,1728,OIL,EQ,1858906,470920,25.33
20,1729,OILIETF,EQ,705660,433581,61.44
20,1730,OLAELEC,EQ,28969720,4184419,14.44
20,1731,OLECTRA,EQ,1029364,217267,21.11
20,1732,OLIL,SM,22800,21600,94.74
20,1733,OMAXAUTO,EQ,240948,44283,18.38
20,1734,OMAXE,EQ,136682,87269,63.85
20,1735,OMFURN,ST,38400,36000,93.75
20,1736,OMINFRAL,EQ,175137,136426,77.90
20,1737,ONDOOR,ST,2100,2100,100.00
20,1738,ONELIFECAP,EQ,8967,6492,72.40
20,1739,ONEPOINT,EQ,1997338,617606,30.92
20,1740,ONGC,EQ,9344731,2427653,25.98
20,1741,ONMOBILE,EQ,359438,126579,35.22
20,1742,ONWARDTEC,EQ,29946,18315,61.16
20,1743,ONYX,ST,20000,20000,100.00
20,1744,OPTIEMUS,EQ,162951,80209,49.22
20,1745,ORCHPHARMA,EQ,114385,41970,36.69
20,1746,ORIANA,SM,55725,38475,69.04
20,1747,ORICONENT,EQ,311212,171896,55.23
20,1748,ORIENTALTL,EQ,355607,195617,55.01
20,1749,ORIENTBELL,EQ,3110,1643,52.83
20,1750,ORIENTCEM,EQ,248884,184771,74.24
20,1751,ORIENTCER,EQ,25294,12875,50.90
20,1752,ORIENTELEC,EQ,152217,90128,59.21
20,1753,ORIENTHOT,EQ,716297,109486,15.29
20,1754,ORIENTPPR,EQ,977675,461106,47.16
20,1755,ORIENTTECH,EQ,1123162,407387,36.27
20,1756,ORISSAMINE,EQ,6104,2670,43.74
20,1757,ORTINGLOBE,EQ,12565,7628,60.71
20,1758,OSELDEVICE,ST,21600,21600,100.00
20,1759,OSWALAGRO,EQ,10014,6342,63.33
20,1760,OSWALGREEN,EQ,388586,66615,17.14
20,1761,OWAIS,SM,7500,5300,70.67
20,1762,PAGEIND,EQ,25116,10850,43.20
20,1763,PAISALO,EQ,1243520,428471,34.46
20,1764,PAKKA,EQ,98127,46490,47.38
20,1765,PALASHSECU,EQ,7971,4018,50.41
20,1766,PANACEABIO,EQ,69334,36587,52.77
20,1767,PANAMAPET,EQ,32139,22296,69.37
20,1768,PANSARI,EQ,531,412,77.59
20,1769,PAR,EQ,51523,43285,84.01
20,1770,PARACABLES,EQ,1015060,267282,26.33
20,1771,PARADEEP,EQ,4799790,1622039,33.79
20,1772,PARAGMILK,EQ,301424,118863,39.43
20,1773,PARAGON,ST,18000,15600,86.67
20,1774,PARAMATRIX,SM,3600,3600,100.00
20,1775,PARAS,EQ,67974,24690,36.32
20,1776,PARASPETRO,EQ,290467,207452,71.42
20,1777,PARKHOTELS,EQ,595571,337944,56.74
20,1778,PARTYCRUS,SM,13000,12000,92.31
20,1779,PASHUPATI,ST,3200,3200,100.00
20,1780,PATANJALI,EQ,488813,202640,41.46
20,1781,PATELENG,EQ,2170812,941642,43.38
20,1782,PATINTLOG,EQ,188035,127508,67.81
20,1783,PAYTM,EQ,11282308,3057278,27.10
20,1784,PCBL,EQ,2430193,798265,32.85
20,1785,PCCL,SM,22400,14000,62.50
20,1786,PCJEWELLER,EQ,7674958,3620525,47.17
20,1787,PDMJEPAPER,EQ,466401,238695,51.18
20,1788,PDSL,EQ,86595,30476,35.19
20,1789,PEARLPOLY,EQ,89682,15759,17.57
20,1790,PEL,EQ,371244,87757,23.64
20,1791,PELATRO,ST,9600,9000,93.75
20,1792,PENIND,EQ,627402,220816,35.20
20,1793,PENINLAND,EQ,833118,430844,51.71
20,1794,PENTAGON,SM,24000,15000,62.50
20,1795,PERFECT,ST,18000,18000,100.00
20,1796,PERSISTENT,EQ,1295234,771302,59.55
20,1797,PETRONET,EQ,1533867,884698,57.68
20,1798,PFC,EQ,11942821,4986439,41.75
20,1799,PFIZER,EQ,47397,37723,79.59
20,1800,PFOCUS,EQ,33583,24756,73.72
20,1801,PFS,EQ,638903,212584,33.27
20,1802,PGEL,EQ,1429705,451812,31.60
20,1803,PGHH,EQ,18578,17034,91.69
20,1804,PGHL,EQ,10811,5572,51.54
20,1805,PGIL,EQ,218464,86789,39.73
20,1806,PGINVIT,IV,1670692,1513924,90.62
20,1807,PHANTOMFX,ST,14100,13500,95.74
20,1808,PHARMABEES,EQ,2492898,1422245,57.05
20,1809,PHOENIXLTD,EQ,2424982,1523573,62.83
20,1810,PHOGLOBAL,ST,18000,18000,100.00
20,1811,PIDILITIND,EQ,264935,144259,54.45
20,1812,PIIND,EQ,191829,125716,65.54
20,1813,PILANIINVS,EQ,8336,4712,56.53
20,1814,PILITA,EQ,132412,116405,87.91
20,1815,PITTIENG,EQ,33662,13159,39.09
20,1816,PIXTRANS,EQ,23160,14578,62.94
20,1817,PLASTIBLEN,EQ,16535,10395,62.87
20,1818,PLATIND,EQ,168086,70620,42.01
20,1819,PLAZACABLE,EQ,24450,11610,47.48
20,1820,PNB,EQ,22113146,6282066,28.41
20,1821,PNBGILTS,EQ,534335,234431,43.87
20,1822,PNBHOUSING,EQ,412015,150347,36.49
20,1823,PNC,EQ,52606,15169,28.84
20,1824,PNCINFRA,EQ,1010105,502485,49.75
20,1825,PNGJL,EQ,365734,140794,38.50
20,1826,POCL,EQ,124024,97329,78.48
20,1827,PODDARMENT,EQ,2650,2144,80.91
20,1828,POKARNA,EQ,42630,21532,50.51
20,1829,POLICYBZR,EQ,1991197,1309731,65.78
20,1830,POLYCAB,EQ,325741,153495,47.12
20,1831,POLYMED,EQ,253993,189092,74.45
20,1832,POLYPLEX,EQ,77839,43697,56.14
20,1833,POLYSIL,SM,4000,2000,50.00
20,1834,PONNIERODE,EQ,10200,5245,51.42
20,1835,POONAWALLA,EQ,889244,401333,45.13
20,1836,POSITRON,ST,8700,8100,93.10
20,1837,POWERGRID,EQ,12198882,5708127,46.79
20,1838,POWERINDIA,EQ,78121,28605,36.62
20,1839,POWERMECH,EQ,52061,19675,37.79
20,1840,PPAP,EQ,6766,3000,44.34
20,1841,PPL,EQ,67826,29160,42.99
20,1842,PPLPHARMA,EQ,2351991,649857,27.63
20,1843,PPSL,SM,78000,72000,92.31
20,1844,PRAENG,EQ,31646,17403,54.99
20,1845,PRAJIND,EQ,1007433,240640,23.89
20,1846,PRAKASH,EQ,3137287,1256213,40.04
20,1847,PRAKASHSTL,EQ,222968,140197,62.88
20,1848,PRAMARA,SM,4000,4000,100.00
20,1849,PRANIK,SM,17600,16000,90.91
20,1850,PRATHAM,ST,8800,6800,77.27
20,1851,PRECAM,EQ,224932,56243,25.00
20,1852,PRECISION,ST,6000,6000,100.00
20,1853,PRECWIRE,EQ,264246,128763,48.73
20,1854,PREMEXPLN,EQ,52514,19986,38.06
20,1855,PREMIERENE,EQ,2772232,475026,17.14
20,1856,PREMIUM,SM,51000,51000,100.00
20,1857,PRESSTONIC,ST,3200,3200,100.00
20,1858,PRESTIGE,EQ,423470,200322,47.30
20,1859,PRICOLLTD,EQ,298043,137045,45.98
20,1860,PRIMESECU,EQ,36721,18784,51.15
20,1861,PRINCEPIPE,EQ,89585,37111,41.43
20,1862,PRITI,EQ,18167,7941,43.71
20,1863,PRITIKA,ST,5000,5000,100.00
20,1864,PRITIKAUTO,EQ,239061,120573,50.44
20,1865,PRIVISCL,EQ,12980,6675,51.43
20,1866,PRIZOR,ST,8000,8000,100.00
20,1867,PRLIND,SM,66000,38000,57.58
20,1868,PROLIFE,SM,1500,1500,100.00
20,1869,PROPEQUITY,SM,3600,2400,66.67
20,1870,PROV,SM,80,80,100.00
20,1871,PRSMJOHNSN,EQ,642318,208981,32.54
20,1872,PRUDENT,EQ,27478,15676,57.05
20,1873,PSB,EQ,2145748,628507,29.29
20,1874,PSFL,SM,12000,8000,66.67
20,1875,PSPPROJECT,EQ,67165,35418,52.73
20,1876,PSUBANK,EQ,40722,35151,86.32
20,1877,PSUBANKADD,EQ,10653,6899,64.76
20,1878,PSUBNKBEES,EQ,2605165,2074536,79.63
20,1879,PSUBNKIETF,EQ,163807,56294,34.37
20,1880,PTC,EQ,1743671,767126,43.99
20,1881,PTCIL,EQ,8596,6289,73.16
20,1882,PTL,EQ,30945,20343,65.74
20,1883,PULZ,ST,6000,6000,100.00
20,1884,PUNJABCHEM,EQ,3128,1635,52.27
20,1885,PURPLEUTED,SM,268000,234000,87.31
20,1886,PURVA,EQ,51278,18910,36.88
20,1887,PURVFLEXI,SM,6400,5600,87.50
20,1888,PVP,EQ,180297,106803,59.24
20,1889,PVRINOX,EQ,691164,276851,40.06
20,1890,PVSL,EQ,55488,35091,63.24
20,1891,PVTBANIETF,EQ,960197,668669,69.64
20,1892,PVTBANKADD,EQ,56850,39855,70.11
20,1893,PYRAMID,EQ,28796,17175,59.64
20,1894,QGOLDHALF,EQ,319283,306241,95.92
20,1895,QMSMEDI,SM,13000,11000,84.62
20,1896,QNIFTY,EQ,263,178,67.68
20,1897,QUADFUTURE,EQ,15708737,1796907,11.44
20,1898,QUADPRO,SM,24000,24000,100.00
20,1899,QUAL30IETF,EQ,29926,17394,58.12
20,1900,QUESS,EQ,202719,77242,38.10
20,1901,QUESTLAB,ST,21600,19200,88.89
20,1902,QUICKHEAL,EQ,74519,33241,44.61
20,1903,QUICKTOUCH,ST,8000,6000,75.00
20,1904,QVCEL,ST,17600,17600,100.00
20,1905,RACE,EQ,7911,6278,79.36
20,1906,RACLGEAR,EQ,1499,850,56.70
20,1907,RADHIKAJWE,EQ,178470,117301,65.73
20,1908,RADIANTCMS,EQ,69173,29971,43.33
20,1909,RADICO,EQ,246212,125705,51.06
20,1910,RADIOCITY,EQ,127628,93111,72.95
20,1911,RADIOCITY,P1,2517,2517,100.00
20,1912,RADIOWALLA,SM,16000,11200,70.00
20,1913,RAILTEL,EQ,1513860,456637,30.16
20,1914,RAIN,EQ,915555,386095,42.17
20,1915,RAINBOW,EQ,62872,39479,62.79
20,1916,RAJESHEXPO,EQ,305147,125569,41.15
20,1917,RAJINDLTD,SM,6000,6000,100.00
20,1918,RAJMET,EQ,484817,251388,51.85
20,1919,RAJPUTANA,SM,25000,18000,72.00
20,1920,RAJRATAN,EQ,22385,14348,64.10
20,1921,RAJSREESUG,EQ,37007,18450,49.86
20,1922,RALLIS,EQ,669527,586676,87.63
20,1923,RAMANEWS,EQ,50716,29868,58.89
20,1924,RAMAPHO,EQ,35458,16730,47.18
20,1925,RAMASTEEL,EQ,14818086,3041458,20.53
20,1926,RAMCOCEM,EQ,140795,64689,45.95
20,1927,RAMCOIND,EQ,58571,29384,50.17
20,1928,RAMCOSYS,EQ,38907,23014,59.15
20,1929,RAMKY,EQ,35413,21540,60.83
20,1930,RAMRAT,EQ,7378,4252,57.63
20,1931,RANASUG,EQ,174629,85385,48.90
20,1932,RANEENGINE,EQ,3646,2380,65.28
20,1933,RANEHOLDIN,EQ,10628,5277,49.65
20,1934,RAPPID,ST,13200,13200,100.00
20,1935,RATEGAIN,EQ,132227,65789,49.75
20,1936,RATNAMANI,EQ,52988,45427,85.73
20,1937,RATNAVEER,EQ,149292,85236,57.09
20,1938,RAYMOND,EQ,2984003,144435,4.84
20,1939,RAYMONDLSL,EQ,66196,26916,40.66
20,1940,RBA,EQ,1268556,610709,48.14
20,1941,RBL,EQ,3673,2687,73.16
20,1942,RBLBANK,EQ,5684114,1737916,30.57
20,1943,RBMINFRA,SM,19200,10600,55.21
20,1944,RBS,ST,8000,8000,100.00
20,1945,RBZJEWEL,EQ,231180,112161,48.52
20,1946,RCDL,SM,18000,18000,100.00
20,1947,RCF,EQ,1827827,488665,26.73
20,1948,RECLTD,EQ,7700238,3202908,41.59
20,1949,REDINGTON,EQ,2772982,1074813,38.76
20,1950,REDTAPE,EQ,36345,16207,44.59
20,1951,REFEX,EQ,87088,46031,52.86
20,1952,REFRACTORY,ST,15000,15000,100.00
20,1953,RELAXO,EQ,56128,28277,50.38
20,1954,RELCHEMQ,EQ,3135,1923,61.34
20,1955,RELIABLE,EQ,13954,8025,57.51
20,1956,RELIANCE,EQ,9578856,6244396,65.19
20,1957,RELIGARE,EQ,1768875,1179331,66.67
20,1958,RELINFRA,EQ,3716226,2483019,66.82
20,1959,RELTD,EQ,57251,40966,71.56
20,1960,REMSONSIND,EQ,92190,66422,72.05
20,1961,REMUS,SM,1150,700,60.87
20,1962,RENUKA,EQ,5198753,1788319,34.40
20,1963,REPCOHOME,EQ,34592,16557,47.86
20,1964,REPRO,EQ,5779,3238,56.03
20,1965,RESPONIND,EQ,48571,19926,41.02
20,1966,RETAIL,EQ,5454,3945,72.33
20,1967,REXPIPES,SM,8000,8000,100.00
20,1968,RGL,EQ,1043552,433043,41.50
20,1969,RHIM,EQ,50185,19445,38.75
20,1970,RICOAUTO,EQ,280038,117001,41.78
20,1971,RIIL,EQ,179924,33313,18.52
20,1972,RILINFRA,SM,17700,16400,92.66
20,1973,RISHABH,EQ,39808,28810,72.37
20,1974,RITCO,EQ,43506,19298,44.36
20,1975,RITES,EQ,1008010,290565,28.83
20,1976,RKEC,EQ,33510,13229,39.48
20,1977,RKFORGE,EQ,863318,302275,35.01
20,1978,RKSWAMY,EQ,45401,22371,49.27
20,1979,RMDRIP,ST,1000,500,50.00
20,1980,RML,EQ,8295,5901,71.14
20,1981,RNFI,ST,124800,99600,79.81
20,1982,ROCKINGDCE,SM,17750,13500,76.06
20,1983,ROHLTD,EQ,135096,37277,27.59
20,1984,ROLEXRINGS,EQ,4159,2034,48.91
20,1985,ROML,EQ,12445,6699,53.83
20,1986,ROSSARI,EQ,52854,15102,28.57
20,1987,ROSSTECH,EQ,15424,8347,54.12
20,1988,ROTO,EQ,84872,37323,43.98
20,1989,ROUTE,EQ,40842,20018,49.01
20,1990,ROXHITECH,SM,94400,72000,76.27
20,1991,RPEL,EQ,18227,8792,48.24
20,1992,RPGLIFE,EQ,6143,3114,50.69
20,1993,RPOWER,EQ,19717894,9536957,48.37
20,1994,RPPL,EQ,127788,86261,67.50
20,1995,RPSGVENT,EQ,33713,16733,49.63
20,1996,RPTECH,EQ,167954,68011,40.49
20,1997,RRKABEL,EQ,81768,61153,74.79
20,1998,RSWM,EQ,34158,16746,49.03
20,1999,RSYSTEMS,EQ,110665,79744,72.06
20,2000,RTNINDIA,EQ,1469388,487509,33.18
20,2001,RTNPOWER,EQ,11054270,4615119,41.75
20,2002,RUBFILA,EQ,171809,87018,50.65
20,2003,RUBYMILLS,EQ,24597,12094,49.17
20,2004,RUCHINFRA,EQ,297523,163635,55.00
20,2005,RUCHIRA,EQ,26125,11519,44.09
20,2006,RULKA,SM,9900,6900,69.70
20,2007,RUPA,EQ,94626,38165,40.33
20,2008,RUSHIL,EQ,407989,176212,43.19
20,2009,RUSTOMJEE,EQ,11293,5289,46.83
20,2010,RVNL,EQ,3567908,1152204,32.29
20,2011,SAAKSHI,SM,10800,6000,55.56
20,2012,SABAR,ST,20000,20000,100.00
20,2013,SABTNL,EQ,968,968,100.00
20,2014,SADBHAV,EQ,1012728,625147,61.73
20,2015,SADBHIN,EQ,209489,132374,63.19
20,2016,SADHAV,SM,7200,6000,83.33
20,2017,SADHNANIQ,EQ,309690,157365,50.81
20,2018,SAFARI,EQ,20943,11041,52.72
20,2019,SAGARDEEP,EQ,132972,102871,77.36
20,2020,SAGCEM,EQ,30082,15358,51.05
20,2021,SAHAJSOLAR,SM,8000,5200,65.00
20,2022,SAHANA,ST,15375,15000,97.56
20,2023,SAHASRA,SM,50000,36000,72.00
20,2024,SAHYADRI,EQ,5090,3527,69.29
20,2025,SAIFL,SM,800,800,100.00
20,2026,SAIL,EQ,10322196,2511855,24.33
20,2027,SAILIFE,EQ,1193889,662651,55.50
20,2028,SAJHOTELS,SM,1106000,658000,59.49
20,2029,SAKAR,EQ,10979,6748,61.46
20,2030,SAKHTISUG,EQ,144264,63597,44.08
20,2031,SAKSOFT,EQ,139830,73266,52.40
20,2032,SALASAR,EQ,7677634,2183701,28.44
20,2033,SALONA,EQ,557,288,51.71
20,2034,SALSTEEL,EQ,199110,59165,29.71
20,2035,SALZERELEC,EQ,58652,24354,41.52
20,2036,SAMHI,EQ,1046581,560248,53.53
20,2037,SAMMAANCAP,EQ,3448244,1683240,48.81
20,2038,SANATHAN,EQ,433749,212471,48.98
20,2039,SANDESH,EQ,546,263,48.17
20,2040,SANDHAR,EQ,64377,34763,54.00
20,2041,SANDUMA,EQ,68034,31418,46.18
20,2042,SANGAMIND,EQ,188587,58985,31.28
20,2043,SANGANI,ST,6000,6000,100.00
20,2044,SANGHIIND,EQ,715804,369939,51.68
20,2045,SANGHVIMOV,EQ,195795,92003,46.99
20,2046,SANGINITA,EQ,41270,20910,50.67
20,2047,SANOFI,EQ,16234,9522,58.65
20,2048,SANOFICONR,EQ,8011,5509,68.77
20,2049,SANSERA,EQ,106823,59559,55.75
20,2050,SANSTAR,EQ,310292,115388,37.19
20,2051,SAPPHIRE,EQ,500476,170478,34.06
20,2052,SARDAEN,EQ,457037,208424,45.60
20,2053,SAREGAMA,EQ,1039670,231307,22.25
20,2054,SARTELE,SM,63500,52000,81.89
20,2055,SARVESHWAR,EQ,3203462,1407821,43.95
20,2056,SASKEN,EQ,5658,2759,48.76
20,2057,SASTASUNDR,EQ,21483,12799,59.58
20,2058,SATECH,ST,36000,35000,97.22
20,2059,SATIA,EQ,260089,133110,51.18
20,2060,SATIN,EQ,287079,149142,51.95
20,2061,SATINDLTD,EQ,157776,60586,38.40
20,2062,SATIPOLY,SM,2000,2000,100.00
20,2063,SAURASHCEM,EQ,45122,21109,46.78
20,2064,SBC,EQ,2834000,1464880,51.69
20,2065,SBCL,EQ,115463,53301,46.16
20,2066,SBFC,EQ,1602141,761305,47.52
20,2067,SBGLP,EQ,238822,81143,33.98
20,2068,SBICARD,EQ,1026479,426735,41.57
20,2069,SBIETFCON,EQ,2154,1661,77.11
20,2070,SBIETFIT,EQ,2095,1105,52.74
20,2071,SBIETFPB,EQ,5125,3166,61.78
20,2072,SBIETFQLTY,EQ,2860,2159,75.49
20,2073,SBILIFE,EQ,1433596,1022222,71.30
20,2074,SBIN,EQ,7792299,3640939,46.72
20,2075,SBINEQWETF,EQ,21198,15631,73.74
20,2076,SBISILVER,EQ,16992,9892,58.22
20,2077,SCHAEFFLER,EQ,54665,44285,81.01
20,2078,SCHAND,EQ,28150,13785,48.97
20,2079,SCHNEIDER,EQ,96392,39381,40.86
20,2080,SCI,EQ,952632,342771,35.98
20,2081,SCILAL,EQ,498980,247949,49.69
20,2082,SCML,SM,1000,1000,100.00
20,2083,SCPL,EQ,5142,3917,76.18
20,2084,SDBL,EQ,399852,185276,46.34
20,2085,SDL26BEES,EQ,5521,3564,64.55
20,2086,SDREAMS,SM,12000,7000,58.33
20,2087,SEAMECLTD,EQ,6809,2955,43.40
20,2088,SECL,ST,18750,18750,100.00
20,2089,SECMARK,EQ,974,441,45.28
20,2090,SECURKLOUD,EQ,7016,3908,55.70
20,2091,SEL,ST,1800,1200,66.67
20,2092,SELAN,EQ,20203,10917,54.04
20,2093,SELMC,EQ,38950,34920,89.65
20,2094,SENCO,EQ,337741,150828,44.66
20,2095,SENORES,EQ,759109,225134,29.66
20,2096,SENSEXADD,EQ,410,408,99.51
20,2097,SENSEXETF,EQ,4025,2269,56.37
20,2098,SENSEXIETF,EQ,6346,2160,34.04
20,2099,SEPC,EQ,5428883,2117485,39.00
20,2100,SEQUENT,EQ,388317,204840,52.75
20,2101,SERVOTECH,EQ,492866,208187,42.24
20,2102,SESHAPAPER,EQ,24516,15523,63.32
20,2103,SETF10GILT,EQ,14015,12258,87.46
20,2104,SETFGOLD,EQ,1797882,1413247,78.61
20,2105,SETFNIF50,EQ,541304,362325,66.94
20,2106,SETFNIFBK,EQ,14594,5511,37.76
20,2107,SETFNN50,EQ,40695,34297,84.28
20,2108,SFL,EQ,90683,46102,50.84
20,2109,SFLZC26A,ZC,44,22,50.00
20,2110,SFML,SM,44800,28800,64.29
20,2111,SGBAPR28I,GB,243,168,69.14
20,2112,SGBAUG27,GB,16,10,62.50
20,2113,SGBAUG28V,GB,242,185,76.45
20,2114,SGBAUG29V,GB,75,52,69.33
20,2115,SGBAUG30,GB,144,110,76.39
20,2116,SGBD29VIII,GB,44,41,93.18
20,2117,SGBDC27VII,GB,56,43,76.79
20,2118,SGBDE30III,GB,76,46,60.53
20,2119,SGBDE31III,GB,900,673,74.78
20,2120,SGBDEC25XI,GB,1,1,100.00
20,2121,SGBDEC26,GB,9,9,100.00
20,2122,SGBFEB29XI,GB,76,63,82.89
20,2123,SGBFEB32IV,GB,752,580,77.13
20,2124,SGBJ28VIII,GB,8,8,100.00
20,2125,SGBJAN26,GB,1,1,100.00
20,2126,SGBJAN29IX,GB,277,219,79.06
20,2127,SGBJAN29X,GB,41,35,85.37
20,2128,SGBJAN30IX,GB,126,123,97.62
20,2129,SGBJU29III,GB,54,51,94.44
20,2130,SGBJUL25,GB,38,37,97.37
20,2131,SGBJUL27,GB,19,15,78.95
20,2132,SGBJUL28IV,GB,371,344,92.72
20,2133,SGBJUL29IV,GB,299,284,94.98
20,2134,SGBJUN27,GB,101,101,100.00
20,2135,SGBJUN28,GB,213,161,75.59
20,2136,SGBJUN29II,GB,39,23,58.97
20,2137,SGBJUN30,GB,178,107,60.11
20,2138,SGBJUN31I,GB,316,260,82.28
20,2139,SGBMAR25,GB,26,22,84.62
20,2140,SGBMAR30X,GB,75,69,92.00
20,2141,SGBMAR31IV,GB,198,152,76.77
20,2142,SGBMAY25,GB,64,52,81.25
20,2143,SGBMAY28,GB,406,322,79.31
20,2144,SGBMAY29I,GB,672,531,79.02
20,2145,SGBMR29XII,GB,142,64,45.07
20,2146,SGBN28VIII,GB,418,316,75.60
20,2147,SGBNOV25IX,GB,4,4,100.00
20,2148,SGBNOV26,GB,20,20,100.00
20,2149,SGBNV29VII,GB,89,63,70.79
20,2150,SGBOC28VII,GB,26,26,100.00
20,2151,SGBOCT25,GB,5,5,100.00
20,2152,SGBOCT27,GB,30,30,100.00
20,2153,SGBOCT27VI,GB,33,33,100.00
20,2154,SGBSEP27,GB,9,9,100.00
20,2155,SGBSEP28VI,GB,118,111,94.07
20,2156,SGBSEP29VI,GB,87,78,89.66
20,2157,SGBSEP31II,GB,627,426,67.94
20,2158,SGL,EQ,18469,11559,62.59
20,2159,SGLTL,EQ,40725167,6323742,15.53
20,2160,SHAH,EQ,1091555,650344,59.58
20,2161,SHAKTIPUMP,EQ,1082481,560480,51.78
20,2162,SHALBY,EQ,48803,20578,42.17
20,2163,SHALPAINTS,EQ,157896,55503,35.15
20,2164,SHANKARA,EQ,36807,14926,40.55
20,2165,SHANTI,EQ,374276,93134,24.88
20,2166,SHANTIGEAR,EQ,11184,5756,51.47
20,2167,SHARDACROP,EQ,91146,34678,38.05
20,2168,SHARDAMOTR,EQ,8967,3870,43.16
20,2169,SHAREINDIA,EQ,573779,207505,36.16
20,2170,SHARIABEES,EQ,3107,1836,59.09
20,2171,SHEETAL,SM,40000,30000,75.00
20,2172,SHEMAROO,EQ,15975,9771,61.16
20,2173,SHERA,SM,28000,19000,67.86
20,2174,SHIGAN,SM,16500,12000,72.73
20,2175,SHILPAMED,EQ,160333,73467,45.82
20,2176,SHIVALIK,EQ,35530,17378,48.91
20,2177,SHIVAMAUTO,EQ,231402,117536,50.79
20,2178,SHIVAMILLS,EQ,21033,6094,28.97
20,2179,SHIVATEX,EQ,11484,2946,25.65
20,2180,SHIVAUM,ST,150000,150000,100.00
20,2181,SHK,EQ,191956,96093,50.06
20,2182,SHOPERSTOP,EQ,3364909,421676,12.53
20,2183,SHREDIGCEM,EQ,312858,206595,66.03
20,2184,SHREECEM,EQ,35010,26480,75.64
20,2185,SHREEKARNI,SM,26100,19350,74.14
20,2186,SHREEOSFM,SM,3000,2000,66.67
20,2187,SHREEPUSHK,EQ,75951,34012,44.78
20,2188,SHRENIK,EQ,864758,611006,70.66
20,2189,SHREYANIND,EQ,5441,3813,70.08
20,2190,SHRIPISTON,EQ,19703,10200,51.77
20,2191,SHRIRAMFIN,EQ,4072535,2038081,50.04
20,2192,SHRIRAMPPS,EQ,577173,289632,50.18
20,2193,SHRITECH,SM,30000,22000,73.33
20,2194,SHUBHLAXMI,ST,3000,3000,100.00
20,2195,SHUBHSHREE,ST,4800,4800,100.00
20,2196,SHYAMCENT,EQ,158329,87752,55.42
20,2197,SHYAMMETL,EQ,277742,146233,52.65
20,2198,SIDDHIKA,ST,6000,6000,100.00
20,2199,SIEMENS,EQ,297367,168908,56.80
20,2200,SIGACHI,EQ,977494,401753,41.10
20,2201,SIGIND,EQ,8550,6675,78.07
20,2202,SIGMA,EQ,23996,3998,16.66
20,2203,SIGNATURE,EQ,740926,189755,25.61
20,2204,SIKKO,EQ,23304,15061,64.63
20,2205,SIL,EQ,23000,9154,39.80
20,2206,SILGO,EQ,18788,5775,30.74
20,2207,SILKFLEX,SM,2000,2000,100.00
20,2208,SILLYMONKS,EQ,4077,2637,64.68
20,2209,SILVER,EQ,326570,273534,83.76
20,2210,SILVER1,EQ,86714,74935,86.42
20,2211,SILVERADD,EQ,16922,16207,95.77
20,2212,SILVERBEES,EQ,4692149,3278193,69.87
20,2213,SILVERETF,EQ,121203,94778,78.20
20,2214,SILVERIETF,EQ,183176,149175,81.44
20,2215,SILVERTUC,EQ,9731,1467,15.08
20,2216,SILVRETF,EQ,4274,3833,89.68
20,2217,SINCLAIR,EQ,80748,35248,43.65
20,2218,SINDHUTRAD,EQ,4398575,1581876,35.96
20,2219,SINTERCOM,EQ,13821,4944,35.77
20,2220,SIRCA,EQ,156999,84681,53.94
20,2221,SIS,EQ,33451,21952,65.62
20,2222,SIYSIL,EQ,579506,153861,26.55
20,2223,SJLOGISTIC,SM,26000,18750,72.12
20,2224,SJS,EQ,83976,45028,53.62
20,2225,SJVN,EQ,8555894,2102820,24.58
20,2226,SKFINDIA,EQ,40266,35387,87.88
20,2227,SKIPPER,EQ,1159547,472219,40.72
20,2228,SKMEGGPROD,EQ,41448,14192,34.24
20,2229,SKP,SM,1500,1000,66.67
20,2230,SLONE,ST,3200,3200,100.00
20,2231,SMALLCAP,EQ,373406,291446,78.05
20,2232,SMCGLOBAL,EQ,125061,66898,53.49
20,2233,SMLISUZU,EQ,10105,4317,42.72
20,2234,SMLT,EQ,24082,11124,46.19
20,2235,SMSPHARMA,EQ,108199,56820,52.51
20,2236,SMVD,SM,4040,4040,100.00
20,2237,SNOWMAN,EQ,306858,147183,47.96
20,2238,SOBHA,EQ,118499,34862,29.42
20,2239,SOLARA,EQ,39228,23105,58.90
20,2240,SOLARAPP,E1,3559,3559,100.00
20,2241,SOLARINDS,EQ,68886,38548,55.96
20,2242,SOLEX,SM,4875,3250,66.67
20,2243,SOMANYCERA,EQ,10302,5436,52.77
20,2244,SOMICONVEY,EQ,13022,6490,49.84
20,2245,SONACOMS,EQ,930485,524336,56.35
20,2246,SONAMAC,ST,6000,6000,100.00
20,2247,SONATSOFTW,EQ,214259,116788,54.51
20,2248,SONUINFRA,ST,21000,21000,100.00
20,2249,SOTL,EQ,30135,15531,51.54
20,2250,SOUTHBANK,EQ,13710617,4713502,34.38
20,2251,SOUTHWEST,EQ,18796,9388,49.95
20,2252,SPAL,EQ,91406,19199,21.00
20,2253,SPANDANA,EQ,1426901,534586,37.46
20,2254,SPARC,EQ,494902,275439,55.66
20,2255,SPCL,ST,39600,38400,96.97
20,2256,SPECIALITY,EQ,35815,22452,62.69
20,2257,SPECTRUM,SM,2375,1625,68.42
20,2258,SPECTSTM,ST,800,800,100.00
20,2259,SPENCERS,EQ,816503,286260,35.06
20,2260,SPIC,EQ,407326,180133,44.22
20,2261,SPLIL,EQ,4225,1928,45.63
20,2262,SPLPETRO,EQ,51736,33139,64.05
20,2263,SPORTKING,EQ,117511,53033,45.13
20,2264,SPPPOLY,ST,24000,24000,100.00
20,2265,SREEL,EQ,10315,4674,45.31
20,2266,SRF,EQ,311184,127142,40.86
20,2267,SRGHFL,EQ,2747,1170,42.59
20,2268,SRHHYPOLTD,EQ,32505,15133,46.56
20,2269,SRIVASAVI,SM,17000,15000,88.24
20,2270,SSDL,EQ,35952,16272,45.26
20,2271,SSEGL,SM,95400,69000,72.33
20,2272,SSFL,ST,16500,15000,90.91
20,2273,SSWL,EQ,100925,37289,36.95
20,2274,STANLEY,EQ,97155,45699,47.04
20,2275,STAR,EQ,470800,267780,56.88
20,2276,STARCEMENT,EQ,484615,118853,24.53
20,2277,STARHEALTH,EQ,338268,192397,56.88
20,2278,STARPAPER,EQ,6146,3992,64.95
20,2279,STARTECK,EQ,9044,319,3.53
20,2280,STCINDIA,EQ,90834,30369,33.43
20,2281,STEELCAS,EQ,7456,4061,54.47
20,2282,STEELCITY,EQ,11682,5027,43.03
20,2283,STEELXIND,EQ,1135462,465250,40.97
20,2284,STEL,EQ,6707,4780,71.27
20,2285,STERTOOLS,EQ,48519,17764,36.61
20,2286,STLTECH,EQ,623332,261631,41.97
20,2287,STOVEKRAFT,EQ,127882,54424,42.56
20,2288,STYLAMIND,EQ,13561,6242,46.03
20,2289,STYLEBAAZA,EQ,123664,65875,53.27
20,2290,STYRENIX,EQ,16775,8689,51.80
20,2291,SUBEXLTD,EQ,2755603,968182,35.14
20,2292,SUBROS,EQ,15058,7816,51.91
20,2293,SUDARSCHEM,EQ,122345,77570,63.40
20,2294,SUKHJITS,EQ,4538,2668,58.79
20,2295,SULA,EQ,590270,173340,29.37
20,2296,SUMICHEM,EQ,349003,223561,64.06
20,2297,SUMMITSEC,EQ,8574,4495,52.43
20,2298,SUNCLAY,EQ,11189,5840,52.19
20,2299,SUNDARAM,EQ,304033,208225,68.49
20,2300,SUNDARMFIN,EQ,106929,42095,39.37
20,2301,SUNDARMHLD,EQ,50751,27219,53.63
20,2302,SUNDRMFAST,EQ,44140,22120,50.11
20,2303,SUNLITE,SM,7200,7200,100.00
20,2304,SUNPHARMA,EQ,857867,536896,62.58
20,2305,SUNREST,SM,4800,3200,66.67
20,2306,SUNTECK,EQ,295816,120390,40.70
20,2307,SUNTV,EQ,225162,61098,27.14
20,2308,SUPERHOUSE,EQ,2706,1435,53.03
20,2309,SUPRAJIT,EQ,67259,37313,55.48
20,2310,SUPREMEIND,EQ,120336,77552,64.45
20,2311,SUPREMEPWR,ST,38500,35500,92.21
20,2312,SUPRIYA,EQ,118713,55100,46.41
20,2313,SURAJEST,EQ,73829,33454,45.31
20,2314,SURAKSHA,EQ,177951,80678,45.34
20,2315,SURANASOL,EQ,97512,63597,65.22
20,2316,SURANAT&P,EQ,84081,46888,55.77
20,2317,SURANI,ST,800,800,100.00
20,2318,SURYALAXMI,EQ,22535,8148,36.16
20,2319,SURYAROSNI,EQ,2309405,404526,17.52
20,2320,SURYODAY,EQ,113895,50396,44.25
20,2321,SUTLEJTEX,EQ,129510,55315,42.71
20,2322,SUVEN,EQ,1144755,447780,39.12
20,2323,SUVENPHAR,EQ,112382,73830,65.70
20,2324,SUVIDHAA,EQ,271189,191556,70.64
20,2325,SUYOG,EQ,28040,13229,47.18
20,2326,SUZLON,EQ,65243228,31161672,47.76
20,2327,SWANENERGY,EQ,3735978,951205,25.46
20,2328,SWARAJ,ST,9000,9000,100.00
20,2329,SWARAJENG,EQ,4788,2151,44.92
20,2330,SWASTIK,SM,7200,6000,83.33
20,2331,SWELECTES,EQ,51369,18380,35.78
20,2332,SWIGGY,EQ,11912348,3230578,27.12
20,2333,SWSOLAR,EQ,2211911,822263,37.17
20,2334,SYLVANPLY,SM,10000,6000,60.00
20,2335,SYMPHONY,EQ,43091,19127,44.39
20,2336,SYNCOMF,EQ,2551161,1200959,47.07
20,2337,SYNGENE,EQ,912264,477326,52.32
20,2338,SYNOPTICS,SM,3000,2400,80.00
20,2339,SYRMA,EQ,1031055,333110,32.31
20,2340,SYSTANGO,SM,11200,6800,60.71
20,2341,TAC,ST,1400,1400,100.00
20,2342,TAINWALCHM,EQ,2408,1027,42.65
20,2343,TAJGVK,EQ,546183,160796,29.44
20,2344,TAKE,EQ,1811240,448887,24.78
20,2345,TALBROAUTO,EQ,58873,27947,47.47
20,2346,TANLA,EQ,490410,156496,31.91
20,2347,TARC,EQ,405590,181926,44.85
20,2348,TARMAT,EQ,23276,13461,57.83
20,2349,TARSONS,EQ,35332,14319,40.53
20,2350,TASTYBITE,EQ,1924,856,44.49
20,2351,TATACHEM,EQ,1108334,641121,57.85
20,2352,TATACOMM,EQ,163380,84998,52.02
20,2353,TATACONSUM,EQ,3190709,2387951,74.84
20,2354,TATAELXSI,EQ,119683,42821,35.78
20,2355,TATAGOLD,EQ,5177920,4035341,77.93
20,2356,TATAINVEST,EQ,28068,12261,43.68
20,2357,TATAMOTORS,EQ,10500910,3468381,33.03
20,2358,TATAPOWER,EQ,11046133,3554391,32.18
20,2359,TATASTEEL,EQ,18773125,6149299,32.76
20,2360,TATATECH,EQ,813771,416830,51.22
20,2361,TATSILV,EQ,291408,178140,61.13
20,2362,TATVA,EQ,12385,8010,64.68
20,2363,TBI,SM,19200,18000,93.75
20,2364,TBOTEK,EQ,72961,46580,63.84
20,2365,TBZ,EQ,239768,91576,38.19
20,2366,TCHF30,NB,58,58,100.00
20,2367,TCI,EQ,13223,5756,43.53
20,2368,TCIEXP,EQ,10035,4393,43.78
20,2369,TCL,SM,12000,8000,66.67
20,2370,TCLCONS,EQ,138994,82593,59.42
20,2371,TCPLPACK,EQ,3426,1783,52.04
20,2372,TCS,EQ,1653474,1186396,71.75
20,2373,TDPOWERSYS,EQ,561789,278084,49.50
20,2374,TEAMLEASE,EQ,6612,2899,43.84
20,2375,TECH,EQ,11017,6196,56.24
20,2376,TECHERA,ST,32000,32000,100.00
20,2377,TECHLABS,ST,84375,71625,84.89
20,2378,TECHM,EQ,1079742,555996,51.49
20,2379,TECHNOE,EQ,269837,145070,53.76
20,2380,TECILCHEM,EQ,1464,758,51.78
20,2381,TEGA,EQ,23304,9510,40.81
20,2382,TEJASNET,EQ,832477,404006,48.53
20,2383,TEXINFRA,EQ,258674,116352,44.98
20,2384,TEXMOPIPES,EQ,30801,20495,66.54
20,2385,TEXRAIL,EQ,1215245,430273,35.41
20,2386,TFCILTD,EQ,264041,114833,43.49
20,2387,TGBHOTELS,EQ,34822,23020,66.11
20,2388,TGL,ST,10600,10200,96.23
20,2389,THANGAMAYL,EQ,19749,7784,39.41
20,2390,THEINVEST,EQ,14683,7928,53.99
20,2391,THEJO,EQ,17239,10194,59.13
20,2392,THEMISMED,EQ,55410,31098,56.12
20,2393,THERMAX,EQ,215858,87577,40.57
20,2394,THESL,ST,6000,6000,100.00
20,2395,THOMASCOOK,EQ,787814,407059,51.67
20,2396,THYROCARE,EQ,24783,9629,38.85
20,2397,TI,EQ,606137,182169,30.05
20,2398,TIIL,EQ,19306,14860,76.97
20,2399,TIINDIA,EQ,159381,92443,58.00
20,2400,TIL,EQ,3049,2076,68.09
20,2401,TIMETECHNO,EQ,1213868,523069,43.09
20,2402,TIMKEN,EQ,32118,18029,56.13
20,2403,TIPSMUSIC,EQ,369851,229259,61.99
20,2404,TIRUMALCHM,EQ,140801,71797,50.99
20,2405,TIRUPATI,SM,250,250,100.00
20,2406,TITAGARH,EQ,1576810,419733,26.62
20,2407,TITAN,EQ,1169593,734087,62.76
20,2408,TMB,EQ,47570,26596,55.91
20,2409,TNIDETF,EQ,37978,31482,82.90
20,2410,TNPETRO,EQ,72850,42488,58.32
20,2411,TNPL,EQ,270461,100159,37.03
20,2412,TOKYOPLAST,EQ,5433,1763,32.45
20,2413,TOLINS,EQ,252065,137108,54.39
20,2414,TOP100CASE,EQ,395009,368398,93.26
20,2415,TOP10ADD,EQ,1441109,1435741,99.63
20,2416,TORNTPHARM,EQ,205544,120847,58.79
20,2417,TORNTPOWER,EQ,688751,431442,62.64
20,2418,TOTAL,EQ,5976,2222,37.18
20,2419,TOUCHWOOD,EQ,1141,856,75.02
20,2420,TPLPLASTEH,EQ,158333,45418,28.69
20,2421,TRACXN,EQ,133379,65226,48.90
20,2422,TRANSRAILL,EQ,3179756,553426,17.40
20,2423,TRANSTEEL,ST,110000,104000,94.55
20,2424,TRANSWORLD,EQ,32911,17575,53.40
20,2425,TREJHARA,EQ,9165,4329,47.23
20,2426,TREL,EQ,353442,220412,62.36
20,2427,TRENT,EQ,1463322,504886,34.50
20,2428,TRF,EQ,11016,5396,48.98
20,2429,TRIDENT,EQ,8460744,1687117,19.94
20,2430,TRIDHYA,SM,3000,3000,100.00
20,2431,TRIGYN,EQ,1777888,210080,11.82
20,2432,TRITURBINE,EQ,473057,194871,41.19
20,2433,TRIVENI,EQ,447414,122253,27.32
20,2434,TROM,SM,46800,33600,71.79
20,2435,TRUST,SM,107400,83400,77.65
20,2436,TTKHLTCARE,EQ,1242,767,61.76
20,2437,TTKPRESTIG,EQ,15929,8165,51.26
20,2438,TTML,EQ,3271386,656655,20.07
20,2439,TUNWAL,SM,96000,60000,62.50
20,2440,TVSELECT,EQ,12945,6822,52.70
20,2441,TVSHLTD,EQ,5090,2598,51.04
20,2442,TVSMOTOR,EQ,1051263,654035,62.21
20,2443,TVSSCS,EQ,502134,223831,44.58
20,2444,TVSSRICHAK,EQ,1996,1435,71.89
20,2445,TVTODAY,EQ,47317,19962,42.19
20,2446,UBL,EQ,89650,42390,47.28
20,2447,UCOBANK,EQ,17827124,2827048,15.86
20,2448,UDAICEMENT,EQ,182948,78546,42.93
20,2449,UDS,EQ,113571,62211,54.78
20,2450,UFLEX,EQ,31096,18531,59.59
20,2451,UFO,EQ,80874,43445,53.72
20,2452,UGARSUGAR,EQ,443883,171315,38.59
20,2453,UGROCAP,EQ,130106,59454,45.70
20,2454,UHTL,ST,12000,10000,83.33
20,2455,UJJIVANSFB,EQ,5388332,1709697,31.73
20,2456,ULTRACEMCO,EQ,371459,251913,67.82
20,2457,UMA,SM,88000,28000,31.82
20,2458,UMAEXPORTS,EQ,48882,12710,26.00
20,2459,UMESLTD,EQ,37148,29817,80.27
20,2460,UNICHEMLAB,EQ,10559,6055,57.34
20,2461,UNIDT,EQ,20329,6229,30.64
20,2462,UNIECOM,EQ,510140,137857,27.02
20,2463,UNIENTER,EQ,7108,5492,77.27
20,2464,UNIHEALTH,SM,5000,2000,40.00
20,2465,UNIINFO,EQ,30539,17127,56.08
20,2466,UNILEX,SM,1600,1600,100.00
20,2467,UNIMECH,EQ,280598,111505,39.74
20,2468,UNIONBANK,EQ,12714514,5280911,41.53
20,2469,UNIPARTS,EQ,54103,36420,67.32
20,2470,UNITDSPR,EQ,1287420,804122,62.46
20,2471,UNITEDTEA,EQ,3637,2692,74.02
20,2472,UNIVASTU,EQ,250542,63121,25.19
20,2473,UNIVCABLES,EQ,32769,12422,37.91
20,2474,UNOMINDA,EQ,537799,233655,43.45
20,2475,UPL,EQ,901487,386273,42.85
20,2476,UPLPP,E1,173227,103237,59.60
20,2477,URAVI,EQ,1604,1072,66.83
20,2478,URBAN,ST,4000,4000,100.00
20,2479,USASEEDS,SM,300,300,100.00
20,2480,USHAFIN,SM,800,800,100.00
20,2481,USHAMART,EQ,992373,539871,54.40
20,2482,USK,EQ,71840,34964,48.67
20,2483,UTIAMC,EQ,702645,83562,11.89
20,2484,UTIBANKETF,EQ,39303,35783,91.04
20,2485,UTINEXT50,EQ,107865,59257,54.94
20,2486,UTINIFTETF,EQ,130851,130143,99.46
20,2487,UTISENSETF,EQ,493,348,70.59
20,2488,UTISXN50,EQ,3845,1996,51.91
20,2489,UTKARSHBNK,EQ,1499826,757526,50.51
20,2490,UTSSAV,ST,49800,49800,100.00
20,2491,UTTAMSUGAR,EQ,68091,37613,55.24
20,2492,UYFINCORP,EQ,31011,18263,58.89
20,2493,VADILALIND,EQ,2426,990,40.81
20,2494,VAIBHAVGBL,EQ,293881,114605,39.00
20,2495,VAKRANGEE,EQ,22194060,11080991,49.93
20,2496,VAL30IETF,EQ,74187,50648,68.27
20,2497,VALIANTLAB,EQ,44208,19117,43.24
20,2498,VALIANTORG,EQ,24787,14178,57.20
20,2499,VARDHACRLC,EQ,33665,16051,47.68
20,2500,VARROC,EQ,754381,543286,72.02
20,2501,VASCONEQ,EQ,366141,175915,48.05
20,2502,VASWANI,EQ,140061,75933,54.21
20,2503,VBL,EQ,4952149,3114526,62.89
20,2504,VDEAL,SM,46800,28800,61.54
20,2505,VEDL,EQ,4794795,1962476,40.93
20,2506,VEEDOL,EQ,8232,4595,55.82
20,2507,VELS,SM,1200,1200,100.00
20,2508,VENKEYS,EQ,27201,10326,37.96
20,2509,VENTIVE,EQ,390845,274224,70.16
20,2510,VENUSPIPES,EQ,27067,11418,42.18
20,2511,VENUSREM,EQ,9769,5638,57.71
20,2512,VERANDA,EQ,140479,111597,79.44
20,2513,VERITAAS,SM,4800,3600,75.00
20,2514,VERTEXPLUS,SM,600,600,100.00
20,2515,VERTOZ,EQ,564159,306020,54.24
20,2516,VESUVIUS,EQ,21773,16205,74.43
20,2517,VGUARD,EQ,210493,115442,54.84
20,2518,VHL,EQ,1366,739,54.10
20,2519,VIDHIING,EQ,20485,9597,46.85
20,2520,VIESL,SM,23200,13600,58.62
20,2521,VIJAYA,EQ,445814,249295,55.92
20,2522,VIKASECO,EQ,2004734,978081,48.79
20,2523,VIKASLIFE,EQ,2604070,1261402,48.44
20,2524,VILAS,ST,18250,17250,94.52
20,2525,VILINBIO,SM,20000,8000,40.00
20,2526,VIMTALABS,EQ,89575,43980,49.10
20,2527,VINATIORGA,EQ,23550,9662,41.03
20,2528,VINCOFE,EQ,137397,75899,55.24
20,2529,VINDHYATEL,EQ,11448,7321,63.95
20,2530,VINEETLAB,EQ,21338,12500,58.58
20,2531,VINSYS,SM,1500,1500,100.00
20,2532,VINYAS,ST,4400,4400,100.00
20,2533,VINYLINDIA,EQ,10000,6377,63.77
20,2534,VIPCLOTHNG,EQ,109842,38929,35.44
20,2535,VIPIND,EQ,817658,402718,49.25
20,2536,VIRINCHI,EQ,408214,294743,72.20
20,2537,VISAKAIND,EQ,116821,64154,54.92
20,2538,VISAMAN,SM,9000,9000,100.00
20,2539,VISHNU,EQ,100004,60587,60.58
20,2540,VISHNUINFR,SM,5000,4500,90.00
20,2541,VISHWARAJ,EQ,795289,296691,37.31
20,2542,VISHWAS,SM,1600,1600,100.00
20,2543,VITAL,SM,10800,10800,100.00
20,2544,VIVIANA,ST,2750,2625,95.45
20,2545,VIVIDHA,EQ,277811,139939,50.37
20,2546,VLEGOV,EQ,2192379,1379172,62.91
20,2547,VLINFRA,ST,7500,7500,100.00
20,2548,VLSFINANCE,EQ,28715,16465,57.34
20,2549,VMARCIND,ST,14500,13750,94.83
20,2550,VMART,EQ,28378,10928,38.51
20,2551,VMM,EQ,23172682,9717023,41.93
20,2552,VOLTAMP,EQ,45347,20827,45.93
20,2553,VOLTAS,EQ,757277,400218,52.85
20,2554,VPRPL,EQ,613351,207238,33.79
20,2555,VR,ST,400,400,100.00
20,2556,VRAJ,EQ,116823,59790,51.18
20,2557,VRLLOG,EQ,42869,22946,53.53
20,2558,VSCL,ST,18000,18000,100.00
20,2559,VSSL,EQ,54645,26924,49.27
20,2560,VSTIND,EQ,183523,103790,56.55
20,2561,VSTL,EQ,5838,4064,69.61
20,2562,VSTTILLERS,EQ,1659,672,40.51
20,2563,VTL,EQ,6831395,536979,7.86
20,2564,WAAREEENER,EQ,981806,205993,20.98
20,2565,WABAG,EQ,397002,186494,46.98
20,2566,WALCHANNAG,EQ,366727,204769,55.84
20,2567,WCIL,EQ,303822,115011,37.85
20,2568,WEIZMANIND,EQ,4824,4123,85.47
20,2569,WEL,EQ,1753344,703927,40.15
20,2570,WELCORP,EQ,1949774,350382,17.97
20,2571,WELENT,EQ,164549,70324,42.74
20,2572,WELINV,EQ,12669,8935,70.53
20,2573,WELSPUNLIV,EQ,20622815,1602250,7.77
20,2574,WENDT,EQ,275,108,39.27
20,2575,WESTLIFE,EQ,220187,185234,84.13
20,2576,WEWIN,EQ,5369,3410,63.51
20,2577,WHEELS,EQ,17545,9448,53.85
20,2578,WHIRLPOOL,EQ,79745,42813,53.69
20,2579,WILLAMAGOR,EQ,17283,10792,62.44
20,2580,WINDLAS,EQ,33182,24978,75.28
20,2581,WINDMACHIN,EQ,126219,68457,54.24
20,2582,WINNY,ST,5500,5500,100.00
20,2583,WINSOL,SM,13600,12400,91.18
20,2584,WIPRO,EQ,4662694,1731098,37.13
20,2585,WOCKPHARMA,EQ,248627,115284,46.37
20,2586,WOL3D,SM,7000,7000,100.00
20,2587,WOMANCART,ST,1600,1600,100.00
20,2588,WONDERLA,EQ,68960,27488,39.86
20,2589,WORTH,EQ,30734,17984,58.51
20,2590,WSI,EQ,79715,26321,33.02
20,2591,WSTCSTPAPR,EQ,68380,26661,38.99
20,2592,WTICAB,ST,6000,6000,100.00
20,2593,XCHANGING,EQ,140106,65960,47.08
20,2594,XELPMOC,EQ,13309,7807,58.66
20,2595,XPROINDIA,EQ,46289,21552,46.56
20,2596,XTGLOBAL,EQ,45051,23605,52.40
20,2597,YASHO,EQ,2681,1659,61.88
20,2598,YASHOPTICS,SM,8000,6400,80.00
20,2599,YATHARTH,EQ,402791,208770,51.83
20,2600,YATRA,EQ,87256,31899,36.56
20,2601,YCCL,SM,6000,6000,100.00
20,2602,YESBANK,EQ,91857646,27417470,29.85
20,2603,YUKEN,EQ,9491,4915,51.79
20,2604,ZAGGLE,EQ,456225,253664,55.60
20,2605,ZEAL,SM,10200,5400,52.94
20,2606,ZEEL,EQ,6127348,2367410,38.64
20,2607,ZEELEARN,EQ,2396733,1981500,82.68
20,2608,ZEEMEDIA,EQ,1791410,1134396,63.32
20,2609,ZENITHDRUG,ST,5600,4800,85.71
20,2610,ZENITHEXPO,EQ,351,222,63.25
20,2611,ZENITHSTL,EQ,361276,178319,49.36
20,2612,ZENSARTECH,EQ,554699,160144,28.87
20,2613,ZENTEC,EQ,547709,212614,38.82
20,2614,ZFCVINDIA,EQ,35522,31023,87.33
20,2615,ZIMLAB,EQ,44292,23960,54.10
20,2616,ZODIAC,EQ,17222,6257,36.33
20,2617,ZODIACLOTH,EQ,8112,3876,47.78
20,2618,ZOMATO,EQ,65921349,27998556,42.47
20,2619,ZOTA,EQ,188500,40778,21.63
20,2620,ZTECH,ST,63600,59700,93.87
20,2621,ZUARI,EQ,138744,62469,45.02
20,2622,ZUARIIND,EQ,27780,12736,45.85
20,2623,ZYDUSLIFE,EQ,673355,321455,47.74
20,2624,ZYDUSWELL,EQ,10783,4969,46.08
